t Ka M R logL logTeff
0.100000 1 69.959423 10.982893 5.818812 4.695485
0.200000 1 69.918357 11.026307 5.820370 4.695018
0.300000 1 69.876875 11.069953 5.821955 4.694556
0.400000 1 69.834970 11.113880 5.823567 4.694099
0.500000 1 69.792631 11.158137 5.825205 4.693646
0.600000 1 69.749848 11.202773 5.826871 4.693195
0.700000 1 69.706611 11.247840 5.828563 4.692747
0.800000 1 69.662910 11.293388 5.830281 4.692299
0.900000 1 69.618733 11.339469 5.832026 4.691851
1.000000 1 69.574070 11.386135 5.833797 4.691402
1.100000 1 69.528908 11.433440 5.835594 4.690951
1.200000 1 69.483237 11.481438 5.837416 4.690497
1.300000 1 69.437043 11.530183 5.839265 4.690039
1.400000 1 69.390314 11.579731 5.841138 4.689576
1.500000 1 69.343038 11.630137 5.843037 4.689107
1.600000 1 69.295200 11.681460 5.844961 4.688632
1.700000 1 69.246788 11.733757 5.846910 4.688150
1.800000 1 69.197787 11.787086 5.848884 4.687658
1.900000 1 69.148182 11.841509 5.850882 4.687157
2.000000 1 69.097959 11.897085 5.852904 4.686646
2.100000 1 69.047103 11.953876 5.854950 4.686124
2.200000 1 68.995598 12.011946 5.857020 4.685589
2.300000 1 68.943428 12.071358 5.859114 4.685041
2.400000 1 68.890577 12.132178 5.861231 4.684479
2.500000 1 68.837027 12.194472 5.863371 4.683902
2.600000 1 68.782761 12.258308 5.865534 4.683309
2.700000 1 68.727762 12.323754 5.867719 4.682699
2.800000 1 68.672011 12.390883 5.869927 4.682071
2.900000 1 68.615490 12.459765 5.872157 4.681425
3.000000 1 68.558180 12.530475 5.874408 4.680759
3.100000 1 68.500061 12.603088 5.876682 4.680072
3.200000 1 68.441114 12.677683 5.878976 4.679365
3.300000 1 68.381317 12.754338 5.881291 4.678634
3.400000 1 68.320651 12.833136 5.883627 4.677881
3.500000 1 68.259094 12.914161 5.885983 4.677103
3.600000 1 68.196624 12.997499 5.888359 4.676300
3.700000 1 68.133219 13.083240 5.890755 4.675472
3.800000 1 68.068857 13.171477 5.893170 4.674616
3.900000 1 68.003515 13.262304 5.895604 4.673732
4.000000 1 67.937170 13.355823 5.898056 4.672819
4.100000 1 67.869797 13.452136 5.900527 4.671877
4.200000 1 67.801374 13.551350 5.903016 4.670903
4.300000 1 67.731875 13.653578 5.905522 4.669898
4.400000 1 67.661275 13.758937 5.908045 4.668859
4.500000 1 67.589551 13.867551 5.910585 4.667787
4.600000 1 67.516676 13.979549 5.913141 4.666679
4.700000 1 67.442625 14.095069 5.915714 4.665535
4.800000 1 67.367372 14.214253 5.918301 4.664354
4.900000 1 67.290892 14.337256 5.920904 4.663134
5.000000 1 67.213159 14.464241 5.923522 4.661873
5.100000 1 67.134146 14.595379 5.926154 4.660571
5.200000 1 67.053828 14.730858 5.928799 4.659226
5.300000 1 66.972179 14.870875 5.931458 4.657837
5.400000 1 66.889174 15.015645 5.934130 4.656401
5.500000 1 66.804786 15.165397 5.936815 4.654917
5.600000 1 66.761888 15.242191 5.938160 4.654157
5.700000 1 66.718635 15.320326 5.939508 4.653383
5.800000 1 66.675022 15.399834 5.940858 4.652597
5.900000 1 66.631047 15.480752 5.942212 4.651797
6.000000 1 66.586708 15.563118 5.943568 4.650984
6.100000 1 66.542000 15.646969 5.944927 4.650157
6.200000 1 66.496921 15.732347 5.946288 4.649316
6.300000 1 66.451469 15.819295 5.947653 4.648460
6.400000 1 66.405641 15.907856 5.949020 4.647590
6.500000 1 66.359434 15.998078 5.950389 4.646704
6.600000 1 66.312846 16.090008 5.951761 4.645803
6.700000 1 66.265874 16.183698 5.953135 4.644886
6.800000 1 66.218516 16.279201 5.954512 4.643952
6.900000 1 66.170770 16.376573 5.955891 4.643002
7.000000 1 66.122633 16.475872 5.957272 4.642034
7.100000 1 66.074104 16.577160 5.958656 4.641050
7.200000 1 66.025181 16.680502 5.960042 4.640046
7.300000 1 65.975862 16.785966 5.961430 4.639025
7.400000 1 65.926145 16.893622 5.962820 4.637984
7.500000 1 65.876029 17.003545 5.964212 4.636924
7.600000 1 65.825514 17.115815 5.965606 4.635843
7.700000 1 65.774597 17.230515 5.967003 4.634742
7.800000 1 65.723278 17.347730 5.968401 4.633619
7.900000 1 65.671558 17.467555 5.969801 4.632475
8.000000 1 65.619435 17.590084 5.971203 4.631307
8.100000 1 65.566909 17.715420 5.972607 4.630117
8.200000 1 65.513981 17.843672 5.974013 4.628902
8.300000 1 65.460651 17.974951 5.975421 4.627662
8.400000 1 65.406921 18.109378 5.976831 4.626396
8.500000 1 65.352791 18.247080 5.978242 4.625104
8.600000 1 65.298263 18.388190 5.979655 4.623785
8.700000 1 65.243340 18.532848 5.981071 4.622437
8.800000 1 65.188024 18.681204 5.982488 4.621060
8.900000 1 65.132317 18.833416 5.983907 4.619653
9.000000 1 65.076224 18.989650 5.985327 4.618214
9.100000 1 65.019749 19.150083 5.986750 4.616743
9.200000 1 64.962896 19.314901 5.988175 4.615238
9.300000 1 64.905671 19.484302 5.989601 4.613698
9.400000 1 64.848079 19.658497 5.991030 4.612123
9.500000 1 64.790127 19.837706 5.992461 4.610510
9.600000 1 64.731824 20.022167 5.993894 4.608859
9.700000 1 64.673176 20.212128 5.995329 4.607167
9.800000 1 64.614194 20.407856 5.996767 4.605434
9.900000 1 64.554888 20.609632 5.998207 4.603657
10.000000 1 64.525078 20.712871 5.998928 4.602752
10.100000 1 64.495192 20.817736 5.999649 4.601836
10.200000 1 64.465232 20.924268 6.000371 4.600908
10.300000 1 64.435198 21.032507 6.001093 4.599968
10.400000 1 64.405094 21.142497 6.001817 4.599017
10.500000 1 64.374921 21.254283 6.002541 4.598053
10.600000 1 64.344680 21.367909 6.003266 4.597076
10.700000 1 64.314375 21.483424 6.003991 4.596087
10.800000 1 64.284006 21.600877 6.004718 4.595084
10.900000 1 64.253575 21.720316 6.005445 4.594069
11.000000 1 64.223087 21.841795 6.006173 4.593040
11.100000 1 64.192541 21.965367 6.006902 4.591997
11.200000 1 64.161942 22.091087 6.007632 4.590940
11.300000 1 64.131291 22.219012 6.008363 4.589869
11.400000 1 64.100592 22.349202 6.009095 4.588783
11.500000 1 64.069846 22.481718 6.009828 4.587683
11.600000 1 64.039057 22.616622 6.010562 4.586567
11.700000 1 64.008228 22.753980 6.011297 4.585436
11.800000 1 63.977361 22.893859 6.012034 4.584289
11.900000 1 63.946461 23.036329 6.012771 4.583127
12.000000 1 63.915530 23.181461 6.013510 4.581948
12.100000 1 63.884572 23.329330 6.014249 4.580752
12.200000 1 63.853590 23.480014 6.014991 4.579539
12.300000 1 63.822588 23.633591 6.015733 4.578309
12.400000 1 63.791570 23.790145 6.016477 4.577061
12.500000 1 63.760540 23.949760 6.017222 4.575796
12.600000 1 63.729502 24.112524 6.017969 4.574512
12.700000 1 63.698460 24.278530 6.018718 4.573209
12.800000 1 63.667419 24.447871 6.019468 4.571887
12.900000 1 63.636383 24.620646 6.020220 4.570546
13.000000 1 63.605356 24.796956 6.020973 4.569185
13.100000 1 63.574345 24.976906 6.021728 4.567803
13.200000 1 63.543353 25.160605 6.022485 4.566401
13.300000 1 63.512386 25.348167 6.023244 4.564978
13.400000 1 63.481450 25.539707 6.024005 4.563534
13.500000 1 63.450549 25.735348 6.024768 4.562068
13.600000 1 63.419690 25.935215 6.025533 4.560579
13.700000 1 63.388878 26.139439 6.026301 4.559068
13.800000 1 63.358119 26.348155 6.027070 4.557533
13.900000 1 63.327420 26.561505 6.027843 4.555975
14.000000 1 63.296788 26.779633 6.028617 4.554393
14.100000 1 63.266228 27.002691 6.029394 4.552786
14.200000 1 63.235747 27.230837 6.030174 4.551154
14.300000 1 63.205353 27.464234 6.030956 4.549496
14.400000 1 63.175053 27.703051 6.031742 4.547812
14.500000 1 63.144853 27.947466 6.032530 4.546102
14.600000 1 63.114762 28.197661 6.033321 4.544364
14.700000 1 63.084787 28.453827 6.034115 4.542599
14.800000 1 63.054937 28.716163 6.034913 4.540806
14.900000 1 63.025219 28.984874 6.035714 4.538983
15.000000 1 62.995641 29.260176 6.036518 4.537132
15.100000 1 62.966213 29.542291 6.037326 4.535250
15.200000 1 62.936943 29.831452 6.038138 4.533338
15.300000 1 62.907839 30.127901 6.038953 4.531394
15.400000 1 62.893375 30.278948 6.039363 4.530411
15.500000 1 62.878957 30.431913 6.039773 4.529419
15.600000 1 62.864586 30.586829 6.040185 4.528420
15.700000 1 62.850262 30.743730 6.040597 4.527412
15.800000 1 62.835988 30.902650 6.041011 4.526395
15.900000 1 62.821765 31.063625 6.041426 4.525371
16.000000 1 62.807593 31.226691 6.041842 4.524338
16.100000 1 62.793473 31.391885 6.042259 4.523297
16.200000 1 62.779408 31.559243 6.042677 4.522246
16.300000 1 62.765398 31.728806 6.043096 4.521188
16.400000 1 62.751445 31.900611 6.043516 4.520120
16.500000 1 62.737550 32.074700 6.043938 4.519044
16.600000 1 62.723713 32.251112 6.044360 4.517958
16.700000 1 62.709938 32.429889 6.044784 4.516864
16.800000 1 62.696223 32.611075 6.045209 4.515760
16.900000 1 62.682572 32.794713 6.045636 4.514648
17.000000 1 62.668985 32.980848 6.046063 4.513525
17.100000 1 62.655463 33.169525 6.046492 4.512394
17.200000 1 62.642009 33.360790 6.046922 4.511253
17.300000 1 62.628622 33.554692 6.047354 4.510102
17.400000 1 62.615305 33.751278 6.047787 4.508942
17.500000 1 62.602059 33.950599 6.048221 4.507772
17.600000 1 62.588885 34.152705 6.048657 4.506592
17.700000 1 62.575785 34.357649 6.049094 4.505402
17.800000 1 62.562759 34.565483 6.049532 4.504202
17.900000 1 62.549810 34.776262 6.049972 4.502992
18.000000 1 62.536938 34.990041 6.050413 4.501772
18.100000 1 62.524145 35.206877 6.050856 4.500541
18.200000 1 62.511433 35.426829 6.051300 4.499299
18.300000 1 62.498802 35.649954 6.051746 4.498048
18.400000 1 62.486254 35.876316 6.052193 4.496785
18.500000 1 62.473791 36.105974 6.052642 4.495511
18.600000 1 62.461413 36.338994 6.053092 4.494227
18.700000 1 62.449122 36.575440 6.053544 4.492932
18.800000 1 62.436920 36.815379 6.053998 4.491625
18.900000 1 62.424808 37.058878 6.054453 4.490308
19.000000 1 62.412786 37.306008 6.054910 4.488979
19.100000 1 62.400858 37.556840 6.055368 4.487638
19.200000 1 62.389023 37.811446 6.055828 4.486286
19.300000 1 62.377283 38.069903 6.056290 4.484922
19.400000 1 62.365640 38.332285 6.056754 4.483547
19.500000 1 62.354095 38.598672 6.057219 4.482159
19.600000 1 62.342649 38.869144 6.057686 4.480760
19.700000 1 62.331303 39.143782 6.058155 4.479348
19.800000 1 62.320059 39.422672 6.058625 4.477924
19.900000 1 62.308918 39.705899 6.059098 4.476487
20.000000 1 62.297881 39.993551 6.059572 4.475039
20.100000 1 62.286950 40.285719 6.060048 4.473577
20.200000 1 62.276126 40.582495 6.060526 4.472103
20.300000 1 62.265410 40.883975 6.061006 4.470615
20.400000 1 62.254803 41.190254 6.061487 4.469115
20.500000 1 62.244306 41.501434 6.061971 4.467602
20.600000 1 62.233921 41.817616 6.062456 4.466075
20.700000 1 62.223649 42.138904 6.062944 4.464535
20.800000 1 62.213490 42.465407 6.063433 4.462981
20.900000 1 62.203447 42.797233 6.063925 4.461414
21.000000 1 62.193520 43.134495 6.064418 4.459833
21.100000 1 62.183710 43.477309 6.064914 4.458238
21.200000 1 62.174018 43.825793 6.065411 4.456628
21.300000 1 62.164445 44.180069 6.065911 4.455005
21.400000 1 62.154992 44.540261 6.066412 4.453367
21.500000 1 62.145661 44.906497 6.066916 4.451715
21.600000 1 62.136452 45.278908 6.067421 4.450048
21.700000 1 62.127365 45.657628 6.067929 4.448366
21.800000 1 62.118403 46.042795 6.068439 4.446669
21.900000 1 62.109565 46.434551 6.068951 4.444958
22.000000 1 62.100852 46.833041 6.069465 4.443231
22.100000 1 62.092266 47.238412 6.069981 4.441488
22.200000 1 62.058428 46.813624 6.078412 4.445558
22.300000 1 62.056126 46.506234 6.079359 4.447225
22.400000 1 62.053921 46.173886 6.080291 4.449015
22.500000 1 62.051807 45.822113 6.081204 4.450904
22.600000 1 62.049779 45.456012 6.082094 4.452869
22.700000 1 62.047832 45.080185 6.082959 4.454887
22.800000 1 62.045963 44.698724 6.083796 4.456942
22.900000 1 62.044168 44.315205 6.084604 4.459015
23.000000 1 62.042445 43.932712 6.085381 4.461092
23.100000 1 62.040792 43.553866 6.086128 4.463159
23.200000 1 62.039207 43.180856 6.086843 4.465206
23.300000 1 62.037687 42.815485 6.087528 4.467222
23.400000 1 62.036231 42.459205 6.088182 4.469200
23.500000 1 62.034837 42.113160 6.088805 4.471133
23.600000 1 62.033504 41.778224 6.089399 4.473015
23.700000 1 62.032229 41.455036 6.089964 4.474843
23.800000 1 62.031012 41.144033 6.090501 4.476612
23.900000 1 62.029850 40.845481 6.091010 4.478321
24.000000 1 62.028743 40.559500 6.091493 4.479967
24.100000 1 62.027687 40.286092 6.091950 4.481551
24.200000 1 62.026682 40.025155 6.092384 4.483070
24.300000 1 62.025727 39.776508 6.092794 4.484526
24.400000 1 62.024818 39.539904 6.093181 4.485918
24.500000 1 62.023955 39.315043 6.093547 4.487248
24.600000 1 62.023135 39.101587 6.093893 4.488517
24.700000 1 62.022358 38.899165 6.094219 4.489725
24.800000 1 62.020885 38.513690 6.094837 4.492042
24.900000 1 62.019568 38.170140 6.095384 4.494125
25.000000 1 62.018394 37.864829 6.095867 4.495989
25.100000 1 62.017349 37.594139 6.096293 4.497654
25.200000 1 62.016422 37.354617 6.096668 4.499136
25.300000 1 62.015600 37.143022 6.096999 4.500452
25.400000 1 62.014873 36.956354 6.097290 4.501619
25.500000 1 62.013588 36.626326 6.097803 4.503695
25.600000 1 62.012607 36.376044 6.098191 4.505281
25.700000 1 62.011861 36.186805 6.098483 4.506486
25.800000 1 62.010732 35.900541 6.098925 4.508321
25.900000 2 62.009585 34.420051 6.099369 4.517577
26.000000 2 62.009582 34.457224 6.099377 4.517345
26.100000 2 62.009566 34.630051 6.099414 4.516267
26.200000 2 62.009550 34.803744 6.099450 4.515190
26.300000 2 62.009534 34.978309 6.099487 4.514113
26.400000 2 62.009519 35.153750 6.099523 4.513035
26.500000 2 62.009503 35.330071 6.099559 4.511958
26.600000 2 62.009488 35.507276 6.099596 4.510881
26.700000 2 62.009472 35.685370 6.099632 4.509804
26.800000 2 62.009457 35.864358 6.099669 4.508726
26.900000 2 62.009442 36.044244 6.099705 4.507649
27.000000 2 62.009427 36.225031 6.099742 4.506572
27.100000 2 62.009412 36.406726 6.099778 4.505494
27.200000 2 62.009397 36.589332 6.099815 4.504417
27.300000 2 62.009383 36.772854 6.099851 4.503340
27.400000 2 62.009368 36.957297 6.099888 4.502262
27.500000 2 62.009354 37.142665 6.099924 4.501185
27.600000 2 62.009339 37.328963 6.099961 4.500108
27.700000 2 62.009325 37.516195 6.099997 4.499030
27.800000 2 62.009311 37.704367 6.100034 4.497953
27.900000 2 62.009297 37.893483 6.100070 4.496876
28.000000 2 62.009283 38.083547 6.100106 4.495798
28.100000 2 62.009269 38.274565 6.100143 4.494721
28.200000 2 62.009256 38.466540 6.100179 4.493644
28.300000 2 62.009242 38.659479 6.100216 4.492567
28.400000 2 62.009229 38.853386 6.100252 4.491489
28.500000 2 62.009215 39.048266 6.100289 4.490412
28.600000 2 62.009202 39.244123 6.100325 4.489335
28.700000 2 62.009189 39.440962 6.100362 4.488257
28.800000 2 62.009176 39.638789 6.100398 4.487180
28.900000 2 62.009163 39.837609 6.100435 4.486103
29.000000 2 62.009150 40.037425 6.100471 4.485025
29.100000 2 62.009137 40.238244 6.100508 4.483948
29.200000 2 62.009125 40.440071 6.100544 4.482871
29.300000 2 62.009112 40.642910 6.100581 4.481793
29.400000 2 62.009100 40.846766 6.100617 4.480716
29.500000 2 62.009088 41.051645 6.100654 4.479639
29.600000 2 62.009075 41.257552 6.100690 4.478561
29.700000 2 62.009063 41.464491 6.100727 4.477484
29.800000 2 62.009051 41.672469 6.100763 4.476407
29.900000 2 62.009040 41.881490 6.100800 4.475329
30.000000 2 62.009028 42.091560 6.100836 4.474252
30.100000 2 62.009016 42.302683 6.100873 4.473175
30.200000 2 62.009005 42.514866 6.100909 4.472098
30.300000 2 62.008993 42.728112 6.100946 4.471020
30.400000 2 62.008982 42.942429 6.100982 4.469943
30.500000 2 62.008971 43.157821 6.101019 4.468866
30.600000 2 62.008960 43.374293 6.101055 4.467788
30.700000 2 62.008949 43.591851 6.101092 4.466711
30.800000 2 62.008938 43.810500 6.101128 4.465634
30.900000 2 62.008927 44.030246 6.101165 4.464556
31.000000 2 62.008916 44.251095 6.101202 4.463479
31.100000 2 62.008906 44.473051 6.101238 4.462402
31.200000 2 62.008895 44.696121 6.101275 4.461324
31.300000 2 62.008885 44.920310 6.101311 4.460247
31.400000 2 62.008874 45.145623 6.101348 4.459170
31.500000 2 62.008864 45.372067 6.101384 4.458092
31.600000 2 62.008854 45.599647 6.101421 4.457015
31.700000 2 62.008844 45.828368 6.101457 4.455938
31.800000 2 62.008834 46.058237 6.101494 4.454860
31.900000 2 62.008824 46.289258 6.101530 4.453783
32.000000 2 62.008815 46.521439 6.101567 4.452706
32.100000 2 62.008805 46.754784 6.101603 4.451628
32.200000 2 62.008796 46.989300 6.101640 4.450551
32.300000 2 62.008786 47.224993 6.101676 4.449474
32.400000 2 62.008777 47.461867 6.101713 4.448396
32.500000 2 62.008768 47.699930 6.101750 4.447319
32.600000 2 62.008758 47.939187 6.101786 4.446242
32.700000 2 62.008749 48.179645 6.101823 4.445164
32.800000 2 62.008741 48.421308 6.101859 4.444087
32.900000 2 62.008732 48.664184 6.101896 4.443010
33.000000 2 62.008723 48.908278 6.101932 4.441932
33.100000 2 62.008714 49.153597 6.101969 4.440855
33.200000 2 62.008706 49.400146 6.102005 4.439778
33.300000 2 62.008697 49.647932 6.102042 4.438700
33.400000 2 62.008689 49.896961 6.102078 4.437623
33.500000 2 62.008680 50.147239 6.102115 4.436546
33.600000 2 62.008672 50.398773 6.102152 4.435468
33.700000 2 62.008664 50.651568 6.102188 4.434391
33.800000 2 62.008655 50.905631 6.102225 4.433314
33.900000 2 62.008647 51.160969 6.102261 4.432236
34.000000 2 62.008638 51.417587 6.102298 4.431159
34.100000 2 62.008630 51.675493 6.102334 4.430082
34.200000 2 62.008621 51.934692 6.102371 4.429005
34.300000 2 62.008613 52.195192 6.102407 4.427927
34.400000 2 62.008605 52.456998 6.102444 4.426850
34.500000 2 62.008596 52.720117 6.102481 4.425773
34.600000 2 62.008588 52.984556 6.102517 4.424695
34.700000 2 62.008579 53.250322 6.102554 4.423618
34.800000 2 62.008571 53.517421 6.102590 4.422541
34.900000 2 62.008562 53.785859 6.102627 4.421463
35.000000 2 62.008554 54.055644 6.102663 4.420386
35.100000 2 62.008546 54.326783 6.102700 4.419309
35.200000 2 62.008537 54.599281 6.102736 4.418231
35.300000 2 62.008529 54.873146 6.102773 4.417154
35.400000 2 62.008520 55.148385 6.102810 4.416077
35.500000 2 62.008512 55.425005 6.102846 4.414999
35.600000 2 62.008503 55.703012 6.102883 4.413922
35.700000 2 62.008495 55.982413 6.102919 4.412845
35.800000 2 62.008486 56.263216 6.102956 4.411767
35.900000 2 62.008478 56.545428 6.102992 4.410690
36.000000 2 62.008469 56.829055 6.103029 4.409613
36.100000 2 62.008461 57.114105 6.103065 4.408535
36.200000 2 62.008453 57.400584 6.103102 4.407458
36.300000 2 62.008444 57.688501 6.103138 4.406381
36.400000 2 62.008436 57.977862 6.103175 4.405303
36.500000 2 62.008427 58.268674 6.103212 4.404226
36.600000 2 62.008419 58.560945 6.103248 4.403149
36.700000 2 62.008410 58.854682 6.103285 4.402071
36.800000 2 62.008402 59.149893 6.103321 4.400994
36.900000 2 62.008393 59.446584 6.103358 4.399917
37.000000 2 62.008385 59.744763 6.103394 4.398839
37.100000 2 62.008376 60.044438 6.103431 4.397762
37.200000 2 62.008300 60.345543 6.103467 4.396685
37.300000 2 62.008224 60.648158 6.103502 4.395607
37.400000 2 62.008148 60.952291 6.103538 4.394530
37.500000 2 62.008072 61.257949 6.103574 4.393453
37.600000 2 62.007995 61.565139 6.103609 4.392375
37.700000 2 62.007919 61.873870 6.103645 4.391298
37.800000 2 62.007843 62.184150 6.103681 4.390221
37.900000 2 62.007767 62.495985 6.103716 4.389144
38.000000 2 62.007690 62.809384 6.103752 4.388066
38.100000 2 62.007614 63.124355 6.103787 4.386989
38.200000 2 62.007538 63.440906 6.103823 4.385912
38.300000 2 62.007461 63.759044 6.103859 4.384834
38.400000 2 62.007385 64.078777 6.103894 4.383757
38.500000 2 62.007309 64.400114 6.103930 4.382680
38.600000 2 62.007232 64.723063 6.103966 4.381602
38.700000 2 62.007156 65.047631 6.104001 4.380525
38.800000 2 62.007080 65.373826 6.104037 4.379448
38.900000 2 62.007003 65.701658 6.104073 4.378371
39.000000 2 62.006927 66.031133 6.104108 4.377293
39.100000 2 62.006850 66.362261 6.104144 4.376216
39.200000 2 62.006774 66.695050 6.104180 4.375139
39.300000 2 62.006697 67.029507 6.104215 4.374061
39.400000 2 62.006621 67.365642 6.104251 4.372984
39.500000 2 62.006544 67.703463 6.104287 4.371907
39.600000 2 62.006468 68.042977 6.104322 4.370829
39.700000 2 62.006391 68.384194 6.104358 4.369752
39.800000 2 62.006315 68.727123 6.104394 4.368675
39.900000 2 62.006238 69.071771 6.104429 4.367598
40.000000 2 62.006162 69.418148 6.104465 4.366520
40.100000 2 62.006085 69.766262 6.104501 4.365443
40.200000 2 62.006009 70.116121 6.104536 4.364366
40.300000 2 62.005932 70.467735 6.104572 4.363288
40.400000 2 62.005855 70.821112 6.104608 4.362211
40.500000 2 62.005779 71.176262 6.104643 4.361134
40.600000 2 62.005702 71.533193 6.104679 4.360056
40.700000 2 62.005625 71.891913 6.104715 4.358979
40.800000 2 62.005549 72.252433 6.104750 4.357902
40.900000 2 62.005472 72.614760 6.104786 4.356825
41.000000 2 62.005395 72.978905 6.104821 4.355747
41.100000 2 62.005319 73.344876 6.104857 4.354670
41.200000 2 62.005242 73.712682 6.104893 4.353593
41.300000 2 62.005165 74.082333 6.104928 4.352515
41.400000 2 62.005088 74.453837 6.104964 4.351438
41.500000 2 62.005012 74.827205 6.105000 4.350361
41.600000 2 62.004935 75.202446 6.105035 4.349283
41.700000 2 62.004859 75.579568 6.105071 4.348206
41.800000 2 62.004783 75.958583 6.105107 4.347129
41.900000 2 62.004707 76.339498 6.105142 4.346052
42.000000 2 62.004632 76.722324 6.105178 4.344974
42.100000 2 62.004556 77.107069 6.105214 4.343897
42.200000 2 62.004481 77.493745 6.105249 4.342820
42.300000 2 62.004406 77.882360 6.105285 4.341742
42.400000 2 62.004331 78.272925 6.105321 4.340665
42.500000 2 62.004256 78.665448 6.105356 4.339588
42.600000 2 62.004181 79.059940 6.105392 4.338510
42.700000 2 62.004107 79.456411 6.105428 4.337433
42.800000 2 62.004033 79.854870 6.105463 4.336356
42.900000 2 62.003959 80.255328 6.105499 4.335278
43.000000 2 62.003885 80.657795 6.105535 4.334201
43.100000 2 62.003811 81.062280 6.105571 4.333124
43.200000 2 62.003738 81.468794 6.105606 4.332046
43.300000 2 62.003664 81.877347 6.105642 4.330969
43.400000 2 62.003591 82.287949 6.105678 4.329892
43.500000 2 62.003518 82.700611 6.105713 4.328815
43.600000 2 62.003446 83.115342 6.105749 4.327737
43.700000 2 62.003373 83.532154 6.105785 4.326660
43.800000 2 62.003301 83.951056 6.105820 4.325583
43.900000 2 62.003228 84.372060 6.105856 4.324505
44.000000 2 62.003156 84.795175 6.105892 4.323428
44.100000 2 62.003084 85.220412 6.105928 4.322351
44.200000 2 62.003013 85.647782 6.105963 4.321273
44.300000 2 62.002941 86.077296 6.105999 4.320196
44.400000 2 62.002870 86.508964 6.106035 4.319119
44.500000 2 62.002799 86.942797 6.106071 4.318041
44.600000 2 62.002728 87.378807 6.106106 4.316964
44.700000 2 62.002657 87.817003 6.106142 4.315887
44.800000 2 62.002586 88.257397 6.106178 4.314809
44.900000 2 62.002516 88.700000 6.106213 4.313732
45.000000 2 62.001856 89.143906 6.106241 4.312655
45.100000 2 62.001195 89.590034 6.106269 4.311578
45.200000 2 62.000535 90.038395 6.106297 4.310501
45.300000 2 61.999875 90.489001 6.106325 4.309424
45.400000 2 61.999215 90.941863 6.106353 4.308347
45.500000 2 61.998554 91.396992 6.106381 4.307270
45.600000 2 61.997894 91.854400 6.106409 4.306193
45.700000 2 61.997234 92.314098 6.106437 4.305116
45.800000 2 61.996573 92.776097 6.106465 4.304039
45.900000 2 61.995913 93.240409 6.106493 4.302962
46.000000 2 61.995253 93.707045 6.106521 4.301885
46.100000 2 61.994592 94.176018 6.106549 4.300808
46.200000 2 61.993932 94.647339 6.106577 4.299731
46.300000 2 61.993272 95.121019 6.106605 4.298654
46.400000 2 61.992611 95.597071 6.106633 4.297576
46.500000 2 61.991951 96.075506 6.106661 4.296499
46.600000 2 61.991291 96.556336 6.106689 4.295422
46.700000 2 61.990630 97.039573 6.106717 4.294345
46.800000 2 61.989970 97.525230 6.106745 4.293268
46.900000 2 61.989309 98.013319 6.106773 4.292191
47.000000 2 61.988649 98.503851 6.106801 4.291114
47.100000 2 61.987989 98.996838 6.106829 4.290037
47.200000 2 61.987328 99.492294 6.106857 4.288960
47.300000 2 61.986668 99.990231 6.106885 4.287883
47.400000 2 61.986007 100.490660 6.106913 4.286806
47.500000 2 61.985347 100.993595 6.106940 4.285729
47.600000 2 61.984687 101.499048 6.106968 4.284652
47.700000 2 61.984026 102.007031 6.106996 4.283575
47.800000 2 61.983366 102.517557 6.107024 4.282498
47.900000 2 61.982705 103.030640 6.107052 4.281420
48.000000 2 61.982045 103.546291 6.107080 4.280343
48.100000 2 61.981384 104.064524 6.107108 4.279266
48.200000 2 61.980724 104.585352 6.107136 4.278189
48.300000 2 61.980063 105.108787 6.107164 4.277112
48.400000 2 61.979403 105.634843 6.107192 4.276035
48.500000 2 61.978742 106.163532 6.107220 4.274958
48.600000 2 61.978082 106.694869 6.107248 4.273881
48.700000 2 61.977421 107.228866 6.107276 4.272804
48.800000 2 61.976761 107.765536 6.107304 4.271727
48.900000 2 61.976100 108.304893 6.107332 4.270650
49.000000 2 61.975440 108.846950 6.107360 4.269572
49.100000 2 61.974779 109.391722 6.107388 4.268495
49.200000 2 61.974119 109.939221 6.107416 4.267418
49.300000 2 61.973458 110.489461 6.107444 4.266341
49.400000 2 61.972798 111.042456 6.107472 4.265264
49.500000 2 61.972137 111.598220 6.107500 4.264187
49.600000 2 61.971476 112.156766 6.107528 4.263110
49.700000 2 61.970816 112.718108 6.107556 4.262033
49.800000 2 61.970155 113.282262 6.107584 4.260956
49.900000 2 61.969495 113.849239 6.107612 4.259878
50.000000 2 61.968834 114.419056 6.107640 4.258801
50.100000 2 61.968173 114.991725 6.107668 4.257724
50.200000 2 61.967513 115.567262 6.107696 4.256647
50.300000 2 61.966852 116.145680 6.107724 4.255570
50.400000 2 61.966192 116.726994 6.107752 4.254493
50.500000 2 61.965531 117.311219 6.107780 4.253416
50.600000 2 61.964870 117.898369 6.107808 4.252339
50.700000 2 61.964210 118.488458 6.107836 4.251261
50.800000 2 61.963549 119.081502 6.107864 4.250184
50.900000 2 61.962888 119.677516 6.107892 4.249107
51.000000 2 61.962228 120.276513 6.107919 4.248030
51.100000 2 61.961567 120.878510 6.107947 4.246953
51.200000 2 61.960906 121.483520 6.107975 4.245876
51.300000 2 61.960246 122.091560 6.108003 4.244799
51.400000 2 61.959585 122.702644 6.108031 4.243721
51.500000 2 61.958924 123.316788 6.108059 4.242644
51.600000 2 61.958264 123.934007 6.108087 4.241567
51.700000 2 61.957603 124.554316 6.108115 4.240490
51.800000 2 61.956942 125.177731 6.108143 4.239413
51.900000 2 61.956281 125.804267 6.108171 4.238336
52.000000 2 61.955621 126.433940 6.108199 4.237259
52.100000 2 61.954960 127.066766 6.108227 4.236181
52.200000 2 61.954299 127.702761 6.108255 4.235104
52.300000 2 61.953638 128.341940 6.108283 4.234027
52.400000 2 61.952978 128.984319 6.108311 4.232950
52.500000 2 61.952317 129.629915 6.108339 4.231873
52.600000 2 61.951656 130.278743 6.108367 4.230796
52.700000 2 61.950995 130.930820 6.108395 4.229718
52.800000 2 61.950335 131.586162 6.108423 4.228641
52.900000 2 61.949674 132.244785 6.108451 4.227564
53.000000 2 61.949013 132.906705 6.108479 4.226487
53.100000 2 61.948352 133.571940 6.108507 4.225410
53.200000 2 61.947691 134.240506 6.108535 4.224333
53.300000 2 61.947031 134.912419 6.108563 4.223255
53.400000 2 61.946370 135.587697 6.108591 4.222178
53.500000 2 61.945709 136.266356 6.108619 4.221101
53.600000 2 61.945048 136.948413 6.108647 4.220024
53.700000 2 61.944387 137.633885 6.108675 4.218947
53.800000 2 61.943726 138.322789 6.108703 4.217869
53.900000 2 61.943066 139.015142 6.108731 4.216792
54.000000 2 61.942405 139.710963 6.108759 4.215715
54.100000 2 61.941744 140.410267 6.108787 4.214638
54.200000 2 61.941083 141.113073 6.108815 4.213561
54.300000 2 61.940422 141.819397 6.108843 4.212483
54.400000 2 61.939761 142.529259 6.108871 4.211406
54.500000 2 61.939100 143.242675 6.108899 4.210329
54.600000 2 61.938439 143.959663 6.108927 4.209252
54.700000 2 61.937778 144.680241 6.108955 4.208175
54.800000 2 61.937117 145.404427 6.108983 4.207097
54.900000 2 61.936457 146.132239 6.109011 4.206020
55.000000 2 61.935796 146.863695 6.109039 4.204943
55.100000 2 61.935135 147.598814 6.109067 4.203866
55.200000 2 61.934474 148.337614 6.109095 4.202789
55.300000 2 61.933813 149.080113 6.109123 4.201711
55.400000 2 61.933152 149.826330 6.109151 4.200634
55.500000 2 61.932491 150.576284 6.109179 4.199557
55.600000 2 61.931830 151.329993 6.109207 4.198480
55.700000 2 61.931169 152.087475 6.109235 4.197402
55.800000 2 61.930508 152.848751 6.109263 4.196325
55.900000 2 61.929847 153.613838 6.109291 4.195248
56.000000 2 61.929186 154.382757 6.109319 4.194171
56.100000 2 61.928525 155.155525 6.109347 4.193094
56.200000 2 61.927864 155.932163 6.109375 4.192016
56.300000 2 61.927203 156.712690 6.109403 4.190939
56.400000 2 61.926542 157.497126 6.109431 4.189862
56.500000 2 61.925881 158.285489 6.109458 4.188785
56.600000 2 61.925220 159.077799 6.109486 4.187707
56.700000 2 61.924559 159.874077 6.109514 4.186630
56.800000 2 61.923898 160.674343 6.109542 4.185553
56.900000 2 61.923237 161.478615 6.109570 4.184476
57.000000 2 61.922575 162.286915 6.109598 4.183398
57.100000 2 61.921914 163.099262 6.109626 4.182321
57.200000 2 61.921253 163.915677 6.109654 4.181244
57.300000 2 61.920592 164.736180 6.109682 4.180167
57.400000 2 61.919931 165.560791 6.109710 4.179089
57.500000 2 61.919270 166.389532 6.109738 4.178012
57.600000 2 61.918609 167.222422 6.109766 4.176935
57.700000 2 61.917948 168.059483 6.109794 4.175858
57.800000 2 61.917287 168.900736 6.109822 4.174780
57.900000 2 61.916626 169.746201 6.109850 4.173703
58.000000 2 61.915964 170.595900 6.109878 4.172626
58.100000 2 61.915303 171.449853 6.109906 4.171549
58.200000 2 61.914642 172.308083 6.109934 4.170471
58.300000 2 61.913981 173.170610 6.109962 4.169394
58.400000 2 61.913320 174.037456 6.109990 4.168317
58.500000 2 61.912659 174.908643 6.110018 4.167240
58.600000 2 61.911997 175.784193 6.110046 4.166162
58.700000 2 61.911336 176.664126 6.110074 4.165085
58.800000 2 61.910675 177.548466 6.110102 4.164008
58.900000 2 61.910014 178.437234 6.110130 4.162930
59.000000 2 61.909353 179.330453 6.110158 4.161853
59.100000 2 61.908691 180.228145 6.110186 4.160776
59.200000 2 61.908030 181.130331 6.110214 4.159699
59.300000 2 61.907369 182.037036 6.110242 4.158621
59.400000 2 61.906708 182.948281 6.110270 4.157544
59.500000 2 61.906046 183.864089 6.110298 4.156467
59.600000 2 61.905385 184.784483 6.110326 4.155389
59.700000 2 61.904724 185.709486 6.110354 4.154312
59.800000 2 61.904063 186.639120 6.110382 4.153235
59.900000 2 61.903401 187.573410 6.110410 4.152157
60.000000 2 61.902740 188.512379 6.110438 4.151080
60.100000 2 61.902079 189.456050 6.110466 4.150003
60.200000 2 61.901418 190.404446 6.110494 4.148926
60.300000 2 61.900756 191.357591 6.110522 4.147848
60.400000 2 61.900095 192.315510 6.110550 4.146771
60.500000 2 61.899434 193.278225 6.110578 4.145694
60.600000 2 61.898772 194.245761 6.110606 4.144616
60.700000 2 61.898111 195.218142 6.110634 4.143539
60.800000 2 61.897450 196.195393 6.110662 4.142462
60.900000 2 61.896788 197.177537 6.110690 4.141384
61.000000 2 61.896127 198.164600 6.110718 4.140307
61.100000 2 61.895466 199.156605 6.110746 4.139230
61.200000 2 61.894804 200.153578 6.110774 4.138152
61.300000 2 61.894143 201.155544 6.110802 4.137075
61.400000 2 61.893482 202.162527 6.110830 4.135998
61.500000 2 61.892820 203.174553 6.110858 4.134920
61.600000 2 61.892159 204.191647 6.110886 4.133843
61.700000 2 61.891497 205.213834 6.110914 4.132766
61.800000 2 61.890836 206.241140 6.110942 4.131688
61.900000 2 61.890175 207.273591 6.110970 4.130611
62.000000 2 61.889513 208.311212 6.110998 4.129534
62.100000 2 61.888852 209.354029 6.111026 4.128456
62.200000 2 61.888190 210.402068 6.111054 4.127379
62.300000 2 61.887529 211.455355 6.111082 4.126302
62.400000 2 61.886868 212.513917 6.111110 4.125224
62.500000 2 61.886206 213.577781 6.111138 4.124147
62.600000 2 61.885545 214.646972 6.111166 4.123070
62.700000 2 61.884883 215.721517 6.111194 4.121992
62.800000 2 61.884222 216.801443 6.111222 4.120915
62.900000 2 61.883560 217.886777 6.111250 4.119838
63.000000 2 61.882899 218.977547 6.111278 4.118760
63.100000 2 61.882237 220.073779 6.111306 4.117683
63.200000 2 61.881576 221.175501 6.111334 4.116606
63.300000 2 61.880914 222.282740 6.111362 4.115528
63.400000 2 61.880253 223.395524 6.111390 4.114451
63.500000 2 61.879591 224.513880 6.111418 4.113374
63.600000 2 61.878930 225.637838 6.111446 4.112296
63.700000 2 61.878268 226.767424 6.111474 4.111219
63.800000 2 61.877607 227.902666 6.111502 4.110141
63.900000 2 61.876945 229.043594 6.111530 4.109064
64.000000 2 61.876284 230.190236 6.111558 4.107987
64.100000 2 61.875622 231.342620 6.111586 4.106909
64.200000 2 61.874960 232.500775 6.111614 4.105832
64.300000 2 61.874299 233.664730 6.111642 4.104755
64.400000 2 61.873637 234.834514 6.111670 4.103677
64.500000 2 61.872976 236.010156 6.111698 4.102600
64.600000 2 61.872314 237.191686 6.111726 4.101522
64.700000 2 61.871653 238.379133 6.111754 4.100445
64.800000 2 61.870991 239.572527 6.111782 4.099368
64.900000 2 61.870329 240.771897 6.111810 4.098290
65.000000 2 61.869668 241.977274 6.111838 4.097213
65.100000 2 61.869006 243.188687 6.111866 4.096135
65.200000 2 61.868345 244.406167 6.111894 4.095058
65.300000 2 61.867683 245.629745 6.111922 4.093981
65.400000 2 61.867021 246.859449 6.111950 4.092903
65.500000 2 61.866360 248.095313 6.111978 4.091826
65.600000 2 61.865698 249.337365 6.112006 4.090749
65.700000 2 61.865036 250.585638 6.112034 4.089671
65.800000 2 61.864375 251.840163 6.112063 4.088594
65.900000 2 61.863713 253.100970 6.112091 4.087516
66.000000 2 61.863051 254.368091 6.112119 4.086439
66.100000 2 61.862390 255.641559 6.112147 4.085361
66.200000 2 61.861728 256.921404 6.112175 4.084284
66.300000 2 61.861066 258.207658 6.112203 4.083207
66.400000 2 61.860404 259.500354 6.112231 4.082129
66.500000 2 61.859743 260.799525 6.112259 4.081052
66.600000 2 61.859081 262.105201 6.112287 4.079974
66.700000 2 61.858419 263.417417 6.112315 4.078897
66.800000 2 61.857758 264.736205 6.112343 4.077820
66.900000 2 61.857096 266.061597 6.112371 4.076742
67.000000 2 61.856434 267.393627 6.112399 4.075665
67.100000 2 61.855772 268.732328 6.112427 4.074587
67.200000 2 61.855111 270.077734 6.112455 4.073510
67.300000 2 61.854449 271.429877 6.112483 4.072432
67.400000 2 61.853787 272.788793 6.112511 4.071355
67.500000 2 61.853125 274.154514 6.112539 4.070278
67.600000 2 61.852463 275.527075 6.112567 4.069200
67.700000 2 61.851802 276.906510 6.112595 4.068123
67.800000 2 61.851140 278.292854 6.112623 4.067045
67.900000 2 61.850478 279.686141 6.112651 4.065968
68.000000 2 61.849816 281.086406 6.112679 4.064890
68.100000 2 61.849154 282.493684 6.112707 4.063813
68.200000 2 61.848493 283.908009 6.112735 4.062735
68.300000 2 61.847831 285.329419 6.112763 4.061658
68.400000 2 61.847169 286.757946 6.112791 4.060581
68.500000 2 61.846507 288.193629 6.112819 4.059503
68.600000 2 61.845845 289.636502 6.112847 4.058426
68.700000 2 61.845183 291.086601 6.112875 4.057348
68.800000 2 61.844521 292.543963 6.112903 4.056271
68.900000 2 61.843860 294.008624 6.112931 4.055193
69.000000 2 61.843198 295.480620 6.112959 4.054116
69.100000 2 61.842536 296.959988 6.112987 4.053038
69.200000 2 61.841874 298.446766 6.113015 4.051961
69.300000 2 61.841212 299.940990 6.113043 4.050883
69.400000 2 61.840550 301.442698 6.113071 4.049806
69.500000 2 61.839888 302.951927 6.113099 4.048728
69.600000 2 61.839226 304.468715 6.113127 4.047651
69.700000 2 61.838564 305.993099 6.113155 4.046574
69.800000 2 61.837902 307.525118 6.113183 4.045496
69.900000 2 61.837240 309.064810 6.113211 4.044419
70.000000 2 61.836578 310.612214 6.113239 4.043341
70.100000 2 61.835916 312.167368 6.113267 4.042264
70.200000 2 61.835254 313.730310 6.113295 4.041186
70.300000 2 61.834592 315.301081 6.113323 4.040109
70.400000 2 61.833930 316.879718 6.113351 4.039031
70.500000 2 61.833268 318.466263 6.113379 4.037954
70.600000 2 61.832606 320.060753 6.113407 4.036876
70.700000 2 61.831944 321.663229 6.113435 4.035799
70.800000 2 61.831282 323.273732 6.113463 4.034721
70.900000 2 61.830620 324.892300 6.113491 4.033644
71.000000 2 61.829958 326.518976 6.113519 4.032566
71.100000 2 61.829296 328.153798 6.113547 4.031489
71.200000 2 61.828634 329.796809 6.113575 4.030411
71.300000 2 61.827972 331.448048 6.113604 4.029334
71.400000 2 61.827310 333.107558 6.113632 4.028256
71.500000 2 61.826648 334.775380 6.113660 4.027179
71.600000 2 61.825986 336.451555 6.113688 4.026101
71.700000 2 61.825324 338.136125 6.113716 4.025024
71.800000 2 61.824662 339.829133 6.113744 4.023946
71.900000 2 61.824000 341.530620 6.113772 4.022869
72.000000 2 61.823338 343.240629 6.113800 4.021791
72.100000 2 61.822676 344.959203 6.113828 4.020714
72.200000 2 61.822014 346.686385 6.113856 4.019636
72.300000 2 61.821352 348.422218 6.113884 4.018559
72.400000 2 61.820689 350.166744 6.113912 4.017481
72.500000 2 61.820027 351.920009 6.113940 4.016404
72.600000 2 61.819365 353.682055 6.113968 4.015326
72.700000 2 61.818703 355.452926 6.113996 4.014248
72.800000 2 61.818041 357.232667 6.114024 4.013171
72.900000 2 61.817379 359.021322 6.114052 4.012093
73.000000 2 61.816717 360.818936 6.114080 4.011016
73.100000 2 61.816054 362.625554 6.114108 4.009938
73.200000 2 61.815392 364.441221 6.114136 4.008861
73.300000 2 61.814730 366.265981 6.114164 4.007783
73.400000 2 61.814068 368.099882 6.114192 4.006706
73.500000 2 61.813406 369.942968 6.114220 4.005628
73.600000 2 61.812743 371.795285 6.114248 4.004551
73.700000 2 61.812081 373.656880 6.114276 4.003473
73.800000 2 61.811419 375.527800 6.114304 4.002396
73.900000 2 61.810757 377.408090 6.114332 4.001318
74.000000 2 61.810095 379.297799 6.114360 4.000240
74.100000 2 61.809432 381.196972 6.114388 3.999163
74.200000 2 61.808770 383.105658 6.114416 3.998085
74.300000 2 61.808108 385.023905 6.114444 3.997008
74.400000 2 61.807446 386.951759 6.114472 3.995930
74.500000 2 61.806783 388.889270 6.114500 3.994853
74.600000 2 61.806121 390.836485 6.114528 3.993775
74.700000 2 61.805459 392.793454 6.114557 3.992698
74.800000 2 61.804797 394.760224 6.114585 3.991620
74.900000 2 61.804134 396.736846 6.114613 3.990542
75.000000 2 61.803472 398.723369 6.114641 3.989465
75.100000 2 61.802810 400.719842 6.114669 3.988387
75.200000 2 61.802147 402.726315 6.114697 3.987310
75.300000 2 61.801485 404.742838 6.114725 3.986232
75.400000 2 61.800823 406.769461 6.114753 3.985155
75.500000 2 61.800160 408.806236 6.114781 3.984077
75.600000 2 61.799498 410.853213 6.114809 3.982999
75.700000 2 61.798836 412.910442 6.114837 3.981922
75.800000 2 61.798173 414.977977 6.114865 3.980844
75.900000 2 61.797511 417.055867 6.114893 3.979767
76.000000 2 61.796849 419.144166 6.114921 3.978689
76.100000 2 61.796186 421.242924 6.114949 3.977612
76.200000 2 61.795524 423.352196 6.114977 3.976534
76.300000 2 61.794861 425.472032 6.115005 3.975456
76.400000 2 61.794199 427.602487 6.115033 3.974379
76.500000 2 61.793537 429.743613 6.115061 3.973301
76.600000 2 61.792874 431.895464 6.115089 3.972224
76.700000 2 61.792212 434.058094 6.115117 3.971146
76.800000 2 61.791549 436.231556 6.115145 3.970068
76.900000 2 61.790887 438.415905 6.115173 3.968991
77.000000 2 61.790225 440.611195 6.115201 3.967913
77.100000 2 61.789562 442.817482 6.115229 3.966836
77.200000 2 61.788900 445.034820 6.115257 3.965758
77.300000 2 61.788237 447.263265 6.115285 3.964680
77.400000 2 61.787575 449.502873 6.115314 3.963603
77.500000 2 61.786912 451.753698 6.115342 3.962525
77.600000 2 61.786250 454.015799 6.115370 3.961447
77.700000 2 61.785587 456.289230 6.115398 3.960370
77.800000 2 61.784925 458.574049 6.115426 3.959292
77.900000 2 61.784262 460.870313 6.115454 3.958215
78.000000 2 61.783600 463.178079 6.115482 3.957137
78.100000 2 61.782937 465.497405 6.115510 3.956059
78.200000 2 61.782275 467.828349 6.115538 3.954982
78.300000 2 61.781612 470.170969 6.115566 3.953904
78.400000 2 61.780950 472.525323 6.115594 3.952827
78.500000 2 61.780287 474.891471 6.115622 3.951749
78.600000 2 61.779625 477.269471 6.115650 3.950671
78.700000 2 61.778962 479.659383 6.115678 3.949594
78.800000 2 61.778300 482.061266 6.115706 3.948516
78.900000 2 61.777637 484.475181 6.115734 3.947438
79.000000 2 61.776974 486.901187 6.115762 3.946361
79.100000 2 61.776312 489.339346 6.115790 3.945283
79.200000 2 61.775649 491.789718 6.115818 3.944205
79.300000 2 61.774987 494.252365 6.115846 3.943128
79.400000 2 61.774324 496.727348 6.115874 3.942050
79.500000 2 61.773662 499.214728 6.115902 3.940972
79.600000 2 61.772999 501.714568 6.115930 3.939895
79.700000 2 61.772336 504.226930 6.115959 3.938817
79.800000 2 61.771674 506.751878 6.115987 3.937740
79.900000 2 61.771011 509.289474 6.116015 3.936662
80.000000 2 61.770348 511.839781 6.116043 3.935584
80.100000 2 61.769686 514.402863 6.116071 3.934507
80.200000 2 61.769023 516.978785 6.116099 3.933429
80.300000 2 61.768360 519.567610 6.116127 3.932351
80.400000 2 61.767698 522.169403 6.116155 3.931274
80.500000 2 61.767035 524.784230 6.116183 3.930196
80.600000 2 61.766372 527.412155 6.116211 3.929118
80.700000 2 61.765710 530.053244 6.116239 3.928041
80.800000 2 61.765047 532.707564 6.116267 3.926963
80.900000 2 61.764384 535.375179 6.116295 3.925885
81.000000 2 61.763722 538.056158 6.116323 3.924808
81.100000 2 61.763059 540.750567 6.116351 3.923730
81.200000 2 61.762396 543.458473 6.116379 3.922652
81.300000 2 61.761734 546.179944 6.116407 3.921575
81.400000 2 61.761071 548.915048 6.116435 3.920497
81.500000 2 61.760408 551.663853 6.116463 3.919419
81.600000 2 61.759745 554.426428 6.116491 3.918341
81.700000 2 61.759083 557.202842 6.116519 3.917264
81.800000 2 61.758420 559.993164 6.116548 3.916186
81.900000 2 61.757757 562.797464 6.116576 3.915108
82.000000 2 61.757094 565.615813 6.116604 3.914031
82.100000 2 61.756431 568.448279 6.116632 3.912953
82.200000 2 61.755769 571.294935 6.116660 3.911875
82.300000 2 61.755106 574.155850 6.116688 3.910798
82.400000 2 61.754443 577.031098 6.116716 3.909720
82.500000 2 61.753780 579.920749 6.116744 3.908642
82.600000 2 61.753117 582.824875 6.116772 3.907565
82.700000 2 61.752455 585.743550 6.116800 3.906487
82.800000 2 61.751792 588.676846 6.116828 3.905409
82.900000 2 61.751129 591.624837 6.116856 3.904331
83.000000 2 61.750466 594.587595 6.116884 3.903254
83.100000 2 61.749803 597.565196 6.116912 3.902176
83.200000 2 61.749140 600.557713 6.116940 3.901098
83.300000 2 61.748478 603.565221 6.116968 3.900021
83.400000 2 61.747815 606.587795 6.116996 3.898943
83.500000 2 61.747152 609.625511 6.117024 3.897865
83.600000 2 61.746489 612.678445 6.117052 3.896787
83.700000 2 61.745826 615.746673 6.117081 3.895710
83.800000 2 61.745163 618.830271 6.117109 3.894632
83.900000 2 61.744500 621.929317 6.117137 3.893554
84.000000 2 61.743837 625.043888 6.117165 3.892476
84.100000 2 61.743174 628.174061 6.117193 3.891399
84.200000 2 61.742511 631.319916 6.117221 3.890321
84.300000 2 61.741849 634.481530 6.117249 3.889243
84.400000 2 61.741186 637.658983 6.117277 3.888166
84.500000 2 61.740523 640.852354 6.117305 3.887088
84.600000 2 61.739860 644.061722 6.117333 3.886010
84.700000 2 61.739197 647.287169 6.117361 3.884932
84.800000 2 61.738534 650.528774 6.117389 3.883855
84.900000 2 61.737871 653.786618 6.117417 3.882777
85.000000 2 61.737208 657.060783 6.117445 3.881699
85.100000 2 61.736545 660.351350 6.117473 3.880621
85.200000 2 61.735882 663.658403 6.117501 3.879544
85.300000 2 61.735219 666.982022 6.117529 3.878466
85.400000 2 61.734556 670.322293 6.117558 3.877388
85.500000 2 61.733893 673.679297 6.117586 3.876310
85.600000 2 61.733230 677.053118 6.117614 3.875233
85.700000 2 61.732567 680.443842 6.117642 3.874155
85.800000 2 61.731904 683.851553 6.117670 3.873077
85.900000 2 61.731241 687.276335 6.117698 3.871999
86.000000 2 61.730578 690.718275 6.117726 3.870922
86.100000 2 61.729915 694.177458 6.117754 3.869844
86.200000 2 61.729252 697.653971 6.117782 3.868766
86.300000 2 61.728588 701.147900 6.117810 3.867688
86.400000 2 61.727925 704.659334 6.117838 3.866610
86.500000 2 61.727262 708.188359 6.117866 3.865533
86.600000 2 61.726599 711.735064 6.117894 3.864455
86.700000 2 61.725936 715.299537 6.117922 3.863377
86.800000 2 61.725273 718.881868 6.117950 3.862299
86.900000 2 61.724610 722.482146 6.117978 3.861222
87.000000 2 61.723947 726.100461 6.118007 3.860144
87.100000 2 61.723284 729.736902 6.118035 3.859066
87.200000 2 61.722621 733.391563 6.118063 3.857988
87.300000 2 61.721957 737.064532 6.118091 3.856910
87.400000 2 61.721294 740.755903 6.118119 3.855833
87.500000 2 61.720631 744.465767 6.118147 3.854755
87.600000 2 61.719968 748.194217 6.118175 3.853677
87.700000 2 61.719305 751.941346 6.118203 3.852599
87.800000 2 61.718642 755.707249 6.118231 3.851522
87.900000 2 61.717978 759.492018 6.118259 3.850444
88.000000 2 61.717315 763.295748 6.118287 3.849366
88.100000 2 61.716652 767.118536 6.118315 3.848288
88.200000 2 61.715989 770.960475 6.118343 3.847210
88.300000 2 61.715326 774.821662 6.118371 3.846133
88.400000 2 61.714662 778.702194 6.118399 3.845055
88.500000 2 61.713999 782.602167 6.118428 3.843977
88.600000 2 61.713336 786.521679 6.118456 3.842899
88.700000 2 61.712673 790.460827 6.118484 3.841821
88.800000 2 61.712009 794.419711 6.118512 3.840743
88.900000 2 61.711346 798.398429 6.118540 3.839666
89.000000 2 61.710683 802.397081 6.118568 3.838588
89.100000 2 61.710020 806.415765 6.118596 3.837510
89.200000 2 61.709356 810.454584 6.118624 3.836432
89.300000 2 61.708693 814.513637 6.118652 3.835354
89.400000 2 61.708030 818.593027 6.118680 3.834277
89.500000 2 61.707367 822.692854 6.118708 3.833199
89.600000 2 61.706703 826.813222 6.118736 3.832121
89.700000 2 61.706040 830.954233 6.118764 3.831043
89.800000 2 61.705377 835.115992 6.118792 3.829965
89.900000 2 61.704713 839.298601 6.118821 3.828887
90.000000 2 61.704050 843.502165 6.118849 3.827810
90.100000 2 61.703387 847.726790 6.118877 3.826732
90.200000 2 61.702723 851.972580 6.118905 3.825654
90.300000 2 61.702060 856.239643 6.118933 3.824576
90.400000 2 61.701397 860.528084 6.118961 3.823498
90.500000 2 61.700733 864.838011 6.118989 3.822420
90.600000 2 61.700070 869.169532 6.119017 3.821343
90.700000 2 61.699407 873.522754 6.119045 3.820265
90.800000 2 61.698743 877.897786 6.119073 3.819187
90.900000 2 61.698080 882.294739 6.119101 3.818109
91.000000 2 61.697416 886.713721 6.119129 3.817031
91.100000 2 61.696753 891.154842 6.119157 3.815953
91.200000 2 61.696090 895.618215 6.119185 3.814875
91.300000 2 61.695426 900.103951 6.119214 3.813798
91.400000 2 61.694763 904.612161 6.119242 3.812720
91.500000 2 61.694099 909.142958 6.119270 3.811642
91.600000 2 61.693436 913.696455 6.119298 3.810564
91.700000 2 61.692773 918.272767 6.119326 3.809486
91.800000 2 61.692109 922.872007 6.119354 3.808408
91.900000 2 61.691446 927.494291 6.119382 3.807330
92.000000 2 61.690782 932.139733 6.119410 3.806253
92.100000 2 61.690119 936.808451 6.119438 3.805175
92.200000 2 61.689455 941.500560 6.119466 3.804097
92.300000 2 61.688792 946.216178 6.119494 3.803019
92.400000 2 61.688128 950.955423 6.119522 3.801941
92.500000 2 61.687465 955.718413 6.119550 3.800863
92.600000 2 61.686801 960.505268 6.119579 3.799785
92.700000 2 61.686138 965.316106 6.119607 3.798707
92.800000 2 61.685474 970.151048 6.119635 3.797630
92.900000 2 61.684811 975.010214 6.119663 3.796552
93.000000 2 61.684147 979.893727 6.119691 3.795474
93.100000 2 61.683484 984.801708 6.119719 3.794396
93.200000 2 61.682820 989.734280 6.119747 3.793318
93.300000 2 61.682157 994.691566 6.119775 3.792240
93.400000 2 61.681493 999.673691 6.119803 3.791162
93.500000 2 61.680829 1004.680777 6.119831 3.790084
93.600000 2 61.680166 1009.712951 6.119859 3.789006
93.700000 2 61.679502 1014.770339 6.119887 3.787929
93.800000 2 61.678839 1019.853066 6.119915 3.786851
93.900000 2 61.678175 1024.961260 6.119944 3.785773
94.000000 2 61.677511 1030.095048 6.119972 3.784695
94.100000 2 61.676848 1035.254559 6.120000 3.783617
94.200000 2 61.676184 1040.439921 6.120028 3.782539
94.300000 2 61.675521 1045.651264 6.120056 3.781461
94.400000 2 61.674857 1050.888719 6.120084 3.780383
94.500000 2 61.674193 1056.152416 6.120112 3.779305
94.600000 2 61.673530 1061.442487 6.120140 3.778227
94.700000 2 61.672866 1066.759064 6.120168 3.777149
94.800000 2 61.672202 1072.102279 6.120196 3.776072
94.900000 2 61.671539 1077.472267 6.120224 3.774994
95.000000 2 61.670875 1082.869161 6.120252 3.773916
95.100000 2 61.670211 1088.293097 6.120281 3.772838
95.200000 2 61.669548 1093.744210 6.120309 3.771760
95.300000 2 61.668884 1099.222635 6.120337 3.770682
95.400000 2 61.668220 1104.728511 6.120365 3.769604
95.500000 2 61.667557 1110.261974 6.120393 3.768526
95.600000 2 61.666893 1115.823164 6.120421 3.767448
95.700000 2 61.666229 1121.412218 6.120449 3.766370
95.800000 2 61.665566 1127.029276 6.120477 3.765292
95.900000 2 61.664902 1132.674479 6.120505 3.764214
96.000000 2 61.664238 1138.347969 6.120533 3.763136
96.100000 2 61.663574 1144.049886 6.120561 3.762058
96.200000 2 61.662911 1149.780373 6.120590 3.760980
96.300000 2 61.662247 1155.539574 6.120618 3.759903
96.400000 2 61.661583 1161.327632 6.120646 3.758825
96.500000 2 61.660919 1167.144692 6.120674 3.757747
96.600000 2 61.660256 1172.990899 6.120702 3.756669
96.700000 2 61.659592 1178.866400 6.120730 3.755591
96.800000 2 61.658928 1184.771341 6.120758 3.754513
96.900000 2 61.658264 1190.705870 6.120786 3.753435
97.000000 2 61.657600 1196.670135 6.120814 3.752357
97.100000 2 61.656937 1202.664285 6.120842 3.751279
97.200000 2 61.656273 1208.688471 6.120870 3.750201
97.300000 2 61.655609 1214.742841 6.120898 3.749123
97.400000 2 61.654945 1220.827549 6.120927 3.748045
97.500000 2 61.654281 1226.942745 6.120955 3.746967
97.600000 2 61.653617 1233.088584 6.120983 3.745889
97.700000 2 61.652954 1239.265217 6.121011 3.744811
97.800000 2 61.652290 1245.472800 6.121039 3.743733
97.900000 2 61.651626 1251.711488 6.121067 3.742655
98.000000 2 61.650962 1257.981437 6.121095 3.741577
98.100000 2 61.650298 1264.282803 6.121123 3.740499
98.200000 2 61.649634 1270.615744 6.121151 3.739421
98.300000 2 61.648970 1276.980419 6.121179 3.738343
98.400000 2 61.648306 1283.376985 6.121207 3.737265
98.500000 2 61.647642 1289.805603 6.121236 3.736187
98.600000 2 61.646979 1296.266435 6.121264 3.735109
98.700000 2 61.646315 1302.759640 6.121292 3.734031
98.800000 2 61.645651 1309.285382 6.121320 3.732953
98.900000 2 61.644987 1315.843824 6.121348 3.731875
99.000000 2 61.644323 1322.435128 6.121376 3.730797
99.100000 2 61.643659 1329.059462 6.121404 3.729719
99.200000 2 61.642995 1335.716989 6.121432 3.728641
99.300000 2 61.642331 1342.407876 6.121460 3.727563
99.400000 2 61.641667 1349.132290 6.121488 3.726485
99.500000 2 61.641003 1355.890400 6.121517 3.725407
99.600000 2 61.640339 1362.682374 6.121545 3.724329
99.700000 2 61.639675 1369.508383 6.121573 3.723251
99.800000 2 61.639011 1376.368596 6.121601 3.722173
99.900000 2 61.638347 1383.263185 6.121629 3.721095
100.000000 2 61.637683 1390.192323 6.121657 3.720017
100.100000 2 61.637019 1397.156182 6.121685 3.718939
100.200000 2 61.636355 1404.154937 6.121713 3.717861
100.300000 2 61.635691 1411.188762 6.121741 3.716783
100.400000 2 61.635027 1418.257834 6.121769 3.715705
100.500000 2 61.634363 1425.362329 6.121797 3.714627
100.600000 2 61.633699 1432.502425 6.121826 3.713549
100.700000 2 61.633035 1439.678300 6.121854 3.712471
100.800000 2 61.632371 1446.890133 6.121882 3.711393
100.900000 2 61.631707 1454.138105 6.121910 3.710315
101.000000 2 61.631043 1461.422396 6.121938 3.709237
101.100000 2 61.630378 1468.743190 6.121966 3.708159
101.200000 2 61.629714 1476.100668 6.121994 3.707081
101.300000 2 61.629050 1483.495016 6.122022 3.706003
101.400000 2 61.628386 1490.926416 6.122050 3.704925
101.500000 2 61.627722 1498.395057 6.122078 3.703847
101.600000 2 61.627058 1505.901123 6.122107 3.702769
101.700000 2 61.626394 1513.444802 6.122135 3.701691
101.800000 2 61.625730 1521.026284 6.122163 3.700613
101.900000 2 61.625065 1528.645758 6.122191 3.699535
102.000000 2 61.624401 1536.303414 6.122219 3.698457
102.100000 2 61.623737 1543.999443 6.122247 3.697379
102.200000 2 61.623073 1551.734038 6.122275 3.696301
102.300000 2 61.622409 1559.507392 6.122303 3.695223
102.400000 2 61.621745 1567.319699 6.122331 3.694145
102.500000 2 61.621080 1575.171156 6.122360 3.693067
102.600000 2 61.620416 1583.061957 6.122388 3.691989
102.700000 2 61.619752 1590.992301 6.122416 3.690910
102.800000 2 61.619088 1598.962385 6.122444 3.689832
102.900000 2 61.618424 1606.972408 6.122472 3.688754
103.000000 2 61.617759 1615.022572 6.122500 3.687676
103.100000 2 61.617095 1623.113076 6.122528 3.686598
103.200000 2 61.616431 1631.244124 6.122556 3.685520
103.300000 2 61.615767 1639.415918 6.122584 3.684442
103.400000 2 61.615103 1647.628664 6.122612 3.683364
103.500000 2 61.614438 1655.882565 6.122641 3.682286
103.600000 2 61.613774 1664.177828 6.122669 3.681208
103.700000 2 61.613110 1672.514662 6.122697 3.680130
103.800000 2 61.612445 1680.893273 6.122725 3.679052
103.900000 2 61.611781 1689.313872 6.122753 3.677974
104.000000 2 61.611117 1697.776669 6.122781 3.676896
104.100000 2 61.610453 1706.281876 6.122809 3.675817
104.200000 2 61.609788 1714.829705 6.122837 3.674739
104.300000 2 61.609124 1723.420370 6.122865 3.673661
104.400000 2 61.608460 1732.054085 6.122894 3.672583
104.500000 2 61.607795 1740.731066 6.122922 3.671505
104.600000 2 61.607131 1749.451531 6.122950 3.670427
104.700000 2 61.606467 1758.215697 6.122978 3.669349
104.800000 2 61.605802 1767.023784 6.123006 3.668271
104.900000 2 61.605138 1775.876011 6.123034 3.667193
105.000000 2 61.604474 1784.772600 6.123062 3.666115
105.100000 2 61.603809 1793.713773 6.123090 3.665037
105.200000 2 61.603145 1802.699754 6.123118 3.663958
105.300000 2 61.601852 1820.317187 6.123173 3.661860
105.400000 2 61.600882 1833.643197 6.123214 3.660287
105.500000 2 61.600155 1843.701707 6.123245 3.659106
105.600000 2 61.599064 1858.893059 6.123291 3.657336
105.700000 4 61.597973 1874.251965 6.123351 3.655564
105.800000 4 61.597830 1874.254391 6.123352 3.655564
105.900000 4 60.982844 1884.733222 6.124111 3.654543
106.000000 4 60.373016 1895.234772 6.124864 3.653525
106.100000 4 59.769286 1905.740955 6.125610 3.652511
106.200000 4 59.171593 1916.250635 6.126348 3.651501
106.300000 4 58.579877 1926.762628 6.127079 3.650496
106.400000 4 57.994078 1937.275695 6.127802 3.649495
106.500000 4 57.414137 1947.788540 6.128518 3.648499
106.600000 4 56.839996 1958.299809 6.129227 3.647508
106.700000 4 56.271596 1968.808086 6.129929 3.646521
106.800000 4 55.708880 1979.311889 6.130624 3.645539
106.900000 4 55.151791 1989.809668 6.131312 3.644563
107.000000 4 54.600273 2000.299798 6.131993 3.643591
107.100000 4 54.054271 2010.780577 6.132667 3.642625
107.200000 4 53.513728 2021.250224 6.133335 3.641664
107.300000 4 52.978591 2031.706869 6.133996 3.640709
107.400000 4 52.448805 2042.148550 6.134650 3.639759
107.500000 4 51.924317 2052.573211 6.135298 3.638816
107.600000 4 51.405074 2062.978691 6.135939 3.637878
107.700000 4 50.891023 2073.362720 6.136574 3.636946
107.800000 4 50.382113 2083.722912 6.137202 3.636021
107.900000 4 49.878291 2094.056757 6.137824 3.635102
108.000000 4 49.379509 2104.361615 6.138440 3.634190
108.100000 4 48.885713 2114.634704 6.139050 3.633285
108.200000 4 48.396856 2124.873093 6.139654 3.632387
108.300000 4 47.912888 2135.073692 6.140251 3.631497
108.400000 4 47.433759 2145.233239 6.140843 3.630614
108.500000 4 46.959421 2155.348289 6.141429 3.629739
108.600000 4 46.489827 2165.415200 6.142009 3.628872
108.700000 4 46.024929 2175.430120 6.142583 3.628014
108.800000 4 45.564679 2185.388972 6.143151 3.627164
108.900000 4 45.109033 2195.287430 6.143714 3.626323
109.000000 4 44.657942 2205.120910 6.144271 3.625492
109.100000 4 44.211363 2214.884542 6.144822 3.624671
109.200000 4 43.769249 2224.573146 6.145368 3.623859
109.300000 4 43.331557 2234.181214 6.145909 3.623059
109.400000 4 42.898241 2243.702871 6.146444 3.622269
109.500000 4 42.469259 2253.131854 6.146974 3.621491
109.600000 4 42.044566 2262.461467 6.147498 3.620725
109.700000 4 41.624121 2271.684549 6.148017 3.619971
109.800000 4 41.207879 2280.793428 6.148531 3.619230
109.900000 4 40.795801 2289.779870 6.149040 3.618504
110.000000 4 40.387843 2298.635023 6.149544 3.617792
110.100000 4 39.983964 2307.349358 6.150043 3.617095
110.200000 4 39.584125 2315.912594 6.150537 3.616414
110.300000 4 39.188283 2324.313619 6.151026 3.615750
110.400000 4 38.796400 2332.540398 6.151509 3.615103
110.500000 4 38.408436 2340.579866 6.151989 3.614476
110.600000 4 38.024352 2348.417805 6.152463 3.613869
110.700000 4 37.644109 2356.038708 6.152932 3.613282
110.800000 4 37.267667 2363.425612 6.153397 3.612719
110.900000 4 36.894991 2370.559907 6.153858 3.612179
111.000000 4 36.526041 2377.421118 6.154313 3.611666
111.100000 4 36.160780 2383.986634 6.154764 3.611180
111.200000 4 35.799173 2390.231401 6.155211 3.610723
111.300000 4 35.441181 2396.127548 6.155653 3.610299
111.400000 4 35.086769 2401.643934 6.156090 3.609909
111.500000 4 34.735901 2406.745607 6.156524 3.609556
111.600000 4 34.388542 2411.393131 6.156953 3.609245
111.700000 4 34.044657 2415.541770 6.157377 3.608978
111.800000 4 33.704210 2419.140451 6.157798 3.608759
111.900000 4 33.367168 2422.130471 6.158214 3.608595
112.000000 4 33.033497 2424.443832 6.158626 3.608491
112.100000 4 32.703162 2426.001084 6.159034 3.608454
112.200000 4 32.376130 2426.708481 6.159438 3.608491
112.300000 4 32.052369 2426.454146 6.159838 3.608614
112.400000 4 31.731845 2425.102812 6.160233 3.608834
112.500000 4 31.414527 2422.488386 6.160625 3.609166
112.600000 4 31.100381 2418.403150 6.161013 3.609629
112.700000 4 30.789378 2412.581462 6.161397 3.610249
112.800000 4 30.481484 2404.674073 6.161777 3.611057
112.900000 4 30.176669 2394.205386 6.162153 3.612098
113.000000 4 29.874902 2380.497353 6.162525 3.613438
113.100000 4 29.576153 2362.521879 6.162894 3.615176
113.200000 4 29.428272 2351.475241 6.163076 3.616239
113.300000 4 29.281131 2338.651094 6.163257 3.617472
113.400000 4 29.134725 2323.609670 6.163436 3.618918
113.500000 4 28.989052 2305.707943 6.163615 3.620642
113.600000 4 28.844107 2283.954810 6.163792 3.622745
113.700000 4 28.771996 2271.180333 6.163880 3.623985
113.800000 4 28.700066 2256.760725 6.163967 3.625389
113.900000 4 28.628316 2240.294145 6.164053 3.627001
114.000000 4 28.556745 2221.223801 6.164138 3.628879
114.100000 4 28.521049 2210.484073 6.164180 3.629942
114.200000 4 28.485398 2198.773171 6.164222 3.631106
114.300000 4 28.449791 2185.934177 6.164264 3.632388
114.400000 4 28.414229 2171.774528 6.164305 3.633809
114.500000 4 28.378711 2156.055920 6.164345 3.635397
114.600000 4 28.343238 2138.480860 6.164385 3.637184
114.700000 4 28.307809 2118.674558 6.164424 3.639214
114.800000 4 28.290116 2107.794074 6.164443 3.640337
114.900000 4 28.272435 2096.167883 6.164461 3.641543
115.000000 4 28.254765 2083.715067 6.164480 3.642841
115.100000 4 28.237106 2070.343507 6.164498 3.644244
115.200000 4 28.219457 2055.948066 6.164515 3.645763
115.300000 4 28.201820 2040.408465 6.164532 3.647415
115.400000 4 28.184194 2023.586775 6.164549 3.649217
115.500000 4 28.166579 2005.324461 6.164565 3.651189
115.600000 4 28.148975 1985.438918 6.164580 3.653357
115.700000 4 28.140178 1974.824497 6.164587 3.654523
115.800000 4 28.131385 1963.722946 6.164594 3.655749
115.900000 4 28.122594 1952.102759 6.164600 3.657039
116.000000 4 28.113805 1939.930039 6.164607 3.658399
116.100000 4 28.105020 1927.168304 6.164613 3.659834
116.200000 4 28.096237 1913.778283 6.164619 3.661349
116.300000 4 28.087457 1899.717701 6.164624 3.662952
116.400000 4 28.078679 1884.941045 6.164629 3.664649
116.500000 4 28.069905 1869.399323 6.164634 3.666448
116.600000 4 28.061133 1853.039808 6.164638 3.668358
116.700000 4 28.052364 1835.805778 6.164642 3.670388
116.800000 4 28.043598 1817.636243 6.164645 3.672548
116.900000 4 28.039216 1808.181119 6.164646 3.673681
117.000000 4 28.034835 1798.467218 6.164648 3.674851
117.100000 4 28.030454 1788.485601 6.164649 3.676060
117.200000 4 28.026074 1778.227009 6.164650 3.677309
117.300000 4 28.021695 1767.681863 6.164650 3.678601
117.400000 4 28.017317 1756.840251 6.164651 3.679937
117.500000 4 28.012939 1745.691926 6.164651 3.681320
117.600000 4 28.008562 1734.226297 6.164651 3.682750
117.700000 4 28.004186 1722.432426 6.164651 3.684232
117.800000 4 27.999810 1710.299026 6.164651 3.685767
117.900000 4 27.995435 1697.814453 6.164650 3.687358
118.000000 4 27.991061 1684.966711 6.164649 3.689007
118.100000 4 27.986687 1671.743452 6.164648 3.690718
118.200000 4 27.982314 1658.131974 6.164647 3.692493
118.300000 4 27.977942 1644.119232 6.164645 3.694335
118.400000 4 27.973571 1629.691843 6.164643 3.696249
118.500000 4 27.969200 1614.836099 6.164641 3.698237
118.600000 4 27.964830 1599.537980 6.164638 3.700303
118.700000 4 27.960460 1583.783175 6.164635 3.702451
118.800000 4 27.958276 1575.730285 6.164633 3.703558
118.900000 4 27.956091 1567.557746 6.164632 3.704687
119.000000 4 27.953907 1559.263699 6.164630 3.705838
119.100000 4 27.951723 1550.846271 6.164628 3.707013
119.200000 4 27.949540 1542.303579 6.164626 3.708212
119.300000 4 27.947356 1533.633730 6.164623 3.709436
119.400000 4 27.945173 1524.834820 6.164621 3.710684
119.500000 4 27.942990 1515.904940 6.164619 3.711959
119.600000 4 27.940807 1506.842176 6.164616 3.713261
119.700000 4 27.938624 1497.644609 6.164613 3.714590
119.800000 4 27.936441 1488.310320 6.164611 3.715946
119.900000 4 27.934258 1478.837392 6.164608 3.717332
120.000000 4 27.932076 1469.223907 6.164604 3.718748
120.100000 4 27.929894 1459.467958 6.164601 3.720194
120.200000 4 27.927712 1449.567643 6.164598 3.721671
120.300000 4 27.925530 1439.521074 6.164594 3.723180
120.400000 4 27.923348 1429.326375 6.164591 3.724723
120.500000 4 27.921167 1418.981691 6.164587 3.726299
120.600000 4 27.918985 1408.485187 6.164583 3.727910
120.700000 4 27.916804 1397.835054 6.164579 3.729557
120.800000 4 27.914623 1387.029513 6.164574 3.731241
120.900000 4 27.912442 1376.066817 6.164570 3.732963
121.000000 4 27.910262 1364.945261 6.164565 3.734724
121.100000 4 27.908081 1353.663182 6.164560 3.736525
121.200000 4 27.905901 1342.218964 6.164555 3.738368
121.300000 4 27.903721 1330.611049 6.164549 3.740252
121.400000 4 27.901541 1318.837937 6.164544 3.742181
121.500000 4 27.899361 1306.898195 6.164538 3.744154
121.600000 4 27.897181 1294.790464 6.164532 3.746174
121.700000 4 27.895002 1282.513462 6.164526 3.748241
121.800000 4 27.892823 1270.065999 6.164519 3.750357
121.900000 4 27.890644 1257.446976 6.164512 3.752524
122.000000 4 27.889554 1251.072939 6.164509 3.753626
122.100000 4 27.888465 1244.655650 6.164505 3.754742
122.200000 4 27.887375 1238.195002 6.164502 3.755871
122.300000 4 27.886286 1231.690896 6.164498 3.757014
122.400000 4 27.885197 1225.143240 6.164494 3.758171
122.500000 4 27.884107 1218.551951 6.164490 3.759341
122.600000 4 27.883018 1211.916953 6.164487 3.760526
122.700000 4 27.881929 1205.238182 6.164483 3.761725
122.800000 4 27.880840 1198.515580 6.164478 3.762938
122.900000 4 27.879751 1191.749099 6.164474 3.764167
123.000000 4 27.878662 1184.938702 6.164470 3.765410
123.100000 4 27.877573 1178.084359 6.164466 3.766669
123.200000 4 27.876484 1171.186055 6.164461 3.767943
123.300000 4 27.875395 1164.243782 6.164457 3.769233
123.400000 4 27.874306 1157.257544 6.164452 3.770539
123.500000 4 27.873217 1150.227358 6.164448 3.771861
123.600000 4 27.872128 1143.153250 6.164443 3.773199
123.700000 4 27.871039 1136.035261 6.164438 3.774554
123.800000 4 27.869951 1128.873443 6.164433 3.775926
123.900000 4 27.868862 1121.667862 6.164428 3.777316
124.000000 4 27.867773 1114.418597 6.164423 3.778722
124.100000 4 27.866685 1107.125739 6.164418 3.780147
124.200000 4 27.865596 1099.789397 6.164413 3.781589
124.300000 4 27.864508 1092.409691 6.164407 3.783050
124.400000 4 27.863419 1084.986759 6.164402 3.784529
124.500000 4 27.862331 1077.520752 6.164396 3.786027
124.600000 4 27.861243 1070.011839 6.164391 3.787544
124.700000 4 27.860154 1062.460204 6.164385 3.789080
124.800000 4 27.859066 1054.866049 6.164379 3.790637
124.900000 4 27.857978 1047.229592 6.164373 3.792213
125.000000 4 27.856889 1039.551069 6.164367 3.793809
