t Ka M R logL logTeff
500.000000 0 0.500084 0.459794 -1.419971 3.574866
1000.000000 0 0.500084 0.460755 -1.418410 3.574803
1500.000000 0 0.500084 0.461718 -1.416776 3.574758
2000.000000 0 0.500084 0.462686 -1.415069 3.574730
2500.000000 0 0.500084 0.463658 -1.413289 3.574720
3000.000000 0 0.500084 0.464635 -1.411435 3.574726
3500.000000 0 0.500084 0.465617 -1.409508 3.574749
4000.000000 0 0.500084 0.466606 -1.407508 3.574789
4500.000000 0 0.500084 0.467601 -1.405435 3.574844
5000.000000 0 0.500084 0.468604 -1.403288 3.574916
5500.000000 0 0.500084 0.469615 -1.401068 3.575003
6000.000000 0 0.500084 0.470634 -1.398775 3.575105
6500.000000 0 0.500084 0.471663 -1.396408 3.575222
7000.000000 0 0.500084 0.472702 -1.393969 3.575354
7500.000000 0 0.500084 0.473752 -1.391456 3.575501
8000.000000 0 0.500084 0.474813 -1.388869 3.575662
8500.000000 0 0.500084 0.475886 -1.386210 3.575837
9000.000000 0 0.500084 0.476972 -1.383477 3.576025
9500.000000 0 0.500084 0.478071 -1.380671 3.576227
10000.000000 0 0.500084 0.479183 -1.377791 3.576442
10500.000000 0 0.500084 0.480311 -1.374839 3.576670
11000.000000 0 0.500084 0.481454 -1.371813 3.576910
11500.000000 0 0.500084 0.482613 -1.368714 3.577163
12000.000000 0 0.500084 0.483789 -1.365541 3.577427
12500.000000 0 0.500084 0.484983 -1.362295 3.577704
13000.000000 0 0.500084 0.486194 -1.358976 3.577992
13500.000000 0 0.500084 0.487425 -1.355584 3.578291
14000.000000 0 0.500084 0.488676 -1.352118 3.578601
14500.000000 0 0.500084 0.489947 -1.348579 3.578921
15000.000000 0 0.500084 0.491239 -1.344966 3.579252
15500.000000 0 0.500084 0.492554 -1.341281 3.579594
16000.000000 0 0.500084 0.493891 -1.337521 3.579945
16500.000000 0 0.500084 0.495252 -1.333688 3.580305
17000.000000 0 0.500084 0.496638 -1.329782 3.580675
17500.000000 0 0.500084 0.498048 -1.325801 3.581054
18000.000000 0 0.500084 0.499485 -1.321747 3.581442
18500.000000 0 0.500084 0.500949 -1.317619 3.581839
19000.000000 0 0.500084 0.502442 -1.313417 3.582243
19500.000000 0 0.500084 0.503962 -1.309141 3.582656
20000.000000 0 0.500084 0.505513 -1.304790 3.583077
20500.000000 0 0.500084 0.507095 -1.300364 3.583505
21000.000000 0 0.500084 0.508708 -1.295863 3.583941
21500.000000 0 0.500084 0.510354 -1.291287 3.584383
22000.000000 0 0.500084 0.512033 -1.286634 3.584833
22500.000000 0 0.500084 0.513748 -1.281905 3.585289
23000.000000 0 0.500084 0.515499 -1.277099 3.585752
23500.000000 0 0.500084 0.517287 -1.272214 3.586221
24000.000000 0 0.500084 0.519114 -1.267251 3.586697
24500.000000 0 0.500084 0.520980 -1.262207 3.587178
25000.000000 0 0.500084 0.522887 -1.257083 3.587666
25500.000000 0 0.500084 0.524838 -1.251875 3.588159
26000.000000 0 0.500084 0.526832 -1.246584 3.588659
26500.000000 0 0.500084 0.528872 -1.241206 3.589164
27000.000000 0 0.500084 0.530959 -1.235741 3.589675
27500.000000 0 0.500084 0.533096 -1.230185 3.590192
28000.000000 0 0.500084 0.535284 -1.224535 3.590714
28500.000000 0 0.500084 0.537526 -1.218790 3.591243
29000.000000 0 0.500084 0.539823 -1.212944 3.591779
29500.000000 0 0.500084 0.542179 -1.206995 3.592321
30000.000000 0 0.500084 0.544595 -1.200937 3.592870
30500.000000 0 0.500084 0.547074 -1.194766 3.593426
31000.000000 0 0.500084 0.549621 -1.188476 3.593990
31500.000000 0 0.500084 0.552237 -1.182061 3.594563
32000.000000 0 0.500084 0.554927 -1.175514 3.595144
32500.000000 0 0.500084 0.557695 -1.168826 3.595736
33000.000000 0 0.500084 0.560544 -1.161988 3.596339
33500.000000 0 0.500084 0.563481 -1.154992 3.596953
34000.000000 0 0.500084 0.566509 -1.147825 3.597581
34500.000000 0 0.500084 0.569635 -1.140477 3.598223
35000.000000 0 0.500084 0.572864 -1.132932 3.598882
35500.000000 0 0.500084 0.576204 -1.125177 3.599558
36000.000000 0 0.500084 0.579662 -1.117195 3.600255
36500.000000 0 0.500084 0.583246 -1.108967 3.600973
37000.000000 0 0.500084 0.586965 -1.100474 3.601716
37500.000000 0 0.500084 0.590829 -1.091693 3.602486
38000.000000 0 0.500084 0.594849 -1.082601 3.603287
38500.000000 0 0.500084 0.599036 -1.073169 3.604122
39000.000000 0 0.500084 0.603405 -1.063370 3.604994
39500.000000 0 0.500084 0.607969 -1.053172 3.605907
40000.000000 0 0.500084 0.612745 -1.042538 3.606866
40500.000000 0 0.500084 0.617750 -1.031431 3.607876
41000.000000 0 0.500084 0.623004 -1.019810 3.608943
41500.000000 0 0.500084 0.628530 -1.007628 3.610071
42000.000000 0 0.500084 0.634352 -0.994836 3.611267
42500.000000 0 0.500084 0.640497 -0.981380 3.612537
43000.000000 0 0.500084 0.643701 -0.974385 3.613202
43500.000000 0 0.500084 0.646997 -0.967201 3.613889
44000.000000 0 0.500084 0.650392 -0.959821 3.614598
44500.000000 0 0.500084 0.653889 -0.952236 3.615329
45000.000000 0 0.500084 0.657495 -0.944438 3.616085
45500.000000 0 0.500084 0.661214 -0.936416 3.616865
46000.000000 0 0.500084 0.665055 -0.928162 3.617671
46500.000000 0 0.500084 0.669023 -0.919666 3.618504
47000.000000 0 0.500084 0.673126 -0.910917 3.619363
47500.000000 0 0.500084 0.677373 -0.901904 3.620251
48000.000000 0 0.500084 0.681774 -0.892617 3.621166
48500.000000 0 0.500084 0.686339 -0.883043 3.622110
49000.000000 0 0.500084 0.691080 -0.873172 3.623083
49500.000000 0 0.500084 0.696012 -0.862989 3.624085
50000.000000 0 0.500084 0.701149 -0.852482 3.625115
50500.000000 0 0.500084 0.706510 -0.841638 3.626172
51000.000000 0 0.500084 0.712115 -0.830443 3.627255
51500.000000 0 0.500084 0.717989 -0.818881 3.628361
52000.000000 0 0.500084 0.724160 -0.806938 3.629489
52500.000000 0 0.500084 0.730661 -0.794598 3.630633
53000.000000 0 0.500084 0.737530 -0.781845 3.631789
53500.000000 0 0.500084 0.744815 -0.768661 3.632951
53804.598356 0 0.500084 0.748631 -0.761903 3.633531
54109.196712 0 0.500084 0.752571 -0.755030 3.634109
54413.795069 0 0.500084 0.756646 -0.748041 3.634684
54718.393425 0 0.500084 0.760865 -0.740932 3.635254
55022.991781 0 0.500084 0.765237 -0.733703 3.635817
55327.590137 0 0.500084 0.769774 -0.726350 3.636371
55632.188494 0 0.500084 0.774490 -0.718871 3.636915
55936.786850 0 0.500084 0.779397 -0.711263 3.637445
56241.385206 0 0.500084 0.784512 -0.703524 3.637960
56545.983562 0 0.500084 0.789850 -0.695651 3.638455
56850.581918 0 0.500084 0.795431 -0.687642 3.638929
57155.180275 0 0.500084 0.801275 -0.679493 3.639377
57459.778631 0 0.500084 0.807404 -0.671203 3.639794
57688.227398 0 0.500084 0.812204 -0.664890 3.640085
58030.900549 0 0.500084 0.819757 -0.655266 3.640481
58373.573700 2 0.500084 0.827774 -0.645451 3.640822
58403.208886 2 0.500082 0.828629 -0.644268 3.640893
58467.335632 2 0.500077 0.830483 -0.641709 3.641048
58531.464065 2 0.500072 0.832341 -0.639149 3.641203
58595.594198 2 0.500067 0.834202 -0.636590 3.641357
58659.726045 2 0.500062 0.836068 -0.634031 3.641512
58723.859621 2 0.500057 0.837938 -0.631472 3.641667
58787.994940 2 0.500052 0.839811 -0.628913 3.641821
58852.132015 2 0.500047 0.841689 -0.626355 3.641976
58916.270862 2 0.500042 0.843571 -0.623796 3.642131
58980.411496 2 0.500037 0.845456 -0.621238 3.642285
59044.553929 2 0.500032 0.847346 -0.618680 3.642440
59108.698179 2 0.500027 0.849240 -0.616122 3.642595
59172.844258 2 0.500021 0.851138 -0.613565 3.642749
59236.992183 2 0.500016 0.853039 -0.611007 3.642904
59301.141969 2 0.500011 0.854945 -0.608450 3.643059
59365.293631 2 0.500005 0.856855 -0.605893 3.643214
59429.447184 2 0.500000 0.858769 -0.603336 3.643368
59493.602644 2 0.499994 0.860687 -0.600779 3.643523
59557.760027 2 0.499989 0.862609 -0.598223 3.643678
59621.919348 2 0.499983 0.864535 -0.595667 3.643833
59686.080624 2 0.499977 0.866465 -0.593111 3.643987
59750.243870 2 0.499972 0.868399 -0.590555 3.644142
59814.409102 2 0.499966 0.870338 -0.587999 3.644297
59878.576338 2 0.499960 0.872280 -0.585444 3.644452
59942.745593 2 0.499955 0.874227 -0.582888 3.644606
60006.916884 2 0.499949 0.876177 -0.580333 3.644761
60071.090228 2 0.499943 0.878132 -0.577779 3.644916
60135.265641 2 0.499937 0.880091 -0.575224 3.645071
60199.443142 2 0.499931 0.882054 -0.572670 3.645226
60263.622745 2 0.499925 0.884021 -0.570115 3.645380
60327.804471 2 0.499919 0.885992 -0.567562 3.645535
60391.988334 2 0.499912 0.887968 -0.565008 3.645690
60456.174354 2 0.499906 0.889947 -0.562454 3.645845
60520.362547 2 0.499900 0.891931 -0.559901 3.646000
60584.552933 2 0.499894 0.893919 -0.557348 3.646155
60648.745528 2 0.499887 0.895911 -0.554795 3.646309
60712.940351 2 0.499881 0.897907 -0.552243 3.646464
60777.137420 2 0.499874 0.899907 -0.549690 3.646619
60841.336753 2 0.499868 0.901911 -0.547138 3.646774
60905.538370 2 0.499861 0.903920 -0.544586 3.646929
60969.742289 2 0.499855 0.905933 -0.542035 3.647084
61033.948529 2 0.499848 0.907950 -0.539484 3.647239
61098.157109 2 0.499841 0.909971 -0.536932 3.647394
61162.368049 2 0.499834 0.911996 -0.534382 3.647549
61226.581367 2 0.499828 0.914026 -0.531831 3.647704
61290.797083 2 0.499821 0.916060 -0.529281 3.647858
61355.015217 2 0.499814 0.918098 -0.526731 3.648013
61419.235789 2 0.499807 0.920140 -0.524181 3.648168
61483.458818 2 0.499800 0.922186 -0.521631 3.648323
61547.684326 2 0.499793 0.924237 -0.519082 3.648478
61611.912332 2 0.499785 0.926292 -0.516533 3.648633
61676.142857 2 0.499778 0.928351 -0.513984 3.648788
61740.375921 2 0.499771 0.930414 -0.511436 3.648943
61804.611546 2 0.499763 0.932482 -0.508888 3.649098
61868.849752 2 0.499756 0.934554 -0.506340 3.649254
61933.090561 2 0.499749 0.936630 -0.503792 3.649409
61997.333994 2 0.499741 0.938710 -0.501245 3.649564
62061.580073 2 0.499733 0.940795 -0.498698 3.649719
62125.828819 2 0.499726 0.942883 -0.496151 3.649874
62190.080254 2 0.499718 0.944977 -0.493604 3.650029
62254.334401 2 0.499710 0.947074 -0.491058 3.650184
62318.591281 2 0.499702 0.949176 -0.488512 3.650339
62382.850918 2 0.499694 0.951281 -0.485967 3.650494
62447.113333 2 0.499686 0.953392 -0.483421 3.650650
62511.378549 2 0.499678 0.955506 -0.480876 3.650805
62575.646590 2 0.499670 0.957625 -0.478332 3.650960
62639.917479 2 0.499662 0.959748 -0.475787 3.651115
62704.191239 2 0.499654 0.961875 -0.473243 3.651270
62768.467894 2 0.499645 0.964007 -0.470700 3.651426
62832.747467 2 0.499637 0.966143 -0.468156 3.651581
62897.029982 2 0.499629 0.968283 -0.465613 3.651736
62961.315465 2 0.499620 0.970427 -0.463071 3.651891
63025.603938 2 0.499611 0.972576 -0.460528 3.652047
63089.895426 2 0.499603 0.974729 -0.457986 3.652202
63154.189955 2 0.499594 0.976887 -0.455444 3.652357
63218.487549 2 0.499585 0.979049 -0.452903 3.652513
63282.788233 2 0.499576 0.981215 -0.450362 3.652668
63347.092033 2 0.499567 0.983385 -0.447821 3.652823
63411.398975 2 0.499558 0.985560 -0.445281 3.652979
63475.709083 2 0.499549 0.987739 -0.442741 3.653134
63540.022385 2 0.499540 0.989922 -0.440201 3.653290
63604.338906 2 0.499531 0.992110 -0.437662 3.653445
63668.658673 2 0.499522 0.994302 -0.435123 3.653601
63732.981712 2 0.499512 0.996498 -0.432584 3.653756
63797.308050 2 0.499503 0.998699 -0.430046 3.653912
63861.637714 2 0.499493 1.000904 -0.427508 3.654067
63925.970733 2 0.499483 1.003114 -0.424971 3.654223
63990.307132 2 0.499474 1.005327 -0.422434 3.654378
64054.646940 2 0.499464 1.007545 -0.419897 3.654534
64118.990185 2 0.499454 1.009768 -0.417361 3.654690
64183.336894 2 0.499444 1.011995 -0.414825 3.654845
64247.687098 2 0.499434 1.014226 -0.412289 3.655001
64312.040823 2 0.499424 1.016461 -0.409754 3.655157
64376.398099 2 0.499414 1.018701 -0.407220 3.655312
64440.758956 2 0.499404 1.020945 -0.404685 3.655468
64505.123421 2 0.499393 1.023194 -0.402151 3.655624
64569.491526 2 0.499383 1.025446 -0.399618 3.655780
64633.863300 2 0.499372 1.027704 -0.397085 3.655935
64698.238773 2 0.499362 1.029965 -0.394552 3.656091
64762.617975 2 0.499351 1.032231 -0.392020 3.656247
64797.246984 3 0.499345 1.033474 -0.390638 3.656331
64828.443755 3 0.499340 1.038656 -0.385872 3.656437
64862.401345 3 0.499334 1.044384 -0.380634 3.656552
64896.019359 3 0.499328 1.050149 -0.375397 3.656666
64929.301193 3 0.499322 1.055949 -0.370159 3.656779
64962.250208 3 0.499316 1.061785 -0.364921 3.656892
64994.869733 3 0.499310 1.067657 -0.359683 3.657004
65027.163063 3 0.499304 1.073566 -0.354446 3.657115
65059.133460 3 0.499298 1.079512 -0.349208 3.657225
65090.784152 3 0.499292 1.085494 -0.343970 3.657334
65122.118338 3 0.499286 1.091514 -0.338732 3.657443
65153.139182 3 0.499280 1.097572 -0.333495 3.657551
65183.849817 3 0.499273 1.103667 -0.328257 3.657657
65214.253346 3 0.499267 1.109800 -0.323019 3.657763
65244.352840 3 0.499261 1.115972 -0.317781 3.657869
65274.151339 3 0.499254 1.122182 -0.312543 3.657973
65303.651853 3 0.499248 1.128431 -0.307306 3.658077
65332.857362 3 0.499241 1.134720 -0.302068 3.658179
65361.770815 3 0.499235 1.141047 -0.296830 3.658281
65390.395134 3 0.499228 1.147415 -0.291592 3.658382
65418.733210 3 0.499222 1.153823 -0.286355 3.658482
65446.787905 3 0.499215 1.160270 -0.281117 3.658582
65474.562054 3 0.499208 1.166759 -0.275879 3.658680
65502.058460 3 0.499201 1.173288 -0.270641 3.658778
65529.279903 3 0.499194 1.179858 -0.265404 3.658875
65556.229131 3 0.499187 1.186470 -0.260166 3.658971
65582.908867 3 0.499181 1.193124 -0.254928 3.659066
65609.321806 3 0.499173 1.199819 -0.249690 3.659160
65635.470615 3 0.499166 1.206557 -0.244453 3.659253
65661.357936 3 0.499159 1.213338 -0.239215 3.659346
65686.986384 3 0.499152 1.220161 -0.233977 3.659438
65712.358547 3 0.499145 1.227028 -0.228739 3.659529
65737.476989 3 0.499138 1.233938 -0.223501 3.659619
65762.344246 3 0.499130 1.240892 -0.218264 3.659708
65786.962831 3 0.499123 1.247891 -0.213026 3.659796
65811.335230 3 0.499115 1.254933 -0.207788 3.659883
65835.463905 3 0.499108 1.262021 -0.202550 3.659970
65859.351293 3 0.499100 1.269154 -0.197313 3.660055
65882.999807 3 0.499093 1.276332 -0.192075 3.660140
65906.411837 3 0.499085 1.283556 -0.186837 3.660224
65929.589746 3 0.499077 1.290826 -0.181599 3.660307
65952.535875 3 0.499069 1.298142 -0.176362 3.660389
65975.252544 3 0.499061 1.305505 -0.171124 3.660470
65997.742046 3 0.499054 1.312916 -0.165886 3.660551
66020.006652 3 0.499046 1.320374 -0.160648 3.660630
66042.048613 3 0.499038 1.327879 -0.155410 3.660709
66063.870154 3 0.499029 1.335433 -0.150173 3.660786
66085.473480 3 0.499021 1.343035 -0.144935 3.660863
66106.860772 3 0.499013 1.350686 -0.139697 3.660939
66128.034192 3 0.499005 1.358386 -0.134459 3.661014
66148.995877 3 0.498996 1.366136 -0.129222 3.661088
66169.747946 3 0.498988 1.373935 -0.123984 3.661161
66190.292493 3 0.498979 1.381785 -0.118746 3.661234
66210.631596 3 0.498971 1.389686 -0.113508 3.661305
66230.767307 3 0.498962 1.397637 -0.108271 3.661376
66250.701661 3 0.498953 1.405640 -0.103033 3.661445
66270.436672 3 0.498945 1.413695 -0.097795 3.661514
66289.974332 3 0.498936 1.421801 -0.092557 3.661582
66309.316616 3 0.498927 1.429960 -0.087320 3.661649
66328.465477 3 0.498918 1.438172 -0.082082 3.661715
66347.422850 3 0.498909 1.446438 -0.076844 3.661780
66366.190649 3 0.498900 1.454756 -0.071606 3.661844
66384.770769 3 0.498891 1.463129 -0.066368 3.661907
66403.165089 3 0.498881 1.471557 -0.061131 3.661969
66421.375465 3 0.498872 1.480039 -0.055893 3.662031
66439.403738 3 0.498863 1.488576 -0.050655 3.662091
66457.251728 3 0.498853 1.497169 -0.045417 3.662151
66474.921238 3 0.498844 1.505818 -0.040180 3.662209
66492.414053 3 0.498834 1.514523 -0.034942 3.662267
66509.731939 3 0.498824 1.523285 -0.029704 3.662324
66526.876647 3 0.498814 1.532105 -0.024466 3.662380
66543.849908 3 0.498805 1.540982 -0.019229 3.662435
66560.653436 3 0.498795 1.549917 -0.013991 3.662489
66577.288929 3 0.498785 1.558911 -0.008753 3.662542
66593.758067 3 0.498775 1.567964 -0.003515 3.662594
66610.062513 3 0.498764 1.577076 0.001723 3.662645
66626.203916 3 0.498754 1.586248 0.006960 3.662695
66642.183904 3 0.498744 1.595480 0.012198 3.662744
66658.004092 3 0.498733 1.604773 0.017436 3.662793
66673.666078 3 0.498723 1.614127 0.022674 3.662840
66689.171445 3 0.498712 1.623543 0.027911 3.662886
66704.521757 3 0.498702 1.633021 0.033149 3.662932
66719.718567 3 0.498691 1.642561 0.038387 3.662976
66734.763409 3 0.498680 1.652165 0.043625 3.663020
66749.657802 3 0.498669 1.661831 0.048862 3.663063
66764.403251 3 0.498658 1.671562 0.054100 3.663104
66779.001246 3 0.498647 1.681357 0.059338 3.663145
66793.453261 3 0.498636 1.691217 0.064576 3.663185
66807.760755 3 0.498625 1.701142 0.069813 3.663224
66821.925175 3 0.498613 1.711134 0.075051 3.663261
66835.947950 3 0.498602 1.721191 0.080289 3.663298
66849.830498 3 0.498590 1.731315 0.085527 3.663334
66863.574220 3 0.498579 1.741507 0.090765 3.663369
66877.180505 3 0.498567 1.751766 0.096002 3.663403
66890.650728 3 0.498555 1.762094 0.101240 3.663436
66903.986248 3 0.498543 1.772490 0.106478 3.663468
66917.188412 3 0.498531 1.782956 0.111716 3.663499
66930.258556 3 0.498519 1.793492 0.116953 3.663529
66943.197997 3 0.498507 1.804098 0.122191 3.663558
66956.008045 3 0.498495 1.814775 0.127429 3.663586
66968.689991 3 0.498482 1.825523 0.132667 3.663614
66981.245119 3 0.498470 1.836344 0.137904 3.663640
66993.674695 3 0.498457 1.847237 0.143142 3.663665
67005.979975 3 0.498445 1.858203 0.148380 3.663689
67018.162202 3 0.498432 1.869242 0.153618 3.663712
67030.222608 3 0.498419 1.880356 0.158856 3.663734
67042.162409 3 0.498406 1.891544 0.164093 3.663756
67053.982812 3 0.498393 1.902808 0.169331 3.663776
67065.685011 3 0.498380 1.914147 0.174569 3.663795
67077.270188 3 0.498366 1.925563 0.179807 3.663813
67088.739514 3 0.498353 1.937056 0.185044 3.663831
67100.094146 3 0.498339 1.948626 0.190282 3.663847
67111.335232 3 0.498326 1.960274 0.195520 3.663862
67122.463906 3 0.498312 1.972002 0.200758 3.663876
67133.481295 3 0.498298 1.983808 0.205995 3.663890
67144.388509 3 0.498284 1.995694 0.211233 3.663902
67155.186651 3 0.498270 2.007661 0.216471 3.663913
67165.876812 3 0.498256 2.019709 0.221709 3.663923
67176.460071 3 0.498242 2.031839 0.226946 3.663933
67186.937497 3 0.498227 2.044051 0.232184 3.663941
67197.310150 3 0.498213 2.056346 0.237422 3.663948
67207.579076 3 0.498198 2.068724 0.242660 3.663954
67217.745312 3 0.498183 2.081187 0.247898 3.663959
67227.809886 3 0.498169 2.093735 0.253135 3.663964
67237.773815 3 0.498154 2.106368 0.258373 3.663967
67247.638104 3 0.498138 2.119088 0.263611 3.663969
67257.403750 3 0.498123 2.131894 0.268849 3.663970
67267.071740 3 0.498108 2.144787 0.274086 3.663970
67276.643049 3 0.498092 2.157769 0.279324 3.663969
67286.118646 3 0.498077 2.170840 0.284562 3.663967
67295.499487 3 0.498061 2.184000 0.289800 3.663964
67304.786519 3 0.498045 2.197250 0.295037 3.663960
67313.980681 3 0.498029 2.210591 0.300275 3.663955
67323.082902 3 0.498013 2.224023 0.305513 3.663949
67332.094100 3 0.497997 2.237548 0.310751 3.663942
67341.015186 3 0.497980 2.251166 0.315989 3.663934
67349.847062 3 0.497964 2.264877 0.321226 3.663925
67358.590618 3 0.497947 2.278683 0.326464 3.663915
67367.246739 3 0.497930 2.292584 0.331702 3.663903
67375.816299 3 0.497913 2.306581 0.336940 3.663891
67384.300163 3 0.497896 2.320674 0.342177 3.663878
67392.699189 3 0.497879 2.334864 0.347415 3.663864
67401.014224 3 0.497862 2.349153 0.352653 3.663848
67409.246109 3 0.497844 2.363540 0.357891 3.663832
67417.395676 3 0.497827 2.378027 0.363128 3.663814
67425.463746 3 0.497809 2.392614 0.368366 3.663796
67433.451136 3 0.497791 2.407302 0.373604 3.663776
67441.358652 3 0.497773 2.422092 0.378842 3.663756
67449.187092 3 0.497755 2.436985 0.384079 3.663734
67456.937249 3 0.497736 2.451981 0.389317 3.663711
67464.609904 3 0.497718 2.467081 0.394555 3.663688
67472.205832 3 0.497699 2.482287 0.399793 3.663663
67479.725801 3 0.497680 2.497598 0.405031 3.663637
67487.170570 3 0.497661 2.513016 0.410268 3.663610
67494.540891 3 0.497642 2.528541 0.415506 3.663582
67501.837510 3 0.497623 2.544175 0.420744 3.663553
67509.061162 3 0.497603 2.559917 0.425982 3.663523
67516.212578 3 0.497584 2.575770 0.431219 3.663492
67523.292479 3 0.497564 2.591733 0.436457 3.663460
67530.301581 3 0.497544 2.607809 0.441695 3.663426
67537.240593 3 0.497524 2.623996 0.446933 3.663392
67544.110214 3 0.497503 2.640297 0.452170 3.663357
67550.911139 3 0.497483 2.656713 0.457408 3.663320
67557.644055 3 0.497462 2.673243 0.462646 3.663283
67564.309642 3 0.497442 2.689890 0.467884 3.663244
67570.908573 3 0.497421 2.706654 0.473121 3.663205
67577.441514 3 0.497400 2.723535 0.478359 3.663164
67583.909126 3 0.497378 2.740536 0.483597 3.663122
67590.312062 3 0.497357 2.757656 0.488835 3.663079
67596.650969 3 0.497335 2.774897 0.494073 3.663035
67602.926486 3 0.497313 2.792259 0.499310 3.662990
67609.139249 3 0.497291 2.809744 0.504548 3.662944
67615.289884 3 0.497269 2.827352 0.509786 3.662897
67621.379012 3 0.497247 2.845085 0.515024 3.662849
67627.407249 3 0.497224 2.862944 0.520261 3.662800
67633.375204 3 0.497201 2.880928 0.525499 3.662749
67639.283479 3 0.497178 2.899040 0.530737 3.662698
67645.132672 3 0.497155 2.917281 0.535975 3.662645
67650.923372 3 0.497132 2.935651 0.541212 3.662591
67656.656166 3 0.497108 2.954151 0.546450 3.662537
67662.331631 3 0.497084 2.972783 0.551688 3.662481
67667.950342 3 0.497061 2.991547 0.556926 3.662424
67673.512866 3 0.497036 3.010445 0.562164 3.662366
67679.019765 3 0.497012 3.029477 0.567401 3.662307
67684.471594 3 0.496988 3.048645 0.572639 3.662247
67689.868905 3 0.496963 3.067950 0.577877 3.662186
67695.212244 3 0.496938 3.087392 0.583115 3.662123
67700.502148 3 0.496913 3.106973 0.588352 3.662060
67705.739154 3 0.496887 3.126694 0.593590 3.661995
67710.923790 3 0.496862 3.146556 0.598828 3.661930
67716.056579 3 0.496836 3.166560 0.604066 3.661863
67721.138041 3 0.496810 3.186708 0.609303 3.661795
67726.168688 3 0.496784 3.207000 0.614541 3.661726
67731.149028 3 0.496757 3.227437 0.619779 3.661656
67736.079565 3 0.496730 3.248021 0.625017 3.661585
67740.960796 3 0.496703 3.268753 0.630254 3.661513
67745.793216 3 0.496676 3.289633 0.635492 3.661440
67750.577311 3 0.496649 3.310664 0.640730 3.661365
67755.313565 3 0.496621 3.331847 0.645968 3.661290
67760.002457 3 0.496594 3.353182 0.651206 3.661213
67764.644459 3 0.496565 3.374670 0.656443 3.661136
67769.240042 3 0.496537 3.396314 0.661681 3.661057
67773.789669 3 0.496509 3.418114 0.666919 3.660977
67778.293799 3 0.496480 3.440071 0.672157 3.660896
67782.752889 3 0.496451 3.462187 0.677394 3.660814
67787.167387 3 0.496421 3.484463 0.682632 3.660731
67791.537740 3 0.496392 3.506900 0.687870 3.660646
67795.864390 3 0.496362 3.529499 0.693108 3.660561
67800.147773 3 0.496332 3.552263 0.698345 3.660474
67804.388323 3 0.496302 3.575191 0.703583 3.660387
67808.586467 3 0.496271 3.598286 0.708821 3.660298
67812.742630 3 0.496240 3.621549 0.714059 3.660208
67816.857230 3 0.496209 3.644980 0.719297 3.660117
67820.930685 3 0.496178 3.668583 0.724534 3.660025
67824.963406 3 0.496146 3.692356 0.729772 3.659932
67828.955799 3 0.496114 3.716303 0.735010 3.659837
67832.908268 3 0.496082 3.740425 0.740248 3.659742
67836.821213 3 0.496050 3.764722 0.745485 3.659645
67840.695028 3 0.496017 3.789197 0.750723 3.659548
67844.530105 3 0.495984 3.813851 0.755961 3.659449
67848.326831 3 0.495951 3.838685 0.761199 3.659349
67852.085590 3 0.495917 3.863700 0.766436 3.659248
67855.806761 3 0.495883 3.888898 0.771674 3.659146
67859.490721 3 0.495849 3.914281 0.776912 3.659043
67863.137841 3 0.495815 3.939850 0.782150 3.658938
67866.748490 3 0.495780 3.965607 0.787387 3.658833
67870.323032 3 0.495745 3.991552 0.792625 3.658726
67873.861829 3 0.495710 4.017688 0.797863 3.658618
67877.365238 3 0.495674 4.044016 0.803101 3.658509
67880.833613 3 0.495638 4.070538 0.808339 3.658399
67884.267304 3 0.495602 4.097255 0.813576 3.658288
67887.666658 3 0.495565 4.124169 0.818814 3.658176
67891.032019 3 0.495528 4.151281 0.824052 3.658062
67894.363726 3 0.495491 4.178592 0.829290 3.657948
67897.662116 3 0.495453 4.206106 0.834527 3.657832
67900.927522 3 0.495415 4.233822 0.839765 3.657716
67904.160274 3 0.495377 4.261744 0.845003 3.657598
67907.360699 3 0.495339 4.289871 0.850241 3.657479
67910.529119 3 0.495300 4.318207 0.855478 3.657358
67913.665855 3 0.495261 4.346753 0.860716 3.657237
67916.771224 3 0.495221 4.375510 0.865954 3.657115
67919.845539 3 0.495181 4.404481 0.871192 3.656991
67922.889110 3 0.495141 4.433666 0.876430 3.656866
67925.902247 3 0.495100 4.463068 0.881667 3.656741
67928.885251 3 0.495059 4.492688 0.886905 3.656614
67931.838426 3 0.495018 4.522529 0.892143 3.656486
67934.762069 3 0.494976 4.552591 0.897381 3.656356
67937.656476 3 0.494934 4.582878 0.902618 3.656226
67940.521938 3 0.494892 4.613389 0.907856 3.656095
67943.358746 3 0.494849 4.644129 0.913094 3.655962
67946.167186 3 0.494806 4.675097 0.918332 3.655828
67948.947541 3 0.494763 4.706297 0.923569 3.655693
67951.700093 3 0.494719 4.737730 0.928807 3.655557
67954.425119 3 0.494674 4.769398 0.934045 3.655420
67957.122895 3 0.494630 4.801302 0.939283 3.655282
67959.793694 3 0.494585 4.833445 0.944520 3.655142
67962.437784 3 0.494539 4.865829 0.949758 3.655002
67965.055433 3 0.494493 4.898456 0.954996 3.654860
67967.646906 3 0.494447 4.931327 0.960234 3.654717
67970.212464 3 0.494400 4.964445 0.965472 3.654573
67972.752367 3 0.494353 4.997812 0.970709 3.654428
67975.266871 3 0.494306 5.031429 0.975947 3.654282
67977.756229 3 0.494258 5.065299 0.981185 3.654134
67980.220694 3 0.494209 5.099424 0.986423 3.653986
67982.660514 3 0.494160 5.133806 0.991660 3.653836
67985.075937 3 0.494111 5.168446 0.996898 3.653685
67987.467204 3 0.494062 5.203348 1.002136 3.653533
67989.834560 3 0.494011 5.238513 1.007374 3.653380
67992.178241 3 0.493961 5.273944 1.012611 3.653226
67994.498486 3 0.493910 5.309642 1.017849 3.653070
67996.795528 3 0.493858 5.345610 1.023087 3.652914
67999.069600 3 0.493806 5.381850 1.028325 3.652756
68001.320932 3 0.493754 5.418364 1.033563 3.652597
68003.549750 3 0.493701 5.455154 1.038800 3.652437
68005.756279 3 0.493648 5.492224 1.044038 3.652276
68007.940744 3 0.493594 5.529574 1.049276 3.652114
68010.103364 3 0.493540 5.567208 1.054514 3.651950
68012.244357 3 0.493485 5.605128 1.059751 3.651786
68014.363941 3 0.493430 5.643335 1.064989 3.651620
68016.462329 3 0.493374 5.681833 1.070227 3.651453
68018.539733 3 0.493318 5.720624 1.075465 3.651285
68020.596363 3 0.493261 5.759711 1.080702 3.651116
68022.632426 3 0.493204 5.799095 1.085940 3.650946
68024.648129 3 0.493146 5.838779 1.091178 3.650774
68026.643675 3 0.493088 5.878765 1.096416 3.650601
68028.619266 3 0.493029 5.919057 1.101653 3.650428
68030.575100 3 0.492970 5.959657 1.106891 3.650253
68032.511376 3 0.492910 6.000567 1.112129 3.650077
68034.428290 3 0.492849 6.041789 1.117367 3.649899
68036.326034 3 0.492788 6.083327 1.122605 3.649721
68038.204801 3 0.492727 6.125183 1.127842 3.649542
68040.064780 3 0.492665 6.167360 1.133080 3.649361
68041.906160 3 0.492602 6.209860 1.138318 3.649179
68043.729126 3 0.492539 6.252686 1.143556 3.648996
68045.533862 3 0.492475 6.295841 1.148793 3.648812
68047.320550 3 0.492411 6.339327 1.154031 3.648627
68049.089372 3 0.492346 6.383147 1.159269 3.648440
68050.840505 3 0.492280 6.427304 1.164507 3.648253
68052.574128 3 0.492214 6.471801 1.169744 3.648064
68054.290414 3 0.492147 6.516641 1.174982 3.647874
68055.989537 3 0.492080 6.561826 1.180220 3.647683
68057.671669 3 0.492012 6.607360 1.185458 3.647491
68059.336979 3 0.491944 6.653245 1.190696 3.647298
68060.985637 3 0.491875 6.699483 1.195933 3.647103
68062.617807 3 0.491805 6.746080 1.201171 3.646908
68064.233657 3 0.491734 6.793036 1.206409 3.646711
68065.833347 3 0.491663 6.840355 1.211647 3.646513
68067.417041 3 0.491591 6.888041 1.216884 3.646314
68068.984898 3 0.491519 6.936096 1.222122 3.646114
68070.537076 3 0.491446 6.984523 1.227360 3.645912
68072.073733 3 0.491372 7.033326 1.232598 3.645710
68073.595023 3 0.491298 7.082507 1.237835 3.645506
68075.101100 3 0.491223 7.132071 1.243073 3.645301
68076.592116 3 0.491147 7.182019 1.248311 3.645095
68078.068222 3 0.491071 7.232355 1.253549 3.644888
68079.529567 3 0.490993 7.283083 1.258786 3.644680
68080.976299 3 0.490915 7.334206 1.264024 3.644470
68082.408563 3 0.490837 7.385727 1.269262 3.644259
68083.826504 3 0.490758 7.437649 1.274500 3.644048
68085.230267 3 0.490677 7.489977 1.279738 3.643835
68086.619991 3 0.490597 7.542712 1.284975 3.643621
68087.995818 3 0.490515 7.595860 1.290213 3.643405
68089.357888 3 0.490433 7.649422 1.295451 3.643189
68090.706336 3 0.490350 7.703403 1.300689 3.642971
68092.041300 3 0.490266 7.757807 1.305926 3.642753
68093.362914 3 0.490181 7.812636 1.311164 3.642533
68094.671312 3 0.490096 7.867894 1.316402 3.642312
68095.966626 3 0.490010 7.923586 1.321640 3.642090
68097.248987 3 0.489923 7.979714 1.326877 3.641866
68098.518525 3 0.489835 8.036283 1.332115 3.641642
68099.775367 3 0.489746 8.093296 1.337353 3.641416
68101.019640 3 0.489657 8.150757 1.342591 3.641189
68102.251471 3 0.489567 8.208669 1.347828 3.640961
68103.470984 3 0.489476 8.267037 1.353066 3.640732
68104.678301 3 0.489384 8.325865 1.358304 3.640502
68105.873545 3 0.489291 8.385155 1.363542 3.640270
68107.056837 3 0.489197 8.444913 1.368780 3.640038
68108.228296 3 0.489103 8.505143 1.374017 3.639804
68109.388040 3 0.489007 8.565847 1.379255 3.639569
68110.536187 3 0.488911 8.627031 1.384493 3.639333
68111.672852 3 0.488814 8.688698 1.389731 3.639096
68112.798151 3 0.488716 8.750853 1.394968 3.638857
68113.912197 3 0.488617 8.813499 1.400206 3.638618
68115.015102 3 0.488517 8.876641 1.405444 3.638377
68116.106978 3 0.488416 8.940283 1.410682 3.638135
68117.187936 3 0.488314 9.004430 1.415919 3.637892
68118.258084 3 0.488211 9.069085 1.421157 3.637648
68119.317530 3 0.488107 9.134253 1.426395 3.637403
68120.366382 3 0.488002 9.199939 1.431633 3.637156
68121.404745 3 0.487897 9.266147 1.436871 3.636909
68122.432725 3 0.487790 9.332881 1.442108 3.636660
68123.450425 3 0.487682 9.400146 1.447346 3.636410
68124.457948 3 0.487573 9.467946 1.452584 3.636159
68125.455396 3 0.487463 9.536286 1.457822 3.635906
68126.442869 3 0.487352 9.605171 1.463059 3.635653
68127.420468 3 0.487241 9.674605 1.468297 3.635398
68128.388290 3 0.487128 9.744593 1.473535 3.635142
68129.346435 3 0.487014 9.815140 1.478773 3.634885
68130.294998 3 0.486898 9.886251 1.484010 3.634627
68131.234075 3 0.486782 9.957930 1.489248 3.634368
68132.163761 3 0.486665 10.030183 1.494486 3.634108
68133.084151 3 0.486546 10.103014 1.499724 3.633846
68133.995337 3 0.486427 10.176429 1.504961 3.633583
68134.897411 3 0.486306 10.250431 1.510199 3.633319
68135.790464 3 0.486184 10.325028 1.515437 3.633054
68136.674586 3 0.486061 10.400223 1.520675 3.632788
68137.549868 3 0.485937 10.476021 1.525913 3.632521
68138.416396 3 0.485811 10.552429 1.531150 3.632252
68139.274260 3 0.485685 10.629451 1.536388 3.631982
68140.123544 3 0.485557 10.707093 1.541626 3.631711
68140.964336 3 0.485428 10.785359 1.546864 3.631439
68141.796720 3 0.485298 10.864257 1.552101 3.631166
68142.620780 3 0.485166 10.943790 1.557339 3.630891
68143.436599 3 0.485033 11.023965 1.562577 3.630616
68144.244261 3 0.484899 11.104786 1.567815 3.630339
68145.043845 3 0.484764 11.186261 1.573052 3.630061
68145.835434 3 0.484627 11.268393 1.578290 3.629782
68146.619107 3 0.484489 11.351190 1.583528 3.629502
68147.394943 3 0.484350 11.434657 1.588766 3.629220
68148.163021 3 0.484209 11.518800 1.594004 3.628938
68148.923418 3 0.484067 11.603624 1.599241 3.628654
68149.676211 3 0.483924 11.689136 1.604479 3.628369
68150.421476 3 0.483779 11.775342 1.609717 3.628083
68151.159289 3 0.483633 11.862247 1.614955 3.627796
68151.889723 3 0.483485 11.949858 1.620192 3.627507
68152.612853 3 0.483336 12.038182 1.625430 3.627218
68153.328752 3 0.483185 12.127223 1.630668 3.626927
68154.037492 3 0.483033 12.216990 1.635906 3.626635
68154.739144 3 0.482880 12.307487 1.641143 3.626342
68155.433780 3 0.482725 12.398722 1.646381 3.626047
68156.121469 3 0.482568 12.490700 1.651619 3.625752
68156.802282 3 0.482410 12.583429 1.656857 3.625455
68157.476286 3 0.482251 12.676916 1.662094 3.625157
68158.143550 3 0.482090 12.771166 1.667332 3.624858
68158.804142 3 0.481927 12.866186 1.672570 3.624558
68159.458128 3 0.481763 12.961984 1.677808 3.624257
68160.105574 3 0.481597 13.058566 1.683046 3.623954
68160.746546 3 0.481429 13.155939 1.688283 3.623650
68161.381107 3 0.481260 13.254111 1.693521 3.623346
68162.009323 3 0.481089 13.353088 1.698759 3.623039
68162.631257 3 0.480917 13.452877 1.703997 3.622732
68163.246972 3 0.480742 13.553485 1.709234 3.622424
68163.856530 3 0.480566 13.654921 1.714472 3.622114
68164.459992 3 0.480389 13.757191 1.719710 3.621803
68165.057419 3 0.480209 13.860302 1.724948 3.621491
68165.648872 3 0.480028 13.964263 1.730185 3.621178
68166.234411 3 0.479845 14.069080 1.735423 3.620864
68166.814094 3 0.479660 14.174762 1.740661 3.620548
68167.387980 3 0.479473 14.281315 1.745899 3.620231
68167.956127 3 0.479285 14.388749 1.751137 3.619913
68168.518593 3 0.479095 14.497070 1.756374 3.619594
68169.075435 3 0.478902 14.606288 1.761612 3.619274
68169.626708 3 0.478708 14.716408 1.766850 3.618952
68170.172468 3 0.478512 14.827441 1.772088 3.618629
68170.712770 3 0.478314 14.939394 1.777325 3.618305
68171.247670 3 0.478114 15.052275 1.782563 3.617980
68171.777220 3 0.477912 15.166093 1.787801 3.617654
68172.301475 3 0.477707 15.280855 1.793039 3.617326
68172.820488 3 0.477501 15.396572 1.798276 3.616998
68173.334310 3 0.477293 15.513250 1.803514 3.616668
68173.842994 3 0.477083 15.630900 1.808752 3.616337
68174.346592 3 0.476870 15.749529 1.813990 3.616004
68174.845153 3 0.476656 15.869147 1.819227 3.615671
68175.338729 3 0.476439 15.989762 1.824465 3.615336
68175.827369 3 0.476220 16.111383 1.829703 3.615000
68176.311122 3 0.475999 16.234021 1.834941 3.614663
68176.790038 3 0.475775 16.357683 1.840179 3.614324
68177.264165 3 0.475550 16.482379 1.845416 3.613985
68177.733551 3 0.475322 16.608119 1.850654 3.613644
68178.198243 3 0.475092 16.734912 1.855892 3.613302
68178.658287 3 0.474859 16.862767 1.861130 3.612959
68179.113732 3 0.474624 16.991695 1.866367 3.612614
68179.564622 3 0.474387 17.121705 1.871605 3.612268
68180.011003 3 0.474147 17.252808 1.876843 3.611921
68180.452920 3 0.473905 17.385012 1.882081 3.611573
68180.890418 3 0.473660 17.518329 1.887318 3.611224
68181.323541 3 0.473413 17.652767 1.892556 3.610873
68181.752333 3 0.473163 17.788339 1.897794 3.610521
68182.176837 3 0.472911 17.925054 1.903032 3.610168
68182.597096 3 0.472656 18.062922 1.908270 3.609814
68183.013152 3 0.472399 18.201954 1.913507 3.609458
68183.425048 3 0.472139 18.342162 1.918745 3.609102
68183.832824 3 0.471876 18.483555 1.923983 3.608744
68184.236523 3 0.471610 18.626146 1.929221 3.608384
68184.636185 3 0.471342 18.769944 1.934458 3.608024
68185.031851 3 0.471071 18.914961 1.939696 3.607662
68185.423560 3 0.470797 19.061209 1.944934 3.607299
68185.811351 3 0.470521 19.208698 1.950172 3.606935
68186.195265 3 0.470241 19.357441 1.955409 3.606569
68186.575340 3 0.469959 19.507449 1.960647 3.606202
68186.951613 3 0.469674 19.658734 1.965885 3.605834
68187.324124 3 0.469385 19.811308 1.971123 3.605465
68187.692910 3 0.469094 19.965182 1.976360 3.605094
68188.058009 3 0.468800 20.120370 1.981598 3.604722
68188.419456 3 0.468502 20.276883 1.986836 3.604349
68188.777288 3 0.468202 20.434733 1.992074 3.603975
68189.131543 3 0.467898 20.593934 1.997312 3.603599
68189.482255 3 0.467591 20.754499 2.002549 3.603222
68189.829459 3 0.467281 20.916439 2.007787 3.602843
68190.173192 3 0.466968 21.079768 2.013025 3.602464
68190.513487 3 0.466651 21.244499 2.018263 3.602083
68190.850380 3 0.466332 21.410645 2.023500 3.601701
68191.183903 3 0.466008 21.578221 2.028738 3.601317
68191.514091 3 0.465682 21.747238 2.033976 3.600932
68191.840978 3 0.465351 21.917712 2.039214 3.600546
68192.164595 3 0.465018 22.089655 2.044451 3.600159
68192.484976 3 0.464681 22.263083 2.049689 3.599770
68192.802154 3 0.464340 22.438009 2.054927 3.599380
68193.116160 3 0.463995 22.614447 2.060165 3.598989
68193.427025 3 0.463647 22.792412 2.065403 3.598596
68193.734782 3 0.463296 22.971918 2.070640 3.598202
68194.039462 3 0.462940 23.152981 2.075878 3.597807
68194.341094 3 0.462581 23.335616 2.081116 3.597410
68194.639711 3 0.462218 23.519837 2.086354 3.597012
68194.935341 3 0.461851 23.705659 2.091591 3.596612
68195.228015 3 0.461480 23.893100 2.096829 3.596212
68195.517762 3 0.461105 24.082173 2.102067 3.595809
68195.804611 3 0.460726 24.272896 2.107305 3.595406
68196.088592 3 0.460343 24.465283 2.112542 3.595001
68196.369734 3 0.459955 24.659352 2.117780 3.594595
68196.648064 3 0.459564 24.855118 2.123018 3.594187
68196.923610 3 0.459168 25.052599 2.128256 3.593778
68197.196401 3 0.458768 25.251810 2.133493 3.593368
68197.466465 3 0.458364 25.452770 2.138731 3.592956
68197.733827 3 0.457955 25.655495 2.143969 3.592543
68197.998516 3 0.457542 25.860003 2.149207 3.592128
68198.260558 3 0.457125 26.066311 2.154445 3.591712
68198.519980 3 0.456702 26.274437 2.159682 3.591294
68198.776807 3 0.456276 26.484400 2.164920 3.590876
68199.031067 3 0.455844 26.696217 2.170158 3.590455
68199.282783 3 0.455408 26.909906 2.175396 3.590033
68199.531983 3 0.454967 27.125488 2.180633 3.589610
68199.778690 3 0.454521 27.342980 2.185871 3.589185
68200.022930 3 0.454070 27.562401 2.191109 3.588759
68200.264728 3 0.453614 27.783772 2.196347 3.588332
68200.504108 3 0.453153 28.007112 2.201584 3.587903
68200.741094 3 0.452687 28.232440 2.206822 3.587472
68200.975711 3 0.452216 28.459777 2.212060 3.587040
68201.207981 3 0.451740 28.689143 2.217298 3.586606
68201.437928 3 0.451258 28.920558 2.222536 3.586171
68201.665576 3 0.450771 29.154045 2.227773 3.585734
68201.890948 3 0.450278 29.389623 2.233011 3.585296
68202.114065 3 0.449780 29.627314 2.238249 3.584857
68202.334952 3 0.449277 29.867141 2.243487 3.584415
68202.553630 3 0.448767 30.109124 2.248724 3.583973
68202.770121 3 0.448252 30.353286 2.253962 3.583528
68202.984447 3 0.447731 30.599651 2.259200 3.583082
68203.196630 3 0.447205 30.848240 2.264438 3.582635
68203.406691 3 0.446672 31.099076 2.269675 3.582186
68203.614651 3 0.446133 31.352184 2.274913 3.581735
68203.820532 3 0.445588 31.607588 2.280151 3.581283
68204.024354 3 0.445037 31.865310 2.285389 3.580829
68204.226137 3 0.444479 32.125376 2.290626 3.580373
68204.425903 3 0.443916 32.387810 2.295864 3.579916
68204.623671 3 0.443345 32.652637 2.301102 3.579457
68204.819462 3 0.442768 32.919884 2.306340 3.578996
68205.013294 3 0.442185 33.189575 2.311578 3.578534
68205.205189 3 0.441594 33.461737 2.316815 3.578070
68205.395164 3 0.440997 33.736396 2.322053 3.577604
68205.583240 3 0.440393 34.013579 2.327291 3.577137
68205.769435 3 0.439782 34.293314 2.332529 3.576668
68205.953767 3 0.439164 34.575629 2.337766 3.576197
68206.136257 3 0.438539 34.860550 2.343004 3.575724
68206.316922 3 0.437906 35.148107 2.348242 3.575250
68206.495780 3 0.437266 35.438329 2.353480 3.574774
68206.672849 3 0.436618 35.731244 2.358717 3.574296
68206.848148 3 0.435963 36.026884 2.363955 3.573816
68207.021694 3 0.435300 36.325277 2.369193 3.573334
68207.193504 3 0.434629 36.626454 2.374431 3.572851
68207.363596 3 0.433950 36.930447 2.379668 3.572365
68207.531987 3 0.433263 37.237287 2.384906 3.571878
68207.698695 3 0.432567 37.547007 2.390144 3.571389
68207.863735 3 0.431864 37.859638 2.395382 3.570898
68208.027125 3 0.431152 38.175214 2.400620 3.570405
68208.188881 3 0.430431 38.493769 2.405857 3.569910
68208.349019 3 0.429702 38.815336 2.411095 3.569413
68208.507557 3 0.428964 39.139950 2.416333 3.568914
68208.664508 3 0.428217 39.467647 2.421571 3.568413
68208.819890 3 0.427461 39.798462 2.426808 3.567910
68208.973719 3 0.426696 40.132431 2.432046 3.567404
68209.126009 3 0.425921 40.469592 2.437284 3.566897
68209.276776 3 0.425137 40.809983 2.442522 3.566388
68209.426035 3 0.424343 41.153641 2.447759 3.565876
68209.573802 3 0.423539 41.500605 2.452997 3.565363
68209.720092 3 0.422726 41.850916 2.458235 3.564847
68209.864918 3 0.421902 42.204612 2.463473 3.564329
68210.008296 3 0.421068 42.561736 2.468711 3.563809
68210.150240 3 0.420224 42.922329 2.473948 3.563286
68210.290765 3 0.419369 43.286432 2.479186 3.562761
68210.429885 3 0.418503 43.654091 2.484424 3.562234
68210.567613 3 0.417626 44.025348 2.489662 3.561705
68210.703964 3 0.416739 44.349922 2.494899 3.561419
68210.838952 3 0.415841 44.650828 2.500137 3.561260
68210.972589 3 0.414933 44.951961 2.505375 3.561110
68211.104891 3 0.414015 45.253182 2.510613 3.560969
68211.235869 3 0.413087 45.554339 2.515850 3.560838
68211.365538 3 0.412149 45.855264 2.521088 3.560718
68211.493910 3 0.411201 46.155775 2.526326 3.560609
68211.620998 3 0.410243 46.455672 2.531563 3.560512
68211.746815 3 0.409274 46.754734 2.536801 3.560428
68211.871374 3 0.408294 47.052719 2.542039 3.560358
68211.994688 3 0.407304 47.349359 2.547276 3.560303
68212.116768 3 0.406303 47.644359 2.552514 3.560263
68212.237628 3 0.405292 47.937389 2.557752 3.560241
68212.357279 3 0.404269 48.228084 2.562989 3.560238
68212.475733 3 0.403236 48.516038 2.568227 3.560255
68212.593003 3 0.402192 48.800792 2.573464 3.560293
68212.709100 3 0.401137 49.081834 2.578702 3.560356
68212.824036 3 0.400070 49.358583 2.583940 3.560444
68212.937823 3 0.398993 49.630379 2.589177 3.560561
68213.050472 3 0.397905 49.896471 2.594414 3.560709
68213.161995 3 0.396806 50.155992 2.599652 3.560892
68213.272402 3 0.395696 50.407942 2.604889 3.561113
68213.381705 3 0.394574 50.651152 2.610126 3.561377
68213.489915 3 0.393442 50.884246 2.615363 3.561690
68213.597044 3 0.392299 51.105587 2.620600 3.562056
68213.703100 3 0.391146 51.313204 2.625837 3.562485
68213.808097 3 0.389982 51.504695 2.631074 3.562986
68213.912043 3 0.388808 51.677091 2.636310 3.563569
68214.014950 3 0.387624 51.826651 2.641546 3.564250
68214.116827 3 0.386430 51.948586 2.646781 3.565049
68214.217686 3 0.385228 52.036625 2.652016 3.565990
68214.317686 3 0.384017 52.082362 2.657250 3.567108
68214.417686 3 0.382800 52.074230 2.662482 3.568450
68214.517686 3 0.381576 51.995834 2.667712 3.570084
68214.617686 3 0.380347 51.823165 2.672940 3.572114
68214.717686 3 0.379116 51.519780 2.678163 3.574694
68214.817686 3 0.377886 51.028189 2.683380 3.578080
68214.917686 3 0.377274 50.685094 2.685977 3.580195
68215.017686 3 0.376664 50.256003 2.688572 3.582689
68215.117686 3 0.376361 50.003022 2.689865 3.584109
68215.217686 3 0.376059 49.719953 2.691158 3.585665
68215.317686 3 0.375758 49.402973 2.692448 3.587376
68215.417686 3 0.375459 49.047685 2.693737 3.589266
68215.517686 3 0.375162 48.649032 2.695024 3.591359
68215.617686 3 0.374867 48.201201 2.696308 3.593689
68215.717686 3 0.374720 47.957231 2.696949 3.594951
68215.817686 3 0.374574 47.698470 2.697589 3.596286
68215.917686 3 0.374429 47.423944 2.698228 3.597699
68216.017686 3 0.374285 47.132616 2.698866 3.599196
68216.117686 3 0.374141 46.823377 2.699503 3.600785
68216.217686 3 0.373999 46.495054 2.700139 3.602472
68216.317686 3 0.373857 46.146397 2.700774 3.604265
68216.417686 3 0.373716 45.776087 2.701407 3.606173
68216.517686 3 0.373576 45.382730 2.702039 3.608205
68216.617686 3 0.373438 44.964864 2.702670 3.610371
68216.717686 3 0.373300 44.520956 2.703298 3.612683
68216.817686 3 0.373232 44.289138 2.703612 3.613895
68216.917686 3 0.373164 44.050243 2.703925 3.615148
68217.017686 3 0.373097 43.804065 2.704238 3.616443
68217.117686 3 0.373030 43.550396 2.704550 3.617782
68217.217686 3 0.372963 43.289025 2.704861 3.619167
68217.317686 3 0.372897 43.019741 2.705172 3.620600
68217.417686 3 0.372831 42.742328 2.705483 3.622082
68217.517686 3 0.372766 42.456572 2.705793 3.623616
68217.617686 3 0.372701 42.162258 2.706102 3.625204
68217.717686 3 0.372636 41.859172 2.706410 3.626848
68217.817686 3 0.372572 41.547102 2.706718 3.628550
68217.917686 3 0.372508 41.225835 2.707025 3.630312
68218.017686 3 0.372445 40.895166 2.707331 3.632137
68218.117686 3 0.372382 40.554892 2.707636 3.634028
68218.217686 3 0.372320 40.204813 2.707941 3.635987
68218.317686 3 0.372258 39.844741 2.708244 3.638016
68218.417686 3 0.372197 39.474493 2.708547 3.640119
68218.517686 3 0.372136 39.093895 2.708849 3.642298
68218.617686 3 0.372106 38.899957 2.708999 3.643416
68218.717686 3 0.372076 38.703383 2.709149 3.644553
68218.817686 3 0.372047 38.504158 2.709299 3.645712
68218.917686 3 0.372017 38.302262 2.709449 3.646891
68219.017686 3 0.371988 38.097682 2.709598 3.648091
68219.117686 3 0.371958 37.890400 2.709747 3.649313
68219.217686 3 0.371929 37.680404 2.709896 3.650557
68219.317686 3 0.371900 37.467681 2.710045 3.651823
68219.417686 3 0.371871 37.252219 2.710193 3.653113
68219.517686 3 0.371843 37.034007 2.710341 3.654425
68219.617686 3 0.371814 36.813038 2.710488 3.655762
68219.717686 3 0.371786 36.589302 2.710636 3.657122
68219.817686 3 0.371758 36.362795 2.710783 3.658508
68219.917686 3 0.371730 36.133511 2.710929 3.659918
68220.017686 3 0.371702 35.901448 2.711075 3.661353
68220.117686 3 0.371674 35.666603 2.711221 3.662815
68220.217686 3 0.371647 35.428977 2.711367 3.664303
68220.317686 3 0.371620 35.188573 2.711512 3.665818
68220.417686 3 0.371593 34.945393 2.711657 3.667360
68220.517686 3 0.371566 34.699444 2.711801 3.668930
68220.617686 3 0.371539 34.450734 2.711945 3.670528
68220.717686 3 0.371513 34.199273 2.712089 3.672154
68220.817686 3 0.371486 33.945071 2.712232 3.673810
68220.917686 3 0.371460 33.688143 2.712375 3.675496
68221.017686 3 0.371434 33.428506 2.712517 3.677211
68221.117686 3 0.371408 33.166178 2.712659 3.678958
68221.217686 3 0.371383 32.901180 2.712801 3.680735
68221.317686 3 0.371357 32.633534 2.712942 3.682544
68221.417686 3 0.371332 32.363267 2.713082 3.684385
68221.517686 3 0.371307 32.090406 2.713223 3.686259
68221.617686 3 0.371283 31.814982 2.713362 3.688165
68221.717686 3 0.371258 31.537028 2.713501 3.690106
68221.817686 3 0.371234 31.256580 2.713640 3.692080
68221.917686 3 0.371210 30.973677 2.713778 3.694089
68222.017686 3 0.371186 30.688359 2.713916 3.696133
68222.117686 3 0.371162 30.400669 2.714053 3.698212
68222.217686 3 0.371139 30.110656 2.714189 3.700328
68222.317686 3 0.371116 29.818366 2.714326 3.702480
68222.417686 3 0.371093 29.523854 2.714461 3.704669
68222.517686 3 0.371081 29.375974 2.714528 3.705777
68222.617686 3 0.371070 29.227563 2.714596 3.706893
68222.717686 3 0.371059 29.078625 2.714663 3.708019
68222.817686 3 0.371047 28.929170 2.714730 3.709155
68222.917686 3 0.371036 28.779204 2.714797 3.710300
68223.017686 3 0.371025 28.628736 2.714864 3.711455
68223.117686 3 0.371014 28.477772 2.714931 3.712620
68223.217686 3 0.371003 28.326322 2.714997 3.713795
68223.317686 3 0.370992 28.174394 2.715063 3.714979
68223.417686 3 0.370981 28.021995 2.715130 3.716173
68223.517686 3 0.370971 27.869136 2.715196 3.717378
68223.617686 3 0.370960 27.715823 2.715261 3.718592
68223.717686 3 0.370949 27.562066 2.715327 3.719816
68223.817686 3 0.370939 27.407875 2.715393 3.721051
68223.917686 3 0.370928 27.253259 2.715458 3.722296
68224.017686 3 0.370917 27.098226 2.715523 3.723551
68224.117686 3 0.370907 26.942787 2.715588 3.724816
68224.217686 3 0.370897 26.786951 2.715653 3.726092
68224.317686 3 0.370886 26.630728 2.715718 3.727379
68224.417686 3 0.370876 26.474128 2.715783 3.728675
68224.517686 3 0.370866 26.317161 2.715847 3.729983
68224.617686 3 0.370856 26.159838 2.715911 3.731301
68224.717686 3 0.370846 26.002169 2.715975 3.732630
68224.817686 3 0.370836 25.844164 2.716039 3.733969
68224.917686 3 0.370826 25.685835 2.716103 3.735319
68225.017686 3 0.370816 25.527193 2.716166 3.736681
68225.117686 3 0.370806 25.368247 2.716229 3.738053
68225.217686 3 0.370796 25.209010 2.716293 3.739436
68225.317686 3 0.370786 25.049493 2.716356 3.740830
68225.417686 3 0.370777 24.889708 2.716418 3.742235
68225.517686 3 0.370767 24.729665 2.716481 3.743652
68225.617686 3 0.370758 24.569376 2.716543 3.745079
68225.717686 3 0.370748 24.408854 2.716605 3.746518
68225.817686 3 0.370739 24.248110 2.716667 3.747968
68225.917686 3 0.370729 24.087157 2.716729 3.749430
68226.017686 3 0.370720 23.926006 2.716791 3.750903
68226.117686 3 0.370711 23.764669 2.716852 3.752388
68226.217686 3 0.370702 23.603160 2.716913 3.753884
68226.317686 3 0.370693 23.441491 2.716974 3.755392
68226.417686 3 0.370683 23.279673 2.717035 3.756911
68226.517686 3 0.370674 23.117720 2.717096 3.758442
68226.617686 3 0.370666 22.955645 2.717156 3.759985
68226.717686 3 0.370657 22.793460 2.717216 3.761540
68226.817686 3 0.370648 22.631179 2.717276 3.763106
68226.917686 3 0.370639 22.468814 2.717336 3.764685
68227.017686 3 0.370631 22.306378 2.717396 3.766275
68227.117686 3 0.370622 22.143885 2.717455 3.767877
68227.217686 3 0.370613 21.981347 2.717514 3.769492
68227.317686 3 0.370605 21.818778 2.717573 3.771119
68227.417686 3 0.370596 21.656192 2.717632 3.772757
68227.517686 3 0.370588 21.493602 2.717690 3.774408
68227.617686 3 0.370580 21.331020 2.717748 3.776072
68227.717686 3 0.370572 21.168461 2.717806 3.777747
68227.817686 3 0.370563 21.005939 2.717864 3.779435
68227.917686 3 0.370555 20.843466 2.717921 3.781136
68228.017686 3 0.370547 20.681056 2.717979 3.782849
68228.117686 3 0.370539 20.518723 2.718036 3.784574
68228.217686 3 0.370531 20.356480 2.718092 3.786312
68228.317686 3 0.370524 20.194342 2.718149 3.788063
68228.417686 3 0.370516 20.032321 2.718205 3.789826
68228.517686 3 0.370508 19.870432 2.718261 3.791602
68228.617686 3 0.370500 19.708688 2.718317 3.793391
68228.717686 3 0.370493 19.547102 2.718373 3.795193
68228.817686 3 0.370485 19.385689 2.718428 3.797007
68228.917686 3 0.370478 19.224462 2.718483 3.798834
68229.017686 3 0.370470 19.063435 2.718538 3.800674
68229.117686 3 0.370463 18.902620 2.718592 3.802528
68229.217686 3 0.370456 18.742033 2.718647 3.804394
68229.317686 3 0.370448 18.581686 2.718701 3.806273
68229.417686 3 0.370441 18.421593 2.718755 3.808166
68229.517686 3 0.370434 18.261767 2.718808 3.810071
68229.617686 3 0.370427 18.102222 2.718861 3.811990
68229.717686 3 0.370420 17.942971 2.718914 3.813922
68229.817686 3 0.370413 17.784028 2.718967 3.815867
68229.917686 3 0.370406 17.625405 2.719019 3.817826
68230.017686 3 0.370400 17.467116 2.719071 3.819798
68230.117686 3 0.370393 17.309174 2.719123 3.821783
68230.217686 3 0.370386 17.151593 2.719175 3.823782
68230.317686 3 0.370380 16.994384 2.719226 3.825794
68230.417686 3 0.370373 16.837561 2.719277 3.827820
68230.517686 3 0.370367 16.681138 2.719328 3.829860
68230.617686 3 0.370360 16.525126 2.719378 3.831913
68230.717686 3 0.370354 16.369538 2.719428 3.833979
68230.817686 3 0.370347 16.214386 2.719478 3.836060
68230.917686 3 0.370341 16.059684 2.719527 3.838154
68231.017686 3 0.370335 15.905444 2.719576 3.840262
68231.117686 3 0.370329 15.751677 2.719625 3.842383
68231.217686 3 0.370323 15.598396 2.719674 3.844519
68231.317686 3 0.370317 15.445613 2.719722 3.846669
68231.417686 3 0.370311 15.293340 2.719770 3.848832
68231.517686 3 0.370305 15.141588 2.719818 3.851009
68231.617686 3 0.370299 14.990370 2.719865 3.853201
68231.717686 3 0.370293 14.839696 2.719912 3.855406
68231.817686 3 0.370288 14.689578 2.719958 3.857626
68231.917686 3 0.370282 14.540027 2.720005 3.859859
68232.017686 3 0.370276 14.391055 2.720051 3.862107
68232.117686 3 0.370271 14.242672 2.720096 3.864369
68232.217686 3 0.370265 14.094889 2.720141 3.866645
68232.317686 3 0.370260 13.947717 2.720186 3.868936
68232.417686 3 0.370254 13.801166 2.720231 3.871240
68232.517686 3 0.370249 13.655247 2.720275 3.873560
68232.617686 3 0.370244 13.509969 2.720319 3.875893
68232.717686 3 0.370239 13.365344 2.720363 3.878241
68232.817686 3 0.370233 13.221380 2.720406 3.880604
68232.917686 3 0.370228 13.078087 2.720448 3.882981
68233.017686 3 0.370223 12.935476 2.720491 3.885372
68233.117686 3 0.370218 12.793555 2.720533 3.887778
68233.217686 3 0.370213 12.652333 2.720574 3.890199
68233.317686 3 0.370209 12.511820 2.720616 3.892634
68233.417686 3 0.370204 12.372025 2.720657 3.895084
68233.517686 3 0.370199 12.232956 2.720697 3.897549
68233.617686 3 0.370194 12.094621 2.720737 3.900029
68233.717686 3 0.370190 11.957029 2.720777 3.902523
68233.817686 3 0.370185 11.820189 2.720816 3.905032
68233.917686 3 0.370180 11.684108 2.720855 3.907557
68234.017686 3 0.370176 11.548794 2.720894 3.910096
68234.117686 3 0.370171 11.414254 2.720932 3.912650
68234.217686 3 0.370167 11.280497 2.720969 3.915219
68234.317686 3 0.370163 11.147529 2.721007 3.917803
68234.417686 3 0.370158 11.015357 2.721043 3.920402
68234.517686 3 0.370154 10.883988 2.721080 3.923016
68234.617686 3 0.370150 10.753429 2.721116 3.925646
68234.717686 3 0.370146 10.623687 2.721151 3.928291
68234.817686 3 0.370142 10.494768 2.721186 3.930951
68234.917686 3 0.370138 10.366677 2.721221 3.933626
68235.017686 3 0.370134 10.239422 2.721255 3.936317
68235.117686 3 0.370130 10.113007 2.721289 3.939023
68235.217686 3 0.370126 9.987438 2.721322 3.941744
68235.317686 3 0.370122 9.862720 2.721355 3.944481
68235.417686 3 0.370118 9.738860 2.721387 3.947233
68235.517686 3 0.370115 9.615861 2.721419 3.950001
68235.617686 3 0.370111 9.493729 2.721450 3.952785
68235.717686 3 0.370107 9.372468 2.721481 3.955584
68235.817686 3 0.370104 9.252083 2.721512 3.958399
68235.917686 3 0.370100 9.132578 2.721542 3.961229
68236.017686 3 0.370097 9.013957 2.721571 3.964076
68236.117686 3 0.370093 8.896224 2.721600 3.966938
68236.217686 3 0.370090 8.779383 2.721628 3.969816
68236.317686 3 0.370086 8.663437 2.721656 3.972709
68236.417686 3 0.370083 8.548390 2.721683 3.975619
68236.517686 3 0.370080 8.434244 2.721710 3.978545
68236.617686 3 0.370076 8.321003 2.721736 3.981487
68236.717686 3 0.370073 8.208670 2.721762 3.984445
68236.817686 3 0.370070 8.097247 2.721787 3.987419
68236.917686 3 0.370067 7.986736 2.721812 3.990409
68237.017686 3 0.370064 7.877141 2.721836 3.993415
68237.117686 3 0.370061 7.768462 2.721859 3.996438
68237.217686 3 0.370058 7.660703 2.721882 3.999477
68237.317686 3 0.370055 7.553864 2.721904 4.002532
68237.417686 3 0.370052 7.447948 2.721926 4.005604
68237.517686 3 0.370049 7.342955 2.721947 4.008692
68237.617686 3 0.370046 7.238887 2.721967 4.011797
68237.717686 3 0.370044 7.135746 2.721987 4.014918
68237.817686 3 0.370041 7.033532 2.722007 4.018055
68237.917686 3 0.370038 6.932245 2.722025 4.021210
68238.017686 3 0.370035 6.831887 2.722043 4.024381
68238.117686 3 0.370033 6.732458 2.722060 4.027569
68238.217686 3 0.370030 6.633957 2.722077 4.030773
68238.317686 3 0.370028 6.536386 2.722093 4.033995
68238.417686 3 0.370025 6.439745 2.722108 4.037233
68238.517686 3 0.370023 6.344032 2.722123 4.040489
68238.617686 3 0.370020 6.249248 2.722137 4.043761
68238.717686 3 0.370018 6.155392 2.722150 4.047050
68238.817686 3 0.370016 6.062464 2.722163 4.050357
68238.917686 3 0.370013 5.970463 2.722175 4.053680
68239.017686 3 0.370011 5.879387 2.722186 4.057021
68239.117686 3 0.370009 5.789237 2.722196 4.060379
68239.217686 3 0.370006 5.700009 2.722206 4.063754
68239.317686 3 0.370004 5.611705 2.722215 4.067147
68239.417686 3 0.370002 5.524321 2.722223 4.070557
68239.517686 3 0.370000 5.437856 2.722231 4.073984
68239.617686 3 0.369998 5.352308 2.722237 4.077429
68239.717686 3 0.369996 5.267676 2.722243 4.080892
68239.817686 3 0.369994 5.183958 2.722248 4.084372
68239.917686 3 0.369992 5.101151 2.722252 4.087870
68240.017686 3 0.369990 5.019253 2.722256 4.091385
68240.117686 3 0.369988 4.938262 2.722258 4.094918
68240.217686 3 0.369986 4.858175 2.722260 4.098469
68240.317686 3 0.369985 4.783462 2.722265 4.101836
68240.417686 3 0.369984 4.709334 2.722270 4.105228
68240.517686 3 0.369983 4.635794 2.722273 4.108647
68240.617686 3 0.369982 4.562847 2.722275 4.112091
68240.717686 3 0.369980 4.490497 2.722277 4.115562
68240.817686 3 0.369979 4.418748 2.722277 4.119060
68240.917686 3 0.369978 4.347603 2.722276 4.122585
68241.017686 3 0.369977 4.277066 2.722274 4.126136
68241.117686 3 0.369976 4.207140 2.722271 4.129715
68241.217686 3 0.369975 4.137830 2.722267 4.133321
68241.317686 3 0.369973 4.069138 2.722261 4.136955
68241.417686 3 0.369972 4.001068 2.722255 4.140616
68241.517686 3 0.369971 3.933623 2.722247 4.144306
68241.617686 3 0.369970 3.866806 2.722238 4.148024
68241.717686 3 0.369968 3.800620 2.722227 4.151770
68241.817686 3 0.369967 3.735067 2.722216 4.155545
68241.917686 3 0.369966 3.670150 2.722203 4.159349
68242.017686 3 0.369965 3.605872 2.722189 4.163183
68242.117686 3 0.369963 3.542235 2.722173 4.167045
68242.217686 3 0.369962 3.479242 2.722156 4.170937
68242.317686 3 0.369961 3.416895 2.722138 4.174859
68242.417686 3 0.369959 3.355195 2.722118 4.178811
68242.517686 3 0.369958 3.294145 2.722097 4.182794
68242.617686 3 0.369957 3.233746 2.722074 4.186806
68242.717686 3 0.369955 3.174000 2.722050 4.190850
68242.817686 3 0.369954 3.114909 2.722024 4.194924
68242.917686 3 0.369952 3.056474 2.721997 4.199029
68243.017686 3 0.369951 2.998696 2.721968 4.203166
68243.117686 3 0.369950 2.941577 2.721938 4.207335
68243.217686 3 0.369948 2.885117 2.721905 4.211535
68243.317686 3 0.369947 2.829317 2.721871 4.215768
68243.417686 3 0.369945 2.774178 2.721836 4.220032
68243.517686 3 0.369944 2.719700 2.721798 4.224330
68243.617686 3 0.369942 2.665885 2.721759 4.228660
68243.717686 3 0.369941 2.612731 2.721718 4.233023
68243.817686 3 0.369939 2.560240 2.721675 4.237419
68243.917686 3 0.369938 2.508411 2.721630 4.241849
68244.017686 3 0.369936 2.457245 2.721583 4.246312
68244.117686 3 0.369935 2.406740 2.721534 4.250809
68244.217686 3 0.369933 2.356897 2.721483 4.255341
68244.317686 3 0.369931 2.307714 2.721430 4.259907
68244.417686 3 0.369930 2.259192 2.721375 4.264508
68244.517686 3 0.369928 2.211330 2.721317 4.269143
68244.617686 3 0.369926 2.164125 2.721258 4.273814
68244.717686 3 0.369925 2.117578 2.721196 4.278520
68244.817686 3 0.369923 2.071687 2.721132 4.283261
68244.917686 3 0.369921 2.026450 2.721065 4.288039
68245.017686 3 0.369919 1.981867 2.720996 4.292852
68245.117686 3 0.369918 1.937934 2.720924 4.297702
68245.217686 3 0.369916 1.894651 2.720850 4.302588
68245.317686 3 0.369914 1.852016 2.720773 4.307512
68245.417686 3 0.369912 1.810025 2.720694 4.312472
68245.517686 3 0.369910 1.768678 2.720612 4.317469
68245.617686 3 0.369909 1.727971 2.720527 4.322504
68245.717686 3 0.369907 1.687903 2.720439 4.327577
68245.817686 3 0.369905 1.648469 2.720348 4.332687
68245.917686 3 0.369903 1.609669 2.720254 4.337836
68246.017686 3 0.369901 1.571498 2.720158 4.343023
68246.117686 3 0.369899 1.533954 2.720058 4.348249
68246.217686 3 0.369897 1.497033 2.719954 4.353514
68246.317686 3 0.369895 1.460750 2.719848 4.358815
68246.417686 3 0.369893 1.425152 2.719739 4.364145
68246.517686 3 0.369891 1.390235 2.719626 4.369503
68246.617686 3 0.369889 1.355991 2.719510 4.374890
68246.717686 3 0.369887 1.322414 2.719392 4.380305
68246.817686 3 0.369885 1.289497 2.719269 4.385748
68246.917686 3 0.369883 1.257233 2.719144 4.391219
68247.017686 3 0.369881 1.225615 2.719015 4.396717
68247.117686 3 0.369879 1.194637 2.718883 4.402243
68247.217686 3 0.369878 1.168301 2.718776 4.407057
68247.317686 3 0.369878 1.142433 2.718667 4.411892
68247.417686 3 0.369878 1.117028 2.718554 4.416747
68247.517686 3 0.369878 1.092080 2.718439 4.421623
68247.617686 3 0.369878 1.067586 2.718321 4.426519
68247.717686 3 0.369877 1.043541 2.718200 4.431436
68247.817686 3 0.369877 1.019940 2.718076 4.436372
68247.917686 3 0.369877 0.996778 2.717949 4.441329
68248.017686 3 0.369877 0.974041 2.717819 4.446307
68248.117686 3 0.369876 0.951711 2.717685 4.451309
68248.217686 3 0.369876 0.929785 2.717549 4.456336
68248.317686 3 0.369876 0.908258 2.717408 4.461388
68248.417686 3 0.369876 0.887125 2.717264 4.466464
68248.517686 3 0.369875 0.866383 2.717117 4.471565
68248.617686 3 0.369875 0.846027 2.716966 4.476690
68248.717686 3 0.369875 0.826053 2.716810 4.481839
68248.817686 3 0.369874 0.806457 2.716651 4.487013
68248.917686 3 0.369874 0.787235 2.716489 4.492211
68249.017686 3 0.369874 0.768382 2.716322 4.497432
68249.117686 3 0.369873 0.749894 2.716150 4.502678
68249.217686 3 0.369873 0.731768 2.715975 4.507948
68249.317686 3 0.369873 0.713999 2.715795 4.513241
68249.417686 3 0.369872 0.696583 2.715611 4.518557
68249.517686 3 0.369872 0.679516 2.715423 4.523896
68249.617686 3 0.369871 0.662795 2.715230 4.529258
68249.717686 3 0.369871 0.646414 2.715032 4.534643
68249.817686 3 0.369870 0.630371 2.714829 4.540050
68249.917686 3 0.369870 0.614662 2.714622 4.545478
68250.017686 3 0.369869 0.599281 2.714409 4.550928
68250.117686 3 0.369869 0.584226 2.714192 4.556398
68250.217686 3 0.369868 0.569493 2.713969 4.561889
68250.317686 3 0.369868 0.555077 2.713741 4.567399
68250.417686 3 0.369867 0.540975 2.713508 4.572929
68250.517686 3 0.369867 0.527183 2.713269 4.578477
68250.617686 3 0.369866 0.513697 2.713025 4.584043
68250.717686 3 0.369866 0.500512 2.712775 4.589627
68250.817686 3 0.369865 0.487626 2.712519 4.595227
68250.917686 3 0.369865 0.475034 2.712257 4.600842
68251.017686 3 0.369864 0.462732 2.711990 4.606473
68251.117686 3 0.369863 0.450716 2.711716 4.612118
68251.217686 3 0.369863 0.438983 2.711436 4.617776
68251.317686 3 0.369862 0.427527 2.711150 4.623446
68251.417686 3 0.369862 0.416345 2.710857 4.629128
68251.517686 3 0.369861 0.405433 2.710558 4.634821
68251.617686 3 0.369860 0.394786 2.710252 4.640523
68251.717686 3 0.369860 0.384401 2.709940 4.646233
68251.817686 3 0.369859 0.374273 2.709621 4.651951
68251.917686 3 0.369859 0.364398 2.709295 4.657676
68252.017686 3 0.369858 0.354771 2.708962 4.663407
68252.117686 3 0.369857 0.345389 2.708621 4.669142
68252.217686 3 0.369857 0.336246 2.708274 4.674880
68252.317686 3 0.369856 0.327339 2.707919 4.680622
68252.417686 3 0.369856 0.318662 2.707557 4.686364
68252.517686 3 0.369855 0.310212 2.707187 4.692108
68252.617686 3 0.369854 0.301984 2.706809 4.697851
68252.717686 3 0.369854 0.293974 2.706423 4.703592
68252.817686 3 0.369853 0.286172 2.706030 4.709335
68252.917686 3 0.369853 0.278572 2.705627 4.715078
68253.017686 3 0.369852 0.271171 2.705217 4.720823
68253.117686 3 0.369852 0.263964 2.704797 4.726567
68253.217686 3 0.369851 0.256946 2.704368 4.732311
68253.317686 3 0.369850 0.250114 2.703930 4.738054
68253.417686 3 0.369850 0.243463 2.703483 4.743795
68253.517686 3 0.369849 0.236988 2.703025 4.749533
68253.617686 3 0.369849 0.230687 2.702558 4.755268
68253.717686 3 0.369848 0.224555 2.702081 4.761000
68253.817686 3 0.369848 0.218587 2.701594 4.766727
68253.917686 3 0.369847 0.212781 2.701096 4.772448
68254.017686 3 0.369847 0.207132 2.700588 4.778164
68254.117686 3 0.369846 0.201636 2.700068 4.783873
68254.217686 3 0.369846 0.196291 2.699538 4.789575
68254.317686 3 0.369845 0.191091 2.698996 4.795269
68254.417686 3 0.369845 0.186034 2.698442 4.800954
68254.517686 3 0.369844 0.181117 2.697876 4.806630
68254.617686 3 0.369843 0.176335 2.697298 4.812296
68254.717686 3 0.369843 0.171685 2.696708 4.817951
68254.817686 3 0.369842 0.167165 2.696104 4.823594
68254.917686 3 0.369842 0.162770 2.695488 4.829225
68255.017686 3 0.369841 0.158498 2.694859 4.834844
68255.117686 3 0.369841 0.154345 2.694215 4.840448
68255.217686 3 0.369840 0.150309 2.693558 4.846037
68255.317686 3 0.369840 0.146387 2.692887 4.851612
68255.417686 3 0.369839 0.142574 2.692201 4.857170
68255.517686 3 0.369839 0.138870 2.691500 4.862711
68255.617686 3 0.369838 0.135270 2.690784 4.868235
68255.717686 3 0.369838 0.131773 2.690052 4.873741
68255.817686 3 0.369837 0.128375 2.689305 4.879227
68255.917686 3 0.369837 0.125073 2.688541 4.884693
68256.017686 3 0.369836 0.121866 2.687760 4.890139
68256.117686 3 0.369836 0.118751 2.686963 4.895563
68256.217686 3 0.369835 0.115724 2.686148 4.900965
68256.317686 3 0.369835 0.112785 2.685315 4.906344
68256.417686 3 0.369834 0.109930 2.684464 4.911700
68256.517686 3 0.369834 0.107157 2.683595 4.917030
68256.617686 3 0.369833 0.104463 2.682707 4.922335
68256.717686 3 0.369833 0.101848 2.681799 4.927614
68256.817686 3 0.369832 0.099308 2.680871 4.932866
68256.917686 3 0.369832 0.096842 2.679923 4.938090
68257.017686 3 0.369831 0.094447 2.678954 4.943286
68257.117686 3 0.369831 0.092121 2.677963 4.948452
68257.217686 3 0.369830 0.089863 2.676951 4.953588
68257.317686 3 0.369830 0.087670 2.675917 4.958693
68257.417686 3 0.369829 0.085542 2.674860 4.963767
68257.517686 3 0.369829 0.083475 2.673780 4.968808
68257.617686 3 0.369828 0.081468 2.672676 4.973815
68257.717686 3 0.369828 0.079520 2.671547 4.978789
68257.817686 3 0.369828 0.077629 2.670394 4.983728
68257.917686 3 0.369827 0.075793 2.669215 4.988631
68258.017686 3 0.369827 0.074010 2.668010 4.993498
68258.117686 3 0.369826 0.072280 2.666779 4.998327
68258.217686 3 0.369826 0.070600 2.665520 5.003119
68258.317686 3 0.369825 0.068969 2.664234 5.007872
68258.417686 3 0.369825 0.067386 2.662919 5.012586
68258.517686 3 0.369824 0.065849 2.661575 5.017259
68258.617686 3 0.369824 0.064357 2.660201 5.021892
68258.717686 3 0.369823 0.062909 2.658797 5.026483
68258.817686 3 0.369823 0.061504 2.657362 5.031031
68258.917686 3 0.369823 0.060139 2.655895 5.035536
68259.017686 3 0.369822 0.058814 2.654396 5.039998
68259.117686 3 0.369822 0.057529 2.652864 5.044415
68259.217686 3 0.369821 0.056280 2.651298 5.048786
68259.317686 3 0.369821 0.055069 2.649697 5.053112
68259.417686 3 0.369821 0.053893 2.648060 5.057391
68259.517686 3 0.369820 0.052751 2.646388 5.061622
68259.617686 3 0.369820 0.051643 2.644679 5.065806
68259.717686 3 0.369819 0.050567 2.642932 5.069941
68259.817686 3 0.369819 0.049523 2.641147 5.074026
68259.917686 3 0.369819 0.048509 2.639322 5.078061
68260.017686 3 0.369818 0.047525 2.637457 5.082046
68260.117686 3 0.369818 0.046569 2.635552 5.085979
68260.217686 3 0.369817 0.045642 2.633604 5.089860
68260.317686 3 0.369817 0.044741 2.631615 5.093689
68260.417686 3 0.369817 0.043867 2.629581 5.097465
68260.517686 3 0.369816 0.043019 2.627503 5.101186
68260.617686 3 0.369816 0.042195 2.625380 5.104854
68260.717686 3 0.369815 0.041396 2.623211 5.108466
68260.817686 3 0.369815 0.040619 2.620995 5.112023
68260.917686 3 0.369815 0.039866 2.618732 5.115524
68261.017686 3 0.369814 0.039134 2.616419 5.118968
68261.117686 3 0.369814 0.038424 2.614057 5.122356
68261.217686 3 0.369814 0.037734 2.611644 5.125685
68261.317686 3 0.369813 0.037064 2.609180 5.128957
68261.417686 3 0.369813 0.036414 2.606663 5.132170
68261.517686 3 0.369813 0.035783 2.604093 5.135324
68261.617686 3 0.369812 0.035171 2.601469 5.138418
68261.717686 3 0.369812 0.034576 2.598790 5.141453
68261.817686 3 0.369812 0.033998 2.596055 5.144427
68261.917686 3 0.369811 0.033437 2.593263 5.147340
68262.017686 3 0.369811 0.032893 2.590414 5.150193
68262.117686 3 0.369811 0.032364 2.587506 5.152983
68262.217686 3 0.369811 0.031851 2.584538 5.155712
68262.317686 3 0.369810 0.031353 2.581511 5.158379
68262.417686 3 0.369810 0.030869 2.578423 5.160984
68262.517686 3 0.369810 0.030399 2.575273 5.163526
68262.617686 3 0.369809 0.029943 2.572060 5.166004
68262.717686 3 0.369809 0.029501 2.568785 5.168420
68262.817686 3 0.369809 0.029071 2.565445 5.170772
68262.917686 3 0.369809 0.028654 2.562041 5.173061
68263.017686 3 0.369808 0.028249 2.558573 5.175285
68263.117686 3 0.369808 0.027855 2.555038 5.177446
68263.217686 3 0.369808 0.027474 2.551438 5.179543
68263.317686 3 0.369808 0.027103 2.547771 5.181576
68263.417686 3 0.369807 0.026743 2.544037 5.183544
68263.517686 3 0.369807 0.026394 2.540236 5.185449
68263.617686 3 0.369807 0.026055 2.536367 5.187289
68263.717686 3 0.369807 0.025726 2.532431 5.189065
68263.817686 3 0.369806 0.025406 2.528428 5.190777
68263.917686 3 0.369806 0.025096 2.524356 5.192425
68264.017686 3 0.369806 0.024795 2.520217 5.194009
68264.117686 3 0.369806 0.024503 2.516010 5.195530
68264.217686 3 0.369805 0.024220 2.511736 5.196987
68264.317686 3 0.369805 0.023945 2.507396 5.198381
68264.417686 3 0.369805 0.023678 2.502989 5.199712
68264.517686 3 0.369805 0.023419 2.498516 5.200981
68264.617686 3 0.369805 0.023168 2.493978 5.202187
68264.717686 3 0.369804 0.022925 2.489376 5.203332
68264.817686 3 0.369804 0.022688 2.484711 5.204416
68264.917686 3 0.369804 0.022459 2.479984 5.205439
68265.017686 3 0.369804 0.022237 2.475196 5.206402
68265.117686 3 0.369804 0.022021 2.470349 5.207305
68265.217686 3 0.369804 0.021812 2.465444 5.208150
68265.317686 3 0.369803 0.021610 2.460483 5.208936
68265.417686 3 0.369803 0.021413 2.455468 5.209665
68265.517686 3 0.369803 0.021223 2.450401 5.210338
68265.617686 3 0.369803 0.021038 2.445284 5.210955
68265.717686 3 0.369803 0.020860 2.440120 5.211517
68265.817686 3 0.369803 0.020686 2.434911 5.212026
68265.917686 3 0.369803 0.020519 2.429661 5.212482
68266.017686 3 0.369802 0.020356 2.424371 5.212886
68266.117686 3 0.369802 0.020199 2.419045 5.213240
68266.217686 3 0.369802 0.020046 2.413687 5.213544
68266.317686 3 0.369802 0.019899 2.408299 5.213801
68266.417686 3 0.369802 0.019756 2.402887 5.214011
68266.517686 3 0.369802 0.019618 2.397452 5.214176
68266.617686 3 0.369802 0.019484 2.392001 5.214296
68266.717686 3 0.369802 0.019355 2.386536 5.214374
68266.817686 3 0.369801 0.019230 2.381062 5.214412
68266.917686 3 0.369801 0.019110 2.375583 5.214410
68267.017686 3 0.369801 0.018993 2.370105 5.214370
68267.117686 3 0.369801 0.018880 2.364632 5.214294
68267.217686 3 0.369801 0.018771 2.359168 5.214183
68267.317686 3 0.369801 0.018666 2.353720 5.214040
