t Ka M R logL logTeff
500.000000 0 0.500084 0.446827 -1.253769 3.622629
1000.000000 0 0.500084 0.447779 -1.250998 3.622859
1500.000000 0 0.500084 0.448733 -1.248136 3.623112
2000.000000 0 0.500084 0.449691 -1.245185 3.623387
2500.000000 0 0.500084 0.450653 -1.242145 3.623683
3000.000000 0 0.500084 0.451619 -1.239015 3.624001
3500.000000 0 0.500084 0.452589 -1.235795 3.624340
4000.000000 0 0.500084 0.453564 -1.232485 3.624700
4500.000000 0 0.500084 0.454544 -1.229086 3.625081
5000.000000 0 0.500084 0.455530 -1.225597 3.625483
5500.000000 0 0.500084 0.456522 -1.222019 3.625905
6000.000000 0 0.500084 0.457520 -1.218350 3.626348
6500.000000 0 0.500084 0.458525 -1.214593 3.626811
7000.000000 0 0.500084 0.459538 -1.210745 3.627293
7500.000000 0 0.500084 0.460559 -1.206808 3.627796
8000.000000 0 0.500084 0.461588 -1.202781 3.628318
8500.000000 0 0.500084 0.462625 -1.198665 3.628860
9000.000000 0 0.500084 0.463672 -1.194459 3.629421
9500.000000 0 0.500084 0.464728 -1.190163 3.630000
10000.000000 0 0.500084 0.465795 -1.185777 3.630599
10500.000000 0 0.500084 0.466872 -1.181302 3.631216
11000.000000 0 0.500084 0.467960 -1.176737 3.631852
11500.000000 0 0.500084 0.469059 -1.172083 3.632506
12000.000000 0 0.500084 0.470170 -1.167339 3.633178
12500.000000 0 0.500084 0.471294 -1.162505 3.633868
13000.000000 0 0.500084 0.472431 -1.157581 3.634576
13500.000000 0 0.500084 0.473581 -1.152568 3.635301
14000.000000 0 0.500084 0.474745 -1.147465 3.636044
14500.000000 0 0.500084 0.475924 -1.142272 3.636804
15000.000000 0 0.500084 0.477117 -1.136989 3.637581
15500.000000 0 0.500084 0.478326 -1.131617 3.638374
16000.000000 0 0.500084 0.479551 -1.126154 3.639185
16500.000000 0 0.500084 0.480793 -1.120602 3.640011
17000.000000 0 0.500084 0.482051 -1.114959 3.640854
17500.000000 0 0.500084 0.483327 -1.109226 3.641713
18000.000000 0 0.500084 0.484622 -1.103403 3.642588
18500.000000 0 0.500084 0.485935 -1.097489 3.643479
19000.000000 0 0.500084 0.487267 -1.091484 3.644386
19500.000000 0 0.500084 0.488620 -1.085389 3.645308
20000.000000 0 0.500084 0.489993 -1.079202 3.646245
20500.000000 0 0.500084 0.491388 -1.072923 3.647198
21000.000000 0 0.500084 0.492804 -1.066551 3.648166
21500.000000 0 0.500084 0.494243 -1.060087 3.649148
22000.000000 0 0.500084 0.495706 -1.053530 3.650146
22500.000000 0 0.500084 0.497192 -1.046878 3.651159
23000.000000 0 0.500084 0.498704 -1.040131 3.652186
23500.000000 0 0.500084 0.500241 -1.033288 3.653229
24000.000000 0 0.500084 0.501805 -1.026348 3.654286
24500.000000 0 0.500084 0.503397 -1.019309 3.655358
25000.000000 0 0.500084 0.505017 -1.012169 3.656445
25500.000000 0 0.500084 0.506667 -1.004927 3.657547
26000.000000 0 0.500084 0.508348 -0.997580 3.658665
26500.000000 0 0.500084 0.510060 -0.990127 3.659798
27000.000000 0 0.500084 0.511806 -0.982563 3.660947
27500.000000 0 0.500084 0.513586 -0.974886 3.662112
28000.000000 0 0.500084 0.515403 -0.967093 3.663294
28500.000000 0 0.500084 0.517257 -0.959178 3.664493
29000.000000 0 0.500084 0.519151 -0.951137 3.665709
29500.000000 0 0.500084 0.521086 -0.942965 3.666945
30000.000000 0 0.500084 0.523065 -0.934656 3.668199
30500.000000 0 0.500084 0.525089 -0.926202 3.669473
31000.000000 0 0.500084 0.527162 -0.917597 3.670769
31500.000000 0 0.500084 0.529286 -0.908830 3.672088
32000.000000 0 0.500084 0.531463 -0.899894 3.673430
32500.000000 0 0.500084 0.533698 -0.890776 3.674799
33000.000000 0 0.500084 0.535994 -0.881465 3.676194
33500.000000 0 0.500084 0.538355 -0.871948 3.677619
34000.000000 0 0.500084 0.540785 -0.862208 3.679076
34500.000000 0 0.500084 0.543288 -0.852231 3.680568
35000.000000 0 0.500084 0.545871 -0.841997 3.682096
35500.000000 0 0.500084 0.548539 -0.831486 3.683666
36000.000000 0 0.500084 0.551297 -0.820675 3.685279
36500.000000 0 0.500084 0.554155 -0.809540 3.686940
37000.000000 0 0.500084 0.557118 -0.798053 3.688654
37500.000000 0 0.500084 0.560196 -0.786184 3.690425
38000.000000 0 0.500084 0.563398 -0.773901 3.692258
38500.000000 0 0.500084 0.566734 -0.761166 3.694159
39000.000000 0 0.500084 0.570217 -0.747940 3.696135
39500.000000 0 0.500084 0.573859 -0.734179 3.698193
40000.000000 0 0.500084 0.577675 -0.719835 3.700340
40500.000000 0 0.500084 0.581682 -0.704857 3.702583
41000.000000 0 0.500084 0.585898 -0.689187 3.704933
41500.000000 0 0.500084 0.590346 -0.672763 3.707396
42000.000000 0 0.500084 0.595052 -0.655518 3.709984
42500.000000 0 0.500084 0.600046 -0.637378 3.712704
43000.000000 0 0.500084 0.605368 -0.618262 3.715565
43500.000000 0 0.500084 0.611067 -0.598085 3.718575
43895.989532 0 0.500084 0.614078 -0.587570 3.720137
44291.979064 0 0.500084 0.617208 -0.576752 3.721737
44687.968596 0 0.500084 0.620469 -0.565621 3.723375
45083.958128 0 0.500084 0.623875 -0.554161 3.725051
45479.947661 0 0.500084 0.627442 -0.542360 3.726764
45875.937193 0 0.500084 0.631188 -0.530202 3.728511
46271.926725 0 0.500084 0.635136 -0.517672 3.730289
46667.916257 0 0.500084 0.639312 -0.504754 3.732096
47063.905789 0 0.500084 0.643749 -0.491433 3.733924
47459.895321 0 0.500084 0.648486 -0.477689 3.735768
47855.884853 0 0.500084 0.653570 -0.463507 3.737618
48251.874385 0 0.500084 0.659057 -0.448868 3.739462
48647.863917 0 0.500084 0.665018 -0.433751 3.741286
49043.853449 0 0.500084 0.671538 -0.418138 3.743071
49241.848216 0 0.500084 0.675040 -0.410139 3.743941
49439.842982 0 0.500084 0.678722 -0.402008 3.744793
49637.837748 0 0.500084 0.682602 -0.393742 3.745621
49835.832514 0 0.500084 0.686698 -0.385339 3.746423
50033.827280 0 0.500084 0.691032 -0.376796 3.747192
50231.822046 0 0.500084 0.695627 -0.368109 3.747925
50429.816812 0 0.500084 0.700508 -0.359277 3.748615
50627.811578 0 0.500084 0.705705 -0.350295 3.749255
50825.806344 0 0.500084 0.711251 -0.341162 3.749839
51023.801110 0 0.500084 0.717180 -0.331873 3.750358
51221.795876 0 0.500084 0.723535 -0.322427 3.750804
51419.790642 0 0.500084 0.730361 -0.312818 3.751167
51518.788025 0 0.500084 0.733967 -0.307953 3.751314
51617.785408 0 0.500084 0.737709 -0.303046 3.751436
51716.782791 0 0.500084 0.741597 -0.298097 3.751532
51815.780174 0 0.500084 0.745638 -0.293105 3.751600
51914.777557 0 0.500084 0.749840 -0.288071 3.751639
52013.774940 0 0.500084 0.754212 -0.282993 3.751646
52112.772323 0 0.500084 0.758763 -0.277871 3.751620
52211.769706 0 0.500084 0.763505 -0.272706 3.751558
52310.767089 0 0.500084 0.768447 -0.267496 3.751460
52409.764472 0 0.500084 0.773601 -0.262241 3.751322
52508.761855 0 0.500084 0.778980 -0.256940 3.751142
52607.759238 0 0.500084 0.784596 -0.251594 3.750919
52706.756621 0 0.500084 0.790463 -0.246201 3.750649
52805.754005 0 0.500084 0.796597 -0.240762 3.750331
52904.751388 0 0.500084 0.803013 -0.235275 3.749960
53003.748771 0 0.500084 0.809729 -0.229740 3.749536
53102.746154 0 0.500084 0.816762 -0.224158 3.749053
53189.368864 0 0.500084 0.823192 -0.219233 3.748582
53265.163735 0 0.500084 0.829042 -0.214893 3.748129
53331.484248 0 0.500084 0.834338 -0.211071 3.747702
53389.514696 0 0.500084 0.839116 -0.207709 3.747302
53440.291338 0 0.500084 0.843409 -0.204753 3.746933
53529.150462 0 0.500084 0.851188 -0.199549 3.746241
53595.794806 0 0.500084 0.857254 -0.195618 3.745681
53645.778063 0 0.500084 0.861939 -0.192655 3.745238
53720.752949 0 0.500084 0.869195 -0.188186 3.744535
53795.727835 2 0.500084 0.876736 -0.183688 3.743784
53815.675786 2 0.500079 0.880081 -0.181781 3.743434
53817.316520 2 0.500079 0.880356 -0.181624 3.743405
53837.265076 2 0.500074 0.883715 -0.179717 3.743055
53857.214196 2 0.500070 0.887086 -0.177811 3.742705
53877.163884 2 0.500065 0.890470 -0.175905 3.742355
53897.114146 2 0.500060 0.893867 -0.173998 3.742004
53917.064986 2 0.500056 0.897277 -0.172093 3.741654
53937.016409 2 0.500051 0.900699 -0.170187 3.741304
53956.968419 2 0.500046 0.904134 -0.168281 3.740954
53976.921022 2 0.500041 0.907582 -0.166376 3.740604
53996.874222 2 0.500036 0.911043 -0.164471 3.740254
54016.828025 2 0.500031 0.914517 -0.162565 3.739903
54036.782435 2 0.500026 0.918004 -0.160661 3.739553
54056.737457 2 0.500021 0.921504 -0.158756 3.739203
54076.693097 2 0.500016 0.925017 -0.156851 3.738853
54096.649360 2 0.500011 0.928543 -0.154947 3.738503
54116.606250 2 0.500006 0.932083 -0.153043 3.738153
54136.563773 2 0.500000 0.935635 -0.151139 3.737803
54156.521935 2 0.499995 0.939201 -0.149235 3.737452
54176.480740 2 0.499990 0.942781 -0.147332 3.737102
54196.440194 2 0.499984 0.946374 -0.145428 3.736752
54216.400302 2 0.499979 0.949980 -0.143525 3.736402
54236.361070 2 0.499974 0.953600 -0.141622 3.736052
54256.322503 2 0.499968 0.957233 -0.139719 3.735702
54276.284607 2 0.499962 0.960880 -0.137817 3.735352
54296.247387 2 0.499957 0.964540 -0.135914 3.735002
54316.210849 2 0.499951 0.968215 -0.134012 3.734652
54336.174998 2 0.499946 0.971903 -0.132110 3.734302
54356.139841 2 0.499940 0.975604 -0.130208 3.733952
54376.105383 2 0.499934 0.979320 -0.128307 3.733602
54396.071629 2 0.499928 0.983049 -0.126406 3.733252
54416.038586 2 0.499922 0.986793 -0.124504 3.732902
54436.006260 2 0.499916 0.990550 -0.122604 3.732552
54455.974656 2 0.499910 0.994321 -0.120703 3.732202
54475.943780 2 0.499904 0.998106 -0.118803 3.731852
54495.913639 2 0.499898 1.001906 -0.116902 3.731502
54515.884239 2 0.499892 1.005720 -0.115002 3.731152
54535.855585 2 0.499886 1.009547 -0.113103 3.730802
54555.827684 2 0.499880 1.013389 -0.111203 3.730452
54575.800542 2 0.499874 1.017246 -0.109304 3.730102
54595.774166 2 0.499867 1.021117 -0.107405 3.729752
54615.748562 2 0.499861 1.025002 -0.105506 3.729402
54635.723735 2 0.499855 1.028901 -0.103607 3.729052
54655.699694 2 0.499848 1.032815 -0.101709 3.728702
54675.676443 2 0.499842 1.036744 -0.099811 3.728352
54695.653991 2 0.499835 1.040687 -0.097913 3.728002
54715.632342 2 0.499828 1.044645 -0.096016 3.727652
54735.611505 2 0.499822 1.048618 -0.094118 3.727302
54755.591485 2 0.499815 1.052605 -0.092221 3.726953
54775.572290 2 0.499808 1.056607 -0.090324 3.726603
54795.553927 2 0.499801 1.060624 -0.088428 3.726253
54815.536401 2 0.499794 1.064656 -0.086532 3.725903
54835.519721 2 0.499787 1.068703 -0.084636 3.725553
54855.503893 2 0.499780 1.072765 -0.082740 3.725203
54875.488924 2 0.499773 1.076842 -0.080844 3.724854
54895.474822 2 0.499766 1.080933 -0.078949 3.724504
54915.461593 2 0.499759 1.085041 -0.077054 3.724154
54935.449246 2 0.499752 1.089163 -0.075160 3.723804
54955.437786 2 0.499744 1.093300 -0.073265 3.723455
54975.427222 2 0.499737 1.097453 -0.071371 3.723105
54995.417560 2 0.499729 1.101622 -0.069477 3.722755
55015.408809 2 0.499722 1.105805 -0.067584 3.722405
55035.400976 2 0.499714 1.110004 -0.065691 3.722056
55055.394069 2 0.499707 1.114219 -0.063798 3.721706
55075.388095 2 0.499699 1.118449 -0.061905 3.721356
55095.383062 2 0.499691 1.122695 -0.060013 3.721007
55115.378977 2 0.499683 1.126956 -0.058121 3.720657
55135.375850 2 0.499675 1.131233 -0.056229 3.720307
55155.373687 2 0.499668 1.135526 -0.054338 3.719958
55175.372496 2 0.499659 1.139834 -0.052447 3.719608
55195.372286 2 0.499651 1.144159 -0.050556 3.719258
55215.373065 2 0.499643 1.148499 -0.048665 3.718909
55235.374841 2 0.499635 1.152856 -0.046775 3.718559
55255.377622 2 0.499627 1.157228 -0.044885 3.718210
55275.381416 2 0.499618 1.161617 -0.042996 3.717860
55295.386233 2 0.499610 1.166021 -0.041107 3.717511
55315.392080 2 0.499601 1.170442 -0.039218 3.717161
55335.398965 2 0.499593 1.174879 -0.037330 3.716812
55355.406899 2 0.499584 1.179332 -0.035441 3.716462
55375.415889 2 0.499576 1.183802 -0.033554 3.716113
55395.425943 2 0.499567 1.188288 -0.031666 3.715763
55415.437072 2 0.499558 1.192790 -0.029779 3.715414
55435.449283 2 0.499549 1.197309 -0.027892 3.715064
55455.462586 2 0.499540 1.201844 -0.026006 3.714715
55475.476990 2 0.499531 1.206396 -0.024120 3.714366
55495.492503 2 0.499522 1.210965 -0.022234 3.714016
55515.509136 2 0.499513 1.215550 -0.020349 3.713667
55535.526897 2 0.499503 1.220152 -0.018464 3.713318
55555.545795 2 0.499494 1.224771 -0.016580 3.712968
55575.565841 2 0.499484 1.229407 -0.014695 3.712619
55595.587043 2 0.499475 1.234060 -0.012812 3.712270
55615.609412 2 0.499465 1.238729 -0.010928 3.711920
55635.632956 2 0.499456 1.243416 -0.009045 3.711571
55655.657686 2 0.499446 1.248119 -0.007163 3.711222
55675.683612 2 0.499436 1.252840 -0.005281 3.710873
55695.710742 2 0.499426 1.257578 -0.003399 3.710523
55715.739088 2 0.499416 1.262333 -0.001517 3.710174
55735.768659 2 0.499406 1.267106 0.000364 3.709825
55755.799466 2 0.499396 1.271895 0.002244 3.709476
55775.831519 2 0.499386 1.276702 0.004124 3.709127
55794.217119 3 0.499376 1.281183 0.005882 3.708806
55811.081678 3 0.499367 1.289795 0.011120 3.708660
55816.350367 3 0.499365 1.292515 0.012767 3.708614
55832.993594 3 0.499356 1.301205 0.018005 3.708469
55849.470389 3 0.499347 1.309955 0.023243 3.708323
55865.782416 3 0.499338 1.318764 0.028480 3.708177
55881.931322 3 0.499329 1.327634 0.033718 3.708031
55897.918740 3 0.499319 1.336565 0.038956 3.707884
55913.746283 3 0.499310 1.345558 0.044194 3.707738
55929.415551 3 0.499301 1.354612 0.049431 3.707591
55944.928126 3 0.499291 1.363728 0.054669 3.707444
55960.285576 3 0.499282 1.372907 0.059907 3.707297
55975.489451 3 0.499272 1.382149 0.065145 3.707149
55990.541287 3 0.499263 1.391455 0.070382 3.707002
56005.442605 3 0.499253 1.400824 0.075620 3.706854
56020.194909 3 0.499243 1.410259 0.080858 3.706706
56034.799691 3 0.499233 1.419758 0.086096 3.706557
56049.258425 3 0.499223 1.429322 0.091333 3.706409
56063.572571 3 0.499213 1.438953 0.096571 3.706260
56077.743576 3 0.499203 1.448649 0.101809 3.706111
56091.772871 3 0.499192 1.458413 0.107047 3.705962
56105.661873 3 0.499182 1.468244 0.112285 3.705813
56119.411985 3 0.499171 1.478142 0.117522 3.705663
56133.024596 3 0.499161 1.488109 0.122760 3.705513
56146.501081 3 0.499150 1.498145 0.127998 3.705363
56159.842800 3 0.499139 1.508250 0.133236 3.705213
56173.051103 3 0.499129 1.518424 0.138473 3.705062
56186.127323 3 0.499118 1.528669 0.143711 3.704912
56199.072780 3 0.499107 1.538984 0.148949 3.704761
56211.888783 3 0.499096 1.549371 0.154187 3.704610
56224.576626 3 0.499084 1.559830 0.159424 3.704458
56237.137590 3 0.499073 1.570360 0.164662 3.704306
56249.572945 3 0.499062 1.580964 0.169900 3.704155
56261.883946 3 0.499050 1.591641 0.175138 3.704002
56274.071838 3 0.499038 1.602391 0.180376 3.703850
56286.137850 3 0.499027 1.613216 0.185613 3.703698
56298.083202 3 0.499015 1.624116 0.190851 3.703545
56309.909101 3 0.499003 1.635092 0.196089 3.703392
56321.616741 3 0.498991 1.646143 0.201327 3.703238
56333.207304 3 0.498979 1.657271 0.206564 3.703085
56344.681961 3 0.498966 1.668476 0.211802 3.702931
56356.041873 3 0.498954 1.679758 0.217040 3.702777
56367.288185 3 0.498941 1.691119 0.222278 3.702623
56378.422033 3 0.498929 1.702558 0.227515 3.702468
56389.444544 3 0.498916 1.714077 0.232753 3.702314
56400.356829 3 0.498903 1.725676 0.237991 3.702159
56411.159991 3 0.498890 1.737355 0.243229 3.702003
56421.855122 3 0.498877 1.749115 0.248466 3.701848
56432.443302 3 0.498864 1.760957 0.253704 3.701692
56442.925599 3 0.498851 1.772881 0.258942 3.701536
56453.303074 3 0.498838 1.784887 0.264180 3.701380
56463.576774 3 0.498824 1.796978 0.269418 3.701224
56473.747737 3 0.498810 1.809152 0.274655 3.701067
56483.816990 3 0.498797 1.821411 0.279893 3.700910
56493.785551 3 0.498783 1.833755 0.285131 3.700753
56503.654426 3 0.498769 1.846185 0.290369 3.700595
56513.424613 3 0.498755 1.858701 0.295606 3.700437
56523.097097 3 0.498741 1.871305 0.300844 3.700279
56532.672857 3 0.498726 1.883996 0.306082 3.700121
56542.152859 3 0.498712 1.896775 0.311320 3.699963
56551.538061 3 0.498697 1.909644 0.316557 3.699804
56560.829411 3 0.498682 1.922602 0.321795 3.699645
56570.027848 3 0.498667 1.935651 0.327033 3.699485
56579.134300 3 0.498652 1.948791 0.332271 3.699326
56588.149688 3 0.498637 1.962022 0.337508 3.699166
56597.074922 3 0.498622 1.975345 0.342746 3.699006
56605.910903 3 0.498607 1.988762 0.347984 3.698845
56614.658525 3 0.498591 2.002272 0.353222 3.698685
56623.318670 3 0.498575 2.015876 0.358460 3.698524
56631.892214 3 0.498559 2.029575 0.363697 3.698362
56640.380023 3 0.498544 2.043371 0.368935 3.698201
56648.782953 3 0.498527 2.057262 0.374173 3.698039
56657.101854 3 0.498511 2.071251 0.379411 3.697877
56665.337566 3 0.498495 2.085337 0.384648 3.697715
56673.490921 3 0.498478 2.099522 0.389886 3.697552
56681.562743 3 0.498462 2.113806 0.395124 3.697389
56689.553846 3 0.498445 2.128191 0.400362 3.697226
56697.465038 3 0.498428 2.142675 0.405599 3.697062
56705.297119 3 0.498411 2.157262 0.410837 3.696898
56713.050878 3 0.498393 2.171950 0.416075 3.696734
56720.727100 3 0.498376 2.186742 0.421313 3.696570
56728.326560 3 0.498358 2.201637 0.426551 3.696405
56735.850025 3 0.498341 2.216637 0.431788 3.696240
56743.298255 3 0.498323 2.231741 0.437026 3.696075
56750.672003 3 0.498305 2.246952 0.442264 3.695910
56757.972014 3 0.498286 2.262270 0.447502 3.695744
56765.199025 3 0.498268 2.277695 0.452739 3.695578
56772.353765 3 0.498249 2.293228 0.457977 3.695411
56779.436958 3 0.498231 2.308871 0.463215 3.695244
56786.449319 3 0.498212 2.324624 0.468453 3.695077
56793.391557 3 0.498193 2.340487 0.473690 3.694910
56800.264372 3 0.498173 2.356462 0.478928 3.694742
56807.068459 3 0.498154 2.372549 0.484166 3.694574
56813.804505 3 0.498135 2.388750 0.489404 3.694406
56820.473191 3 0.498115 2.405064 0.494641 3.694238
56827.075189 3 0.498095 2.421494 0.499879 3.694069
56833.611168 3 0.498075 2.438039 0.505117 3.693900
56840.081787 3 0.498055 2.454701 0.510355 3.693730
56846.487700 3 0.498034 2.471480 0.515593 3.693560
56852.829554 3 0.498013 2.488378 0.520830 3.693390
56859.107989 3 0.497993 2.505394 0.526068 3.693220
56865.323640 3 0.497972 2.522531 0.531306 3.693049
56871.477134 3 0.497950 2.539789 0.536544 3.692878
56877.569093 3 0.497929 2.557169 0.541781 3.692706
56883.600133 3 0.497908 2.574671 0.547019 3.692534
56889.570862 3 0.497886 2.592298 0.552257 3.692362
56895.481885 3 0.497864 2.610049 0.557495 3.692190
56901.333796 3 0.497842 2.627925 0.562732 3.692017
56907.127189 3 0.497819 2.645928 0.567970 3.691844
56912.862648 3 0.497797 2.664058 0.573208 3.691671
56918.540752 3 0.497774 2.682317 0.578446 3.691497
56924.162075 3 0.497751 2.700705 0.583684 3.691323
56929.727185 3 0.497728 2.719223 0.588921 3.691148
56935.236644 3 0.497705 2.737872 0.594159 3.690974
56940.691008 3 0.497681 2.756654 0.599397 3.690799
56946.090829 3 0.497657 2.775569 0.604635 3.690623
56951.436651 3 0.497633 2.794618 0.609872 3.690447
56956.729016 3 0.497609 2.813802 0.615110 3.690271
56961.968456 3 0.497585 2.833123 0.620348 3.690095
56967.155502 3 0.497560 2.852581 0.625586 3.689918
56972.290678 3 0.497535 2.872177 0.630823 3.689741
56977.374502 3 0.497510 2.891912 0.636061 3.689563
56982.407487 3 0.497485 2.911788 0.641299 3.689385
56987.390143 3 0.497459 2.931805 0.646537 3.689207
56992.322973 3 0.497433 2.951964 0.651774 3.689029
56997.206473 3 0.497407 2.972267 0.657012 3.688850
57002.041139 3 0.497381 2.992715 0.662250 3.688670
57006.827459 3 0.497355 3.013308 0.667488 3.688491
57011.565915 3 0.497328 3.034048 0.672726 3.688311
57016.256986 3 0.497301 3.054936 0.677963 3.688130
57020.901147 3 0.497274 3.075973 0.683201 3.687950
57025.498866 3 0.497246 3.097160 0.688439 3.687768
57030.050608 3 0.497219 3.118499 0.693677 3.687587
57034.556833 3 0.497191 3.139989 0.698914 3.687405
57039.017995 3 0.497163 3.161634 0.704152 3.687223
57043.434546 3 0.497134 3.183433 0.709390 3.687040
57047.806931 3 0.497106 3.205388 0.714628 3.686857
57052.135593 3 0.497077 3.227499 0.719865 3.686674
57056.420968 3 0.497047 3.249769 0.725103 3.686490
57060.663489 3 0.497018 3.272199 0.730341 3.686306
57064.863584 3 0.496988 3.294789 0.735579 3.686121
57069.021679 3 0.496958 3.317541 0.740817 3.685937
57073.138193 3 0.496928 3.340456 0.746054 3.685751
57077.213542 3 0.496897 3.363536 0.751292 3.685566
57081.248137 3 0.496867 3.386781 0.756530 3.685379
57085.242386 3 0.496836 3.410192 0.761768 3.685193
57089.196693 3 0.496804 3.433772 0.767005 3.685006
57093.111457 3 0.496773 3.457521 0.772243 3.684819
57096.987073 3 0.496741 3.481441 0.777481 3.684631
57100.823933 3 0.496708 3.505533 0.782719 3.684443
57104.622424 3 0.496676 3.529798 0.787956 3.684255
57108.382931 3 0.496643 3.554238 0.793194 3.684066
57112.105832 3 0.496610 3.578853 0.798432 3.683877
57115.791505 3 0.496577 3.603646 0.803670 3.683687
57119.440320 3 0.496543 3.628617 0.808907 3.683497
57123.052648 3 0.496509 3.653768 0.814145 3.683306
57126.628852 3 0.496475 3.679101 0.819383 3.683115
57130.169294 3 0.496440 3.704616 0.824621 3.682924
57133.674332 3 0.496405 3.730316 0.829859 3.682732
57137.144319 3 0.496370 3.756201 0.835096 3.682540
57140.579607 3 0.496334 3.782273 0.840334 3.682348
57143.980541 3 0.496298 3.808533 0.845572 3.682155
57147.347467 3 0.496262 3.834983 0.850810 3.681961
57150.680723 3 0.496226 3.861624 0.856047 3.681767
57153.980646 3 0.496189 3.888458 0.861285 3.681573
57157.247570 3 0.496151 3.915487 0.866523 3.681378
57160.481825 3 0.496114 3.942711 0.871761 3.681183
57163.683738 3 0.496076 3.970132 0.876998 3.680988
57166.853631 3 0.496038 3.997752 0.882236 3.680792
57169.991826 3 0.495999 4.025573 0.887474 3.680595
57173.098638 3 0.495960 4.053595 0.892712 3.680398
57176.174382 3 0.495921 4.081820 0.897950 3.680201
57179.219369 3 0.495881 4.110251 0.903187 3.680003
57182.233906 3 0.495841 4.138888 0.908425 3.679805
57185.218298 3 0.495801 4.167733 0.913663 3.679606
57188.172846 3 0.495760 4.196788 0.918901 3.679407
57191.097848 3 0.495719 4.226054 0.924138 3.679208
57193.993600 3 0.495678 4.255533 0.929376 3.679008
57196.860395 3 0.495636 4.285227 0.934614 3.678807
57199.698521 3 0.495594 4.315138 0.939852 3.678606
57202.508267 3 0.495551 4.345266 0.945089 3.678405
57205.289915 3 0.495508 4.375614 0.950327 3.678203
57208.043746 3 0.495465 4.406183 0.955565 3.678001
57210.770040 3 0.495421 4.436975 0.960803 3.677798
57213.469070 3 0.495377 4.467992 0.966040 3.677594
57216.141110 3 0.495332 4.499236 0.971278 3.677391
57218.786430 3 0.495287 4.530708 0.976516 3.677187
57221.405296 3 0.495242 4.562411 0.981754 3.676982
57223.997974 3 0.495196 4.594345 0.986992 3.676777
57226.564725 3 0.495150 4.626513 0.992229 3.676571
57229.105808 3 0.495103 4.658917 0.997467 3.676365
57231.621481 3 0.495056 4.691558 1.002705 3.676158
57234.111997 3 0.495009 4.724438 1.007943 3.675951
57236.577607 3 0.494961 4.757559 1.013180 3.675744
57239.018562 3 0.494912 4.790924 1.018418 3.675535
57241.435107 3 0.494864 4.824533 1.023656 3.675327
57243.827487 3 0.494814 4.858389 1.028894 3.675118
57246.195942 3 0.494765 4.892494 1.034131 3.674908
57248.540714 3 0.494714 4.926850 1.039369 3.674698
57250.862037 3 0.494664 4.961459 1.044607 3.674488
57253.160148 3 0.494613 4.996322 1.049845 3.674277
57255.435277 3 0.494561 5.031442 1.055083 3.674065
57257.687655 3 0.494509 5.066820 1.060320 3.673853
57259.917509 3 0.494457 5.102460 1.065558 3.673640
57262.125064 3 0.494404 5.138362 1.070796 3.673427
57264.310545 3 0.494350 5.174529 1.076034 3.673214
57266.474170 3 0.494296 5.210963 1.081271 3.672999
57268.616159 3 0.494242 5.247667 1.086509 3.672785
57270.736728 3 0.494187 5.284641 1.091747 3.672570
57272.836091 3 0.494131 5.321889 1.096985 3.672354
57274.914461 3 0.494075 5.359413 1.102222 3.672138
57276.972047 3 0.494019 5.397214 1.107460 3.671921
57279.009057 3 0.493962 5.435295 1.112698 3.671703
57281.025697 3 0.493904 5.473659 1.117936 3.671486
57283.022171 3 0.493846 5.512306 1.123173 3.671267
57284.998680 3 0.493788 5.551241 1.128411 3.671048
57286.955424 3 0.493729 5.590464 1.133649 3.670829
57288.892601 3 0.493669 5.629979 1.138887 3.670609
57290.810405 3 0.493609 5.669787 1.144125 3.670388
57292.709032 3 0.493548 5.709891 1.149362 3.670167
57294.588672 3 0.493487 5.750294 1.154600 3.669946
57296.449516 3 0.493425 5.790997 1.159838 3.669723
57298.291752 3 0.493362 5.832003 1.165076 3.669501
57300.115565 3 0.493299 5.873314 1.170313 3.669277
57301.921140 3 0.493235 5.914934 1.175551 3.669053
57303.708659 3 0.493171 5.956864 1.180789 3.668829
57305.478303 3 0.493106 5.999107 1.186027 3.668604
57307.230251 3 0.493041 6.041665 1.191264 3.668378
57308.964679 3 0.492975 6.084541 1.196502 3.668152
57310.681763 3 0.492908 6.127738 1.201740 3.667925
57312.381676 3 0.492841 6.171258 1.206978 3.667698
57314.064590 3 0.492773 6.215103 1.212215 3.667470
57315.730675 3 0.492705 6.259277 1.217453 3.667242
57317.380099 3 0.492636 6.303781 1.222691 3.667013
57319.013028 3 0.492566 6.348619 1.227929 3.666783
57320.629629 3 0.492495 6.393794 1.233167 3.666553
57322.230063 3 0.492424 6.439308 1.238404 3.666322
57323.814493 3 0.492353 6.485163 1.243642 3.666091
57325.383079 3 0.492280 6.531363 1.248880 3.665859
57326.935979 3 0.492207 6.577910 1.254118 3.665626
57328.473350 3 0.492133 6.624807 1.259355 3.665393
57329.995347 3 0.492059 6.672057 1.264593 3.665159
57331.502124 3 0.491984 6.719663 1.269831 3.664925
57332.993834 3 0.491908 6.767628 1.275069 3.664689
57334.470626 3 0.491831 6.815955 1.280306 3.664454
57335.932651 3 0.491754 6.864646 1.285544 3.664218
57337.380055 3 0.491676 6.913704 1.290782 3.663981
57338.812985 3 0.491597 6.963133 1.296020 3.663743
57340.231586 3 0.491518 7.012936 1.301258 3.663505
57341.636001 3 0.491438 7.063115 1.306495 3.663266
57343.026371 3 0.491357 7.113674 1.311733 3.663027
57344.402838 3 0.491275 7.164616 1.316971 3.662787
57345.765541 3 0.491192 7.215944 1.322209 3.662546
57347.114616 3 0.491109 7.267661 1.327446 3.662305
57348.450200 3 0.491025 7.319770 1.332684 3.662063
57349.772429 3 0.490940 7.372275 1.337922 3.661820
57351.081435 3 0.490855 7.425178 1.343160 3.661577
57352.377352 3 0.490768 7.478484 1.348397 3.661333
57353.660309 3 0.490681 7.532194 1.353635 3.661089
57354.930437 3 0.490593 7.586314 1.358873 3.660843
57356.187863 3 0.490504 7.640845 1.364111 3.660598
57357.432715 3 0.490415 7.695792 1.369348 3.660351
57358.665119 3 0.490324 7.751158 1.374586 3.660104
57359.885198 3 0.490233 7.806946 1.379824 3.659856
57361.093077 3 0.490140 7.863160 1.385062 3.659607
57362.288877 3 0.490047 7.919804 1.390300 3.659358
57363.472719 3 0.489953 7.976880 1.395537 3.659108
57364.644722 3 0.489858 8.034393 1.400775 3.658858
57365.805006 3 0.489763 8.092346 1.406013 3.658607
57366.953686 3 0.489666 8.150742 1.411251 3.658355
57368.090880 3 0.489568 8.209586 1.416488 3.658102
57369.216702 3 0.489470 8.268882 1.421726 3.657849
57370.331266 3 0.489370 8.328632 1.426964 3.657595
57371.434684 3 0.489270 8.388841 1.432202 3.657340
57372.527067 3 0.489169 8.449512 1.437439 3.657085
57373.608527 3 0.489066 8.510650 1.442677 3.656829
57374.679173 3 0.488963 8.572258 1.447915 3.656572
57375.739112 3 0.488859 8.634340 1.453153 3.656314
57376.788451 3 0.488754 8.696901 1.458391 3.656056
57377.827298 3 0.488648 8.759944 1.463628 3.655797
57378.855755 3 0.488540 8.823473 1.468866 3.655537
57379.873928 3 0.488432 8.887492 1.474104 3.655277
57380.881920 3 0.488323 8.952006 1.479342 3.655016
57381.879831 3 0.488212 9.017019 1.484579 3.654754
57382.867764 3 0.488101 9.082534 1.489817 3.654491
57383.845817 3 0.487989 9.148556 1.495055 3.654228
57384.814089 3 0.487875 9.215090 1.500293 3.653964
57385.772679 3 0.487760 9.282139 1.505530 3.653699
57386.721683 3 0.487645 9.349708 1.510768 3.653434
57387.661197 3 0.487528 9.417802 1.516006 3.653167
57388.591316 3 0.487410 9.486424 1.521244 3.652900
57389.512133 3 0.487291 9.555580 1.526481 3.652632
57390.423743 3 0.487171 9.625274 1.531719 3.652364
57391.326236 3 0.487050 9.695509 1.536957 3.652095
57392.219704 3 0.486927 9.766292 1.542195 3.651824
57393.104238 3 0.486803 9.837627 1.547433 3.651554
57393.979926 3 0.486679 9.909518 1.552670 3.651282
57394.846858 3 0.486553 9.981969 1.557908 3.651009
57395.705120 3 0.486425 10.054987 1.563146 3.650736
57396.554799 3 0.486297 10.128575 1.568384 3.650462
57397.395982 3 0.486167 10.202739 1.573621 3.650188
57398.228753 3 0.486036 10.277484 1.578859 3.649912
57399.053196 3 0.485904 10.352814 1.584097 3.649636
57399.869395 3 0.485771 10.428734 1.589335 3.649358
57400.677431 3 0.485636 10.505250 1.594572 3.649080
57401.477388 3 0.485500 10.582366 1.599810 3.648802
57402.269345 3 0.485362 10.660088 1.605048 3.648522
57403.053382 3 0.485224 10.738421 1.610286 3.648242
57403.829579 3 0.485084 10.817371 1.615524 3.647961
57404.598014 3 0.484942 10.896942 1.620761 3.647679
57405.358764 3 0.484799 10.977139 1.625999 3.647396
57406.111907 3 0.484655 11.057970 1.631237 3.647112
57406.857519 3 0.484510 11.139437 1.636475 3.646828
57407.595674 3 0.484363 11.221549 1.641712 3.646542
57408.326448 3 0.484214 11.304309 1.646950 3.646256
57409.049914 3 0.484064 11.387723 1.652188 3.645969
57409.766146 3 0.483913 11.471798 1.657426 3.645681
57410.475215 3 0.483760 11.556539 1.662663 3.645393
57411.177194 3 0.483606 11.641951 1.667901 3.645103
57411.872153 3 0.483450 11.728041 1.673139 3.644813
57412.560162 3 0.483293 11.814815 1.678377 3.644521
57413.241291 3 0.483134 11.902278 1.683614 3.644229
57413.915609 3 0.482974 11.990436 1.688852 3.643936
57414.583183 3 0.482812 12.079295 1.694090 3.643642
57415.244082 3 0.482649 12.168863 1.699328 3.643348
57415.898372 3 0.482483 12.259144 1.704566 3.643052
57416.546119 3 0.482317 12.350145 1.709803 3.642755
57417.187388 3 0.482148 12.441873 1.715041 3.642458
57417.822245 3 0.481978 12.534334 1.720279 3.642160
57418.450753 3 0.481807 12.627533 1.725517 3.641860
57419.072977 3 0.481633 12.721479 1.730754 3.641560
57419.688977 3 0.481458 12.816177 1.735992 3.641259
57420.298818 3 0.481282 12.911633 1.741230 3.640957
57420.902561 3 0.481103 13.007856 1.746468 3.640655
57421.500266 3 0.480923 13.104851 1.751705 3.640351
57422.091994 3 0.480741 13.202625 1.756943 3.640046
57422.677805 3 0.480557 13.301185 1.762181 3.639741
57423.257757 3 0.480371 13.400538 1.767419 3.639434
57423.831911 3 0.480184 13.500692 1.772657 3.639127
57424.400322 3 0.479994 13.601653 1.777894 3.638818
57424.963050 3 0.479803 13.703428 1.783132 3.638509
57425.520150 3 0.479610 13.806026 1.788370 3.638199
57426.071679 3 0.479415 13.909452 1.793608 3.637887
57426.617693 3 0.479218 14.013714 1.798845 3.637575
57427.158247 3 0.479019 14.118821 1.804083 3.637262
57427.693395 3 0.478818 14.224779 1.809321 3.636948
57428.223192 3 0.478615 14.331597 1.814559 3.636633
57428.747690 3 0.478410 14.439281 1.819796 3.636317
57429.266944 3 0.478203 14.547839 1.825034 3.636000
57429.781005 3 0.477994 14.657281 1.830272 3.635682
57430.289926 3 0.477783 14.767612 1.835510 3.635363
57430.793758 3 0.477570 14.878843 1.840747 3.635043
57431.292551 3 0.477354 14.990979 1.845985 3.634722
57431.786356 3 0.477137 15.104031 1.851223 3.634400
57432.275223 3 0.476917 15.218006 1.856461 3.634077
57432.759201 3 0.476695 15.332912 1.861699 3.633753
57433.238340 3 0.476471 15.448757 1.866936 3.633428
57433.712687 3 0.476244 15.565552 1.872174 3.633102
57434.182291 3 0.476016 15.683303 1.877412 3.632775
57434.647199 3 0.475785 15.802020 1.882650 3.632447
57435.107458 3 0.475551 15.921711 1.887887 3.632118
57435.563114 3 0.475316 16.042386 1.893125 3.631787
57436.014213 3 0.475078 16.164053 1.898363 3.631456
57436.460802 3 0.474837 16.286722 1.903601 3.631124
57436.902925 3 0.474594 16.410401 1.908838 3.630791
57437.340626 3 0.474349 16.535101 1.914076 3.630456
57437.773950 3 0.474101 16.660829 1.919314 3.630121
57438.202942 3 0.473851 16.787596 1.924552 3.629784
57438.627643 3 0.473598 16.915412 1.929790 3.629447
57439.048097 3 0.473342 17.044285 1.935027 3.629108
57439.464347 3 0.473084 17.174227 1.940265 3.628768
57439.876434 3 0.472823 17.305245 1.945503 3.628427
57440.284400 3 0.472560 17.437352 1.950741 3.628085
57440.688287 3 0.472294 17.570556 1.955978 3.627742
57441.088135 3 0.472025 17.704867 1.961216 3.627398
57441.483984 3 0.471753 17.840297 1.966454 3.627053
57441.875875 3 0.471479 17.976855 1.971692 3.626707
57442.263847 3 0.471202 18.114553 1.976929 3.626359
57442.647939 3 0.470922 18.253400 1.982167 3.626010
57443.028191 3 0.470639 18.393407 1.987405 3.625661
57443.404639 3 0.470353 18.534586 1.992643 3.625310
57443.777324 3 0.470064 18.676946 1.997880 3.624958
57444.146281 3 0.469772 18.820501 2.003118 3.624605
57444.511549 3 0.469478 18.965259 2.008356 3.624250
57444.873164 3 0.469180 19.111233 2.013594 3.623895
57445.231163 3 0.468879 19.258435 2.018832 3.623538
57445.585582 3 0.468575 19.406876 2.024069 3.623180
57445.936457 3 0.468268 19.556567 2.029307 3.622821
57446.283823 3 0.467957 19.707520 2.034545 3.622461
57446.627716 3 0.467644 19.859748 2.039783 3.622099
57446.968169 3 0.467327 20.013262 2.045020 3.621737
57447.305218 3 0.467007 20.168075 2.050258 3.621373
57447.638897 3 0.466683 20.324199 2.055496 3.621008
57447.969239 3 0.466356 20.481647 2.060734 3.620642
57448.296277 3 0.466026 20.640431 2.065971 3.620274
57448.620045 3 0.465692 20.800563 2.071209 3.619905
57448.940575 3 0.465354 20.962058 2.076447 3.619535
57449.257900 3 0.465014 21.124927 2.081685 3.619164
57449.572052 3 0.464669 21.289185 2.086923 3.618792
57449.883062 3 0.464321 21.454844 2.092160 3.618418
57450.190962 3 0.463969 21.621918 2.097398 3.618043
57450.495783 3 0.463614 21.790421 2.102636 3.617667
57450.797556 3 0.463254 21.960366 2.107874 3.617289
57451.096311 3 0.462891 22.131768 2.113111 3.616910
57451.392079 3 0.462524 22.304640 2.118349 3.616530
57451.684888 3 0.462153 22.478997 2.123587 3.616149
57451.974770 3 0.461778 22.654853 2.128825 3.615766
57452.261753 3 0.461400 22.832224 2.134062 3.615382
57452.545866 3 0.461017 23.011123 2.139300 3.614997
57452.827138 3 0.460630 23.191566 2.144538 3.614610
57453.105598 3 0.460239 23.373567 2.149776 3.614222
57453.381272 3 0.459843 23.557143 2.155013 3.613833
57453.654190 3 0.459444 23.742308 2.160251 3.613442
57453.924379 3 0.459040 23.929079 2.165489 3.613050
57454.191866 3 0.458632 24.117470 2.170727 3.612656
57454.456678 3 0.458219 24.307499 2.175965 3.612262
57454.718842 3 0.457802 24.499181 2.181202 3.611865
57454.978384 3 0.457380 24.692533 2.186440 3.611468
57455.235331 3 0.456954 24.887571 2.191678 3.611069
57455.489709 3 0.456523 25.084313 2.196916 3.610668
57455.741542 3 0.456088 25.282775 2.202153 3.610267
57455.990857 3 0.455648 25.482974 2.207391 3.609863
57456.237680 3 0.455203 25.684928 2.212629 3.609459
57456.482033 3 0.454753 25.888654 2.217867 3.609052
57456.723944 3 0.454298 26.094171 2.223104 3.608645
57456.963435 3 0.453838 26.301495 2.228342 3.608236
57457.200531 3 0.453373 26.510647 2.233580 3.607825
57457.435257 3 0.452903 26.721644 2.238818 3.607413
57457.667635 3 0.452428 26.934504 2.244055 3.607000
57457.897689 3 0.451947 27.149247 2.249293 3.606585
57458.125443 3 0.451461 27.365892 2.254531 3.606169
57458.350919 3 0.450970 27.584459 2.259769 3.605751
57458.574141 3 0.450474 27.804966 2.265007 3.605331
57458.795130 3 0.449971 28.027435 2.270244 3.604910
57459.013909 3 0.449464 28.251884 2.275482 3.604487
57459.230501 3 0.448950 28.478335 2.280720 3.604063
57459.444927 3 0.448431 28.706808 2.285958 3.603638
57459.657208 3 0.447906 28.937325 2.291195 3.603210
57459.867367 3 0.447375 29.169905 2.296433 3.602781
57460.075424 3 0.446838 29.404571 2.301671 3.602351
57460.281400 3 0.446295 29.641345 2.306909 3.601919
57460.485317 3 0.445746 29.880249 2.312146 3.601485
57460.687194 3 0.445191 30.121304 2.317384 3.601050
57460.887053 3 0.444629 30.364534 2.322622 3.600613
57461.084913 3 0.444061 30.609961 2.327860 3.600174
57461.280795 3 0.443486 30.857608 2.333098 3.599734
57461.474718 3 0.442905 31.107500 2.338335 3.599292
57461.666701 3 0.442318 31.359660 2.343573 3.598848
57461.856765 3 0.441723 31.614111 2.348811 3.598403
57462.044928 3 0.441122 31.870879 2.354049 3.597956
57462.231209 3 0.440514 32.129988 2.359286 3.597507
57462.415628 3 0.439898 32.391464 2.364524 3.597056
57462.598202 3 0.439276 32.655331 2.369762 3.596604
57462.778951 3 0.438646 32.921616 2.375000 3.596150
57462.957892 3 0.438009 33.190345 2.380237 3.595694
57463.135044 3 0.437365 33.461544 2.385475 3.595236
57463.310424 3 0.436713 33.735240 2.390713 3.594777
57463.484051 3 0.436053 34.011461 2.395951 3.594316
57463.655941 3 0.435386 34.290234 2.401188 3.593852
57463.826112 3 0.434711 34.571587 2.406426 3.593387
57463.994582 3 0.434028 34.855549 2.411664 3.592921
57464.161367 3 0.433337 35.142148 2.416902 3.592452
57464.326484 3 0.432637 35.431414 2.422140 3.591981
57464.489949 3 0.431930 35.723376 2.427377 3.591509
57464.651781 3 0.431213 36.018065 2.432615 3.591034
57464.811994 3 0.430489 36.312003 2.437853 3.590579
57464.970604 3 0.429755 36.556720 2.443091 3.590430
57465.127629 3 0.429014 36.801999 2.448328 3.590287
57465.283083 3 0.428265 37.047765 2.453566 3.590151
57465.436983 3 0.427509 37.293941 2.458804 3.590022
57465.589344 3 0.426744 37.540440 2.464041 3.589901
57465.740181 3 0.425972 37.787169 2.469279 3.589788
57465.889510 3 0.425191 38.034027 2.474517 3.589684
57466.037346 3 0.424403 38.280902 2.479754 3.589588
57466.183703 3 0.423606 38.527675 2.484992 3.589502
57466.328597 3 0.422800 38.774215 2.490230 3.589426
57466.472041 3 0.421987 39.020380 2.495467 3.589362
57466.614052 3 0.421165 39.266011 2.500705 3.589308
57466.754642 3 0.420335 39.510939 2.505943 3.589268
57466.893826 3 0.419496 39.754976 2.511180 3.589240
57467.031619 3 0.418648 39.997914 2.516418 3.589226
57467.168033 3 0.417792 40.239526 2.521655 3.589228
57467.303083 3 0.416928 40.479560 2.526893 3.589246
57467.436783 3 0.416054 40.717737 2.532130 3.589281
57467.569146 3 0.415172 40.953747 2.537368 3.589336
57467.700185 3 0.414281 41.187244 2.542605 3.589410
57467.829914 3 0.413381 41.417841 2.547842 3.589507
57467.958346 3 0.412473 41.645101 2.553080 3.589629
57468.085493 3 0.411555 41.868534 2.558317 3.589776
57468.211369 3 0.410629 42.087578 2.563554 3.589952
57468.335986 3 0.409694 42.301596 2.568791 3.590160
57468.459357 3 0.408750 42.509851 2.574028 3.590403
57468.581494 3 0.407797 42.711491 2.579265 3.590684
57468.702409 3 0.406836 42.905522 2.584501 3.591009
57468.822116 3 0.405866 43.090768 2.589738 3.591383
57468.940626 3 0.404888 43.265832 2.594974 3.591811
57469.057950 3 0.403901 43.429026 2.600209 3.592303
57469.174101 3 0.402906 43.578294 2.605445 3.592867
57469.289091 3 0.401903 43.711084 2.610679 3.593515
57469.402931 3 0.400893 43.824188 2.615913 3.594262
57469.515632 3 0.399875 43.913491 2.621146 3.595128
57469.627206 3 0.398851 43.973613 2.626378 3.596139
57469.737665 3 0.397821 43.997359 2.631608 3.597329
57469.847019 3 0.396785 43.974868 2.636835 3.598747
57469.955280 3 0.395745 43.892252 2.642059 3.600461
57470.062458 3 0.394702 43.729358 2.647278 3.602573
57470.168564 3 0.393659 43.455993 2.652489 3.605238
57470.273609 3 0.392617 43.025326 2.657688 3.608700
57470.373609 3 0.392099 42.729755 2.660274 3.610844
57470.473609 3 0.391583 42.364040 2.662854 3.613355
57470.573609 3 0.391327 42.150135 2.664140 3.614776
57470.673609 3 0.391071 41.912091 2.665423 3.616327
57470.773609 3 0.390817 41.647013 2.666704 3.618025
57470.873609 3 0.390565 41.351600 2.667982 3.619890
57470.973609 3 0.390313 41.022087 2.669256 3.621946
57471.073609 3 0.390064 40.654183 2.670527 3.624220
57471.173609 3 0.389940 40.454669 2.671160 3.625446
57471.273609 3 0.389817 40.243732 2.671792 3.626739
57471.373609 3 0.389694 40.020667 2.672422 3.628104
57471.473609 3 0.389572 39.784723 2.673051 3.629545
57471.573609 3 0.389451 39.535104 2.673679 3.631069
57471.673609 3 0.389330 39.270966 2.674304 3.632681
57471.773609 3 0.389210 38.991416 2.674928 3.634388
57471.873609 3 0.389091 38.695514 2.675550 3.636198
57471.973609 3 0.388973 38.382267 2.676170 3.638118
57472.073609 3 0.388856 38.050635 2.676788 3.640157
57472.173609 3 0.388739 37.699530 2.677403 3.642323
57472.273609 3 0.388624 37.327816 2.678015 3.644628
57472.373609 3 0.388567 37.134178 2.678320 3.645834
57472.473609 3 0.388510 36.934970 2.678624 3.647078
57472.573609 3 0.388453 36.730042 2.678927 3.648362
57472.673609 3 0.388397 36.519242 2.679229 3.649687
57472.773609 3 0.388341 36.302415 2.679531 3.651056
57472.873609 3 0.388285 36.079406 2.679832 3.652469
57472.973609 3 0.388230 35.850059 2.680131 3.653928
57473.073609 3 0.388175 35.614218 2.680430 3.655436
57473.173609 3 0.388120 35.371726 2.680728 3.656994
57473.273609 3 0.388066 35.122428 2.681024 3.658604
57473.373609 3 0.388012 34.866168 2.681320 3.660268
57473.473609 3 0.387959 34.602793 2.681614 3.661988
57473.573609 3 0.387906 34.332153 2.681907 3.663767
57473.673609 3 0.387853 34.054098 2.682199 3.665606
57473.773609 3 0.387801 33.768486 2.682489 3.667507
57473.873609 3 0.387749 33.475175 2.682778 3.669474
57473.973609 3 0.387697 33.174031 2.683066 3.671508
57474.073609 3 0.387646 32.864926 2.683352 3.673612
57474.173609 3 0.387596 32.547739 2.683636 3.675789
57474.273609 3 0.387546 32.222357 2.683919 3.678042
57474.373609 3 0.387521 32.056796 2.684059 3.679195
57474.473609 3 0.387496 31.889159 2.684200 3.680369
57474.573609 3 0.387472 31.719433 2.684339 3.681563
57474.673609 3 0.387448 31.547608 2.684479 3.682777
57474.773609 3 0.387423 31.373675 2.684618 3.684012
57474.873609 3 0.387399 31.197625 2.684756 3.685269
57474.973609 3 0.387375 31.019451 2.684894 3.686547
57475.073609 3 0.387351 30.839144 2.685031 3.687847
57475.173609 3 0.387328 30.656701 2.685168 3.689170
57475.273609 3 0.387304 30.472114 2.685305 3.690515
57475.373609 3 0.387281 30.285381 2.685441 3.691884
57475.473609 3 0.387257 30.096498 2.685576 3.693277
57475.573609 3 0.387234 29.905463 2.685711 3.694693
57475.673609 3 0.387211 29.712277 2.685845 3.696134
57475.773609 3 0.387188 29.516939 2.685979 3.697600
57475.873609 3 0.387166 29.319451 2.686112 3.699091
57475.973609 3 0.387143 29.119816 2.686244 3.700607
57476.073609 3 0.387121 28.918039 2.686376 3.702150
57476.173609 3 0.387098 28.714125 2.686507 3.703720
57476.273609 3 0.387076 28.508082 2.686637 3.705316
57476.373609 3 0.387054 28.299918 2.686767 3.706940
57476.473609 3 0.387033 28.089642 2.686897 3.708592
57476.573609 3 0.387011 27.877267 2.687025 3.710272
57476.673609 3 0.386990 27.662806 2.687153 3.711981
57476.773609 3 0.386968 27.446274 2.687280 3.713719
57476.873609 3 0.386947 27.227686 2.687406 3.715487
57476.973609 3 0.386926 27.007062 2.687532 3.717285
57477.073609 3 0.386905 26.784420 2.687657 3.719114
57477.173609 3 0.386885 26.559783 2.687781 3.720974
57477.273609 3 0.386864 26.333174 2.687905 3.722865
57477.373609 3 0.386844 26.104618 2.688027 3.724789
57477.473609 3 0.386824 25.874141 2.688149 3.726745
57477.573609 3 0.386804 25.641773 2.688270 3.728734
57477.673609 3 0.386784 25.407544 2.688390 3.730757
57477.773609 3 0.386765 25.171488 2.688509 3.732813
57477.873609 3 0.386745 24.933638 2.688627 3.734905
57477.973609 3 0.386726 24.694030 2.688745 3.737031
57478.073609 3 0.386707 24.452704 2.688861 3.739192
57478.173609 3 0.386688 24.209700 2.688977 3.741390
57478.273609 3 0.386679 24.087725 2.689034 3.742501
57478.373609 3 0.386670 23.965348 2.689091 3.743622
57478.473609 3 0.386661 23.842575 2.689148 3.744751
57478.573609 3 0.386651 23.719411 2.689205 3.745890
57478.673609 3 0.386642 23.595863 2.689262 3.747038
57478.773609 3 0.386633 23.471935 2.689318 3.748196
57478.873609 3 0.386624 23.347635 2.689374 3.749363
57478.973609 3 0.386615 23.222967 2.689430 3.750539
57479.073609 3 0.386606 23.097940 2.689485 3.751725
57479.173609 3 0.386597 22.972559 2.689540 3.752921
57479.273609 3 0.386588 22.846830 2.689595 3.754126
57479.373609 3 0.386580 22.720760 2.689650 3.755342
57479.473609 3 0.386571 22.594356 2.689704 3.756567
57479.573609 3 0.386562 22.467625 2.689758 3.757802
57479.673609 3 0.386554 22.340575 2.689812 3.759046
57479.773609 3 0.386545 22.213211 2.689866 3.760301
57479.873609 3 0.386536 22.085541 2.689919 3.761566
57479.973609 3 0.386528 21.957572 2.689972 3.762841
57480.073609 3 0.386519 21.829313 2.690025 3.764127
57480.173609 3 0.386511 21.700770 2.690077 3.765422
57480.273609 3 0.386503 21.571952 2.690129 3.766728
57480.373609 3 0.386494 21.442865 2.690181 3.768044
57480.473609 3 0.386486 21.313519 2.690233 3.769371
57480.573609 3 0.386478 21.183920 2.690284 3.770708
57480.673609 3 0.386470 21.054077 2.690335 3.772056
57480.773609 3 0.386462 20.923999 2.690386 3.773415
57480.873609 3 0.386454 20.793693 2.690436 3.774784
57480.973609 3 0.386446 20.663167 2.690486 3.776164
57481.073609 3 0.386438 20.532432 2.690536 3.777554
57481.173609 3 0.386430 20.401494 2.690586 3.778956
57481.273609 3 0.386422 20.270362 2.690635 3.780368
57481.373609 3 0.386414 20.139047 2.690683 3.781792
57481.473609 3 0.386406 20.007555 2.690732 3.783227
57481.573609 3 0.386399 19.875897 2.690780 3.784672
57481.673609 3 0.386391 19.744081 2.690828 3.786129
57481.773609 3 0.386383 19.612117 2.690875 3.787597
57481.873609 3 0.386376 19.480013 2.690923 3.789077
57481.973609 3 0.386368 19.347779 2.690969 3.790567
57482.073609 3 0.386361 19.215425 2.691016 3.792070
57482.173609 3 0.386354 19.082959 2.691062 3.793583
57482.273609 3 0.386346 18.950391 2.691108 3.795108
57482.373609 3 0.386339 18.817732 2.691153 3.796645
57482.473609 3 0.386332 18.684990 2.691198 3.798194
57482.573609 3 0.386325 18.552175 2.691243 3.799754
57482.673609 3 0.386317 18.419297 2.691287 3.801326
57482.773609 3 0.386310 18.286367 2.691331 3.802910
57482.873609 3 0.386303 18.153393 2.691375 3.804505
57482.973609 3 0.386296 18.020385 2.691418 3.806113
57483.073609 3 0.386289 17.887355 2.691461 3.807733
57483.173609 3 0.386283 17.754311 2.691504 3.809365
57483.273609 3 0.386276 17.621265 2.691546 3.811008
57483.373609 3 0.386269 17.488225 2.691588 3.812665
57483.473609 3 0.386262 17.355203 2.691629 3.814333
57483.573609 3 0.386256 17.222208 2.691670 3.816014
57483.673609 3 0.386249 17.089251 2.691710 3.817707
57483.773609 3 0.386242 16.956342 2.691751 3.819412
57483.873609 3 0.386236 16.823492 2.691790 3.821130
57483.973609 3 0.386229 16.690710 2.691830 3.822861
57484.073609 3 0.386223 16.558008 2.691869 3.824604
57484.173609 3 0.386217 16.425395 2.691907 3.826359
57484.273609 3 0.386210 16.292882 2.691945 3.828128
57484.373609 3 0.386204 16.160479 2.691983 3.829909
57484.473609 3 0.386198 16.028197 2.692020 3.831703
57484.573609 3 0.386192 15.896047 2.692057 3.833510
57484.673609 3 0.386185 15.764038 2.692093 3.835330
57484.773609 3 0.386179 15.632181 2.692129 3.837163
57484.873609 3 0.386173 15.500487 2.692165 3.839009
57484.973609 3 0.386167 15.368966 2.692200 3.840868
57485.073609 3 0.386162 15.237629 2.692234 3.842740
57485.173609 3 0.386156 15.106485 2.692268 3.844626
57485.273609 3 0.386150 14.975546 2.692302 3.846525
57485.373609 3 0.386144 14.844821 2.692335 3.848437
57485.473609 3 0.386138 14.714322 2.692368 3.850362
57485.573609 3 0.386133 14.584057 2.692400 3.852301
57485.673609 3 0.386127 14.454039 2.692432 3.854254
57485.773609 3 0.386122 14.324276 2.692463 3.856220
57485.873609 3 0.386116 14.194780 2.692494 3.858200
57485.973609 3 0.386111 14.065560 2.692524 3.860193
57486.073609 3 0.386105 13.936627 2.692554 3.862200
57486.173609 3 0.386100 13.807990 2.692583 3.864221
57486.273609 3 0.386095 13.679660 2.692612 3.866256
57486.373609 3 0.386089 13.551647 2.692640 3.868305
57486.473609 3 0.386084 13.423961 2.692668 3.870367
57486.573609 3 0.386079 13.296612 2.692695 3.872444
57486.673609 3 0.386074 13.169609 2.692722 3.874535
57486.773609 3 0.386069 13.042962 2.692748 3.876639
57486.873609 3 0.386064 12.916682 2.692774 3.878758
57486.973609 3 0.386059 12.790777 2.692799 3.880892
57487.073609 3 0.386054 12.665258 2.692823 3.883039
57487.173609 3 0.386049 12.540134 2.692847 3.885201
57487.273609 3 0.386044 12.415414 2.692870 3.887378
57487.373609 3 0.386040 12.291107 2.692893 3.889568
57487.473609 3 0.386035 12.167224 2.692916 3.891774
57487.573609 3 0.386030 12.043773 2.692937 3.893994
57487.673609 3 0.386026 11.920763 2.692958 3.896228
57487.773609 3 0.386021 11.798204 2.692979 3.898477
57487.873609 3 0.386017 11.676104 2.692999 3.900741
57487.973609 3 0.386012 11.554472 2.693018 3.903020
57488.073609 3 0.386008 11.433317 2.693037 3.905314
57488.173609 3 0.386003 11.312647 2.693055 3.907622
57488.273609 3 0.385999 11.192471 2.693072 3.909946
57488.373609 3 0.385995 11.072798 2.693089 3.912284
57488.473609 3 0.385990 10.953636 2.693105 3.914638
57488.573609 3 0.385986 10.834993 2.693120 3.917006
57488.673609 3 0.385982 10.716878 2.693135 3.919390
57488.773609 3 0.385978 10.599297 2.693149 3.921789
57488.873609 3 0.385974 10.482260 2.693163 3.924204
57488.973609 3 0.385970 10.365773 2.693176 3.926634
57489.073609 3 0.385966 10.249846 2.693188 3.929079
57489.173609 3 0.385962 10.134484 2.693199 3.931540
57489.273609 3 0.385958 10.019696 2.693210 3.934016
57489.373609 3 0.385954 9.905489 2.693220 3.936508
57489.473609 3 0.385950 9.791870 2.693230 3.939015
57489.573609 3 0.385947 9.678846 2.693238 3.941538
57489.673609 3 0.385943 9.566424 2.693246 3.944077
57489.773609 3 0.385939 9.454611 2.693253 3.946632
57489.873609 3 0.385936 9.343413 2.693260 3.949203
57489.973609 3 0.385932 9.232838 2.693266 3.951789
57490.073609 3 0.385929 9.122891 2.693270 3.954392
57490.173609 3 0.385925 9.013580 2.693275 3.957011
57490.273609 3 0.385922 8.904909 2.693278 3.959645
57490.373609 3 0.385918 8.796885 2.693281 3.962296
57490.473609 3 0.385915 8.689514 2.693282 3.964963
57490.573609 3 0.385912 8.582801 2.693283 3.967647
57490.673609 3 0.385908 8.476753 2.693284 3.970347
57490.773609 3 0.385905 8.371374 2.693283 3.973063
57490.873609 3 0.385902 8.266671 2.693282 3.975796
57490.973609 3 0.385899 8.162648 2.693279 3.978545
57491.073609 3 0.385896 8.059310 2.693276 3.981311
57491.173609 3 0.385893 7.956662 2.693272 3.984093
57491.273609 3 0.385889 7.854709 2.693267 3.986892
57491.373609 3 0.385886 7.753456 2.693261 3.989708
57491.473609 3 0.385884 7.652906 2.693255 3.992541
57491.573609 3 0.385881 7.553066 2.693247 3.995391
57491.673609 3 0.385878 7.453937 2.693239 3.998257
57491.773609 3 0.385875 7.355526 2.693229 4.001141
57491.873609 3 0.385872 7.257835 2.693219 4.004042
57491.973609 3 0.385869 7.160868 2.693208 4.006960
57492.073609 3 0.385867 7.064629 2.693195 4.009895
57492.173609 3 0.385864 6.969122 2.693182 4.012847
57492.273609 3 0.385861 6.874350 2.693168 4.015817
57492.373609 3 0.385859 6.780315 2.693153 4.018804
57492.473609 3 0.385856 6.687022 2.693137 4.021808
57492.573609 3 0.385853 6.594473 2.693119 4.024830
57492.673609 3 0.385851 6.502670 2.693101 4.027870
57492.773609 3 0.385849 6.411617 2.693082 4.030927
57492.873609 3 0.385846 6.321316 2.693061 4.034002
57492.973609 3 0.385844 6.231769 2.693040 4.037095
57493.073609 3 0.385841 6.142978 2.693018 4.040205
57493.173609 3 0.385839 6.054946 2.692994 4.043334
57493.273609 3 0.385837 5.967674 2.692969 4.046480
57493.373609 3 0.385834 5.881164 2.692943 4.049645
57493.473609 3 0.385832 5.795418 2.692916 4.052827
57493.573609 3 0.385830 5.710438 2.692888 4.056028
57493.673609 3 0.385828 5.626224 2.692859 4.059247
57493.773609 3 0.385826 5.542778 2.692828 4.062484
57493.873609 3 0.385824 5.460101 2.692796 4.065739
57493.973609 3 0.385821 5.378195 2.692763 4.069013
57494.073609 3 0.385819 5.297059 2.692729 4.072305
57494.173609 3 0.385817 5.216694 2.692694 4.075616
57494.273609 3 0.385815 5.137101 2.692657 4.078946
57494.373609 3 0.385813 5.058281 2.692619 4.082294
57494.473609 3 0.385812 4.980234 2.692580 4.085661
57494.573609 3 0.385810 4.902960 2.692539 4.089046
57494.673609 3 0.385808 4.826458 2.692497 4.092451
57494.773609 3 0.385806 4.750729 2.692453 4.095874
57494.873609 3 0.385804 4.675773 2.692409 4.099316
57494.973609 3 0.385804 4.610430 2.692378 4.102364
57495.073609 3 0.385804 4.545559 2.692345 4.105433
57495.173609 3 0.385804 4.481164 2.692312 4.108523
57495.273609 3 0.385804 4.417247 2.692277 4.111634
57495.373609 3 0.385803 4.353812 2.692240 4.114766
57495.473609 3 0.385803 4.290863 2.692202 4.117919
57495.573609 3 0.385803 4.228403 2.692163 4.121093
57495.673609 3 0.385803 4.166434 2.692123 4.124289
57495.773609 3 0.385803 4.104960 2.692080 4.127506
57495.873609 3 0.385803 4.043984 2.692037 4.130745
57495.973609 3 0.385803 3.983508 2.691992 4.134006
57496.073609 3 0.385802 3.923535 2.691945 4.137288
57496.173609 3 0.385802 3.864068 2.691897 4.140592
57496.273609 3 0.385802 3.805110 2.691847 4.143919
57496.373609 3 0.385802 3.746662 2.691796 4.147267
57496.473609 3 0.385802 3.688728 2.691743 4.150638
57496.573609 3 0.385802 3.631310 2.691688 4.154031
57496.673609 3 0.385801 3.574409 2.691631 4.157446
57496.773609 3 0.385801 3.518028 2.691573 4.160884
57496.873609 3 0.385801 3.462169 2.691514 4.164345
57496.973609 3 0.385801 3.406833 2.691452 4.167828
57497.073609 3 0.385801 3.352023 2.691389 4.171334
57497.173609 3 0.385801 3.297741 2.691324 4.174863
57497.273609 3 0.385800 3.243987 2.691257 4.178415
57497.373609 3 0.385800 3.190763 2.691188 4.181990
57497.473609 3 0.385800 3.138071 2.691117 4.185588
57497.573609 3 0.385800 3.085912 2.691044 4.189210
57497.673609 3 0.385800 3.034287 2.690970 4.192855
57497.773609 3 0.385800 2.983197 2.690893 4.196523
57497.873609 3 0.385799 2.932643 2.690814 4.200214
57497.973609 3 0.385799 2.882627 2.690733 4.203930
57498.073609 3 0.385799 2.833147 2.690651 4.207669
57498.173609 3 0.385799 2.784207 2.690566 4.211431
57498.273609 3 0.385799 2.735804 2.690479 4.215218
57498.373609 3 0.385799 2.687942 2.690389 4.219028
57498.473609 3 0.385798 2.640618 2.690298 4.222862
57498.573609 3 0.385798 2.593835 2.690204 4.226720
57498.673609 3 0.385798 2.547591 2.690108 4.230603
57498.773609 3 0.385798 2.501887 2.690009 4.234509
57498.873609 3 0.385798 2.456722 2.689909 4.238440
57498.973609 3 0.385797 2.412097 2.689805 4.242395
57499.073609 3 0.385797 2.368011 2.689700 4.246374
57499.173609 3 0.385797 2.324463 2.689591 4.250377
57499.273609 3 0.385797 2.281453 2.689481 4.254405
57499.373609 3 0.385797 2.238980 2.689367 4.258457
57499.473609 3 0.385796 2.197044 2.689251 4.262534
57499.573609 3 0.385796 2.155643 2.689133 4.266635
57499.673609 3 0.385796 2.114776 2.689011 4.270761
57499.773609 3 0.385796 2.074443 2.688887 4.274912
57499.873609 3 0.385796 2.034641 2.688760 4.279087
57499.973609 3 0.385795 1.995370 2.688631 4.283286
57500.073609 3 0.385795 1.956628 2.688498 4.287511
57500.173609 3 0.385795 1.918414 2.688362 4.291760
57500.273609 3 0.385795 1.880726 2.688224 4.296034
57500.373609 3 0.385794 1.843561 2.688082 4.300332
57500.473609 3 0.385794 1.806919 2.687937 4.304655
57500.573609 3 0.385794 1.770797 2.687789 4.309003
57500.673609 3 0.385794 1.735193 2.687638 4.313376
57500.773609 3 0.385794 1.700105 2.687483 4.317773
57500.873609 3 0.385793 1.665530 2.687325 4.322196
57500.973609 3 0.385793 1.631467 2.687164 4.326642
57501.073609 3 0.385793 1.597912 2.686999 4.331114
57501.173609 3 0.385793 1.564863 2.686831 4.335610
57501.273609 3 0.385792 1.532317 2.686659 4.340131
57501.373609 3 0.385792 1.500272 2.686484 4.344676
57501.473609 3 0.385792 1.468725 2.686304 4.349246
57501.573609 3 0.385792 1.437672 2.686121 4.353841
57501.673609 3 0.385791 1.407114 2.685934 4.358460
57501.773609 3 0.385791 1.377051 2.685744 4.363102
57501.873609 3 0.385791 1.347479 2.685549 4.367767
57501.973609 3 0.385791 1.318397 2.685350 4.372455
57502.073609 3 0.385790 1.289799 2.685148 4.377167
57502.173609 3 0.385790 1.261682 2.684941 4.381901
57502.273609 3 0.385790 1.234042 2.684730 4.386658
57502.373609 3 0.385790 1.206875 2.684514 4.391438
57502.473609 3 0.385789 1.180178 2.684295 4.396240
57502.573609 3 0.385789 1.153946 2.684070 4.401065
57502.673609 3 0.385789 1.128640 2.683847 4.405825
57502.773609 3 0.385789 1.103774 2.683620 4.410605
57502.873609 3 0.385789 1.079344 2.683388 4.415408
57502.973609 3 0.385789 1.055345 2.683151 4.420231
57503.073609 3 0.385789 1.031775 2.682910 4.425075
57503.173609 3 0.385789 1.008628 2.682663 4.429941
57503.273609 3 0.385789 0.985902 2.682412 4.434827
57503.373609 3 0.385789 0.963590 2.682156 4.439734
57503.473609 3 0.385789 0.941689 2.681895 4.444661
57503.573609 3 0.385789 0.920193 2.681629 4.449608
57503.673609 3 0.385789 0.899096 2.681357 4.454577
57503.773609 3 0.385789 0.878395 2.681081 4.459566
57503.873609 3 0.385789 0.858085 2.680798 4.464575
57503.973609 3 0.385789 0.838162 2.680510 4.469604
57504.073609 3 0.385789 0.818621 2.680216 4.474653
57504.173609 3 0.385789 0.799458 2.679917 4.479722
57504.273609 3 0.385789 0.780669 2.679611 4.484810
57504.373609 3 0.385789 0.762248 2.679300 4.489917
57504.473609 3 0.385789 0.744192 2.678982 4.495044
57504.573609 3 0.385788 0.726496 2.678659 4.500189
57504.673609 3 0.385788 0.709155 2.678328 4.505352
57504.773609 3 0.385788 0.692165 2.677992 4.510534
57504.873609 3 0.385788 0.675522 2.677648 4.515733
57504.973609 3 0.385788 0.659219 2.677298 4.520950
57505.073609 3 0.385788 0.643254 2.676941 4.526185
57505.173609 3 0.385788 0.627621 2.676577 4.531436
57505.273609 3 0.385788 0.612316 2.676206 4.536704
57505.373609 3 0.385788 0.597335 2.675827 4.541989
57505.473609 3 0.385788 0.582672 2.675441 4.547289
57505.573609 3 0.385788 0.568322 2.675048 4.552605
57505.673609 3 0.385788 0.554283 2.674646 4.557936
57505.773609 3 0.385788 0.540548 2.674237 4.563283
57505.873609 3 0.385788 0.527113 2.673820 4.568644
57505.973609 3 0.385788 0.513974 2.673394 4.574018
57506.073609 3 0.385788 0.501126 2.672961 4.579407
57506.173609 3 0.385788 0.488565 2.672518 4.584809
57506.273609 3 0.385787 0.476285 2.672067 4.590224
57506.373609 3 0.385787 0.464283 2.671607 4.595651
57506.473609 3 0.385787 0.452554 2.671138 4.601090
57506.573609 3 0.385787 0.441093 2.670660 4.606540
57506.673609 3 0.385787 0.429896 2.670172 4.612002
57506.773609 3 0.385787 0.418959 2.669675 4.617474
57506.873609 3 0.385787 0.408276 2.669168 4.622955
57506.973609 3 0.385787 0.397844 2.668651 4.628447
57507.073609 3 0.385787 0.387658 2.668124 4.633947
57507.173609 3 0.385787 0.377714 2.667586 4.639455
57507.273609 3 0.385787 0.368007 2.667038 4.644972
57507.373609 3 0.385787 0.358533 2.666479 4.650496
57507.473609 3 0.385787 0.349288 2.665909 4.656026
57507.573609 3 0.385787 0.340267 2.665327 4.661562
57507.673609 3 0.385786 0.331466 2.664734 4.667105
57507.773609 3 0.385786 0.322881 2.664130 4.672652
57507.873609 3 0.385786 0.314508 2.663513 4.678203
57507.973609 3 0.385786 0.306342 2.662884 4.683758
57508.073609 3 0.385786 0.298380 2.662243 4.689316
57508.173609 3 0.385786 0.290617 2.661589 4.694877
57508.273609 3 0.385786 0.283050 2.660923 4.700440
57508.373609 3 0.385786 0.275673 2.660242 4.706004
57508.473609 3 0.385786 0.268484 2.659549 4.711569
57508.573609 3 0.385786 0.261476 2.658841 4.717135
57508.673609 3 0.385786 0.254648 2.658119 4.722700
57508.773609 3 0.385786 0.247995 2.657383 4.728265
57508.873609 3 0.385786 0.241513 2.656632 4.733828
57508.973609 3 0.385786 0.235199 2.655866 4.739389
57509.073609 3 0.385786 0.229049 2.655084 4.744948
57509.173609 3 0.385785 0.223059 2.654287 4.750503
57509.273609 3 0.385785 0.217225 2.653473 4.756054
57509.373609 3 0.385785 0.211545 2.652643 4.761600
57509.473609 3 0.385785 0.206014 2.651797 4.767141
57509.573609 3 0.385785 0.200630 2.650932 4.772676
57509.673609 3 0.385785 0.195388 2.650051 4.778204
57509.773609 3 0.385785 0.190287 2.649151 4.783724
57509.873609 3 0.385785 0.185321 2.648233 4.789236
57509.973609 3 0.385785 0.180489 2.647297 4.794740
57510.073609 3 0.385785 0.175786 2.646341 4.800233
57510.173609 3 0.385785 0.171211 2.645365 4.805716
57510.273609 3 0.385785 0.166759 2.644370 4.811188
57510.373609 3 0.385785 0.162428 2.643354 4.816648
57510.473609 3 0.385785 0.158215 2.642317 4.822095
57510.573609 3 0.385785 0.154118 2.641258 4.827529
57510.673609 3 0.385785 0.150132 2.640178 4.832948
57510.773609 3 0.385785 0.146256 2.639075 4.838353
57510.873609 3 0.385784 0.142486 2.637949 4.843741
57510.973609 3 0.385784 0.138821 2.636800 4.849113
57511.073609 3 0.385784 0.135257 2.635627 4.854468
57511.173609 3 0.385784 0.131791 2.634429 4.859804
57511.273609 3 0.385784 0.128422 2.633206 4.865122
57511.373609 3 0.385784 0.125147 2.631958 4.870419
57511.473609 3 0.385784 0.121964 2.630683 4.875696
57511.573609 3 0.385784 0.118869 2.629381 4.880951
57511.673609 3 0.385784 0.115861 2.628052 4.886184
57511.773609 3 0.385784 0.112938 2.626695 4.891394
57511.873609 3 0.385784 0.110097 2.625310 4.896580
57511.973609 3 0.385784 0.107336 2.623894 4.901741
57512.073609 3 0.385784 0.104653 2.622449 4.906876
57512.173609 3 0.385784 0.102046 2.620973 4.911985
57512.273609 3 0.385784 0.099513 2.619465 4.917066
57512.373609 3 0.385784 0.097052 2.617926 4.922120
57512.473609 3 0.385784 0.094661 2.616353 4.927144
57512.573609 3 0.385784 0.092338 2.614747 4.932138
57512.673609 3 0.385783 0.090081 2.613106 4.937101
57512.773609 3 0.385783 0.087888 2.611429 4.942033
57512.873609 3 0.385783 0.085758 2.609717 4.946932
57512.973609 3 0.385783 0.083689 2.607968 4.951798
57513.073609 3 0.385783 0.081680 2.606181 4.956629
57513.173609 3 0.385783 0.079727 2.604355 4.961425
57513.273609 3 0.385783 0.077831 2.602489 4.966185
57513.373609 3 0.385783 0.075990 2.600583 4.970909
57513.473609 3 0.385783 0.074201 2.598636 4.975594
57513.573609 3 0.385783 0.072464 2.596646 4.980241
57513.673609 3 0.385783 0.070777 2.594613 4.984848
57513.773609 3 0.385783 0.069138 2.592535 4.989415
57513.873609 3 0.385783 0.067547 2.590412 4.993940
57513.973609 3 0.385783 0.066002 2.588242 4.998423
57514.073609 3 0.385783 0.064501 2.586025 5.002863
57514.173609 3 0.385783 0.063044 2.583759 5.007260
57514.273609 3 0.385783 0.061628 2.581443 5.011611
57514.373609 3 0.385783 0.060254 2.579077 5.015917
57514.473609 3 0.385783 0.058919 2.576658 5.020176
57514.573609 3 0.385783 0.057623 2.574186 5.024388
57514.673609 3 0.385783 0.056365 2.571660 5.028551
57514.773609 3 0.385783 0.055143 2.569077 5.032666
57514.873609 3 0.385782 0.053956 2.566438 5.036730
57514.973609 3 0.385782 0.052804 2.563741 5.040744
57515.073609 3 0.385782 0.051685 2.560984 5.044705
57515.173609 3 0.385782 0.050598 2.558166 5.048615
57515.273609 3 0.385782 0.049543 2.555286 5.052470
57515.373609 3 0.385782 0.048519 2.552342 5.056272
57515.473609 3 0.385782 0.047524 2.549333 5.060018
57515.573609 3 0.385782 0.046558 2.546257 5.063709
57515.673609 3 0.385782 0.045620 2.543114 5.067343
57515.773609 3 0.385782 0.044709 2.539901 5.070919
57515.873609 3 0.385782 0.043824 2.536618 5.074437
57515.973609 3 0.385782 0.042966 2.533262 5.077895
57516.073609 3 0.385782 0.042132 2.529832 5.081294
57516.173609 3 0.385782 0.041322 2.526326 5.084632
57516.273609 3 0.385782 0.040536 2.522744 5.087908
57516.373609 3 0.385782 0.039772 2.519083 5.091122
57516.473609 3 0.385782 0.039031 2.515342 5.094273
57516.573609 3 0.385782 0.038311 2.511519 5.097360
57516.673609 3 0.385782 0.037612 2.507613 5.100383
57516.773609 3 0.385782 0.036933 2.503622 5.103340
57516.873609 3 0.385782 0.036274 2.499544 5.106231
57516.973609 3 0.385782 0.035634 2.495378 5.109055
57517.073609 3 0.385782 0.035012 2.491122 5.111812
57517.173609 3 0.385782 0.034409 2.486774 5.114501
57517.273609 3 0.385782 0.033823 2.482334 5.117121
57517.373609 3 0.385782 0.033253 2.477798 5.119672
57517.473609 3 0.385782 0.032701 2.473167 5.122152
57517.573609 3 0.385782 0.032164 2.468437 5.124562
57517.673609 3 0.385782 0.031643 2.463608 5.126900
57517.773609 3 0.385782 0.031138 2.458678 5.129167
57517.873609 3 0.385782 0.030647 2.453645 5.131361
57517.973609 3 0.385781 0.030170 2.448508 5.133483
57518.073609 3 0.385781 0.029707 2.443266 5.135530
57518.173609 3 0.385781 0.029257 2.437917 5.137504
57518.273609 3 0.385781 0.028821 2.432459 5.139404
57518.373609 3 0.385781 0.028397 2.426892 5.141229
57518.473609 3 0.385781 0.027985 2.421214 5.142978
57518.573609 3 0.385781 0.027586 2.415424 5.144652
57518.673609 3 0.385781 0.027198 2.409521 5.146250
57518.773609 3 0.385781 0.026822 2.403504 5.147772
57518.873609 3 0.385781 0.026456 2.397372 5.149218
57518.973609 3 0.385781 0.026102 2.391124 5.150587
57519.073609 3 0.385781 0.025757 2.384760 5.151879
57519.173609 3 0.385781 0.025423 2.378278 5.153094
57519.273609 3 0.385781 0.025099 2.371679 5.154232
57519.373609 3 0.385781 0.024784 2.364962 5.155293
57519.473609 3 0.385781 0.024479 2.358128 5.156277
57519.573609 3 0.385781 0.024182 2.351175 5.157184
57519.673609 3 0.385781 0.023895 2.344104 5.158014
57519.773609 3 0.385781 0.023616 2.336916 5.158768
57519.873609 3 0.385781 0.023345 2.329610 5.159445
57519.973609 3 0.385781 0.023083 2.322189 5.160046
57520.073609 3 0.385781 0.022828 2.314652 5.160572
57520.173609 3 0.385781 0.022581 2.307001 5.161022
57520.273609 3 0.385781 0.022341 2.299238 5.161398
57520.373609 3 0.385781 0.022109 2.291364 5.161699
57520.473609 3 0.385781 0.021883 2.283380 5.161927
57520.573609 3 0.385781 0.021665 2.275290 5.162083
57520.673609 3 0.385781 0.021453 2.267096 5.162167
57520.773609 3 0.385781 0.021248 2.258800 5.162180
57520.873609 3 0.385781 0.021049 2.250405 5.162123
57520.973609 3 0.385781 0.020857 2.241916 5.161998
57521.073609 3 0.385781 0.020670 2.233335 5.161805
57521.173609 3 0.385781 0.020489 2.224667 5.161545
57521.273609 3 0.385781 0.020314 2.215917 5.161222
57521.373609 3 0.385781 0.020144 2.207088 5.160834
57521.473609 3 0.385781 0.019980 2.198186 5.160386
57521.573609 3 0.385781 0.019821 2.189217 5.159877
57521.673609 3 0.385781 0.019668 2.180185 5.159310
57521.773609 3 0.385781 0.019519 2.171098 5.158686
57521.873609 3 0.385781 0.019375 2.161962 5.158009
57521.973609 3 0.385781 0.019236 2.152783 5.157279
57522.073609 3 0.385781 0.019102 2.143569 5.156499
57522.173609 3 0.385781 0.018972 2.134327 5.155671
57522.273609 3 0.385781 0.018846 2.125065 5.154798
57522.373609 3 0.385781 0.018725 2.115791 5.153882
57522.473609 3 0.385781 0.018607 2.106513 5.152925
57522.573609 3 0.385781 0.018494 2.097240 5.151930
