t Ka M R logL logTeff
0.100000 1 99.964141 11.476390 6.093809 4.754690
0.200000 1 99.927931 11.504319 6.095199 4.754510
0.300000 1 99.891445 11.532441 6.096630 4.754337
0.400000 1 99.854674 11.560821 6.098100 4.754171
0.500000 1 99.817607 11.589523 6.099611 4.754011
0.600000 1 99.780234 11.618611 6.101162 4.753854
0.700000 1 99.742546 11.648152 6.102752 4.753700
0.800000 1 99.704530 11.678211 6.104383 4.753548
0.900000 1 99.666178 11.708856 6.106053 4.753396
1.000000 1 99.627477 11.740153 6.107762 4.753244
1.100000 1 99.588417 11.772171 6.109511 4.753090
1.200000 1 99.548986 11.804979 6.111300 4.752933
1.300000 1 99.509173 11.838646 6.113127 4.752771
1.400000 1 99.468965 11.873243 6.114994 4.752604
1.500000 1 99.428350 11.908841 6.116899 4.752431
1.600000 1 99.387316 11.945513 6.118844 4.752249
1.700000 1 99.345851 11.983331 6.120827 4.752059
1.800000 1 99.303940 12.022369 6.122849 4.751858
1.900000 1 99.261571 12.062704 6.124909 4.751645
2.000000 1 99.218731 12.104411 6.127007 4.751421
2.100000 1 99.175404 12.147568 6.129144 4.751182
2.200000 1 99.131577 12.192254 6.131319 4.750928
2.300000 1 99.087235 12.238550 6.133532 4.750659
2.400000 1 99.042364 12.286537 6.135782 4.750371
2.500000 1 98.996947 12.336299 6.138070 4.750066
2.600000 1 98.950969 12.387921 6.140396 4.749740
2.700000 1 98.904414 12.441490 6.142758 4.749394
2.800000 1 98.857264 12.497095 6.145158 4.749026
2.900000 1 98.809505 12.554827 6.147595 4.748634
3.000000 1 98.761116 12.614780 6.150069 4.748218
3.100000 1 98.712082 12.677049 6.152579 4.747776
3.200000 1 98.662383 12.741732 6.155125 4.747308
3.300000 1 98.612001 12.808931 6.157708 4.746811
3.400000 1 98.560917 12.878749 6.160327 4.746286
3.500000 1 98.509110 12.951294 6.162982 4.745729
3.600000 1 98.456560 13.026677 6.165672 4.745142
3.700000 1 98.403246 13.105011 6.168398 4.744521
3.800000 1 98.349147 13.186416 6.171159 4.743867
3.900000 1 98.294241 13.271015 6.173954 4.743177
4.000000 1 98.238505 13.358934 6.176785 4.742451
4.100000 1 98.181916 13.450307 6.179650 4.741687
4.200000 1 98.124450 13.545272 6.182549 4.740884
4.300000 1 98.066083 13.643974 6.185483 4.740041
4.400000 1 98.006788 13.746563 6.188450 4.739156
4.500000 1 97.946541 13.853198 6.191450 4.738228
4.600000 1 97.885315 13.964045 6.194484 4.737256
4.700000 1 97.823082 14.079280 6.197551 4.736238
4.800000 1 97.759814 14.199086 6.200650 4.735173
4.900000 1 97.695482 14.323659 6.203782 4.734059
5.000000 1 97.630057 14.453205 6.206945 4.732895
5.100000 1 97.563507 14.587944 6.210141 4.731679
5.200000 1 97.495802 14.728108 6.213367 4.730409
5.300000 1 97.426909 14.873946 6.216625 4.729084
5.400000 1 97.391852 14.949065 6.218264 4.728400
5.500000 1 97.356484 15.025702 6.219911 4.727701
5.600000 1 97.320799 15.103895 6.221565 4.726987
5.700000 1 97.284795 15.183681 6.223227 4.726259
5.800000 1 97.248466 15.265098 6.224896 4.725515
5.900000 1 97.211807 15.348188 6.226573 4.724755
6.000000 1 97.174815 15.432991 6.228257 4.723980
6.100000 1 97.137484 15.519552 6.229949 4.723188
6.200000 1 97.099810 15.607916 6.231647 4.722380
6.300000 1 97.061788 15.698128 6.233353 4.721555
6.400000 1 97.023414 15.790239 6.235066 4.720713
6.500000 1 96.984682 15.884299 6.236786 4.719853
6.600000 1 96.945587 15.980361 6.238514 4.718976
6.700000 1 96.906125 16.078481 6.240248 4.718080
6.800000 1 96.866289 16.178714 6.241989 4.717166
6.900000 1 96.826076 16.281122 6.243737 4.716233
7.000000 1 96.785480 16.385767 6.245492 4.715280
7.100000 1 96.744495 16.492715 6.247254 4.714308
7.200000 1 96.703116 16.602033 6.249022 4.713315
7.300000 1 96.661337 16.713793 6.250797 4.712302
7.400000 1 96.619154 16.828070 6.252579 4.711268
7.500000 1 96.576560 16.944941 6.254367 4.710212
7.600000 1 96.533549 17.064489 6.256161 4.709134
7.700000 1 96.490116 17.186798 6.257962 4.708034
7.800000 1 96.446255 17.311960 6.259770 4.706910
7.900000 1 96.401961 17.440066 6.261583 4.705762
8.000000 1 96.357226 17.571217 6.263403 4.704590
8.100000 1 96.312044 17.705516 6.265229 4.703394
8.200000 1 96.266411 17.843071 6.267061 4.702171
8.300000 1 96.220318 17.983996 6.268899 4.700922
8.400000 1 96.173761 18.128412 6.270743 4.699646
8.500000 1 96.126731 18.276444 6.272593 4.698343
8.600000 1 96.079143 18.428216 6.274448 4.697011
8.700000 1 96.030899 18.583858 6.276307 4.695649
8.800000 1 95.981988 18.743514 6.278170 4.694258
8.900000 1 95.932402 18.907339 6.280038 4.692835
9.000000 1 95.882129 19.075494 6.281910 4.691380
9.100000 1 95.831160 19.248150 6.283785 4.689892
9.200000 1 95.779487 19.425486 6.285664 4.688371
9.300000 1 95.727098 19.607691 6.287547 4.686814
9.400000 1 95.673985 19.794967 6.289434 4.685222
9.500000 1 95.620139 19.987525 6.291324 4.683592
9.600000 1 95.565551 20.185589 6.293217 4.681924
9.700000 1 95.537882 20.286746 6.294164 4.681075
9.800000 1 95.510024 20.389369 6.295112 4.680217
9.900000 1 95.481975 20.493490 6.296061 4.679348
10.000000 1 95.453736 20.599141 6.297010 4.678469
10.100000 1 95.425305 20.706355 6.297960 4.677579
10.200000 1 95.396681 20.815168 6.298911 4.676678
10.300000 1 95.367864 20.925615 6.299863 4.675767
10.400000 1 95.338851 21.037732 6.300815 4.674845
10.500000 1 95.309644 21.151557 6.301769 4.673912
10.600000 1 95.280241 21.267129 6.302722 4.672967
10.700000 1 95.250641 21.384487 6.303677 4.672010
10.800000 1 95.220843 21.503674 6.304632 4.671042
10.900000 1 95.190848 21.624730 6.305588 4.670062
11.000000 1 95.160654 21.747701 6.306545 4.669070
11.100000 1 95.130261 21.872631 6.307502 4.668066
11.200000 1 95.099668 21.999565 6.308460 4.667048
11.300000 1 95.068876 22.128553 6.309418 4.666019
11.400000 1 95.037883 22.259643 6.310377 4.664976
11.500000 1 95.006690 22.392886 6.311337 4.663920
11.600000 1 94.975296 22.528334 6.312297 4.662850
11.700000 1 94.943701 22.666041 6.313258 4.661767
11.800000 1 94.911906 22.806063 6.314220 4.660670
11.900000 1 94.879910 22.948458 6.315182 4.659559
12.000000 1 94.847713 23.093284 6.316145 4.658434
12.100000 1 94.815316 23.240603 6.317108 4.657294
12.200000 1 94.782719 23.390477 6.318072 4.656139
12.300000 1 94.749922 23.542972 6.319037 4.654969
12.400000 1 94.716926 23.698155 6.320002 4.653784
12.500000 1 94.683731 23.856095 6.320968 4.652583
12.600000 1 94.650338 24.016865 6.321934 4.651366
12.700000 1 94.616749 24.180537 6.322901 4.650133
12.800000 1 94.582964 24.347189 6.323868 4.648883
12.900000 1 94.548983 24.516900 6.324837 4.647617
13.000000 1 94.514810 24.689750 6.325805 4.646334
13.100000 1 94.480444 24.865825 6.326775 4.645033
13.200000 1 94.445887 25.045212 6.327744 4.643714
13.300000 1 94.411141 25.228001 6.328715 4.642378
13.400000 1 94.376209 25.414284 6.329686 4.641023
13.500000 1 94.341091 25.604159 6.330658 4.639650
13.600000 1 94.305791 25.797726 6.331630 4.638257
13.700000 1 94.270310 25.995087 6.332604 4.636846
13.800000 1 94.234651 26.196349 6.333577 4.635415
13.900000 1 94.198818 26.401623 6.334552 4.633963
14.000000 1 94.162812 26.611024 6.335527 4.632492
14.100000 1 94.126637 26.824670 6.336503 4.630999
14.200000 1 94.090298 27.042684 6.337480 4.629486
14.300000 1 94.053796 27.265193 6.338458 4.627951
14.400000 1 94.017136 27.492329 6.339436 4.626394
14.500000 1 93.980323 27.724228 6.340415 4.624815
14.600000 1 93.943361 27.961032 6.341395 4.623213
14.700000 1 93.906254 28.202888 6.342376 4.621588
14.800000 1 93.869008 28.449949 6.343359 4.619939
14.900000 1 93.831627 28.702371 6.344342 4.618267
15.000000 1 93.794118 28.960319 6.345326 4.616570
15.100000 1 93.756485 29.223964 6.346311 4.614849
15.200000 1 93.718736 29.493481 6.347297 4.613102
15.300000 1 93.680877 29.769053 6.348285 4.611329
15.400000 1 93.642915 30.050872 6.349273 4.609530
15.500000 1 93.604856 30.339135 6.350263 4.607705
15.600000 1 93.566708 30.634047 6.351255 4.605852
15.700000 1 93.528480 30.935821 6.352247 4.603972
15.800000 1 93.490179 31.244680 6.353242 4.602063
15.900000 1 93.470997 31.401835 6.353739 4.601098
16.000000 1 93.451801 31.560850 6.354237 4.600126
16.100000 1 93.432591 31.721753 6.354736 4.599146
16.200000 1 93.413370 31.884575 6.355235 4.598159
16.300000 1 93.394137 32.049349 6.355734 4.597164
16.400000 1 93.374896 32.216106 6.356234 4.596163
16.500000 1 93.355646 32.384879 6.356734 4.595153
16.600000 1 93.336389 32.555702 6.357235 4.594136
16.700000 1 93.317126 32.728608 6.357736 4.593111
16.800000 1 93.297859 32.903633 6.358238 4.592078
16.900000 1 93.278590 33.080813 6.358740 4.591037
17.000000 1 93.259318 33.260182 6.359242 4.589989
17.100000 1 93.240047 33.441779 6.359746 4.588932
17.200000 1 93.220777 33.625641 6.360249 4.587868
17.300000 1 93.201510 33.811806 6.360753 4.586795
17.400000 1 93.182247 34.000315 6.361258 4.585714
17.500000 1 93.162990 34.191207 6.361764 4.584624
17.600000 1 93.143740 34.384523 6.362270 4.583526
17.700000 1 93.124499 34.580305 6.362776 4.582420
17.800000 1 93.105269 34.778596 6.363283 4.581305
17.900000 1 93.086051 34.979440 6.363791 4.580182
18.000000 1 93.066847 35.182881 6.364300 4.579050
18.100000 1 93.047659 35.388965 6.364809 4.577909
18.200000 1 93.028488 35.597738 6.365318 4.576759
18.300000 1 93.009336 35.809248 6.365829 4.575600
18.400000 1 92.990205 36.023543 6.366340 4.574432
18.500000 1 92.971097 36.240673 6.366852 4.573255
18.600000 1 92.952013 36.460689 6.367364 4.572069
18.700000 1 92.932956 36.683642 6.367878 4.570874
18.800000 1 92.913927 36.909585 6.368392 4.569669
18.900000 1 92.894928 37.138573 6.368907 4.568455
19.000000 1 92.875962 37.370660 6.369422 4.567231
19.100000 1 92.857030 37.605903 6.369939 4.565997
19.200000 1 92.838134 37.844360 6.370456 4.564754
19.300000 1 92.819276 38.086089 6.370974 4.563501
19.400000 1 92.800459 38.331152 6.371493 4.562238
19.500000 1 92.781684 38.579609 6.372013 4.560965
19.600000 1 92.762953 38.831523 6.372534 4.559682
19.700000 1 92.744270 39.086960 6.373056 4.558389
19.800000 1 92.725635 39.345985 6.373579 4.557085
19.900000 1 92.707051 39.608665 6.374102 4.555771
20.000000 1 92.688521 39.875069 6.374627 4.554447
20.100000 1 92.670046 40.145269 6.375153 4.553112
20.200000 1 92.651630 40.419335 6.375679 4.551766
20.300000 1 92.633273 40.697342 6.376207 4.550409
20.400000 1 92.614979 40.979366 6.376736 4.549042
20.500000 1 92.596749 41.265482 6.377266 4.547664
20.600000 1 92.578587 41.555772 6.377797 4.546274
20.700000 1 92.560495 41.850315 6.378329 4.544873
20.800000 1 92.542474 42.149194 6.378862 4.543461
20.900000 1 92.524528 42.452494 6.379396 4.542038
21.000000 1 92.506659 42.760301 6.379932 4.540603
21.100000 1 92.488869 43.072705 6.380469 4.539157
21.200000 1 92.471161 43.389796 6.381007 4.537698
21.300000 1 92.453538 43.711668 6.381546 4.536228
21.400000 1 92.436001 44.038415 6.382087 4.534746
21.500000 1 92.418554 44.370136 6.382629 4.533252
21.600000 1 92.401199 44.706930 6.383172 4.531746
21.700000 1 92.383938 45.048899 6.383717 4.530228
21.800000 1 92.366774 45.396148 6.384263 4.528697
21.900000 1 92.349711 45.748785 6.384810 4.527153
22.000000 1 92.332749 46.106920 6.385359 4.525597
22.100000 1 92.315892 46.470665 6.385909 4.524028
22.200000 1 92.299143 46.840136 6.386461 4.522447
22.300000 1 92.282503 47.215451 6.387014 4.520852
22.400000 1 92.265977 47.596732 6.387569 4.519244
22.500000 1 92.249565 47.984103 6.388125 4.517623
22.600000 1 92.233272 48.377691 6.388683 4.515989
22.700000 1 92.217098 48.777627 6.389242 4.514341
22.800000 1 92.201048 49.184044 6.389803 4.512679
22.900000 1 92.185124 49.597081 6.390366 4.511004
23.000000 1 92.169327 50.016877 6.390930 4.509315
23.100000 1 92.153662 50.406781 6.391803 4.507847
23.200000 1 92.126394 50.436057 6.394808 4.508472
23.300000 1 92.115963 50.035328 6.396418 4.510607
23.400000 1 92.111293 49.764456 6.397205 4.511982
23.500000 1 92.106858 49.452272 6.397988 4.513544
23.600000 1 92.102639 49.105570 6.398762 4.515266
23.700000 1 92.098622 48.730949 6.399522 4.517119
23.800000 1 92.094797 48.334637 6.400266 4.519078
23.900000 1 92.091152 47.922372 6.400990 4.521119
24.000000 1 92.087677 47.499341 6.401693 4.523220
24.100000 1 92.084365 47.070155 6.402372 4.525361
24.200000 1 92.081209 46.638841 6.403027 4.527524
24.300000 1 92.078202 46.208873 6.403657 4.529692
24.400000 1 92.075337 45.783192 6.404262 4.531853
24.500000 1 92.072610 45.364259 6.404841 4.533994
24.600000 1 92.070014 44.954090 6.405395 4.536105
24.700000 1 92.067545 44.554307 6.405924 4.538177
24.800000 1 92.065198 44.166184 6.406428 4.540203
24.900000 1 92.062968 43.790688 6.406908 4.542177
25.000000 1 92.060850 43.428522 6.407364 4.544094
25.100000 1 92.058841 43.080161 6.407797 4.545951
25.200000 1 92.056935 42.745887 6.408208 4.547745
25.300000 1 92.055129 42.425821 6.408598 4.549475
25.400000 1 92.053418 42.119947 6.408967 4.551139
25.500000 1 92.051798 41.828140 6.409317 4.552736
25.600000 1 92.050265 41.550181 6.409648 4.554266
25.700000 1 92.048816 41.285780 6.409960 4.555730
25.800000 1 92.047446 41.034589 6.410255 4.557129
25.900000 1 92.046151 40.796218 6.410534 4.558464
26.000000 1 92.044929 40.570242 6.410797 4.559736
26.100000 1 92.043775 40.356214 6.411046 4.560947
26.200000 1 92.042686 40.153670 6.411280 4.562098
26.300000 1 92.040633 39.769039 6.411722 4.564299
26.400000 1 92.038815 39.427369 6.412113 4.566270
26.500000 1 92.037209 39.124565 6.412458 4.568030
26.600000 1 92.035792 38.856724 6.412762 4.569598
26.700000 1 92.034542 38.620189 6.413030 4.570991
26.800000 1 92.033442 38.411582 6.413265 4.572226
26.900000 1 92.031504 38.042907 6.413680 4.574424
27.000000 1 92.030037 37.763441 6.413994 4.576103
27.100000 1 92.028928 37.552212 6.414231 4.577380
27.200000 1 92.027255 37.232801 6.414588 4.579325
27.300000 2 92.025568 35.388621 6.414948 4.590446
27.400000 2 92.025566 35.421439 6.414956 4.590247
27.500000 2 92.025550 35.650480 6.415018 4.588862
27.600000 2 92.025534 35.881002 6.415079 4.587478
27.700000 2 92.025518 36.113014 6.415140 4.586094
27.800000 2 92.025502 36.346527 6.415201 4.584709
27.900000 2 92.025486 36.581551 6.415262 4.583325
28.000000 2 92.025470 36.818093 6.415323 4.581941
28.100000 2 92.025454 37.056166 6.415384 4.580556
28.200000 2 92.025439 37.295778 6.415445 4.579172
28.300000 2 92.025423 37.536940 6.415507 4.577788
28.400000 2 92.025408 37.779661 6.415568 4.576403
28.500000 2 92.025392 38.023952 6.415629 4.575019
28.600000 2 92.025377 38.269822 6.415690 4.573635
28.700000 2 92.025362 38.517283 6.415751 4.572251
28.800000 2 92.025346 38.766344 6.415812 4.570866
28.900000 2 92.025331 39.017015 6.415873 4.569482
29.000000 2 92.025316 39.269308 6.415934 4.568098
29.100000 2 92.025301 39.523232 6.415996 4.566713
29.200000 2 92.025286 39.778798 6.416057 4.565329
29.300000 2 92.025271 40.036016 6.416118 4.563945
29.400000 2 92.025256 40.294898 6.416179 4.562560
29.500000 2 92.025242 40.555455 6.416240 4.561176
29.600000 2 92.025227 40.817696 6.416301 4.559792
29.700000 2 92.025212 41.081633 6.416362 4.558407
29.800000 2 92.025198 41.347277 6.416423 4.557023
29.900000 2 92.025184 41.614639 6.416485 4.555639
30.000000 2 92.025169 41.883729 6.416546 4.554254
30.100000 2 92.025155 42.154560 6.416607 4.552870
30.200000 2 92.025141 42.427143 6.416668 4.551486
30.300000 2 92.025127 42.701488 6.416729 4.550101
30.400000 2 92.025113 42.977607 6.416790 4.548717
30.500000 2 92.025099 43.255512 6.416851 4.547333
30.600000 2 92.025085 43.535214 6.416913 4.545948
30.700000 2 92.025072 43.816724 6.416974 4.544564
30.800000 2 92.025058 44.100055 6.417035 4.543180
30.900000 2 92.025044 44.385219 6.417096 4.541795
31.000000 2 92.025031 44.672226 6.417157 4.540411
31.100000 2 92.025018 44.961090 6.417218 4.539027
31.200000 2 92.025004 45.251822 6.417279 4.537642
31.300000 2 92.024991 45.544433 6.417341 4.536258
31.400000 2 92.024978 45.838937 6.417402 4.534874
31.500000 2 92.024965 46.135346 6.417463 4.533489
31.600000 2 92.024952 46.433671 6.417524 4.532105
31.700000 2 92.024940 46.733926 6.417585 4.530721
31.800000 2 92.024927 47.036122 6.417646 4.529336
31.900000 2 92.024914 47.340272 6.417707 4.527952
32.000000 2 92.024902 47.646390 6.417769 4.526568
32.100000 2 92.024890 47.954487 6.417830 4.525183
32.200000 2 92.024877 48.264576 6.417891 4.523799
32.300000 2 92.024865 48.576671 6.417952 4.522415
32.400000 2 92.024853 48.890784 6.418013 4.521030
32.500000 2 92.024841 49.206928 6.418074 4.519646
32.600000 2 92.024829 49.525117 6.418136 4.518262
32.700000 2 92.024817 49.845363 6.418197 4.516877
32.800000 2 92.024806 50.167680 6.418258 4.515493
32.900000 2 92.024794 50.492082 6.418319 4.514109
33.000000 2 92.024783 50.818582 6.418380 4.512724
33.100000 2 92.024771 51.147193 6.418441 4.511340
33.200000 2 92.024760 51.477929 6.418502 4.509956
33.300000 2 92.024749 51.810804 6.418564 4.508571
33.400000 2 92.024738 52.145831 6.418625 4.507187
33.500000 2 92.024727 52.483026 6.418686 4.505803
33.600000 2 92.024716 52.822400 6.418747 4.504418
33.700000 2 92.024705 53.163970 6.418808 4.503034
33.800000 2 92.024695 53.507748 6.418869 4.501650
33.900000 2 92.024684 53.853750 6.418931 4.500265
34.000000 2 92.024673 54.201989 6.418992 4.498881
34.100000 2 92.024663 54.552480 6.419053 4.497497
34.200000 2 92.024653 54.905237 6.419114 4.496112
34.300000 2 92.024643 55.260276 6.419175 4.494728
34.400000 2 92.024633 55.617611 6.419236 4.493344
34.500000 2 92.024623 55.977257 6.419298 4.491959
34.600000 2 92.024613 56.339228 6.419359 4.490575
34.700000 2 92.024603 56.703541 6.419420 4.489190
34.800000 2 92.024593 57.070209 6.419481 4.487806
34.900000 2 92.024584 57.439248 6.419542 4.486422
35.000000 2 92.024574 57.810674 6.419603 4.485037
35.100000 2 92.024565 58.184502 6.419665 4.483653
35.200000 2 92.024556 58.560748 6.419726 4.482269
35.300000 2 92.024547 58.939427 6.419787 4.480884
35.400000 2 92.024538 59.320554 6.419848 4.479500
35.500000 2 92.024529 59.704146 6.419909 4.478116
35.600000 2 92.024520 60.090219 6.419971 4.476731
35.700000 2 92.024511 60.478789 6.420032 4.475347
35.800000 2 92.024503 60.869871 6.420093 4.473963
35.900000 2 92.024494 61.263482 6.420154 4.472578
36.000000 2 92.024486 61.659639 6.420215 4.471194
36.100000 2 92.024072 62.058095 6.420273 4.469810
36.200000 2 92.023658 62.459125 6.420331 4.468425
36.300000 2 92.023245 62.862746 6.420388 4.467041
36.400000 2 92.022831 63.268976 6.420446 4.465657
36.500000 2 92.022418 63.677830 6.420504 4.464272
36.600000 2 92.022004 64.089327 6.420561 4.462888
36.700000 2 92.021591 64.503483 6.420619 4.461504
36.800000 2 92.021177 64.920315 6.420677 4.460119
36.900000 2 92.020764 65.339841 6.420734 4.458735
37.000000 2 92.020350 65.762078 6.420792 4.457351
37.100000 2 92.019937 66.187044 6.420850 4.455966
37.200000 2 92.019523 66.614755 6.420907 4.454582
37.300000 2 92.019109 67.045231 6.420965 4.453198
37.400000 2 92.018696 67.478489 6.421023 4.451814
37.500000 2 92.018282 67.914546 6.421080 4.450429
37.600000 2 92.017869 68.353421 6.421138 4.449045
37.700000 2 92.017455 68.795133 6.421196 4.447661
37.800000 2 92.017042 69.239699 6.421253 4.446276
37.900000 2 92.016628 69.687137 6.421311 4.444892
38.000000 2 92.016214 70.137468 6.421369 4.443508
38.100000 2 92.015801 70.590708 6.421426 4.442123
38.200000 2 92.015387 71.046877 6.421484 4.440739
38.300000 2 92.014974 71.505994 6.421542 4.439355
38.400000 2 92.014560 71.968078 6.421599 4.437970
38.500000 2 92.014147 72.433148 6.421657 4.436586
38.600000 2 92.013733 72.901224 6.421715 4.435202
38.700000 2 92.013319 73.372324 6.421772 4.433817
38.800000 2 92.012906 73.846468 6.421830 4.432433
38.900000 2 92.012492 74.323677 6.421888 4.431049
39.000000 2 92.012079 74.803969 6.421945 4.429665
39.100000 2 92.011665 75.287366 6.422003 4.428280
39.200000 2 92.011252 75.773886 6.422061 4.426896
39.300000 2 92.010838 76.263550 6.422118 4.425512
39.400000 2 92.010424 76.756378 6.422176 4.424127
39.500000 2 92.010011 77.252391 6.422234 4.422743
39.600000 2 92.009597 77.751609 6.422291 4.421359
39.700000 2 92.009184 78.254054 6.422349 4.419974
39.800000 2 92.008770 78.759745 6.422407 4.418590
39.900000 2 92.008356 79.268704 6.422464 4.417206
40.000000 2 92.007943 79.780952 6.422522 4.415821
40.100000 2 92.007529 80.296511 6.422580 4.414437
40.200000 2 92.007116 80.815401 6.422637 4.413053
40.300000 2 92.006702 81.337644 6.422695 4.411669
40.400000 2 92.006288 81.863262 6.422753 4.410284
40.500000 2 92.005875 82.392276 6.422810 4.408900
40.600000 2 92.005461 82.924710 6.422868 4.407516
40.700000 2 92.005047 83.460584 6.422926 4.406131
40.800000 2 92.004634 83.999920 6.422983 4.404747
40.900000 2 92.004220 84.542742 6.423041 4.403363
41.000000 2 92.003807 85.089072 6.423099 4.401978
41.100000 2 92.003393 85.638933 6.423156 4.400594
41.200000 2 92.002979 86.192347 6.423214 4.399210
41.300000 2 92.002566 86.749336 6.423272 4.397825
41.400000 2 92.002152 87.309926 6.423329 4.396441
41.500000 2 92.001738 87.874138 6.423387 4.395057
41.600000 2 92.001325 88.441996 6.423445 4.393672
41.700000 2 92.000911 89.013523 6.423502 4.392288
41.800000 2 92.000498 89.588744 6.423560 4.390904
41.900000 2 92.000084 90.167682 6.423618 4.389520
42.000000 2 91.999670 90.750361 6.423675 4.388135
42.100000 2 91.999257 91.336806 6.423733 4.386751
42.200000 2 91.998843 91.927040 6.423791 4.385367
42.300000 2 91.998429 92.521089 6.423848 4.383982
42.400000 2 91.998016 93.118976 6.423906 4.382598
42.500000 2 91.997602 93.720727 6.423964 4.381214
42.600000 2 91.997188 94.326367 6.424021 4.379829
42.700000 2 91.996775 94.935920 6.424079 4.378445
42.800000 2 91.996361 95.549412 6.424137 4.377061
42.900000 2 91.995948 96.166869 6.424194 4.375676
43.000000 2 91.995534 96.788316 6.424252 4.374292
43.100000 2 91.995120 97.413779 6.424310 4.372908
43.200000 2 91.994707 98.043284 6.424367 4.371523
43.300000 2 91.994293 98.676856 6.424425 4.370139
43.400000 2 91.993879 99.314523 6.424483 4.368755
43.500000 2 91.993466 99.956310 6.424540 4.367371
43.600000 2 91.993052 100.602245 6.424598 4.365986
43.700000 2 91.992638 101.252354 6.424656 4.364602
43.800000 2 91.992225 101.906664 6.424713 4.363218
43.900000 2 91.991811 102.565203 6.424771 4.361833
44.000000 2 91.991397 103.227997 6.424829 4.360449
44.100000 2 91.990984 103.895073 6.424886 4.359065
44.200000 2 91.990570 104.566461 6.424944 4.357680
44.300000 2 91.990156 105.242187 6.425002 4.356296
44.400000 2 91.989743 105.922280 6.425059 4.354912
44.500000 2 91.989329 106.606768 6.425117 4.353527
44.600000 2 91.988915 107.295679 6.425175 4.352143
44.700000 2 91.988502 107.989042 6.425232 4.350759
44.800000 2 91.988088 108.686886 6.425290 4.349375
44.900000 2 91.987674 109.389239 6.425348 4.347990
45.000000 2 91.987260 110.096130 6.425405 4.346606
45.100000 2 91.986847 110.807590 6.425463 4.345222
45.200000 2 91.986433 111.523647 6.425521 4.343837
45.300000 2 91.986019 112.244332 6.425578 4.342453
45.400000 2 91.985606 112.969674 6.425636 4.341069
45.500000 2 91.985192 113.699702 6.425694 4.339684
45.600000 2 91.984778 114.434449 6.425751 4.338300
45.700000 2 91.984365 115.173943 6.425809 4.336916
45.800000 2 91.983951 115.918217 6.425867 4.335531
45.900000 2 91.983537 116.667299 6.425924 4.334147
46.000000 2 91.983124 117.421223 6.425982 4.332763
46.100000 2 91.982710 118.180018 6.426040 4.331378
46.200000 2 91.982296 118.943717 6.426097 4.329994
46.300000 2 91.981882 119.712351 6.426155 4.328610
46.400000 2 91.981469 120.485952 6.426213 4.327226
46.500000 2 91.981055 121.264552 6.426270 4.325841
46.600000 2 91.980641 122.048183 6.426328 4.324457
46.700000 2 91.980228 122.836878 6.426386 4.323073
46.800000 2 91.979814 123.630670 6.426443 4.321688
46.900000 2 91.979400 124.429592 6.426501 4.320304
47.000000 2 91.978986 125.233676 6.426559 4.318920
47.100000 2 91.978573 126.042956 6.426616 4.317535
47.200000 2 91.978159 126.857466 6.426674 4.316151
47.300000 2 91.977745 127.677240 6.426732 4.314767
47.400000 2 91.977332 128.502311 6.426789 4.313382
47.500000 2 91.976918 129.332713 6.426847 4.311998
47.600000 2 91.976504 130.168482 6.426905 4.310614
47.700000 2 91.976090 131.009651 6.426962 4.309230
47.800000 2 91.975677 131.856257 6.427020 4.307845
47.900000 2 91.975263 132.708333 6.427078 4.306461
48.000000 2 91.974849 133.565915 6.427135 4.305077
48.100000 2 91.974435 134.429039 6.427193 4.303692
48.200000 2 91.974022 135.297741 6.427251 4.302308
48.300000 2 91.973608 136.172056 6.427308 4.300924
48.400000 2 91.973194 137.052021 6.427366 4.299539
48.500000 2 91.972780 137.937673 6.427424 4.298155
48.600000 2 91.972367 138.829047 6.427482 4.296771
48.700000 2 91.971953 139.726182 6.427539 4.295386
48.800000 2 91.971539 140.629114 6.427597 4.294002
48.900000 2 91.971125 141.537882 6.427655 4.292618
49.000000 2 91.970712 142.452521 6.427712 4.291234
49.100000 2 91.970298 143.373071 6.427770 4.289849
49.200000 2 91.969884 144.299570 6.427828 4.288465
49.300000 2 91.969470 145.232056 6.427885 4.287081
49.400000 2 91.969057 146.170567 6.427943 4.285696
49.500000 2 91.968643 147.115144 6.428001 4.284312
49.600000 2 91.968229 148.065824 6.428058 4.282928
49.700000 2 91.967815 149.022648 6.428116 4.281543
49.800000 2 91.967402 149.985654 6.428174 4.280159
49.900000 2 91.966988 150.954884 6.428231 4.278775
50.000000 2 91.966574 151.930377 6.428289 4.277390
50.100000 2 91.966160 152.912174 6.428347 4.276006
50.200000 2 91.965747 153.900315 6.428404 4.274622
50.300000 2 91.965333 154.894841 6.428462 4.273238
50.400000 2 91.964919 155.895795 6.428520 4.271853
50.500000 2 91.964505 156.903216 6.428577 4.270469
50.600000 2 91.964091 157.917148 6.428635 4.269085
50.700000 2 91.963678 158.937631 6.428693 4.267700
50.800000 2 91.963264 159.964709 6.428750 4.266316
50.900000 2 91.962850 160.998424 6.428808 4.264932
51.000000 2 91.962436 162.038819 6.428866 4.263547
51.100000 2 91.962023 163.085937 6.428923 4.262163
51.200000 2 91.961609 164.139822 6.428981 4.260779
51.300000 2 91.961195 165.200517 6.429039 4.259395
51.400000 2 91.960781 166.268066 6.429096 4.258010
51.500000 2 91.960367 167.342514 6.429154 4.256626
51.600000 2 91.959954 168.423904 6.429212 4.255242
51.700000 2 91.959540 169.512283 6.429269 4.253857
51.800000 2 91.959126 170.607695 6.429327 4.252473
51.900000 2 91.958712 171.710186 6.429385 4.251089
52.000000 2 91.958298 172.819801 6.429442 4.249704
52.100000 2 91.957885 173.936586 6.429500 4.248320
52.200000 2 91.957471 175.060588 6.429558 4.246936
52.300000 2 91.957057 176.191853 6.429615 4.245551
52.400000 2 91.956643 177.330429 6.429673 4.244167
52.500000 2 91.956229 178.476362 6.429731 4.242783
52.600000 2 91.955816 179.629700 6.429788 4.241399
52.700000 2 91.955402 180.790492 6.429846 4.240014
52.800000 2 91.954988 181.958784 6.429904 4.238630
52.900000 2 91.954574 183.134626 6.429961 4.237246
53.000000 2 91.954160 184.318066 6.430019 4.235861
53.100000 2 91.953747 185.509153 6.430077 4.234477
53.200000 2 91.953333 186.707938 6.430134 4.233093
53.300000 2 91.952919 187.914469 6.430192 4.231708
53.400000 2 91.952505 189.128796 6.430250 4.230324
53.500000 2 91.952091 190.350971 6.430307 4.228940
53.600000 2 91.951677 191.581043 6.430365 4.227556
53.700000 2 91.951264 192.819065 6.430423 4.226171
53.800000 2 91.950850 194.065086 6.430480 4.224787
53.900000 2 91.950436 195.319159 6.430538 4.223403
54.000000 2 91.950022 196.581336 6.430596 4.222018
54.100000 2 91.949608 197.851669 6.430653 4.220634
54.200000 2 91.949194 199.130211 6.430711 4.219250
54.300000 2 91.948781 200.417015 6.430769 4.217865
54.400000 2 91.948367 201.712134 6.430826 4.216481
54.500000 2 91.947953 203.015623 6.430884 4.215097
54.600000 2 91.947539 204.327535 6.430942 4.213713
54.700000 2 91.947125 205.647924 6.431000 4.212328
54.800000 2 91.946711 206.976845 6.431057 4.210944
54.900000 2 91.946298 208.314355 6.431115 4.209560
55.000000 2 91.945884 209.660507 6.431173 4.208175
55.100000 2 91.945470 211.015358 6.431230 4.206791
55.200000 2 91.945056 212.378964 6.431288 4.205407
55.300000 2 91.944642 213.751381 6.431346 4.204022
55.400000 2 91.944228 215.132667 6.431403 4.202638
55.500000 2 91.943814 216.522880 6.431461 4.201254
55.600000 2 91.943401 217.922075 6.431519 4.199870
55.700000 2 91.942987 219.330312 6.431576 4.198485
55.800000 2 91.942573 220.747650 6.431634 4.197101
55.900000 2 91.942159 222.174146 6.431692 4.195717
56.000000 2 91.941745 223.609860 6.431749 4.194332
56.100000 2 91.941331 225.054852 6.431807 4.192948
56.200000 2 91.940917 226.509181 6.431865 4.191564
56.300000 2 91.940503 227.972908 6.431922 4.190180
56.400000 2 91.940090 229.446094 6.431980 4.188795
56.500000 2 91.939676 230.928799 6.432038 4.187411
56.600000 2 91.939262 232.421086 6.432095 4.186027
56.700000 2 91.938848 233.923016 6.432153 4.184642
56.800000 2 91.938434 235.434651 6.432211 4.183258
56.900000 2 91.938020 236.956055 6.432268 4.181874
57.000000 2 91.937606 238.487289 6.432326 4.180489
57.100000 2 91.937192 240.028419 6.432384 4.179105
57.200000 2 91.936779 241.579507 6.432441 4.177721
57.300000 2 91.936365 243.140619 6.432499 4.176337
57.400000 2 91.935951 244.711818 6.432557 4.174952
57.500000 2 91.935537 246.293170 6.432614 4.173568
57.600000 2 91.935123 247.884741 6.432672 4.172184
57.700000 2 91.934709 249.486597 6.432730 4.170799
57.800000 2 91.934295 251.098804 6.432787 4.169415
57.900000 2 91.933881 252.721429 6.432845 4.168031
58.000000 2 91.933467 254.354539 6.432903 4.166647
58.100000 2 91.933053 255.998203 6.432960 4.165262
58.200000 2 91.932640 257.652488 6.433018 4.163878
58.300000 2 91.932226 259.317462 6.433076 4.162494
58.400000 2 91.931812 260.993196 6.433133 4.161109
58.500000 2 91.931398 262.679758 6.433191 4.159725
58.600000 2 91.930984 264.377219 6.433249 4.158341
58.700000 2 91.930570 266.085649 6.433306 4.156956
58.800000 2 91.930156 267.805118 6.433364 4.155572
58.900000 2 91.929742 269.535699 6.433422 4.154188
59.000000 2 91.929328 271.277462 6.433480 4.152804
59.100000 2 91.928914 273.030481 6.433537 4.151419
59.200000 2 91.928500 274.794828 6.433595 4.150035
59.300000 2 91.928087 276.570576 6.433653 4.148651
59.400000 2 91.927673 278.357798 6.433710 4.147266
59.500000 2 91.927259 280.156570 6.433768 4.145882
59.600000 2 91.926845 281.966965 6.433826 4.144498
59.700000 2 91.926431 283.789059 6.433883 4.143114
59.800000 2 91.926017 285.622928 6.433941 4.141729
59.900000 2 91.925603 287.468646 6.433999 4.140345
60.000000 2 91.925189 289.326292 6.434056 4.138961
60.100000 2 91.924775 291.195941 6.434114 4.137576
60.200000 2 91.924361 293.077672 6.434172 4.136192
60.300000 2 91.923947 294.971563 6.434229 4.134808
60.400000 2 91.923533 296.877692 6.434287 4.133424
60.500000 2 91.923119 298.796138 6.434345 4.132039
60.600000 2 91.922705 300.726982 6.434402 4.130655
60.700000 2 91.922292 302.670302 6.434460 4.129271
60.800000 2 91.921878 304.626180 6.434518 4.127886
60.900000 2 91.921464 306.594696 6.434575 4.126502
61.000000 2 91.921050 308.575933 6.434633 4.125118
61.100000 2 91.920636 310.569973 6.434691 4.123734
61.200000 2 91.920222 312.576898 6.434748 4.122349
61.300000 2 91.919808 314.596792 6.434806 4.120965
61.400000 2 91.919394 316.629738 6.434864 4.119581
61.500000 2 91.918980 318.675821 6.434921 4.118196
61.600000 2 91.918566 320.735125 6.434979 4.116812
61.700000 2 91.918152 322.807737 6.435037 4.115428
61.800000 2 91.917738 324.893741 6.435094 4.114044
61.900000 2 91.917324 326.993225 6.435152 4.112659
62.000000 2 91.916910 329.106276 6.435210 4.111275
62.100000 2 91.916496 331.232982 6.435267 4.109891
62.200000 2 91.916082 333.373430 6.435325 4.108506
62.300000 2 91.915668 335.527709 6.435383 4.107122
62.400000 2 91.915254 337.695909 6.435441 4.105738
62.500000 2 91.914840 339.878120 6.435498 4.104354
62.600000 2 91.914426 342.074432 6.435556 4.102969
62.700000 2 91.914012 344.284937 6.435614 4.101585
62.800000 2 91.913598 346.509725 6.435671 4.100201
62.900000 2 91.913184 348.748890 6.435729 4.098816
63.000000 2 91.912770 351.002525 6.435787 4.097432
63.100000 2 91.912356 353.270722 6.435844 4.096048
63.200000 2 91.911942 355.553576 6.435902 4.094664
63.300000 2 91.911528 357.851182 6.435960 4.093279
63.400000 2 91.911114 360.163634 6.436017 4.091895
63.500000 2 91.910700 362.491030 6.436075 4.090511
63.600000 2 91.910286 364.833464 6.436133 4.089126
63.700000 2 91.909872 367.191036 6.436190 4.087742
63.800000 2 91.909458 369.563842 6.436248 4.086358
63.900000 2 91.909044 371.951980 6.436306 4.084974
64.000000 2 91.908630 374.355551 6.436363 4.083589
64.100000 2 91.908216 376.774653 6.436421 4.082205
64.200000 2 91.907802 379.209387 6.436479 4.080821
64.300000 2 91.907388 381.659855 6.436536 4.079436
64.400000 2 91.906974 384.126157 6.436594 4.078052
64.500000 2 91.906560 386.608395 6.436652 4.076668
64.600000 2 91.906146 389.106674 6.436709 4.075284
64.700000 2 91.905732 391.621097 6.436767 4.073899
64.800000 2 91.905318 394.151767 6.436825 4.072515
64.900000 2 91.904904 396.698791 6.436882 4.071131
65.000000 2 91.904490 399.262272 6.436940 4.069746
65.100000 2 91.904076 401.842319 6.436998 4.068362
65.200000 2 91.903662 404.439038 6.437055 4.066978
65.300000 2 91.903248 407.052537 6.437113 4.065594
65.400000 2 91.902834 409.682923 6.437171 4.064209
65.500000 2 91.902420 412.330307 6.437229 4.062825
65.600000 2 91.902006 414.994798 6.437286 4.061441
65.700000 2 91.901592 417.676507 6.437344 4.060057
65.800000 2 91.901178 420.375544 6.437402 4.058672
65.900000 2 91.900764 423.092023 6.437459 4.057288
66.000000 2 91.900350 425.826055 6.437517 4.055904
66.100000 2 91.899936 428.577754 6.437575 4.054519
66.200000 2 91.899522 431.347234 6.437632 4.053135
66.300000 2 91.899108 434.134610 6.437690 4.051751
66.400000 2 91.898694 436.939997 6.437748 4.050367
66.500000 2 91.898280 439.763513 6.437805 4.048982
66.600000 2 91.897866 442.605274 6.437863 4.047598
66.700000 2 91.897452 445.465398 6.437921 4.046214
66.800000 2 91.897038 448.344004 6.437978 4.044829
66.900000 2 91.896624 451.241211 6.438036 4.043445
67.000000 2 91.896210 454.157140 6.438094 4.042061
67.100000 2 91.895796 457.091910 6.438151 4.040677
67.200000 2 91.895382 460.045645 6.438209 4.039292
67.300000 2 91.894968 463.018466 6.438267 4.037908
67.400000 2 91.894554 466.010498 6.438324 4.036524
67.500000 2 91.894139 469.021863 6.438382 4.035140
67.600000 2 91.893725 472.052688 6.438440 4.033755
67.700000 2 91.893311 475.103097 6.438497 4.032371
67.800000 2 91.892897 478.173218 6.438555 4.030987
67.900000 2 91.892483 481.263177 6.438613 4.029602
68.000000 2 91.892069 484.373103 6.438670 4.028218
68.100000 2 91.891655 487.503125 6.438728 4.026834
68.200000 2 91.891241 490.653372 6.438786 4.025450
68.300000 2 91.890827 493.823977 6.438844 4.024065
68.400000 2 91.890413 497.015069 6.438901 4.022681
68.500000 2 91.889999 500.226781 6.438959 4.021297
68.600000 2 91.889585 503.459247 6.439017 4.019913
68.700000 2 91.889171 506.712601 6.439074 4.018528
68.800000 2 91.888757 509.986977 6.439132 4.017144
68.900000 2 91.888343 513.282512 6.439190 4.015760
69.000000 2 91.887928 516.599342 6.439247 4.014375
69.100000 2 91.887514 519.937605 6.439305 4.012991
69.200000 2 91.887100 523.297439 6.439363 4.011607
69.300000 2 91.886686 526.678984 6.439420 4.010223
69.400000 2 91.886272 530.082380 6.439478 4.008838
69.500000 2 91.885858 533.507768 6.439536 4.007454
69.600000 2 91.885444 536.955291 6.439593 4.006070
69.700000 2 91.885030 540.425091 6.439651 4.004686
69.800000 2 91.884616 543.917312 6.439709 4.003301
69.900000 2 91.884202 547.432099 6.439766 4.001917
70.000000 2 91.883788 550.969598 6.439824 4.000533
70.100000 2 91.883373 554.529956 6.439882 3.999149
70.200000 2 91.882959 558.113320 6.439939 3.997764
70.300000 2 91.882545 561.719839 6.439997 3.996380
70.400000 2 91.882131 565.349663 6.440055 3.994996
70.500000 2 91.881717 569.002942 6.440112 3.993611
70.600000 2 91.881303 572.679828 6.440170 3.992227
70.700000 2 91.880889 576.380474 6.440228 3.990843
70.800000 2 91.880475 580.105032 6.440286 3.989459
70.900000 2 91.880061 583.853658 6.440343 3.988074
71.000000 2 91.879646 587.626507 6.440401 3.986690
71.100000 2 91.879232 591.423735 6.440459 3.985306
71.200000 2 91.878818 595.245500 6.440516 3.983922
71.300000 2 91.878404 599.091961 6.440574 3.982537
71.400000 2 91.877990 602.963276 6.440632 3.981153
71.500000 2 91.877576 606.859608 6.440689 3.979769
71.600000 2 91.877162 610.781117 6.440747 3.978385
71.700000 2 91.876748 614.727965 6.440805 3.977000
71.800000 2 91.876334 618.700318 6.440862 3.975616
71.900000 2 91.875919 622.698339 6.440920 3.974232
72.000000 2 91.875505 626.722195 6.440978 3.972847
72.100000 2 91.875091 630.772052 6.441035 3.971463
72.200000 2 91.874677 634.848078 6.441093 3.970079
72.300000 2 91.874263 638.950443 6.441151 3.968695
72.400000 2 91.873849 643.079316 6.441208 3.967310
72.500000 2 91.873435 647.234870 6.441266 3.965926
72.600000 2 91.873020 651.417276 6.441324 3.964542
72.700000 2 91.872606 655.626707 6.441381 3.963158
72.800000 2 91.872192 659.863339 6.441439 3.961773
72.900000 2 91.871778 664.127348 6.441497 3.960389
73.000000 2 91.871364 668.418909 6.441555 3.959005
73.100000 2 91.870950 672.738202 6.441612 3.957621
73.200000 2 91.870536 677.085404 6.441670 3.956236
73.300000 2 91.870121 681.460698 6.441728 3.954852
73.400000 2 91.869707 685.864264 6.441785 3.953468
73.500000 2 91.869293 690.296285 6.441843 3.952084
73.600000 2 91.868879 694.756944 6.441901 3.950699
73.700000 2 91.868465 699.246428 6.441958 3.949315
73.800000 2 91.868051 703.764921 6.442016 3.947931
73.900000 2 91.867636 708.312612 6.442074 3.946546
74.000000 2 91.867222 712.889689 6.442131 3.945162
74.100000 2 91.866808 717.496342 6.442189 3.943778
74.200000 2 91.866394 722.132762 6.442247 3.942394
74.300000 2 91.865980 726.799142 6.442304 3.941009
74.400000 2 91.865566 731.495675 6.442362 3.939625
74.500000 2 91.865151 736.222555 6.442420 3.938241
74.600000 2 91.864737 740.979980 6.442477 3.936857
74.700000 2 91.864323 745.768146 6.442535 3.935472
74.800000 2 91.863909 750.587253 6.442593 3.934088
74.900000 2 91.863495 755.437499 6.442650 3.932704
75.000000 2 91.863081 760.319086 6.442708 3.931320
75.100000 2 91.862666 765.232217 6.442766 3.929935
75.200000 2 91.862252 770.177095 6.442824 3.928551
75.300000 2 91.861838 775.153926 6.442881 3.927167
75.400000 2 91.861424 780.162916 6.442939 3.925783
75.500000 2 91.861010 785.204273 6.442997 3.924398
75.600000 2 91.860595 790.278206 6.443054 3.923014
75.700000 2 91.860181 795.384926 6.443112 3.921630
75.800000 2 91.859767 800.524644 6.443170 3.920246
75.900000 2 91.859353 805.697573 6.443227 3.918861
76.000000 2 91.858939 810.903929 6.443285 3.917477
76.100000 2 91.858525 816.143927 6.443343 3.916093
76.200000 2 91.858110 821.417784 6.443400 3.914709
76.300000 2 91.857696 826.725720 6.443458 3.913324
76.400000 2 91.857282 832.067954 6.443516 3.911940
76.500000 2 91.856868 837.444709 6.443573 3.910556
76.600000 2 91.856453 842.856207 6.443631 3.909172
76.700000 2 91.856039 848.302672 6.443689 3.907787
76.800000 2 91.855625 853.784331 6.443746 3.906403
76.900000 2 91.855211 859.301411 6.443804 3.905019
77.000000 2 91.854797 864.854141 6.443862 3.903635
77.100000 2 91.854382 870.442751 6.443919 3.902250
77.200000 2 91.853968 876.067474 6.443977 3.900866
77.300000 2 91.853554 881.728542 6.444035 3.899482
77.400000 2 91.853140 887.426190 6.444093 3.898098
77.500000 2 91.852726 893.160655 6.444150 3.896713
77.600000 2 91.852311 898.932175 6.444208 3.895329
77.700000 2 91.851897 904.740988 6.444266 3.893945
77.800000 2 91.851483 910.587337 6.444323 3.892561
77.900000 2 91.851069 916.471463 6.444381 3.891176
78.000000 2 91.850654 922.393610 6.444439 3.889792
78.100000 2 91.850240 928.354025 6.444496 3.888408
78.200000 2 91.849826 934.352955 6.444554 3.887024
78.300000 2 91.849412 940.390647 6.444612 3.885639
78.400000 2 91.848998 946.467354 6.444669 3.884255
78.500000 2 91.848583 952.583327 6.444727 3.882871
78.600000 2 91.848169 958.738819 6.444785 3.881487
78.700000 2 91.847755 964.934087 6.444842 3.880102
78.800000 2 91.847341 971.169387 6.444900 3.878718
78.900000 2 91.846926 977.444977 6.444958 3.877334
79.000000 2 91.846512 983.761118 6.445015 3.875950
79.100000 2 91.846098 990.118073 6.445073 3.874565
79.200000 2 91.845684 996.516104 6.445131 3.873181
79.300000 2 91.845269 1002.955477 6.445189 3.871797
79.400000 2 91.844855 1009.436460 6.445246 3.870413
79.500000 2 91.844441 1015.959321 6.445304 3.869028
79.600000 2 91.844027 1022.524331 6.445362 3.867644
79.700000 2 91.843612 1029.131762 6.445419 3.866260
79.800000 2 91.843198 1035.781888 6.445477 3.864876
79.900000 2 91.842784 1042.474986 6.445535 3.863491
80.000000 2 91.842370 1049.211332 6.445592 3.862107
80.100000 2 91.841955 1055.991206 6.445650 3.860723
80.200000 2 91.841541 1062.814890 6.445708 3.859339
80.300000 2 91.841127 1069.682667 6.445765 3.857954
80.400000 2 91.840712 1076.594821 6.445823 3.856570
80.500000 2 91.840298 1083.551639 6.445881 3.855186
80.600000 2 91.839884 1090.553410 6.445938 3.853802
80.700000 2 91.839470 1097.600424 6.445996 3.852417
80.800000 2 91.839055 1104.692974 6.446054 3.851033
80.900000 2 91.838641 1111.831354 6.446111 3.849649
81.000000 2 91.838227 1119.015860 6.446169 3.848265
81.100000 2 91.837813 1126.246790 6.446227 3.846880
81.200000 2 91.837398 1133.524443 6.446285 3.845496
81.300000 2 91.836984 1140.849123 6.446342 3.844112
81.400000 2 91.836570 1148.221132 6.446400 3.842728
81.500000 2 91.836155 1155.640777 6.446458 3.841344
81.600000 2 91.835741 1163.108366 6.446515 3.839959
81.700000 2 91.835327 1170.624207 6.446573 3.838575
81.800000 2 91.834913 1178.188614 6.446631 3.837191
81.900000 2 91.834498 1185.801899 6.446688 3.835807
82.000000 2 91.834084 1193.464379 6.446746 3.834422
82.100000 2 91.833670 1201.176371 6.446804 3.833038
82.200000 2 91.833255 1208.938196 6.446861 3.831654
82.300000 2 91.832841 1216.750175 6.446919 3.830270
82.400000 2 91.832427 1224.612632 6.446977 3.828885
82.500000 2 91.832012 1232.525894 6.447034 3.827501
82.600000 2 91.831598 1240.490289 6.447092 3.826117
82.700000 2 91.831184 1248.506147 6.447150 3.824733
82.800000 2 91.830770 1256.573801 6.447208 3.823348
82.900000 2 91.830355 1264.693585 6.447265 3.821964
83.000000 2 91.829941 1272.865837 6.447323 3.820580
83.100000 2 91.829527 1281.090895 6.447381 3.819196
83.200000 2 91.829112 1289.369100 6.447438 3.817811
83.300000 2 91.828698 1297.700796 6.447496 3.816427
83.400000 2 91.828284 1306.086329 6.447554 3.815043
83.500000 2 91.827869 1314.526047 6.447611 3.813659
83.600000 2 91.827455 1323.020299 6.447669 3.812275
83.700000 2 91.827041 1331.569437 6.447727 3.810890
83.800000 2 91.826626 1340.173818 6.447784 3.809506
83.900000 2 91.826212 1348.833797 6.447842 3.808122
84.000000 2 91.825798 1357.549733 6.447900 3.806738
84.100000 2 91.825383 1366.321989 6.447957 3.805353
84.200000 2 91.824969 1375.150928 6.448015 3.803969
84.300000 2 91.824555 1384.036917 6.448073 3.802585
84.400000 2 91.824140 1392.980323 6.448130 3.801201
84.500000 2 91.823726 1401.981519 6.448188 3.799816
84.600000 2 91.823312 1411.040877 6.448246 3.798432
84.700000 2 91.822897 1420.158774 6.448304 3.797048
84.800000 2 91.822483 1429.335587 6.448361 3.795664
84.900000 2 91.822069 1438.571697 6.448419 3.794280
85.000000 2 91.821654 1447.867488 6.448477 3.792895
85.100000 2 91.821240 1457.223345 6.448534 3.791511
85.200000 2 91.820826 1466.639655 6.448592 3.790127
85.300000 2 91.820411 1476.116811 6.448650 3.788743
85.400000 2 91.819997 1485.655204 6.448707 3.787358
85.500000 2 91.819583 1495.255231 6.448765 3.785974
85.600000 2 91.819168 1504.917290 6.448823 3.784590
85.700000 2 91.818754 1514.641781 6.448880 3.783206
85.800000 2 91.818339 1524.429109 6.448938 3.781821
85.900000 2 91.817925 1534.279678 6.448996 3.780437
86.000000 2 91.817511 1544.193898 6.449053 3.779053
86.100000 2 91.817096 1554.172180 6.449111 3.777669
86.200000 2 91.816682 1564.214938 6.449169 3.776285
86.300000 2 91.816268 1574.322588 6.449227 3.774900
86.400000 2 91.815853 1584.495550 6.449284 3.773516
86.500000 2 91.815439 1594.734246 6.449342 3.772132
86.600000 2 91.815025 1605.039101 6.449400 3.770748
86.700000 2 91.814610 1615.410541 6.449457 3.769363
86.800000 2 91.814196 1625.848998 6.449515 3.767979
86.900000 2 91.813781 1636.354903 6.449573 3.766595
87.000000 2 91.813367 1646.928694 6.449630 3.765211
87.100000 2 91.812953 1657.570809 6.449688 3.763827
87.200000 2 91.812538 1668.281688 6.449746 3.762442
87.300000 2 91.812124 1679.061778 6.449803 3.761058
87.400000 2 91.811710 1689.911523 6.449861 3.759674
87.500000 2 91.811295 1700.831376 6.449919 3.758290
87.600000 2 91.810881 1711.821788 6.449976 3.756905
87.700000 2 91.810466 1722.883216 6.450034 3.755521
87.800000 2 91.810052 1734.016118 6.450092 3.754137
87.900000 2 91.809638 1745.220957 6.450150 3.752753
88.000000 2 91.809223 1756.498197 6.450207 3.751369
88.100000 2 91.808809 1767.848306 6.450265 3.749984
88.200000 2 91.808394 1779.271755 6.450323 3.748600
88.300000 2 91.807980 1790.769017 6.450380 3.747216
88.400000 2 91.807566 1802.340570 6.450438 3.745832
88.500000 2 91.807151 1813.986893 6.450496 3.744447
88.600000 2 91.806737 1825.708470 6.450553 3.743063
88.700000 2 91.806322 1837.505788 6.450611 3.741679
88.800000 2 91.805908 1849.379334 6.450669 3.740295
88.900000 2 91.805494 1861.329603 6.450726 3.738911
89.000000 2 91.805079 1873.357089 6.450784 3.737526
89.100000 2 91.804665 1885.462291 6.450842 3.736142
89.200000 2 91.804250 1897.645713 6.450899 3.734758
89.300000 2 91.803836 1909.907858 6.450957 3.733374
89.400000 2 91.803421 1922.249237 6.451015 3.731989
89.500000 2 91.803007 1934.670360 6.451073 3.730605
89.600000 2 91.802593 1947.171743 6.451130 3.729221
89.700000 2 91.802178 1959.753905 6.451188 3.727837
89.800000 2 91.801764 1972.417367 6.451246 3.726453
89.900000 2 91.801349 1985.162655 6.451303 3.725068
90.000000 2 91.800935 1997.990298 6.451361 3.723684
90.100000 2 91.800521 2010.900827 6.451419 3.722300
90.200000 2 91.800106 2023.894778 6.451476 3.720916
90.300000 2 91.799692 2036.972691 6.451534 3.719531
90.400000 2 91.799277 2050.135108 6.451592 3.718147
90.500000 2 91.798863 2063.382574 6.451649 3.716763
90.600000 2 91.798448 2076.715640 6.451707 3.715379
90.700000 2 91.798034 2090.134858 6.451765 3.713995
90.800000 2 91.797619 2103.640785 6.451823 3.712610
90.900000 2 91.797205 2117.233982 6.451880 3.711226
91.000000 2 91.796791 2130.915011 6.451938 3.709842
91.100000 2 91.796376 2144.684442 6.451996 3.708458
91.200000 2 91.795962 2158.542844 6.452053 3.707074
91.300000 2 91.795547 2172.490793 6.452111 3.705689
91.400000 2 91.795133 2186.528868 6.452169 3.704305
91.500000 2 91.794718 2200.657650 6.452226 3.702921
91.600000 2 91.794304 2214.877726 6.452284 3.701537
91.700000 2 91.793889 2229.189685 6.452342 3.700152
91.800000 2 91.793475 2243.594122 6.452399 3.698768
91.900000 2 91.793061 2258.091634 6.452457 3.697384
92.000000 2 91.792646 2272.682822 6.452515 3.696000
92.100000 2 91.792232 2287.368292 6.452572 3.694616
92.200000 2 91.791817 2302.148653 6.452630 3.693231
92.300000 2 91.791403 2317.024517 6.452688 3.691847
92.400000 2 91.790988 2331.996502 6.452746 3.690463
92.500000 2 91.790574 2347.065229 6.452803 3.689079
92.600000 2 91.790159 2362.231324 6.452861 3.687695
92.700000 2 91.789745 2377.495414 6.452919 3.686310
92.800000 2 91.789330 2392.858134 6.452976 3.684926
92.900000 2 91.788916 2408.320121 6.453034 3.683542
93.000000 2 91.788501 2423.882016 6.453092 3.682158
93.100000 2 91.788087 2439.544464 6.453149 3.680774
93.200000 2 91.787672 2455.308116 6.453207 3.679389
93.300000 2 91.787258 2471.173625 6.453265 3.678005
93.400000 2 91.786843 2487.141649 6.453322 3.676621
93.500000 2 91.786429 2503.212851 6.453380 3.675237
93.600000 2 91.786014 2519.387897 6.453438 3.673853
93.700000 2 91.785600 2535.667459 6.453496 3.672468
93.800000 2 91.785185 2552.052212 6.453553 3.671084
93.900000 2 91.784771 2568.542834 6.453611 3.669700
94.000000 2 91.784356 2585.140012 6.453669 3.668316
94.100000 2 91.783942 2601.844432 6.453726 3.666931
94.200000 2 91.783528 2618.656788 6.453784 3.665547
94.300000 2 91.783113 2635.577777 6.453842 3.664163
94.400000 2 91.782699 2652.608101 6.453899 3.662779
94.500000 2 91.782284 2669.748467 6.453957 3.661395
94.600000 2 91.781870 2686.999586 6.454015 3.660010
94.700000 2 91.781455 2704.362172 6.454072 3.658626
94.800000 2 91.781040 2721.836947 6.454130 3.657242
94.900000 2 91.780626 2739.424636 6.454188 3.655858
95.000000 2 91.777310 2752.998994 6.454649 3.654900
95.100000 2 91.773994 2752.998994 6.455111 3.655015
95.200000 2 91.770677 2752.998994 6.455572 3.655131
95.300000 2 91.767361 2752.998994 6.456034 3.655246
95.400000 2 91.764045 2752.998994 6.456495 3.655361
95.500000 2 91.760728 2752.998994 6.456957 3.655477
95.600000 2 91.757411 2752.998994 6.457419 3.655592
95.700000 2 91.754094 2752.998994 6.457880 3.655708
95.800000 2 91.750777 2752.998994 6.458342 3.655823
95.900000 2 91.747460 2752.998994 6.458803 3.655938
96.000000 2 91.744143 2752.998994 6.459265 3.656054
96.100000 2 91.740826 2752.998994 6.459726 3.656169
96.200000 2 91.737509 2752.998994 6.460188 3.656285
96.300000 2 91.734191 2752.998994 6.460649 3.656400
96.400000 2 91.730874 2752.998994 6.461111 3.656515
96.500000 4 91.728859 2752.998994 6.461409 3.656590
96.600000 4 91.728800 2752.998994 6.461409 3.656590
96.700000 4 91.204340 2752.998994 6.462016 3.656741
96.800000 4 90.679880 2752.998994 6.462623 3.656893
96.900000 4 90.155420 2752.998994 6.463229 3.657045
97.000000 4 89.630960 2752.998994 6.463836 3.657197
97.100000 4 89.106500 2752.998994 6.464443 3.657348
97.200000 4 88.582040 2752.998994 6.465050 3.657500
97.300000 4 88.057580 2752.998994 6.465657 3.657652
97.400000 4 87.533120 2752.998994 6.466264 3.657803
97.500000 4 87.008660 2752.998994 6.466870 3.657955
97.600000 4 86.484200 2752.998994 6.467477 3.658107
97.700000 4 85.959740 2752.998994 6.468084 3.658259
97.800000 4 85.435280 2752.998994 6.468691 3.658410
97.900000 4 84.910820 2752.998994 6.469298 3.658562
98.000000 4 84.386360 2752.998994 6.469905 3.658714
98.100000 4 83.861900 2752.998994 6.470511 3.658865
98.200000 4 83.337440 2752.998994 6.471118 3.659017
98.300000 4 82.812979 2752.998994 6.471725 3.659169
98.400000 4 82.288519 2752.998994 6.472332 3.659320
98.500000 4 81.764059 2752.998994 6.472939 3.659472
98.600000 4 81.239599 2752.998994 6.473546 3.659624
98.700000 4 80.715139 2752.998994 6.474152 3.659776
98.800000 4 80.190679 2752.998994 6.474759 3.659927
98.900000 4 79.666219 2752.998994 6.475366 3.660079
99.000000 4 79.141759 2752.998994 6.475973 3.660231
99.100000 4 78.617299 2752.998994 6.476580 3.660382
99.200000 4 78.092839 2752.998994 6.477186 3.660534
99.300000 4 77.568379 2752.998994 6.477793 3.660686
99.400000 4 77.043919 2752.998994 6.478400 3.660838
99.500000 4 76.519459 2752.998994 6.479007 3.660989
99.600000 4 75.994999 2752.998994 6.479614 3.661141
99.700000 4 75.470539 2752.998994 6.480221 3.661293
99.800000 4 74.946079 2752.998994 6.480827 3.661444
99.900000 4 74.421619 2752.998994 6.481434 3.661596
100.000000 4 73.897159 2752.998994 6.482041 3.661748
100.100000 4 73.372699 2752.998994 6.482648 3.661900
100.200000 4 72.848239 2752.998994 6.483255 3.662051
100.300000 4 72.323779 2752.998994 6.483862 3.662203
100.400000 4 71.799319 2752.998994 6.484468 3.662355
100.500000 4 71.274859 2752.998994 6.485075 3.662506
100.600000 4 70.750399 2752.998994 6.485682 3.662658
100.700000 4 70.225939 2752.998994 6.486289 3.662810
100.800000 4 69.701479 2752.998994 6.486896 3.662961
100.900000 4 69.177019 2752.998994 6.487503 3.663113
101.000000 4 68.652559 2752.998994 6.488109 3.663265
101.100000 4 68.128099 2752.998994 6.488716 3.663417
101.200000 4 67.603639 2752.998994 6.489323 3.663568
101.300000 4 67.079178 2752.998994 6.489930 3.663720
101.400000 4 66.554718 2752.998994 6.490537 3.663872
101.500000 4 66.030258 2752.998994 6.491144 3.664023
101.600000 4 65.505798 2752.998994 6.491750 3.664175
101.700000 4 64.981338 2752.998994 6.492357 3.664327
101.800000 4 64.456878 2752.998994 6.492964 3.664479
101.900000 4 63.932418 2752.998994 6.493571 3.664630
102.000000 4 63.407958 2752.998994 6.494178 3.664782
102.100000 4 62.883498 2752.998994 6.494785 3.664934
102.200000 4 62.359038 2752.998994 6.495391 3.665085
102.300000 4 61.834578 2752.998994 6.495998 3.665237
102.400000 4 61.310118 2752.998994 6.496605 3.665389
102.500000 4 60.785658 2752.998994 6.497212 3.665541
102.600000 4 60.261198 2752.998994 6.497819 3.665692
102.700000 4 59.736738 2752.998994 6.498426 3.665844
102.800000 4 59.212278 2752.998994 6.499032 3.665996
102.900000 4 58.687818 2752.998994 6.499639 3.666147
103.000000 4 58.163358 2752.998994 6.500246 3.666299
103.100000 4 57.638898 2752.998994 6.500853 3.666451
103.200000 4 57.114438 2752.998994 6.501460 3.666602
103.300000 4 56.589978 2752.998994 6.502066 3.666754
103.400000 4 56.065518 2752.998994 6.502673 3.666906
103.500000 4 55.541058 2752.998994 6.503280 3.667058
103.600000 4 55.016598 2752.998994 6.503887 3.667209
103.700000 4 54.492138 2752.998994 6.504494 3.667361
103.800000 4 53.967678 2752.998994 6.505101 3.667513
103.900000 4 53.443218 2752.998994 6.505707 3.667664
104.000000 4 52.918758 2752.998994 6.506314 3.667816
104.100000 4 52.394298 2752.998994 6.506921 3.667968
104.200000 4 51.870355 2752.998994 6.507527 3.668119
104.300000 4 51.351651 2752.998994 6.508127 3.668269
104.400000 4 50.838134 2752.998994 6.508721 3.668418
104.500000 4 50.329753 2752.998994 6.509310 3.668565
104.600000 4 49.826456 2752.998994 6.509892 3.668710
104.700000 4 49.328191 2752.998994 6.510468 3.668855
104.800000 4 48.834909 2752.998994 6.511039 3.668997
104.900000 4 48.346560 2752.998994 6.511603 3.669138
105.000000 4 47.863094 2752.998994 6.512162 3.669278
105.100000 4 47.384464 2752.998994 6.512715 3.669416
105.200000 4 46.910619 2752.998994 6.513261 3.669553
105.300000 4 46.441513 2752.998994 6.513799 3.669687
105.400000 4 45.977098 2752.998994 6.514324 3.669818
105.500000 4 45.517327 2752.998994 6.514809 3.669940
105.600000 4 45.062153 2752.998994 6.514967 3.669979
105.700000 4 45.005826 2752.998994 6.514857 3.669952
105.800000 4 44.977697 2752.998994 6.514765 3.669929
