t Ka M R logL logTeff
0.100000 1 39.970147 9.365306 5.356331 4.614462
0.200000 1 39.939939 9.415327 5.358052 4.613736
0.300000 1 39.909457 9.465599 5.359789 4.613014
0.400000 1 39.878696 9.516147 5.361540 4.612295
0.500000 1 39.847650 9.566994 5.363305 4.611579
0.600000 1 39.816316 9.618165 5.365086 4.610866
0.700000 1 39.784688 9.669685 5.366881 4.610155
0.800000 1 39.752762 9.721579 5.368690 4.609445
0.900000 1 39.720532 9.773873 5.370514 4.608736
1.000000 1 39.687993 9.826593 5.372352 4.608027
1.100000 1 39.655141 9.879766 5.374203 4.607318
1.200000 1 39.621971 9.933418 5.376069 4.606609
1.300000 1 39.588476 9.987579 5.377949 4.605898
1.400000 1 39.554653 10.042275 5.379842 4.605185
1.500000 1 39.520495 10.097535 5.381749 4.604470
1.600000 1 39.485998 10.153389 5.383669 4.603752
1.700000 1 39.451156 10.209866 5.385602 4.603031
1.800000 1 39.415964 10.266996 5.387549 4.602306
1.900000 1 39.380417 10.324810 5.389508 4.601577
2.000000 1 39.344509 10.383339 5.391481 4.600842
2.100000 1 39.308235 10.442615 5.393466 4.600102
2.200000 1 39.271589 10.502671 5.395463 4.599357
2.300000 1 39.234566 10.563540 5.397474 4.598604
2.400000 1 39.197161 10.625255 5.399496 4.597845
2.500000 1 39.159368 10.687850 5.401531 4.597078
2.600000 1 39.121182 10.751362 5.403578 4.596303
2.700000 1 39.082597 10.815825 5.405637 4.595520
2.800000 1 39.043608 10.881276 5.407707 4.594727
2.900000 1 39.004210 10.947754 5.409789 4.593925
3.000000 1 38.964398 11.015296 5.411883 4.593113
3.100000 1 38.924165 11.083941 5.413988 4.592291
3.200000 1 38.883507 11.153730 5.416105 4.591457
3.300000 1 38.842418 11.224704 5.418232 4.590611
3.400000 1 38.800894 11.296906 5.420371 4.589754
3.500000 1 38.758929 11.370379 5.422520 4.588883
3.600000 1 38.716519 11.445169 5.424680 4.588000
3.700000 1 38.673657 11.521323 5.426851 4.587102
3.800000 1 38.630341 11.598890 5.429032 4.586190
3.900000 1 38.586564 11.677918 5.431224 4.585264
4.000000 1 38.542322 11.758461 5.433426 4.584322
4.100000 1 38.497612 11.840574 5.435638 4.583364
4.200000 1 38.452428 11.924313 5.437860 4.582389
4.300000 1 38.406766 12.009739 5.440092 4.581397
4.400000 1 38.360623 12.096914 5.442334 4.580387
4.500000 1 38.313995 12.185906 5.444585 4.579358
4.600000 1 38.266878 12.276784 5.446846 4.578310
4.700000 1 38.219270 12.369625 5.449117 4.577242
4.800000 1 38.171166 12.464507 5.451397 4.576152
4.900000 1 38.122566 12.561516 5.453686 4.575041
5.000000 1 38.073466 12.660745 5.455985 4.573907
5.100000 1 38.023864 12.762291 5.458293 4.572750
5.200000 1 37.973759 12.866261 5.460611 4.571567
5.300000 1 37.923151 12.972771 5.462937 4.570358
5.400000 1 37.872038 13.081947 5.465273 4.569123
5.500000 1 37.820421 13.193923 5.467618 4.567858
5.600000 1 37.768301 13.308851 5.469972 4.566563
5.700000 1 37.715678 13.426892 5.472335 4.565237
5.800000 1 37.662556 13.548225 5.474708 4.563876
5.900000 1 37.608937 13.673048 5.477090 4.562480
6.000000 1 37.554826 13.801575 5.479481 4.561046
6.100000 1 37.500227 13.934047 5.481882 4.559572
6.200000 1 37.445148 14.070727 5.484293 4.558055
6.300000 1 37.417372 14.140717 5.485500 4.557280
6.400000 1 37.389479 14.211871 5.486711 4.556493
6.500000 1 37.361471 14.284231 5.487923 4.555693
6.600000 1 37.333349 14.357839 5.489139 4.554881
6.700000 1 37.305115 14.432741 5.490357 4.554055
6.800000 1 37.276770 14.508987 5.491577 4.553216
6.900000 1 37.248316 14.586627 5.492801 4.552363
7.000000 1 37.219755 14.665715 5.494027 4.551496
7.100000 1 37.191088 14.746307 5.495256 4.550613
7.200000 1 37.162319 14.828465 5.496487 4.549714
7.300000 1 37.133448 14.912250 5.497722 4.548800
7.400000 1 37.104480 14.997731 5.498960 4.547868
7.500000 1 37.075416 15.084976 5.500201 4.546918
7.600000 1 37.046259 15.174061 5.501445 4.545951
7.700000 1 37.017012 15.265064 5.502692 4.544964
7.800000 1 36.987679 15.358069 5.503942 4.543958
7.900000 1 36.958262 15.453162 5.505196 4.542931
8.000000 1 36.928766 15.550437 5.506453 4.541883
8.100000 1 36.899195 15.649992 5.507714 4.540812
8.200000 1 36.869553 15.751931 5.508979 4.539718
8.300000 1 36.839843 15.856363 5.510247 4.538601
8.400000 1 36.810072 15.963404 5.511520 4.537458
8.500000 1 36.780243 16.073178 5.512796 4.536289
8.600000 1 36.750363 16.185815 5.514077 4.535092
8.700000 1 36.720436 16.301452 5.515362 4.533868
8.800000 1 36.690470 16.420235 5.516651 4.532614
8.900000 1 36.660470 16.542320 5.517945 4.531329
9.000000 1 36.630444 16.667869 5.519244 4.530012
9.100000 1 36.600397 16.797058 5.520548 4.528661
9.200000 1 36.570339 16.930071 5.521858 4.527276
9.300000 1 36.540277 17.067103 5.523172 4.525854
9.400000 1 36.510220 17.208362 5.524493 4.524394
9.500000 1 36.480176 17.354070 5.525819 4.522895
9.600000 1 36.450156 17.504460 5.527152 4.521354
9.700000 1 36.420169 17.659783 5.528491 4.519771
9.800000 1 36.390226 17.820302 5.529836 4.518142
9.900000 1 36.360338 17.986301 5.531189 4.516467
10.000000 1 36.330518 18.158078 5.532549 4.514743
10.100000 1 36.300777 18.335955 5.533917 4.512968
10.200000 1 36.285953 18.427292 5.534604 4.512061
10.300000 1 36.271155 18.520284 5.535293 4.511140
10.400000 1 36.256384 18.614976 5.535984 4.510205
10.500000 1 36.241642 18.711417 5.536678 4.509257
10.600000 1 36.226932 18.809655 5.537373 4.508294
10.700000 1 36.212255 18.909743 5.538071 4.507316
10.800000 1 36.197613 19.011731 5.538772 4.506323
10.900000 1 36.183008 19.115674 5.539474 4.505314
11.000000 1 36.168443 19.221629 5.540179 4.504290
11.100000 1 36.153918 19.329654 5.540887 4.503250
11.200000 1 36.139437 19.439808 5.541597 4.502194
11.300000 1 36.125001 19.552153 5.542309 4.501121
11.400000 1 36.110613 19.666754 5.543025 4.500030
11.500000 1 36.096276 19.783678 5.543743 4.498923
11.600000 1 36.081990 19.902991 5.544463 4.497797
11.700000 1 36.067760 20.024767 5.545187 4.496654
11.800000 1 36.053587 20.149078 5.545913 4.495491
11.900000 1 36.039473 20.276000 5.546643 4.494310
12.000000 1 36.025422 20.405612 5.547375 4.493110
12.100000 1 36.011436 20.537996 5.548111 4.491889
12.200000 1 35.997517 20.673237 5.548849 4.490649
12.300000 1 35.983669 20.811421 5.549591 4.489388
12.400000 1 35.969894 20.952640 5.550337 4.488105
12.500000 1 35.956195 21.096988 5.551085 4.486802
12.600000 1 35.942574 21.244562 5.551837 4.485476
12.700000 1 35.929035 21.395463 5.552593 4.484128
12.800000 1 35.915580 21.549797 5.553352 4.482757
12.900000 1 35.902214 21.707671 5.554115 4.481363
13.000000 1 35.888937 21.869200 5.554882 4.479945
13.100000 1 35.875755 22.034499 5.555653 4.478502
13.200000 1 35.862669 22.203690 5.556427 4.477035
13.300000 1 35.849683 22.376900 5.557206 4.475542
13.400000 1 35.836800 22.554259 5.557988 4.474023
13.500000 1 35.824024 22.735905 5.558775 4.472478
13.600000 1 35.811358 22.921977 5.559566 4.470906
13.700000 1 35.798805 23.112623 5.560362 4.469306
13.800000 1 35.786368 23.307996 5.561162 4.467679
13.900000 1 35.774051 23.508254 5.561966 4.466022
14.000000 1 35.761858 23.713563 5.562775 4.464336
14.100000 1 35.749791 23.924095 5.563589 4.462620
14.200000 1 35.737855 24.140028 5.564408 4.460874
14.300000 1 35.726052 24.361548 5.565232 4.459096
14.400000 1 35.714386 24.588848 5.566060 4.457286
14.500000 1 35.702861 24.822132 5.566894 4.455444
14.600000 1 35.691480 25.061608 5.567733 4.453569
14.700000 1 35.680247 25.307495 5.568577 4.451660
14.800000 1 35.669165 25.560022 5.569426 4.449717
14.900000 1 35.663701 25.688864 5.569854 4.448732
15.000000 1 35.658277 25.819457 5.570282 4.447738
15.100000 1 35.652892 25.951830 5.570712 4.446735
15.200000 1 35.647547 26.086018 5.571144 4.445723
15.300000 1 35.642243 26.222051 5.571577 4.444701
15.400000 1 35.636980 26.359964 5.572011 4.443671
15.500000 1 35.631759 26.499791 5.572447 4.442631
15.600000 1 35.626579 26.641567 5.572884 4.441582
15.700000 1 35.621441 26.785326 5.573323 4.440523
15.800000 1 35.616347 26.931106 5.573763 4.439454
15.900000 1 35.611295 27.078944 5.574204 4.438376
16.000000 1 35.606237 27.228836 5.574646 4.437288
16.100000 1 35.601166 27.380815 5.575088 4.436189
16.200000 1 35.596082 27.534918 5.575530 4.435081
16.300000 1 35.590986 27.691185 5.575972 4.433963
16.400000 1 35.585876 27.849656 5.576414 4.432834
16.500000 1 35.580754 28.010370 5.576856 4.431695
16.600000 1 35.575619 28.173370 5.577298 4.430546
16.700000 1 35.570470 28.338698 5.577740 4.429386
16.800000 1 35.565309 28.506398 5.578182 4.428215
16.900000 1 35.560135 28.676513 5.578625 4.427034
17.000000 1 35.554947 28.849089 5.579067 4.425841
17.100000 1 35.549746 29.024173 5.579509 4.424638
17.200000 1 35.544533 29.201812 5.579952 4.423424
17.300000 1 35.539306 29.382054 5.580394 4.422198
17.400000 1 35.534065 29.564949 5.580836 4.420961
17.500000 1 35.528812 29.750548 5.581279 4.419713
17.600000 1 35.523545 29.938902 5.581721 4.418453
17.700000 1 35.518264 30.130065 5.582164 4.417181
17.800000 1 35.512971 30.324092 5.582606 4.415898
17.900000 1 35.507664 30.521036 5.583049 4.414603
18.000000 1 35.502343 30.720956 5.583492 4.413296
18.100000 1 35.497009 30.923910 5.583934 4.411977
18.200000 1 35.491661 31.129957 5.584377 4.410646
18.300000 1 35.486300 31.339158 5.584820 4.409302
18.400000 1 35.480924 31.551575 5.585262 4.407946
18.500000 1 35.475536 31.767272 5.585705 4.406577
18.600000 1 35.470133 31.986316 5.586148 4.405195
18.700000 1 35.464717 32.208771 5.586591 4.403801
18.800000 1 35.459287 32.434708 5.587033 4.402394
18.900000 1 35.453843 32.664196 5.587476 4.400974
19.000000 1 35.448385 32.897307 5.587919 4.399540
19.100000 1 35.442913 33.134115 5.588362 4.398093
19.200000 1 35.437428 33.374695 5.588805 4.396633
19.300000 1 35.393131 33.550361 5.588192 4.395340
19.400000 1 35.348889 33.728288 5.587580 4.394038
19.500000 1 35.172145 33.656852 5.591939 4.395588
19.600000 1 35.157547 33.495744 5.592934 4.396879
19.700000 1 35.143779 33.312113 5.593954 4.398328
19.800000 1 35.142328 33.122613 5.595284 4.399899
19.900000 1 35.140958 32.916955 5.596600 4.401581
20.000000 1 35.139665 32.698576 5.597893 4.403349
20.100000 1 35.138445 32.470655 5.599158 4.405185
20.200000 1 35.137294 32.236080 5.600391 4.407067
20.300000 1 35.136208 31.997429 5.601587 4.408980
20.400000 1 35.135183 31.756971 5.602745 4.410907
20.500000 1 35.134217 31.516671 5.603861 4.412836
20.600000 1 35.133306 31.278211 5.604936 4.414754
20.700000 1 35.132447 31.043006 5.605967 4.416651
20.800000 1 35.131638 30.812230 5.606956 4.418518
20.900000 1 35.130875 30.586838 5.607901 4.420349
21.000000 1 35.130157 30.367590 5.608804 4.422137
21.100000 1 35.129480 30.155077 5.609666 4.423877
21.200000 1 35.128843 29.949740 5.610486 4.425565
21.300000 1 35.128243 29.751891 5.611266 4.427200
21.400000 1 35.127679 29.561731 5.612007 4.428777
21.500000 1 35.127148 29.379367 5.612710 4.430297
21.600000 1 35.126648 29.204829 5.613377 4.431758
21.700000 1 35.126178 29.038079 5.614009 4.433159
21.800000 1 35.125735 28.879026 5.614608 4.434501
21.900000 1 35.125320 28.727535 5.615174 4.435785
22.000000 1 35.124929 28.583436 5.615709 4.437011
22.100000 1 35.124193 28.307885 5.616725 4.439368
22.200000 1 35.123547 28.061102 5.617626 4.441495
22.300000 1 35.122966 27.840869 5.618424 4.443405
22.400000 1 35.122445 27.644919 5.619130 4.445115
22.500000 1 35.121980 27.471008 5.619753 4.446641
22.600000 1 35.121565 27.316978 5.620302 4.448000
22.700000 1 35.121197 27.180794 5.620785 4.449206
22.800000 1 35.120542 26.939358 5.621639 4.451357
22.900000 1 35.120039 26.755712 5.622286 4.453004
23.000000 1 35.119654 26.616553 5.622774 4.454258
23.100000 1 35.119068 26.405562 5.623511 4.456171
23.200000 2 35.118469 25.611855 5.624255 4.462984
23.300000 2 35.118465 25.665228 5.624258 4.462533
23.400000 2 35.118454 25.794328 5.624266 4.461445
23.500000 2 35.118444 25.924078 5.624273 4.460357
23.600000 2 35.118434 26.054481 5.624280 4.459269
23.700000 2 35.118424 26.185540 5.624287 4.458182
23.800000 2 35.118413 26.317258 5.624295 4.457094
23.900000 2 35.118404 26.449639 5.624302 4.456006
24.000000 2 35.118394 26.582686 5.624309 4.454918
24.100000 2 35.118384 26.716402 5.624316 4.453831
24.200000 2 35.118374 26.850791 5.624324 4.452743
24.300000 2 35.118365 26.985856 5.624331 4.451655
24.400000 2 35.118355 27.121600 5.624338 4.450567
24.500000 2 35.118346 27.258028 5.624345 4.449480
24.600000 2 35.118337 27.395141 5.624353 4.448392
24.700000 2 35.118328 27.532945 5.624360 4.447304
24.800000 2 35.118318 27.671442 5.624367 4.446216
24.900000 2 35.118310 27.810636 5.624374 4.445129
25.000000 2 35.118301 27.950529 5.624382 4.444041
25.100000 2 35.118292 28.091127 5.624389 4.442953
25.200000 2 35.118283 28.232432 5.624396 4.441865
25.300000 2 35.118275 28.374448 5.624404 4.440778
25.400000 2 35.118266 28.517179 5.624411 4.439690
25.500000 2 35.118258 28.660627 5.624418 4.438602
25.600000 2 35.118249 28.804797 5.624425 4.437515
25.700000 2 35.118241 28.949692 5.624433 4.436427
25.800000 2 35.118233 29.095317 5.624440 4.435339
25.900000 2 35.118224 29.241673 5.624447 4.434251
26.000000 2 35.118216 29.388766 5.624455 4.433164
26.100000 2 35.118208 29.536599 5.624462 4.432076
26.200000 2 35.118199 29.685176 5.624469 4.430988
26.300000 2 35.118191 29.834500 5.624477 4.429900
26.400000 2 35.118183 29.984575 5.624484 4.428813
26.500000 2 35.118174 30.135405 5.624491 4.427725
26.600000 2 35.118166 30.286993 5.624498 4.426637
26.700000 2 35.118158 30.439345 5.624506 4.425549
26.800000 2 35.118149 30.592462 5.624513 4.424462
26.900000 2 35.118141 30.746350 5.624520 4.423374
27.000000 2 35.118132 30.901012 5.624528 4.422286
27.100000 2 35.118124 31.056452 5.624535 4.421198
27.200000 2 35.118116 31.212674 5.624542 4.420111
27.300000 2 35.118107 31.369682 5.624549 4.419023
27.400000 2 35.118099 31.527479 5.624557 4.417935
27.500000 2 35.118091 31.686071 5.624564 4.416847
27.600000 2 35.118082 31.845460 5.624571 4.415760
27.700000 2 35.118074 32.005651 5.624579 4.414672
27.800000 2 35.118066 32.166647 5.624586 4.413584
27.900000 2 35.118057 32.328454 5.624593 4.412496
28.000000 2 35.118049 32.491074 5.624601 4.411409
28.100000 2 35.118041 32.654513 5.624608 4.410321
28.200000 2 35.118032 32.818774 5.624615 4.409233
28.300000 2 35.118024 32.983861 5.624622 4.408145
28.400000 2 35.118015 33.149778 5.624630 4.407058
28.500000 2 35.118007 33.316530 5.624637 4.405970
28.600000 2 35.117999 33.484121 5.624644 4.404882
28.700000 2 35.117990 33.652555 5.624652 4.403794
28.800000 2 35.117982 33.821836 5.624659 4.402707
28.900000 2 35.117974 33.991968 5.624666 4.401619
29.000000 2 35.117965 34.162957 5.624673 4.400531
29.100000 2 35.117957 34.334806 5.624681 4.399443
29.200000 2 35.117949 34.507519 5.624688 4.398356
29.300000 2 35.117940 34.681101 5.624695 4.397268
29.400000 2 35.117865 34.855483 5.624701 4.396180
29.500000 2 35.117790 35.030742 5.624707 4.395093
29.600000 2 35.117715 35.206882 5.624712 4.394005
29.700000 2 35.117640 35.383909 5.624718 4.392917
29.800000 2 35.117566 35.561825 5.624723 4.391829
29.900000 2 35.117491 35.740636 5.624729 4.390742
30.000000 2 35.117416 35.920346 5.624735 4.389654
30.100000 2 35.117341 36.100960 5.624740 4.388566
30.200000 2 35.117266 36.282481 5.624746 4.387479
30.300000 2 35.117191 36.464916 5.624752 4.386391
30.400000 2 35.117116 36.648268 5.624757 4.385303
30.500000 2 35.117041 36.832542 5.624763 4.384215
30.600000 2 35.116966 37.017743 5.624768 4.383128
30.700000 2 35.116891 37.203874 5.624774 4.382040
30.800000 2 35.116816 37.390942 5.624780 4.380952
30.900000 2 35.116741 37.578951 5.624785 4.379865
31.000000 2 35.116666 37.767905 5.624791 4.378777
31.100000 2 35.116591 37.957809 5.624796 4.377689
31.200000 2 35.116516 38.148667 5.624802 4.376601
31.300000 2 35.116441 38.340486 5.624808 4.375514
31.400000 2 35.116366 38.533269 5.624813 4.374426
31.500000 2 35.116291 38.727022 5.624819 4.373338
31.600000 2 35.116216 38.921748 5.624825 4.372251
31.700000 2 35.116141 39.117454 5.624830 4.371163
31.800000 2 35.116066 39.314144 5.624836 4.370075
31.900000 2 35.115991 39.511824 5.624841 4.368987
32.000000 2 35.115916 39.710497 5.624847 4.367900
32.100000 2 35.115841 39.910169 5.624853 4.366812
32.200000 2 35.115766 40.110845 5.624858 4.365724
32.300000 2 35.115691 40.312530 5.624864 4.364637
32.400000 2 35.115617 40.515230 5.624870 4.363549
32.500000 2 35.115542 40.718948 5.624875 4.362461
32.600000 2 35.115467 40.923691 5.624881 4.361373
32.700000 2 35.115391 41.129464 5.624886 4.360286
32.800000 2 35.115316 41.336271 5.624892 4.359198
32.900000 2 35.115241 41.544118 5.624898 4.358110
33.000000 2 35.115166 41.753011 5.624903 4.357022
33.100000 2 35.115091 41.962953 5.624909 4.355935
33.200000 2 35.115016 42.173952 5.624915 4.354847
33.300000 2 35.114941 42.386011 5.624920 4.353759
33.400000 2 35.114866 42.599137 5.624926 4.352672
33.500000 2 35.114791 42.813334 5.624931 4.351584
33.600000 2 35.114716 43.028609 5.624937 4.350496
33.700000 2 35.114642 43.244966 5.624943 4.349408
33.800000 2 35.114567 43.462412 5.624948 4.348321
33.900000 2 35.114493 43.680951 5.624954 4.347233
34.000000 2 35.114419 43.900590 5.624960 4.346145
34.100000 2 35.114345 44.121333 5.624965 4.345058
34.200000 2 35.114271 44.343187 5.624971 4.343970
34.300000 2 35.114198 44.566156 5.624977 4.342882
34.400000 2 35.114124 44.790247 5.624982 4.341794
34.500000 2 35.114051 45.015465 5.624988 4.340707
34.600000 2 35.113978 45.241815 5.624994 4.339619
34.700000 2 35.113905 45.469305 5.624999 4.338531
34.800000 2 35.113833 45.697938 5.625005 4.337444
34.900000 2 35.113760 45.927721 5.625011 4.336356
35.000000 2 35.113688 46.158660 5.625016 4.335268
35.100000 2 35.113616 46.390761 5.625022 4.334180
35.200000 2 35.113544 46.624029 5.625028 4.333093
35.300000 2 35.113473 46.858470 5.625034 4.332005
35.400000 2 35.113401 47.094091 5.625039 4.330917
35.500000 2 35.113330 47.330897 5.625045 4.329829
35.600000 2 35.113259 47.568893 5.625051 4.328742
35.700000 2 35.113188 47.808087 5.625056 4.327654
35.800000 2 35.113117 48.048484 5.625062 4.326566
35.900000 2 35.113047 48.290090 5.625068 4.325479
36.000000 2 35.112977 48.532911 5.625074 4.324391
36.100000 2 35.112907 48.776954 5.625079 4.323303
36.200000 2 35.112837 49.022224 5.625085 4.322215
36.300000 2 35.112767 49.268727 5.625091 4.321128
36.400000 2 35.112697 49.516471 5.625097 4.320040
36.500000 2 35.112628 49.765461 5.625102 4.318952
36.600000 2 35.112559 50.015703 5.625108 4.317864
36.700000 2 35.112490 50.267203 5.625114 4.316777
36.800000 2 35.112421 50.519969 5.625120 4.315689
36.900000 2 35.112352 50.774006 5.625126 4.314601
37.000000 2 35.112284 51.029321 5.625131 4.313514
37.100000 2 35.112215 51.285920 5.625137 4.312426
37.200000 2 35.112147 51.543809 5.625143 4.311338
37.300000 2 35.112079 51.802996 5.625149 4.310250
37.400000 2 35.112012 52.063486 5.625155 4.309163
37.500000 2 35.111944 52.325287 5.625160 4.308075
37.600000 2 35.111877 52.588404 5.625166 4.306987
37.700000 2 35.111809 52.852845 5.625172 4.305899
37.800000 2 35.111742 53.118616 5.625178 4.304812
37.900000 2 35.111676 53.385723 5.625184 4.303724
38.000000 2 35.111609 53.654175 5.625190 4.302636
38.100000 2 35.111542 53.923976 5.625195 4.301548
38.200000 2 35.111476 54.195135 5.625201 4.300461
38.300000 2 35.111410 54.467657 5.625207 4.299373
38.400000 2 35.111344 54.741550 5.625213 4.298285
38.500000 2 35.111278 55.016821 5.625219 4.297198
38.600000 2 35.111212 55.293476 5.625225 4.296110
38.700000 2 35.111147 55.571523 5.625231 4.295022
38.800000 2 35.111082 55.850968 5.625237 4.293934
38.900000 2 35.111017 56.131819 5.625242 4.292847
39.000000 2 35.110952 56.414083 5.625248 4.291759
39.100000 2 35.110887 56.697766 5.625254 4.290671
39.200000 2 35.110822 56.982876 5.625260 4.289583
39.300000 2 35.110758 57.269420 5.625266 4.288496
39.400000 2 35.110694 57.557406 5.625272 4.287408
39.500000 2 35.110630 57.846840 5.625278 4.286320
39.600000 2 35.110566 58.137730 5.625284 4.285232
39.700000 2 35.110502 58.430083 5.625290 4.284145
39.800000 2 35.110438 58.723906 5.625296 4.283057
39.900000 2 35.110375 59.019208 5.625302 4.281969
40.000000 2 35.110312 59.315995 5.625307 4.280882
40.100000 2 35.110249 59.614274 5.625313 4.279794
40.200000 2 35.110186 59.914054 5.625319 4.278706
40.300000 2 35.110123 60.215342 5.625325 4.277618
40.400000 2 35.110060 60.518145 5.625331 4.276531
40.500000 2 35.109998 60.822471 5.625337 4.275443
40.600000 2 35.109936 61.128328 5.625343 4.274355
40.700000 2 35.109874 61.435723 5.625349 4.273267
40.800000 2 35.109812 61.744665 5.625355 4.272180
40.900000 2 35.109750 62.055160 5.625361 4.271092
41.000000 2 35.109688 62.367217 5.625367 4.270004
41.100000 2 35.109627 62.680844 5.625373 4.268916
41.200000 2 35.109566 62.996048 5.625379 4.267829
41.300000 2 35.109504 63.312838 5.625385 4.266741
41.400000 2 35.109443 63.631221 5.625391 4.265653
41.500000 2 35.109383 63.951206 5.625397 4.264565
41.600000 2 35.109322 64.272800 5.625403 4.263478
41.700000 2 35.109262 64.596012 5.625409 4.262390
41.800000 2 35.109201 64.920849 5.625415 4.261302
41.900000 2 35.109141 65.247321 5.625421 4.260214
42.000000 2 35.109081 65.575434 5.625427 4.259127
42.100000 2 35.109021 65.905198 5.625433 4.258039
42.200000 2 35.108962 66.236621 5.625439 4.256951
42.300000 2 35.108902 66.569710 5.625445 4.255864
42.400000 2 35.108843 66.904475 5.625451 4.254776
42.500000 2 35.108784 67.240924 5.625457 4.253688
42.600000 2 35.108725 67.579065 5.625463 4.252600
42.700000 2 35.108666 67.918907 5.625469 4.251513
42.800000 2 35.108607 68.260459 5.625475 4.250425
42.900000 2 35.108548 68.603728 5.625481 4.249337
43.000000 2 35.108490 68.948724 5.625488 4.248249
43.100000 2 35.108432 69.295455 5.625494 4.247162
43.200000 2 35.108374 69.643930 5.625500 4.246074
43.300000 2 35.108316 69.994159 5.625506 4.244986
43.400000 2 35.108258 70.346148 5.625512 4.243898
43.500000 2 35.108200 70.699909 5.625518 4.242811
43.600000 2 35.108143 71.055448 5.625524 4.241723
43.700000 2 35.108085 71.412776 5.625530 4.240635
43.800000 2 35.108028 71.771902 5.625536 4.239547
43.900000 2 35.107971 72.132834 5.625542 4.238460
44.000000 2 35.107914 72.495581 5.625548 4.237372
44.100000 2 35.107857 72.860153 5.625554 4.236284
44.200000 2 35.107801 73.226558 5.625561 4.235196
44.300000 2 35.107744 73.594807 5.625567 4.234109
44.400000 2 35.107688 73.964908 5.625573 4.233021
44.500000 2 35.107632 74.336870 5.625579 4.231933
44.600000 2 35.107576 74.710704 5.625585 4.230845
44.700000 2 35.107520 75.086418 5.625591 4.229758
44.800000 2 35.107464 75.464021 5.625597 4.228670
44.900000 2 35.107409 75.843525 5.625603 4.227582
45.000000 2 35.107353 76.224936 5.625610 4.226494
45.100000 2 35.107298 76.608267 5.625616 4.225407
45.200000 2 35.107243 76.993525 5.625622 4.224319
45.300000 2 35.107188 77.380722 5.625628 4.223231
45.400000 2 35.107133 77.769866 5.625634 4.222143
45.500000 2 35.107078 78.160967 5.625640 4.221056
45.600000 2 35.107024 78.554036 5.625647 4.219968
45.700000 2 35.106970 78.949082 5.625653 4.218880
45.800000 2 35.106915 79.346115 5.625659 4.217792
45.900000 2 35.106861 79.745145 5.625665 4.216705
46.000000 2 35.106807 80.146182 5.625671 4.215617
46.100000 2 35.106753 80.549236 5.625677 4.214529
46.200000 2 35.106700 80.954318 5.625684 4.213441
46.300000 2 35.106646 81.361437 5.625690 4.212354
46.400000 2 35.106593 81.770604 5.625696 4.211266
46.500000 2 35.106539 82.181830 5.625702 4.210178
46.600000 2 35.106486 82.595123 5.625708 4.209090
46.700000 2 35.106433 83.010496 5.625715 4.208003
46.800000 2 35.106381 83.427958 5.625721 4.206915
46.900000 2 35.106328 83.847520 5.625727 4.205827
47.000000 2 35.106275 84.269192 5.625733 4.204739
47.100000 2 35.106223 84.692985 5.625739 4.203652
47.200000 2 35.106171 85.118910 5.625746 4.202564
47.300000 2 35.106118 85.546977 5.625752 4.201476
47.400000 2 35.106066 85.977198 5.625758 4.200388
47.500000 2 35.106015 86.409582 5.625764 4.199301
47.600000 2 35.105963 86.844142 5.625771 4.198213
47.700000 2 35.105911 87.280887 5.625777 4.197125
47.800000 2 35.105860 87.719829 5.625783 4.196037
47.900000 2 35.105808 88.160979 5.625789 4.194950
48.000000 2 35.105757 88.604348 5.625796 4.193862
48.100000 2 35.105706 89.049948 5.625802 4.192774
48.200000 2 35.105655 89.497788 5.625808 4.191686
48.300000 2 35.105605 89.947881 5.625814 4.190599
48.400000 2 35.105554 90.400239 5.625821 4.189511
48.500000 2 35.105503 90.854872 5.625827 4.188423
48.600000 2 35.105453 91.311791 5.625833 4.187335
48.700000 2 35.105403 91.771009 5.625839 4.186248
48.800000 2 35.105353 92.232537 5.625846 4.185160
48.900000 2 35.105303 92.696386 5.625852 4.184072
49.000000 2 35.105253 93.162568 5.625858 4.182984
49.100000 2 35.105203 93.631096 5.625865 4.181897
49.200000 2 35.105153 94.101980 5.625871 4.180809
49.300000 2 35.105104 94.575233 5.625877 4.179721
49.400000 2 35.105055 95.050866 5.625883 4.178633
49.500000 2 35.105005 95.528892 5.625890 4.177546
49.600000 2 35.104956 96.009322 5.625896 4.176458
49.700000 2 35.104907 96.492169 5.625902 4.175370
49.800000 2 35.104859 96.977445 5.625909 4.174282
49.900000 2 35.104810 97.465161 5.625915 4.173195
50.000000 2 35.104761 97.955331 5.625921 4.172107
50.100000 2 35.104713 98.447966 5.625928 4.171019
50.200000 2 35.104665 98.943080 5.625934 4.169931
50.300000 2 35.104617 99.440684 5.625940 4.168844
50.400000 2 35.104569 99.940791 5.625947 4.167756
50.500000 2 35.104521 100.443413 5.625953 4.166668
50.600000 2 35.104473 100.948564 5.625959 4.165580
50.700000 2 35.104425 101.456256 5.625966 4.164493
50.800000 2 35.104378 101.966501 5.625972 4.163405
50.900000 2 35.104330 102.479313 5.625978 4.162317
51.000000 2 35.104283 102.994705 5.625985 4.161229
51.100000 2 35.104236 103.512689 5.625991 4.160142
51.200000 2 35.104189 104.033279 5.625997 4.159054
51.300000 2 35.104142 104.556487 5.626004 4.157966
51.400000 2 35.104095 105.082327 5.626010 4.156878
51.500000 2 35.104048 105.610812 5.626017 4.155791
51.600000 2 35.104002 106.141956 5.626023 4.154703
51.700000 2 35.103955 106.675771 5.626029 4.153615
51.800000 2 35.103909 107.212271 5.626036 4.152527
51.900000 2 35.103863 107.751470 5.626042 4.151439
52.000000 2 35.103817 108.293381 5.626048 4.150352
52.100000 2 35.103771 108.838018 5.626055 4.149264
52.200000 2 35.103725 109.385395 5.626061 4.148176
52.300000 2 35.103680 109.935525 5.626068 4.147088
52.400000 2 35.103634 110.488423 5.626074 4.146001
52.500000 2 35.103589 111.044101 5.626080 4.144913
52.600000 2 35.103543 111.602575 5.626087 4.143825
52.700000 2 35.103498 112.163857 5.626093 4.142737
52.800000 2 35.103453 112.727964 5.626100 4.141650
52.900000 2 35.103408 113.294907 5.626106 4.140562
53.000000 2 35.103363 113.864703 5.626112 4.139474
53.100000 2 35.103318 114.437365 5.626119 4.138386
53.200000 2 35.103274 115.012907 5.626125 4.137299
53.300000 2 35.103229 115.591344 5.626132 4.136211
53.400000 2 35.103185 116.172691 5.626138 4.135123
53.500000 2 35.103141 116.756963 5.626145 4.134035
53.600000 2 35.103096 117.344173 5.626151 4.132948
53.700000 2 35.103052 117.934337 5.626157 4.131860
53.800000 2 35.103009 118.527469 5.626164 4.130772
53.900000 2 35.102965 119.123586 5.626170 4.129684
54.000000 2 35.102921 119.722700 5.626177 4.128597
54.100000 2 35.102878 120.324829 5.626183 4.127509
54.200000 2 35.102834 120.929986 5.626190 4.126421
54.300000 2 35.102791 121.538187 5.626196 4.125333
54.400000 2 35.102748 122.149448 5.626203 4.124245
54.500000 2 35.102704 122.763783 5.626209 4.123158
54.600000 2 35.102661 123.381209 5.626216 4.122070
54.700000 2 35.102619 124.001740 5.626222 4.120982
54.800000 2 35.102576 124.625393 5.626228 4.119894
54.900000 2 35.102533 125.252183 5.626235 4.118807
55.000000 2 35.102491 125.882126 5.626241 4.117719
55.100000 2 35.102448 126.515237 5.626248 4.116631
55.200000 2 35.102406 127.151533 5.626254 4.115543
55.300000 2 35.102364 127.791030 5.626261 4.114456
55.400000 2 35.102322 128.433744 5.626267 4.113368
55.500000 2 35.102280 129.079690 5.626274 4.112280
55.600000 2 35.102238 129.728886 5.626280 4.111192
55.700000 2 35.102196 130.381348 5.626287 4.110105
55.800000 2 35.102154 131.037091 5.626293 4.109017
55.900000 2 35.102113 131.696133 5.626300 4.107929
56.000000 2 35.102071 132.358490 5.626306 4.106841
56.100000 2 35.102030 133.024179 5.626313 4.105753
56.200000 2 35.101989 133.693217 5.626319 4.104666
56.300000 2 35.101948 134.365619 5.626326 4.103578
56.400000 2 35.101907 135.041405 5.626332 4.102490
56.500000 2 35.101866 135.720589 5.626339 4.101402
56.600000 2 35.101825 136.403190 5.626345 4.100315
56.700000 2 35.101784 137.089225 5.626352 4.099227
56.800000 2 35.101744 137.778710 5.626359 4.098139
56.900000 2 35.101703 138.471664 5.626365 4.097051
57.000000 2 35.101663 139.168103 5.626372 4.095964
57.100000 2 35.101602 139.867959 5.626378 4.094876
57.200000 2 35.101540 140.571333 5.626384 4.093788
57.300000 2 35.101478 141.278243 5.626390 4.092700
57.400000 2 35.101416 141.988707 5.626396 4.091613
57.500000 2 35.101354 142.702743 5.626402 4.090525
57.600000 2 35.101291 143.420369 5.626408 4.089437
57.700000 2 35.101228 144.141603 5.626414 4.088349
57.800000 2 35.101165 144.866462 5.626420 4.087262
57.900000 2 35.101102 145.594966 5.626426 4.086174
58.000000 2 35.101038 146.327133 5.626431 4.085086
58.100000 2 35.100974 147.062980 5.626437 4.083998
58.200000 2 35.100910 147.802527 5.626443 4.082910
58.300000 2 35.100846 148.545791 5.626449 4.081823
58.400000 2 35.100781 149.292793 5.626455 4.080735
58.500000 2 35.100716 150.043549 5.626461 4.079647
58.600000 2 35.100651 150.798081 5.626467 4.078559
58.700000 2 35.100585 151.556405 5.626473 4.077472
58.800000 2 35.100520 152.318542 5.626479 4.076384
58.900000 2 35.100454 153.084510 5.626485 4.075296
59.000000 2 35.100387 153.854329 5.626491 4.074208
59.100000 2 35.100321 154.628018 5.626497 4.073121
59.200000 2 35.100254 155.405597 5.626502 4.072033
59.300000 2 35.100187 156.187085 5.626508 4.070945
59.400000 2 35.100120 156.972501 5.626514 4.069857
59.500000 2 35.100052 157.761866 5.626520 4.068770
59.600000 2 35.099984 158.555200 5.626526 4.067682
59.700000 2 35.099916 159.352521 5.626532 4.066594
59.800000 2 35.099847 160.153851 5.626538 4.065506
59.900000 2 35.099779 160.959210 5.626543 4.064419
60.000000 2 35.099710 161.768617 5.626549 4.063331
60.100000 2 35.099640 162.582093 5.626555 4.062243
60.200000 2 35.099571 163.399659 5.626561 4.061155
60.300000 2 35.099501 164.221334 5.626567 4.060067
60.400000 2 35.099430 165.047140 5.626573 4.058980
60.500000 2 35.099360 165.877098 5.626578 4.057892
60.600000 2 35.099289 166.711228 5.626584 4.056804
60.700000 2 35.099218 167.549551 5.626590 4.055716
60.800000 2 35.099147 168.392089 5.626596 4.054629
60.900000 2 35.099075 169.238862 5.626601 4.053541
61.000000 2 35.099003 170.089892 5.626607 4.052453
61.100000 2 35.098931 170.945200 5.626613 4.051365
61.200000 2 35.098859 171.804807 5.626619 4.050278
61.300000 2 35.098786 172.668736 5.626625 4.049190
61.400000 2 35.098713 173.537008 5.626630 4.048102
61.500000 2 35.098639 174.409645 5.626636 4.047014
61.600000 2 35.098566 175.286668 5.626642 4.045927
61.700000 2 35.098492 176.168100 5.626647 4.044839
61.800000 2 35.098417 177.053963 5.626653 4.043751
61.900000 2 35.098343 177.944280 5.626659 4.042663
62.000000 2 35.098268 178.839071 5.626664 4.041575
62.100000 2 35.098193 179.738361 5.626670 4.040488
62.200000 2 35.098117 180.642172 5.626676 4.039400
62.300000 2 35.098041 181.550525 5.626682 4.038312
62.400000 2 35.097965 182.463445 5.626687 4.037224
62.500000 2 35.097889 183.380954 5.626693 4.036137
62.600000 2 35.097812 184.303075 5.626698 4.035049
62.700000 2 35.097735 185.229832 5.626704 4.033961
62.800000 2 35.097657 186.161247 5.626710 4.032873
62.900000 2 35.097580 187.097344 5.626715 4.031786
63.000000 2 35.097501 188.038147 5.626721 4.030698
63.100000 2 35.097423 188.983679 5.626727 4.029610
63.200000 2 35.097344 189.933963 5.626732 4.028522
63.300000 2 35.097265 190.889025 5.626738 4.027435
63.400000 2 35.097186 191.848887 5.626743 4.026347
63.500000 2 35.097106 192.813575 5.626749 4.025259
63.600000 2 35.097027 193.783111 5.626755 4.024171
63.700000 2 35.096946 194.757521 5.626760 4.023083
63.800000 2 35.096866 195.736830 5.626766 4.021996
63.900000 2 35.096785 196.721060 5.626771 4.020908
64.000000 2 35.096703 197.710238 5.626777 4.019820
64.100000 2 35.096622 198.704389 5.626782 4.018732
64.200000 2 35.096540 199.703536 5.626788 4.017645
64.300000 2 35.096457 200.707706 5.626793 4.016557
64.400000 2 35.096375 201.716923 5.626799 4.015469
64.500000 2 35.096292 202.731213 5.626804 4.014381
64.600000 2 35.096209 203.750602 5.626810 4.013294
64.700000 2 35.096125 204.775114 5.626815 4.012206
64.800000 2 35.096041 205.804776 5.626821 4.011118
64.900000 2 35.095957 206.839614 5.626826 4.010030
65.000000 2 35.095872 207.879654 5.626832 4.008942
65.100000 2 35.095787 208.924921 5.626837 4.007855
65.200000 2 35.095702 209.975442 5.626843 4.006767
65.300000 2 35.095616 211.031243 5.626848 4.005679
65.400000 2 35.095530 212.092351 5.626853 4.004591
65.500000 2 35.095443 213.158793 5.626859 4.003504
65.600000 2 35.095357 214.230595 5.626864 4.002416
65.700000 2 35.095269 215.307784 5.626870 4.001328
65.800000 2 35.095182 216.390388 5.626875 4.000240
65.900000 2 35.095094 217.478433 5.626880 3.999153
66.000000 2 35.095006 218.571947 5.626886 3.998065
66.100000 2 35.094917 219.670958 5.626891 3.996977
66.200000 2 35.094828 220.775492 5.626897 3.995889
66.300000 2 35.094739 221.885578 5.626902 3.994801
66.400000 2 35.094649 223.001243 5.626907 3.993714
66.500000 2 35.094559 224.122516 5.626913 3.992626
66.600000 2 35.094469 225.249425 5.626918 3.991538
66.700000 2 35.094378 226.381998 5.626923 3.990450
66.800000 2 35.094287 227.520263 5.626928 3.989363
66.900000 2 35.094196 228.664250 5.626934 3.988275
67.000000 2 35.094104 229.813986 5.626939 3.987187
67.100000 2 35.094012 230.969501 5.626944 3.986099
67.200000 2 35.093919 232.130824 5.626950 3.985012
67.300000 2 35.093826 233.297984 5.626955 3.983924
67.400000 2 35.093733 234.471009 5.626960 3.982836
67.500000 2 35.093639 235.649931 5.626965 3.981748
67.600000 2 35.093545 236.834778 5.626971 3.980660
67.700000 2 35.093450 238.025580 5.626976 3.979573
67.800000 2 35.093355 239.222366 5.626981 3.978485
67.900000 2 35.093260 240.425168 5.626986 3.977397
68.000000 2 35.093164 241.634015 5.626991 3.976309
68.100000 2 35.093068 242.848938 5.626997 3.975222
68.200000 2 35.092972 244.069967 5.627002 3.974134
68.300000 2 35.092875 245.297133 5.627007 3.973046
68.400000 2 35.092777 246.530466 5.627012 3.971958
68.500000 2 35.092680 247.769998 5.627017 3.970871
68.600000 2 35.092582 249.015759 5.627022 3.969783
68.700000 2 35.092483 250.267781 5.627028 3.968695
68.800000 2 35.092384 251.526096 5.627033 3.967607
68.900000 2 35.092285 252.790735 5.627038 3.966519
69.000000 2 35.092185 254.061730 5.627043 3.965432
69.100000 2 35.092085 255.339112 5.627048 3.964344
69.200000 2 35.091985 256.622915 5.627053 3.963256
69.300000 2 35.091884 257.913169 5.627058 3.962168
69.400000 2 35.091782 259.209908 5.627063 3.961081
69.500000 2 35.091681 260.513163 5.627068 3.959993
69.600000 2 35.091579 261.822969 5.627073 3.958905
69.700000 2 35.091476 263.139357 5.627078 3.957817
69.800000 2 35.091373 264.462360 5.627083 3.956729
69.900000 2 35.091270 265.792013 5.627088 3.955642
70.000000 2 35.091166 267.128348 5.627093 3.954554
70.100000 2 35.091061 268.471399 5.627098 3.953466
70.200000 2 35.090957 269.821199 5.627103 3.952378
70.300000 2 35.090852 271.177783 5.627108 3.951291
70.400000 2 35.090746 272.541184 5.627113 3.950203
70.500000 2 35.090640 273.911437 5.627118 3.949115
70.600000 2 35.090534 275.288577 5.627123 3.948027
70.700000 2 35.090427 276.672637 5.627128 3.946939
70.800000 2 35.090320 278.063652 5.627133 3.945852
70.900000 2 35.090212 279.461658 5.627138 3.944764
71.000000 2 35.090104 280.866689 5.627143 3.943676
71.100000 2 35.089995 282.278782 5.627148 3.942588
71.200000 2 35.089886 283.697970 5.627153 3.941501
71.300000 2 35.089777 285.124291 5.627157 3.940413
71.400000 2 35.089667 286.557779 5.627162 3.939325
71.500000 2 35.089556 287.998471 5.627167 3.938237
71.600000 2 35.089445 289.446402 5.627172 3.937149
71.700000 2 35.089334 290.901610 5.627177 3.936062
71.800000 2 35.089222 292.364131 5.627182 3.934974
71.900000 2 35.089110 293.834001 5.627186 3.933886
72.000000 2 35.088997 295.311258 5.627191 3.932798
72.100000 2 35.088884 296.795938 5.627196 3.931711
72.200000 2 35.088771 298.288078 5.627201 3.930623
72.300000 2 35.088657 299.787717 5.627206 3.929535
72.400000 2 35.088542 301.294892 5.627210 3.928447
72.500000 2 35.088427 302.809641 5.627215 3.927359
72.600000 2 35.088312 304.332001 5.627220 3.926272
72.700000 2 35.088196 305.862011 5.627224 3.925184
72.800000 2 35.088079 307.399709 5.627229 3.924096
72.900000 2 35.087962 308.945135 5.627234 3.923008
73.000000 2 35.087845 310.498326 5.627239 3.921921
73.100000 2 35.087727 312.059322 5.627243 3.920833
73.200000 2 35.087609 313.628162 5.627248 3.919745
73.300000 2 35.087490 315.204885 5.627253 3.918657
73.400000 2 35.087371 316.789531 5.627257 3.917569
73.500000 2 35.087251 318.382139 5.627262 3.916482
73.600000 2 35.087131 319.982750 5.627266 3.915394
73.700000 2 35.087010 321.591404 5.627271 3.914306
73.800000 2 35.086889 323.208141 5.627276 3.913218
73.900000 2 35.086767 324.833002 5.627280 3.912131
74.000000 2 35.086645 326.466028 5.627285 3.911043
74.100000 2 35.086522 328.107258 5.627289 3.909955
74.200000 2 35.086399 329.756736 5.627294 3.908867
74.300000 2 35.086275 331.414502 5.627298 3.907779
74.400000 2 35.086151 333.080597 5.627303 3.906692
74.500000 2 35.086026 334.755064 5.627307 3.905604
74.600000 2 35.085901 336.437945 5.627312 3.904516
74.700000 2 35.085775 338.129281 5.627316 3.903428
74.800000 2 35.085649 339.829116 5.627321 3.902340
74.900000 2 35.085522 341.537492 5.627325 3.901253
75.000000 2 35.085395 343.254451 5.627330 3.900165
75.100000 2 35.085267 344.980037 5.627334 3.899077
75.200000 2 35.085138 346.714294 5.627339 3.897989
75.300000 2 35.085009 348.457264 5.627343 3.896902
75.400000 2 35.084880 350.208991 5.627347 3.895814
75.500000 2 35.084750 351.969520 5.627352 3.894726
75.600000 2 35.084620 353.738895 5.627356 3.893638
75.700000 2 35.084489 355.517159 5.627361 3.892550
75.800000 2 35.084357 357.304359 5.627365 3.891463
75.900000 2 35.084225 359.100537 5.627369 3.890375
76.000000 2 35.084092 360.905740 5.627374 3.889287
76.100000 2 35.083959 362.720013 5.627378 3.888199
76.200000 2 35.083825 364.543402 5.627382 3.887111
76.300000 2 35.083691 366.375951 5.627386 3.886024
76.400000 2 35.083556 368.217708 5.627391 3.884936
76.500000 2 35.083421 370.068718 5.627395 3.883848
76.600000 2 35.083285 371.929027 5.627399 3.882760
76.700000 2 35.083149 373.798683 5.627403 3.881673
76.800000 2 35.083012 375.677732 5.627408 3.880585
76.900000 2 35.082874 377.566222 5.627412 3.879497
77.000000 2 35.082736 379.464200 5.627416 3.878409
77.100000 2 35.082597 381.371713 5.627420 3.877321
77.200000 2 35.082458 383.288810 5.627424 3.876234
77.300000 2 35.082318 385.215538 5.627429 3.875146
77.400000 2 35.082178 387.151945 5.627433 3.874058
77.500000 2 35.082037 389.098081 5.627437 3.872970
77.600000 2 35.081895 391.053995 5.627441 3.871882
77.700000 2 35.081753 393.019734 5.627445 3.870795
77.800000 2 35.081610 394.995349 5.627449 3.869707
77.900000 2 35.081467 396.980890 5.627453 3.868619
78.000000 2 35.081323 398.976405 5.627457 3.867531
78.100000 2 35.081178 400.981945 5.627461 3.866443
78.200000 2 35.081033 402.997561 5.627465 3.865356
78.300000 2 35.080888 405.023302 5.627469 3.864268
78.400000 2 35.080741 407.059220 5.627473 3.863180
78.500000 2 35.080594 409.105366 5.627477 3.862092
78.600000 2 35.080447 411.161791 5.627481 3.861005
78.700000 2 35.080299 413.228546 5.627485 3.859917
78.800000 2 35.080150 415.305684 5.627489 3.858829
78.900000 2 35.080001 417.393257 5.627493 3.857741
79.000000 2 35.079851 419.491317 5.627497 3.856653
79.100000 2 35.079701 421.599916 5.627501 3.855566
79.200000 2 35.079549 423.719108 5.627505 3.854478
79.300000 2 35.079398 425.848945 5.627509 3.853390
79.400000 2 35.079245 427.989482 5.627513 3.852302
79.500000 2 35.079092 430.140771 5.627516 3.851214
79.600000 2 35.078939 432.302867 5.627520 3.850127
79.700000 2 35.078785 434.475824 5.627524 3.849039
79.800000 2 35.078630 436.659696 5.627528 3.847951
79.900000 2 35.078474 438.854539 5.627532 3.846863
80.000000 2 35.078318 441.060407 5.627535 3.845775
80.100000 2 35.078161 443.277355 5.627539 3.844688
80.200000 2 35.078004 445.505439 5.627543 3.843600
80.300000 2 35.077846 447.744716 5.627547 3.842512
80.400000 2 35.077687 449.995241 5.627550 3.841424
80.500000 2 35.077528 452.257070 5.627554 3.840336
80.600000 2 35.077368 454.530261 5.627558 3.839249
80.700000 2 35.077207 456.814870 5.627561 3.838161
80.800000 2 35.077046 459.110954 5.627565 3.837073
80.900000 2 35.076884 461.418572 5.627569 3.835985
81.000000 2 35.076721 463.737781 5.627572 3.834897
81.100000 2 35.076558 466.068639 5.627576 3.833810
81.200000 2 35.076394 468.411205 5.627579 3.832722
81.300000 2 35.076229 470.765537 5.627583 3.831634
81.400000 2 35.076064 473.131695 5.627586 3.830546
81.500000 2 35.075898 475.509737 5.627590 3.829458
81.600000 2 35.075732 477.899724 5.627594 3.828371
81.700000 2 35.075564 480.301715 5.627597 3.827283
81.800000 2 35.075396 482.715770 5.627600 3.826195
81.900000 2 35.075227 485.141951 5.627604 3.825107
82.000000 2 35.075058 487.580317 5.627607 3.824019
82.100000 2 35.074888 490.030931 5.627611 3.822932
82.200000 2 35.074717 492.493853 5.627614 3.821844
82.300000 2 35.074546 494.969145 5.627618 3.820756
82.400000 2 35.074374 497.456869 5.627621 3.819668
82.500000 2 35.074201 499.957088 5.627624 3.818580
82.600000 2 35.074027 502.469864 5.627628 3.817493
82.700000 2 35.073853 504.995260 5.627631 3.816405
82.800000 2 35.073678 507.533340 5.627634 3.815317
82.900000 2 35.073502 510.084168 5.627638 3.814229
83.000000 2 35.073326 512.647806 5.627641 3.813141
83.100000 2 35.073148 515.224320 5.627644 3.812053
83.200000 2 35.072971 517.813773 5.627648 3.810966
83.300000 2 35.072792 520.416232 5.627651 3.809878
83.400000 2 35.072613 523.031761 5.627654 3.808790
83.500000 2 35.072433 525.660425 5.627657 3.807702
83.600000 2 35.072252 528.302291 5.627660 3.806614
83.700000 2 35.072070 530.957424 5.627664 3.805527
83.800000 2 35.071888 533.625892 5.627667 3.804439
83.900000 2 35.071705 536.307762 5.627670 3.803351
84.000000 2 35.071521 539.003099 5.627673 3.802263
84.100000 2 35.071337 541.711973 5.627676 3.801175
84.200000 2 35.071151 544.434450 5.627679 3.800088
84.300000 2 35.070965 547.170600 5.627682 3.799000
84.400000 2 35.070779 549.920490 5.627685 3.797912
84.500000 2 35.070591 552.684189 5.627688 3.796824
84.600000 2 35.070403 555.461768 5.627691 3.795736
84.700000 2 35.070214 558.253295 5.627694 3.794648
84.800000 2 35.070024 561.058840 5.627697 3.793561
84.900000 2 35.069833 563.878474 5.627700 3.792473
85.000000 2 35.069642 566.712267 5.627703 3.791385
85.100000 2 35.069449 569.560290 5.627706 3.790297
85.200000 2 35.069256 572.422616 5.627709 3.789209
85.300000 2 35.069063 575.299314 5.627712 3.788122
85.400000 2 35.068868 578.190458 5.627715 3.787034
85.500000 2 35.068673 581.096120 5.627718 3.785946
85.600000 2 35.068477 584.016373 5.627720 3.784858
85.700000 2 35.068280 586.951290 5.627723 3.783770
85.800000 2 35.068082 589.900944 5.627726 3.782683
85.900000 2 35.067883 592.865409 5.627729 3.781595
86.000000 2 35.067684 595.844760 5.627732 3.780507
86.100000 2 35.067484 598.839071 5.627734 3.779419
86.200000 2 35.067283 601.848418 5.627737 3.778331
86.300000 2 35.067081 604.872875 5.627740 3.777243
86.400000 2 35.066878 607.912518 5.627742 3.776156
86.500000 2 35.066675 610.967424 5.627745 3.775068
86.600000 2 35.066470 614.037669 5.627748 3.773980
86.700000 2 35.066265 617.123330 5.627750 3.772892
86.800000 2 35.066059 620.224484 5.627753 3.771804
86.900000 2 35.065852 623.341209 5.627755 3.770716
87.000000 2 35.065645 626.473584 5.627758 3.769629
87.100000 2 35.065436 629.621685 5.627760 3.768541
87.200000 2 35.065227 632.785593 5.627763 3.767453
87.300000 2 35.065017 635.965387 5.627765 3.766365
87.400000 2 35.064806 639.161145 5.627768 3.765277
87.500000 2 35.064594 642.372949 5.627770 3.764190
87.600000 2 35.064381 645.600879 5.627773 3.763102
87.700000 2 35.064167 648.845015 5.627775 3.762014
87.800000 2 35.063953 652.105439 5.627778 3.760926
87.900000 2 35.063737 655.382232 5.627780 3.759838
88.000000 2 35.063521 658.675477 5.627782 3.758750
88.100000 2 35.063304 661.985256 5.627785 3.757663
88.200000 2 35.063086 665.311651 5.627787 3.756575
88.300000 2 35.062867 668.654747 5.627789 3.755487
88.400000 2 35.062647 672.014626 5.627792 3.754399
88.500000 2 35.062426 675.391374 5.627794 3.753311
88.600000 2 35.062204 678.785074 5.627796 3.752223
88.700000 2 35.061982 682.195811 5.627798 3.751136
88.800000 2 35.061758 685.623671 5.627800 3.750048
88.900000 2 35.061534 689.068740 5.627803 3.748960
89.000000 2 35.061309 692.531105 5.627805 3.747872
89.100000 2 35.061083 696.010850 5.627807 3.746784
89.200000 2 35.060855 699.508065 5.627809 3.745696
89.300000 2 35.060627 703.022835 5.627811 3.744609
89.400000 2 35.060398 706.555251 5.627813 3.743521
89.500000 2 35.060168 710.105398 5.627815 3.742433
89.600000 2 35.059938 713.673368 5.627817 3.741345
89.700000 2 35.059706 717.259248 5.627819 3.740257
89.800000 2 35.059473 720.863130 5.627821 3.739169
89.900000 2 35.059239 724.485102 5.627823 3.738082
90.000000 2 35.059005 728.125255 5.627825 3.736994
90.100000 2 35.058769 731.783682 5.627827 3.735906
90.200000 2 35.058532 735.460472 5.627829 3.734818
90.300000 2 35.058295 739.155719 5.627831 3.733730
90.400000 2 35.058056 742.869515 5.627832 3.732642
90.500000 2 35.057817 746.601953 5.627834 3.731555
90.600000 2 35.057576 750.353125 5.627836 3.730467
90.700000 2 35.057335 754.123127 5.627838 3.729379
90.800000 2 35.057092 757.912052 5.627840 3.728291
90.900000 2 35.056849 761.719996 5.627841 3.727203
91.000000 2 35.056605 765.547053 5.627843 3.726115
91.100000 2 35.056359 769.393319 5.627845 3.725028
91.200000 2 35.056113 773.258891 5.627846 3.723940
91.300000 2 35.055865 777.143865 5.627848 3.722852
91.400000 2 35.055617 781.048338 5.627849 3.721764
91.500000 2 35.055368 784.972409 5.627851 3.720676
91.600000 2 35.055117 788.916175 5.627853 3.719588
91.700000 2 35.054866 792.879735 5.627854 3.718500
91.800000 2 35.054613 796.863189 5.627856 3.717413
91.900000 2 35.054360 800.866635 5.627857 3.716325
92.000000 2 35.054105 804.890175 5.627859 3.715237
92.100000 2 35.053849 808.933908 5.627860 3.714149
92.200000 2 35.053593 812.997936 5.627861 3.713061
92.300000 2 35.053335 817.082361 5.627863 3.711973
92.400000 2 35.053076 821.187284 5.627864 3.710885
92.500000 2 35.052816 825.312809 5.627865 3.709798
92.600000 2 35.052556 829.459039 5.627867 3.708710
92.700000 2 35.052294 833.626077 5.627868 3.707622
92.800000 2 35.052031 837.814027 5.627869 3.706534
92.900000 2 35.051767 842.022995 5.627871 3.705446
93.000000 2 35.051501 846.253086 5.627872 3.704358
93.100000 2 35.051235 850.504405 5.627873 3.703271
93.200000 2 35.050968 854.777059 5.627874 3.702183
93.300000 2 35.050700 859.071154 5.627875 3.701095
93.400000 2 35.050430 863.386799 5.627876 3.700007
93.500000 2 35.050159 867.724101 5.627877 3.698919
93.600000 2 35.049888 872.083168 5.627878 3.697831
93.700000 2 35.049615 876.464110 5.627879 3.696743
93.800000 2 35.049341 880.867036 5.627880 3.695656
93.900000 2 35.049066 885.292055 5.627881 3.694568
94.000000 2 35.048790 889.739280 5.627882 3.693480
94.100000 2 35.048512 894.208821 5.627883 3.692392
94.200000 2 35.048234 898.700790 5.627884 3.691304
94.300000 2 35.047955 903.215298 5.627885 3.690216
94.400000 2 35.047674 907.752460 5.627886 3.689128
94.500000 2 35.047392 912.312388 5.627887 3.688040
94.600000 2 35.047109 916.895197 5.627888 3.686953
94.700000 2 35.046825 921.501001 5.627888 3.685865
94.800000 2 35.046540 926.129915 5.627889 3.684777
94.900000 2 35.046253 930.782054 5.627890 3.683689
95.000000 2 35.045965 935.457536 5.627890 3.682601
95.100000 2 35.045677 940.156478 5.627891 3.681513
95.200000 2 35.045387 944.878996 5.627892 3.680425
95.300000 2 35.045096 949.625208 5.627892 3.679338
95.400000 2 35.044803 954.395234 5.627893 3.678250
95.500000 2 35.044510 959.189192 5.627893 3.677162
95.600000 2 35.044215 964.007203 5.627894 3.676074
95.700000 2 35.043919 968.849386 5.627894 3.674986
95.800000 2 35.043622 973.715863 5.627895 3.673898
95.900000 2 35.043323 978.606756 5.627895 3.672810
96.000000 2 35.043024 983.522186 5.627896 3.671722
96.100000 2 35.042723 988.462277 5.627896 3.670635
96.200000 2 35.042421 993.427152 5.627896 3.669547
96.300000 2 35.042118 998.416935 5.627897 3.668459
96.400000 2 35.041813 1003.431751 5.627897 3.667371
96.500000 2 35.041508 1008.471725 5.627897 3.666283
96.600000 2 35.041201 1013.536983 5.627898 3.665195
96.700000 2 35.040892 1018.627651 5.627898 3.664107
96.800000 2 35.040583 1023.743858 5.627898 3.663019
96.900000 2 35.040272 1028.885730 5.627898 3.661932
97.000000 2 35.039960 1034.053396 5.627898 3.660844
97.100000 2 35.039647 1039.246986 5.627898 3.659756
97.200000 2 35.039332 1044.466628 5.627898 3.658668
97.300000 2 35.039016 1049.712454 5.627898 3.657580
97.400000 2 35.038699 1054.984594 5.627898 3.656492
97.500000 2 35.038381 1060.283181 5.627898 3.655404
97.600000 2 35.038061 1065.608346 5.627898 3.654316
97.700000 2 35.037740 1070.960223 5.627898 3.653228
97.800000 2 35.037418 1076.338945 5.627898 3.652141
97.900000 2 35.037094 1081.744646 5.627898 3.651053
98.000000 2 35.036769 1087.177462 5.627898 3.649965
98.100000 2 35.036443 1092.637529 5.627897 3.648877
98.200000 2 35.036115 1098.124982 5.627897 3.647789
98.300000 2 35.035786 1103.639960 5.627897 3.646701
98.400000 2 35.035456 1109.182598 5.627897 3.645613
98.500000 2 35.035124 1114.753037 5.627896 3.644525
98.600000 2 35.034791 1120.351415 5.627896 3.643437
98.700000 2 35.034457 1125.977871 5.627895 3.642350
98.800000 2 35.034121 1131.632547 5.627895 3.641262
98.900000 2 35.033784 1137.315584 5.627895 3.640174
99.000000 2 35.033446 1143.027123 5.627894 3.639086
99.100000 2 35.033106 1148.767307 5.627894 3.637998
99.200000 2 35.032765 1154.536280 5.627893 3.636910
99.300000 2 35.032422 1160.334185 5.627892 3.635822
99.400000 2 35.032078 1166.161167 5.627892 3.634734
99.500000 2 35.031733 1172.017373 5.627891 3.633646
99.600000 2 35.031386 1177.902947 5.627890 3.632558
99.700000 2 35.031037 1183.818037 5.627890 3.631470
99.800000 2 35.030688 1189.762790 5.627889 3.630383
99.900000 2 35.030337 1195.737356 5.627888 3.629295
100.000000 2 35.029984 1201.741882 5.627887 3.628207
100.100000 2 35.029630 1207.776520 5.627886 3.627119
100.200000 2 35.029275 1213.841419 5.627885 3.626031
100.300000 2 35.028918 1219.936731 5.627885 3.624943
100.400000 2 35.028560 1226.062608 5.627884 3.623855
100.500000 2 35.028200 1232.219203 5.627883 3.622767
100.600000 2 35.027839 1238.406670 5.627882 3.621679
100.700000 2 35.027476 1244.625163 5.627880 3.620591
100.800000 2 35.027112 1250.874837 5.627879 3.619503
100.900000 2 35.026746 1257.155849 5.627878 3.618416
101.000000 2 35.026379 1263.468354 5.627877 3.617328
101.100000 2 35.026011 1269.812511 5.627876 3.616240
101.200000 2 35.025641 1276.188478 5.627875 3.615152
101.300000 2 35.025269 1282.596413 5.627873 3.614064
101.400000 2 35.024896 1289.036477 5.627872 3.612976
101.500000 2 35.024521 1295.508831 5.627871 3.611888
101.600000 2 35.024145 1302.013636 5.627869 3.610800
101.700000 2 35.023767 1308.551054 5.627868 3.609712
101.800000 2 35.023388 1315.121248 5.627866 3.608624
101.900000 2 35.023007 1321.724382 5.627865 3.607536
102.000000 2 35.022625 1328.360621 5.627863 3.606448
102.100000 2 35.022241 1335.030131 5.627862 3.605360
102.200000 2 35.021855 1341.733078 5.627860 3.604273
102.300000 2 35.021468 1348.469628 5.627859 3.603185
102.400000 2 35.021080 1355.239951 5.627857 3.602097
102.500000 2 35.020689 1362.044214 5.627855 3.601009
102.600000 2 35.019946 1375.041442 5.627852 3.598946
102.700000 2 35.019385 1384.870546 5.627849 3.597398
102.800000 2 35.018961 1392.288373 5.627847 3.596238
102.900000 2 35.018323 1403.489591 5.627844 3.594497
103.000000 4 35.017681 1414.815256 5.627857 3.592755
103.100000 4 35.017513 1414.819241 5.627857 3.592754
103.200000 4 34.743280 1421.360232 5.628849 3.592001
103.300000 4 34.467587 1427.978498 5.629841 3.591240
103.400000 4 34.190424 1434.675521 5.630833 3.590472
103.500000 4 33.911779 1441.452810 5.631825 3.589697
103.600000 4 33.631642 1448.311905 5.632817 3.588914
103.700000 4 33.350002 1455.254369 5.633809 3.588123
103.800000 4 33.066848 1462.281793 5.634801 3.587325
103.900000 4 32.782170 1469.395791 5.635793 3.586519
104.000000 4 32.495956 1476.598000 5.636785 3.585706
104.100000 4 32.208195 1483.890079 5.637777 3.584884
104.200000 4 31.918877 1491.273705 5.638769 3.584054
104.300000 4 31.627989 1498.750571 5.639761 3.583216
104.400000 4 31.335521 1506.322381 5.640753 3.582370
104.500000 4 31.041461 1513.990851 5.641745 3.581515
104.600000 4 30.745798 1521.757699 5.642737 3.580652
104.700000 4 30.448521 1529.624639 5.643729 3.579780
104.800000 4 30.149617 1537.593381 5.644720 3.578900
104.900000 4 29.849077 1545.665616 5.645712 3.578011
105.000000 4 29.550586 1553.742482 5.646692 3.577124
105.100000 4 29.255080 1561.797460 5.647657 3.576242
105.200000 4 28.962529 1569.829830 5.648607 3.575366
105.300000 4 28.672904 1577.838823 5.649543 3.574495
105.400000 4 28.386175 1585.823619 5.650464 3.573629
105.500000 4 28.102313 1593.783344 5.651372 3.572769
105.600000 4 27.821290 1601.717067 5.652266 3.571914
105.700000 4 27.543077 1609.623797 5.653147 3.571065
105.800000 4 27.267646 1617.502483 5.654014 3.570222
105.900000 4 26.994970 1625.352009 5.654869 3.569384
106.000000 4 26.725020 1633.171189 5.655711 3.568553
106.100000 4 26.457770 1640.958768 5.656541 3.567727
106.200000 4 26.193192 1648.713413 5.657359 3.566908
106.300000 4 25.931260 1656.433713 5.658165 3.566095
106.400000 4 25.671948 1664.118171 5.658959 3.565288
106.500000 4 25.415228 1671.765204 5.659742 3.564489
106.600000 4 25.161076 1679.373133 5.660514 3.563696
106.700000 4 24.909465 1686.940179 5.661275 3.562909
106.800000 4 24.660371 1694.464458 5.662025 3.562131
106.900000 4 24.413767 1701.943972 5.662764 3.561359
107.000000 4 24.169629 1709.376606 5.663494 3.560595
107.100000 4 23.927933 1716.760114 5.664213 3.559839
107.200000 4 23.688654 1724.092115 5.664921 3.559091
107.300000 4 23.451767 1731.370084 5.665621 3.558351
107.400000 4 23.217249 1738.591338 5.666310 3.557619
107.500000 4 22.985077 1745.753027 5.666990 3.556897
107.600000 4 22.755226 1752.852123 5.667661 3.556183
107.700000 4 22.527674 1759.885402 5.668323 3.555479
107.800000 4 22.302397 1766.849435 5.668976 3.554785
107.900000 4 22.079373 1773.740568 5.669620 3.554100
108.000000 4 21.858579 1780.554902 5.670255 3.553427
108.100000 4 21.639994 1787.288279 5.670882 3.552764
108.200000 4 21.423594 1793.936253 5.671501 3.552112
108.300000 4 21.209358 1800.494069 5.672112 3.551473
108.400000 4 20.997264 1806.956633 5.672714 3.550845
108.500000 4 20.787291 1813.318486 5.673309 3.550231
108.600000 4 20.579419 1819.573761 5.673896 3.549630
108.700000 4 20.373624 1825.716151 5.674476 3.549043
108.800000 4 20.169888 1831.738861 5.675048 3.548471
108.900000 4 19.968189 1837.634561 5.675613 3.547914
109.000000 4 19.768507 1843.395328 5.676171 3.547374
109.100000 4 19.570822 1849.012579 5.676722 3.546851
109.200000 4 19.375114 1854.477002 5.677266 3.546346
109.300000 4 19.181363 1859.778469 5.677803 3.545861
109.400000 4 18.989549 1864.905939 5.678334 3.545396
109.500000 4 18.799654 1869.847346 5.678859 3.544952
109.600000 4 18.611657 1874.589466 5.679377 3.544532
109.700000 4 18.425541 1879.117766 5.679889 3.544136
109.800000 4 18.241285 1883.416224 5.680394 3.543766
109.900000 4 18.058872 1887.467115 5.680894 3.543424
110.000000 4 17.878284 1891.250757 5.681389 3.543113
110.100000 4 17.699501 1894.745212 5.681877 3.542834
110.200000 4 17.522506 1897.925917 5.682360 3.542591
110.300000 4 17.347281 1900.765240 5.682838 3.542386
110.400000 4 17.173808 1903.231936 5.683310 3.542222
110.500000 4 17.002070 1905.290468 5.683778 3.542104
110.600000 4 16.832049 1906.900166 5.684240 3.542037
110.700000 4 16.663729 1908.014150 5.684698 3.542024
110.800000 4 16.497091 1908.577955 5.685151 3.542073
110.900000 4 16.332121 1908.527734 5.685599 3.542191
111.000000 4 16.168799 1907.787882 5.686043 3.542386
111.100000 4 16.007111 1906.267810 5.686483 3.542669
111.200000 4 15.847040 1903.857495 5.686919 3.543053
111.300000 4 15.688570 1900.421151 5.687351 3.543553
111.400000 4 15.531684 1895.787946 5.687780 3.544191
111.500000 4 15.376367 1889.737872 5.688205 3.544991
111.600000 4 15.222604 1881.979195 5.688628 3.545990
111.700000 4 15.070378 1872.110379 5.689047 3.547237
111.800000 4 14.919674 1859.551009 5.689464 3.548803
111.900000 4 14.770477 1843.404515 5.689879 3.550800
112.000000 4 14.696625 1833.576414 5.690086 3.552013
112.100000 4 14.623142 1822.209643 5.690292 3.553414
112.200000 4 14.550026 1808.893118 5.690498 3.555059
112.300000 4 14.477276 1793.009892 5.690704 3.557025
112.400000 4 14.441084 1783.831248 5.690807 3.558165
112.500000 4 14.404983 1773.602231 5.690910 3.559440
112.600000 4 14.368973 1762.090191 5.691013 3.560880
112.700000 4 14.333054 1748.979396 5.691115 3.562527
112.800000 4 14.297226 1733.830769 5.691217 3.564441
112.900000 4 14.279358 1725.310494 5.691268 3.565524
113.000000 4 14.261512 1716.026384 5.691319 3.566708
113.100000 4 14.243690 1705.853130 5.691369 3.568012
113.200000 4 14.225890 1694.636364 5.691420 3.569457
113.300000 4 14.208113 1682.184229 5.691470 3.571071
113.400000 4 14.190359 1668.256029 5.691519 3.572889
113.500000 4 14.172628 1652.546826 5.691568 3.574956
113.600000 4 14.163775 1643.907930 5.691593 3.576100
113.700000 4 14.154927 1634.669387 5.691617 3.577330
113.800000 4 14.146085 1624.764280 5.691640 3.578655
113.900000 4 14.137250 1614.116097 5.691664 3.580089
114.000000 4 14.128420 1602.637116 5.691687 3.581645
114.100000 4 14.119596 1590.226474 5.691710 3.583339
114.200000 4 14.110779 1576.767884 5.691733 3.585190
114.300000 4 14.101968 1562.126909 5.691754 3.587221
114.400000 4 14.097566 1554.315361 5.691765 3.588312
114.500000 4 14.093165 1546.147849 5.691776 3.589459
114.600000 4 14.088766 1537.600904 5.691786 3.590665
114.700000 4 14.084368 1528.649197 5.691796 3.591936
114.800000 4 14.079972 1519.265375 5.691806 3.593275
114.900000 4 14.075578 1509.419884 5.691816 3.594690
115.000000 4 14.071185 1499.080782 5.691826 3.596184
115.100000 4 14.066795 1488.213526 5.691835 3.597767
115.200000 4 14.062406 1476.780753 5.691844 3.599444
115.300000 4 14.058018 1464.742035 5.691853 3.601223
115.400000 4 14.053633 1452.053626 5.691861 3.603114
115.500000 4 14.049249 1438.668185 5.691869 3.605127
115.600000 4 14.044867 1424.534483 5.691876 3.607273
115.700000 4 14.042677 1417.169286 5.691879 3.608400
115.800000 4 14.040488 1409.595815 5.691883 3.609564
115.900000 4 14.038299 1401.806428 5.691886 3.610768
116.000000 4 14.036111 1393.793179 5.691889 3.612014
116.100000 4 14.033923 1385.547807 5.691892 3.613303
116.200000 4 14.031735 1377.061731 5.691895 3.614638
116.300000 4 14.029548 1368.326033 5.691898 3.616020
116.400000 4 14.027362 1359.331452 5.691900 3.617453
116.500000 4 14.025176 1350.068374 5.691902 3.618938
116.600000 4 14.022991 1340.526820 5.691904 3.620479
116.700000 4 14.020806 1330.696442 5.691906 3.622078
116.800000 4 14.018621 1320.566510 5.691908 3.623737
116.900000 4 14.016438 1310.125907 5.691909 3.625461
117.000000 4 14.014255 1299.363123 5.691910 3.627253
117.100000 4 14.012072 1288.266250 5.691911 3.629116
117.200000 4 14.009890 1276.822977 5.691912 3.631053
117.300000 4 14.007709 1265.020593 5.691912 3.633070
117.400000 4 14.005528 1252.845984 5.691912 3.635170
117.500000 4 14.004438 1246.614061 5.691912 3.636253
117.600000 4 14.003344 1240.259536 5.691912 3.637362
117.700000 4 14.002250 1233.803841 5.691912 3.638495
117.800000 4 14.001156 1227.245148 5.691911 3.639653
117.900000 4 14.000062 1220.581606 5.691911 3.640835
118.000000 4 13.998968 1213.811337 5.691910 3.642043
118.100000 4 13.997874 1206.932438 5.691910 3.643276
118.200000 4 13.996781 1199.942984 5.691909 3.644537
118.300000 4 13.995687 1192.841025 5.691908 3.645826
118.400000 4 13.994594 1185.624591 5.691907 3.647144
118.500000 4 13.993501 1178.291689 5.691906 3.648491
118.600000 4 13.992407 1170.840307 5.691904 3.649868
118.700000 4 13.991314 1163.268411 5.691903 3.651276
118.800000 4 13.990221 1155.573953 5.691902 3.652717
118.900000 4 13.989128 1147.754866 5.691900 3.654191
119.000000 4 13.988035 1139.809069 5.691898 3.655699
119.100000 4 13.986942 1131.734467 5.691896 3.657242
119.200000 4 13.985850 1123.528956 5.691894 3.658822
119.300000 4 13.984757 1115.190420 5.691892 3.660439
119.400000 4 13.983665 1106.716739 5.691890 3.662095
119.500000 4 13.982572 1098.105786 5.691887 3.663790
119.600000 4 13.981480 1089.355435 5.691884 3.665527
119.700000 4 13.980387 1080.463560 5.691881 3.667306
119.800000 4 13.979295 1071.428041 5.691878 3.669129
119.900000 4 13.978203 1062.246764 5.691875 3.670997
120.000000 4 13.977111 1052.917629 5.691872 3.672911
120.100000 4 13.976019 1043.438551 5.691868 3.674874
120.200000 4 13.974927 1033.807468 5.691864 3.676887
120.300000 4 13.973835 1024.022339 5.691860 3.678951
120.400000 4 13.972744 1014.081158 5.691856 3.681068
120.500000 4 13.971652 1003.981953 5.691851 3.683240
120.600000 4 13.971106 998.871331 5.691849 3.684348
120.700000 4 13.970560 993.720443 5.691846 3.685470
120.800000 4 13.970015 988.529055 5.691844 3.686607
120.900000 4 13.969469 983.296935 5.691841 3.687759
121.000000 4 13.968923 978.023856 5.691839 3.688925
121.100000 4 13.968378 972.709594 5.691836 3.690108
121.200000 4 13.967832 967.353929 5.691833 3.691306
121.300000 4 13.967286 961.956647 5.691830 3.692520
121.400000 4 13.966741 956.517536 5.691827 3.693751
121.500000 4 13.966195 951.036390 5.691824 3.694998
121.600000 4 13.965650 945.513010 5.691821 3.696262
121.700000 4 13.965104 939.947199 5.691818 3.697543
121.800000 4 13.964559 934.338769 5.691815 3.698842
121.900000 4 13.964013 928.687536 5.691812 3.700159
122.000000 4 13.963468 922.993322 5.691808 3.701493
122.100000 4 13.962922 917.255958 5.691805 3.702846
