t Ka M R logL logTeff
0.100000 1 69.984221 9.602835 5.817141 4.724226
0.200000 1 69.968221 9.632053 5.818814 4.723985
0.300000 1 69.952078 9.661437 5.820520 4.723750
0.400000 1 69.935789 9.691031 5.822261 4.723521
0.500000 1 69.919350 9.720878 5.824035 4.723296
0.600000 1 69.902756 9.751021 5.825842 4.723076
0.700000 1 69.886003 9.781505 5.827683 4.722858
0.800000 1 69.869086 9.812373 5.829557 4.722643
0.900000 1 69.852002 9.843670 5.831464 4.722428
1.000000 1 69.834745 9.875443 5.833405 4.722213
1.100000 1 69.817311 9.907738 5.835379 4.721998
1.200000 1 69.799695 9.940600 5.837385 4.721781
1.300000 1 69.781891 9.974078 5.839425 4.721561
1.400000 1 69.763895 10.008219 5.841498 4.721337
1.500000 1 69.745702 10.043072 5.843604 4.721108
1.600000 1 69.727306 10.078687 5.845743 4.720874
1.700000 1 69.708702 10.115113 5.847914 4.720634
1.800000 1 69.689884 10.152401 5.850118 4.720386
1.900000 1 69.670846 10.190603 5.852354 4.720129
2.000000 1 69.651584 10.229771 5.854624 4.719863
2.100000 1 69.632090 10.269960 5.856925 4.719587
2.200000 1 69.612358 10.311222 5.859259 4.719300
2.300000 1 69.592383 10.353613 5.861625 4.719001
2.400000 1 69.572158 10.397190 5.864024 4.718688
2.500000 1 69.551676 10.442010 5.866454 4.718362
2.600000 1 69.530931 10.488131 5.868916 4.718021
2.700000 1 69.509915 10.535614 5.871411 4.717663
2.800000 1 69.488622 10.584519 5.873937 4.717289
2.900000 1 69.467045 10.634909 5.876495 4.716897
3.000000 1 69.445175 10.686848 5.879084 4.716487
3.100000 1 69.423005 10.740402 5.881705 4.716057
3.200000 1 69.400527 10.795637 5.884358 4.715606
3.300000 1 69.377734 10.852623 5.887041 4.715134
3.400000 1 69.354616 10.911431 5.889756 4.714639
3.500000 1 69.331166 10.972134 5.892502 4.714121
3.600000 1 69.307375 11.034808 5.895279 4.713578
3.700000 1 69.283233 11.099530 5.898087 4.713010
3.800000 1 69.258732 11.166380 5.900925 4.712416
3.900000 1 69.233862 11.235442 5.903794 4.711794
4.000000 1 69.208614 11.306803 5.906693 4.711144
4.100000 1 69.182977 11.380552 5.909623 4.710465
4.200000 1 69.156941 11.456781 5.912583 4.709755
4.300000 1 69.130496 11.535590 5.915573 4.709014
4.400000 1 69.103631 11.617078 5.918592 4.708240
4.500000 1 69.076335 11.701353 5.921642 4.707433
4.600000 1 69.048597 11.788526 5.924720 4.706591
4.700000 1 69.020405 11.878714 5.927829 4.705713
4.800000 1 68.991746 11.972041 5.930966 4.704798
4.900000 1 68.962609 12.068638 5.934133 4.703845
5.000000 1 68.932980 12.168641 5.937328 4.702852
5.100000 1 68.902847 12.272198 5.940552 4.701817
5.200000 1 68.872197 12.379465 5.943805 4.700741
5.300000 1 68.841015 12.490606 5.947086 4.699620
5.400000 1 68.809287 12.605800 5.950395 4.698454
5.500000 1 68.776954 12.725232 5.953731 4.697241
5.600000 1 68.743938 12.849099 5.957094 4.695978
5.700000 1 68.727078 12.912754 5.958785 4.695327
5.800000 1 68.710038 12.977601 5.960481 4.694664
5.900000 1 68.692816 13.043670 5.962184 4.693987
6.000000 1 68.675407 13.110991 5.963894 4.693296
6.100000 1 68.657810 13.179598 5.965610 4.692592
6.200000 1 68.640022 13.249523 5.967332 4.691873
6.300000 1 68.622040 13.320802 5.969061 4.691141
6.400000 1 68.603860 13.393472 5.970795 4.690393
6.500000 1 68.585480 13.467571 5.972536 4.689630
6.600000 1 68.566898 13.543139 5.974283 4.688852
6.700000 1 68.548109 13.620216 5.976037 4.688058
6.800000 1 68.529111 13.698847 5.977796 4.687248
6.900000 1 68.509901 13.779077 5.979562 4.686421
7.000000 1 68.490475 13.860953 5.981333 4.685577
7.100000 1 68.470831 13.944525 5.983110 4.684716
7.200000 1 68.450966 14.029845 5.984893 4.683838
7.300000 1 68.430875 14.116966 5.986683 4.682941
7.400000 1 68.410557 14.205947 5.988478 4.682025
7.500000 1 68.390008 14.296845 5.990278 4.681090
7.600000 1 68.369224 14.389725 5.992085 4.680135
7.700000 1 68.348203 14.484650 5.993897 4.679161
7.800000 1 68.326940 14.581691 5.995715 4.678165
7.900000 1 68.305434 14.680919 5.997538 4.677148
8.000000 1 68.283681 14.782409 5.999367 4.676110
8.100000 1 68.261677 14.886243 6.001201 4.675048
8.200000 1 68.239419 14.992502 6.003041 4.673964
8.300000 1 68.216905 15.101276 6.004886 4.672855
8.400000 1 68.194130 15.212656 6.006737 4.671722
8.500000 1 68.171092 15.326740 6.008593 4.670564
8.600000 1 68.147788 15.443631 6.010454 4.669379
8.700000 1 68.124215 15.563436 6.012320 4.668168
8.800000 1 68.100370 15.686270 6.014192 4.666929
8.900000 1 68.076249 15.812253 6.016068 4.665661
9.000000 1 68.051851 15.941510 6.017950 4.664363
9.100000 1 68.027171 16.074176 6.019837 4.663035
9.200000 1 68.002208 16.210392 6.021728 4.661676
9.300000 1 67.976960 16.350306 6.023625 4.660284
9.400000 1 67.951423 16.494075 6.025527 4.658858
9.500000 1 67.925595 16.641867 6.027433 4.657398
9.600000 1 67.899475 16.793856 6.029345 4.655902
9.700000 1 67.873061 16.950228 6.031261 4.654368
9.800000 1 67.846351 17.111181 6.033182 4.652796
9.900000 1 67.819343 17.276922 6.035107 4.651184
10.000000 1 67.792036 17.447672 6.037038 4.649531
10.100000 1 67.778233 17.534991 6.038004 4.648689
10.200000 1 67.764355 17.623652 6.038972 4.647836
10.300000 1 67.750402 17.713685 6.039941 4.646971
10.400000 1 67.736374 17.805123 6.040911 4.646096
10.500000 1 67.722271 17.897999 6.041882 4.645209
10.600000 1 67.708093 17.992347 6.042854 4.644310
10.700000 1 67.693840 18.088203 6.043828 4.643400
10.800000 1 67.679513 18.185604 6.044802 4.642477
10.900000 1 67.665110 18.284587 6.045778 4.641543
11.000000 1 67.650633 18.385190 6.046755 4.640595
11.100000 1 67.636082 18.487454 6.047733 4.639635
11.200000 1 67.621456 18.591420 6.048713 4.638662
11.300000 1 67.606757 18.697131 6.049693 4.637676
11.400000 1 67.591983 18.804630 6.050675 4.636677
11.500000 1 67.577137 18.913962 6.051658 4.635664
11.600000 1 67.562217 19.025174 6.052642 4.634637
11.700000 1 67.547225 19.138315 6.053627 4.633595
11.800000 1 67.532161 19.253433 6.054613 4.632540
11.900000 1 67.517025 19.370580 6.055601 4.631469
12.000000 1 67.501818 19.489810 6.056590 4.630384
12.100000 1 67.486540 19.611176 6.057579 4.629284
12.200000 1 67.471193 19.734735 6.058571 4.628168
12.300000 1 67.455776 19.860545 6.059563 4.627036
12.400000 1 67.440291 19.988667 6.060556 4.625888
12.500000 1 67.424739 20.119162 6.061551 4.624723
12.600000 1 67.409119 20.252095 6.062547 4.623542
12.700000 1 67.393434 20.387532 6.063544 4.622344
12.800000 1 67.377684 20.525541 6.064543 4.621129
12.900000 1 67.361871 20.666194 6.065543 4.619896
13.000000 1 67.345995 20.809564 6.066544 4.618645
13.100000 1 67.330057 20.955727 6.067546 4.617376
13.200000 1 67.314059 21.104760 6.068550 4.616088
13.300000 1 67.298003 21.256746 6.069555 4.614781
13.400000 1 67.281890 21.411767 6.070561 4.613454
13.500000 1 67.265720 21.569912 6.071568 4.612108
13.600000 1 67.249497 21.731269 6.072577 4.610742
13.700000 1 67.233221 21.895933 6.073588 4.609356
13.800000 1 67.216895 22.063998 6.074600 4.607948
13.900000 1 67.200520 22.235565 6.075613 4.606520
14.000000 1 67.184099 22.410738 6.076627 4.605069
14.100000 1 67.167633 22.589623 6.077644 4.603597
14.200000 1 67.151125 22.772332 6.078661 4.602102
14.300000 1 67.134578 22.958979 6.079680 4.600584
14.400000 1 67.117992 23.149684 6.080701 4.599043
14.500000 1 67.101372 23.344570 6.081723 4.597478
14.600000 1 67.084720 23.543766 6.082747 4.595889
14.700000 1 67.068039 23.747405 6.083773 4.594276
14.800000 1 67.051331 23.955625 6.084800 4.592637
14.900000 1 67.034600 24.168569 6.085829 4.590972
15.000000 1 67.017849 24.386386 6.086860 4.589282
15.100000 1 67.001081 24.609231 6.087893 4.587565
15.200000 1 66.984301 24.837264 6.088927 4.585821
15.300000 1 66.967511 25.070651 6.089964 4.584049
15.400000 1 66.950715 25.309566 6.091002 4.582249
15.500000 1 66.933918 25.554189 6.092042 4.580420
15.600000 1 66.917123 25.804708 6.093085 4.578562
15.700000 1 66.900334 26.061316 6.094129 4.576675
15.800000 1 66.891946 26.191967 6.094652 4.575720
15.900000 1 66.883561 26.324217 6.095176 4.574757
16.000000 1 66.875180 26.458093 6.095700 4.573786
16.100000 1 66.866805 26.593621 6.096224 4.572808
16.200000 1 66.858434 26.730830 6.096750 4.571822
16.300000 1 66.850070 26.869748 6.097275 4.570828
16.400000 1 66.841713 27.010403 6.097802 4.569826
16.500000 1 66.833362 27.152825 6.098329 4.568815
16.600000 1 66.825020 27.297044 6.098857 4.567797
16.700000 1 66.816687 27.443091 6.099385 4.566770
16.800000 1 66.808362 27.590996 6.099914 4.565735
16.900000 1 66.800048 27.740792 6.100443 4.564692
17.000000 1 66.791744 27.892511 6.100973 4.563640
17.100000 1 66.783452 28.046186 6.101504 4.562580
17.200000 1 66.775172 28.201852 6.102035 4.561511
17.300000 1 66.766905 28.359543 6.102567 4.560433
17.400000 1 66.758651 28.519294 6.103100 4.559346
17.500000 1 66.750411 28.681141 6.103633 4.558251
17.600000 1 66.742187 28.845122 6.104168 4.557146
17.700000 1 66.733978 29.011273 6.104702 4.556033
17.800000 1 66.725786 29.179634 6.105238 4.554910
17.900000 1 66.717612 29.350244 6.105774 4.553778
18.000000 1 66.709455 29.523143 6.106311 4.552637
18.100000 1 66.701318 29.698371 6.106849 4.551486
18.200000 1 66.693200 29.875971 6.107387 4.550326
18.300000 1 66.685103 30.055986 6.107926 4.549157
18.400000 1 66.677028 30.238459 6.108466 4.547977
18.500000 1 66.668975 30.423434 6.109007 4.546788
18.600000 1 66.660945 30.610958 6.109548 4.545589
18.700000 1 66.652939 30.801078 6.110091 4.544380
18.800000 1 66.644958 30.993840 6.110634 4.543161
18.900000 1 66.637003 31.189293 6.111178 4.541932
19.000000 1 66.629075 31.387489 6.111723 4.540693
19.100000 1 66.621174 31.588476 6.112268 4.539443
19.200000 1 66.613302 31.792308 6.112815 4.538183
19.300000 1 66.605459 31.999038 6.113362 4.536913
19.400000 1 66.597647 32.208720 6.113910 4.535631
19.500000 1 66.589866 32.421410 6.114459 4.534339
19.600000 1 66.582117 32.637164 6.115009 4.533037
19.700000 1 66.574402 32.856042 6.115560 4.531723
19.800000 1 66.566720 33.078102 6.116112 4.530398
19.900000 1 66.559074 33.303406 6.116665 4.529063
20.000000 1 66.551464 33.532016 6.117219 4.527715
20.100000 1 66.543891 33.763996 6.117774 4.526357
20.200000 1 66.536357 33.999410 6.118329 4.524987
20.300000 1 66.528861 34.238327 6.118886 4.523606
20.400000 1 66.521406 34.480813 6.119444 4.522213
20.500000 1 66.513991 34.726940 6.120002 4.520808
20.600000 1 66.506619 34.976779 6.120562 4.519391
20.700000 1 66.499290 35.230403 6.121123 4.517962
20.800000 1 66.492004 35.487886 6.121685 4.516522
20.900000 1 66.484764 35.749307 6.122248 4.515069
21.000000 1 66.477570 36.014744 6.122812 4.513603
21.100000 1 66.470424 36.284277 6.123377 4.512126
21.200000 1 66.456227 36.640282 6.125997 4.510660
21.300000 1 66.450883 36.537858 6.127747 4.511706
21.400000 1 66.446131 36.267276 6.129620 4.513788
21.500000 1 66.444003 36.085663 6.130540 4.515108
21.600000 1 66.441981 35.876801 6.131458 4.516598
21.700000 1 66.440058 35.645138 6.132367 4.518232
21.800000 1 66.438228 35.394996 6.133262 4.519985
21.900000 1 66.436485 35.130457 6.134139 4.521833
22.000000 1 66.434825 34.855289 6.134993 4.523755
22.100000 1 66.433243 34.572901 6.135824 4.525729
22.200000 1 66.431736 34.286330 6.136627 4.527737
22.300000 1 66.430301 33.998234 6.137403 4.529763
22.400000 1 66.428933 33.710911 6.138150 4.531793
22.500000 1 66.427631 33.426313 6.138868 4.533813
22.600000 1 66.426393 33.146075 6.139555 4.535813
22.700000 1 66.425214 32.871546 6.140213 4.537784
22.800000 1 66.424093 32.603813 6.140842 4.539717
22.900000 1 66.423029 32.343735 6.141441 4.541606
23.000000 1 66.422017 32.091969 6.142012 4.543445
23.100000 1 66.421057 31.848996 6.142556 4.545232
23.200000 1 66.420147 31.615147 6.143072 4.546961
23.300000 1 66.419284 31.390625 6.143562 4.548631
23.400000 1 66.418466 31.175525 6.144027 4.550240
23.500000 1 66.417691 30.969850 6.144467 4.551788
23.600000 1 66.416958 30.773528 6.144884 4.553273
23.700000 1 66.416264 30.586425 6.145279 4.554696
23.800000 1 66.415608 30.408360 6.145652 4.556057
23.900000 1 66.414989 30.239111 6.146005 4.557357
24.000000 1 66.414403 30.078424 6.146338 4.558597
24.100000 1 66.413850 29.926026 6.146652 4.559779
24.200000 1 66.412807 29.635757 6.147247 4.562044
24.300000 1 66.411883 29.377001 6.147774 4.564080
24.400000 1 66.411065 29.147001 6.148240 4.565904
24.500000 1 66.410342 28.943046 6.148651 4.567531
24.600000 1 66.409704 28.762545 6.149013 4.568980
24.700000 1 66.409142 28.603067 6.149332 4.570267
24.800000 1 66.408152 28.320580 6.149895 4.572563
24.900000 1 66.407401 28.105922 6.150321 4.574322
25.000000 1 66.406833 27.943389 6.150643 4.575662
25.100000 1 66.405975 27.697159 6.151129 4.577705
25.200000 2 66.405109 26.486142 6.151620 4.587536
25.300000 2 66.405107 26.522155 6.151636 4.587245
25.400000 2 66.405098 26.662309 6.151701 4.586117
25.500000 2 66.405089 26.803205 6.151766 4.584989
25.600000 2 66.405080 26.944845 6.151831 4.583860
25.700000 2 66.405072 27.087234 6.151895 4.582732
25.800000 2 66.405063 27.230375 6.151960 4.581604
25.900000 2 66.405054 27.374272 6.152025 4.580475
26.000000 2 66.405045 27.518930 6.152090 4.579347
26.100000 2 66.405037 27.664352 6.152154 4.578219
26.200000 2 66.405028 27.810543 6.152219 4.577091
26.300000 2 66.405019 27.957507 6.152284 4.575962
26.400000 2 66.405011 28.105247 6.152349 4.574834
26.500000 2 66.405002 28.253768 6.152413 4.573706
26.600000 2 66.404994 28.403073 6.152478 4.572577
26.700000 2 66.404985 28.553168 6.152543 4.571449
26.800000 2 66.404977 28.704056 6.152608 4.570321
26.900000 2 66.404968 28.855742 6.152672 4.569193
27.000000 2 66.404960 29.008228 6.152737 4.568064
27.100000 2 66.404952 29.161521 6.152802 4.566936
27.200000 2 66.404943 29.315624 6.152867 4.565808
27.300000 2 66.404935 29.470541 6.152931 4.564679
27.400000 2 66.404927 29.626277 6.152996 4.563551
27.500000 2 66.404919 29.782836 6.153061 4.562423
27.600000 2 66.404910 29.940223 6.153125 4.561294
27.700000 2 66.404902 30.098441 6.153190 4.560166
27.800000 2 66.404894 30.257495 6.153255 4.559038
27.900000 2 66.404886 30.417389 6.153320 4.557910
28.000000 2 66.404878 30.578129 6.153384 4.556781
28.100000 2 66.404870 30.739718 6.153449 4.555653
28.200000 2 66.404862 30.902161 6.153514 4.554525
28.300000 2 66.404854 31.065463 6.153579 4.553396
28.400000 2 66.404846 31.229627 6.153643 4.552268
28.500000 2 66.404838 31.394659 6.153708 4.551140
28.600000 2 66.404830 31.560564 6.153773 4.550011
28.700000 2 66.404823 31.727344 6.153838 4.548883
28.800000 2 66.404815 31.895007 6.153902 4.547755
28.900000 2 66.404807 32.063555 6.153967 4.546627
29.000000 2 66.404800 32.232994 6.154032 4.545498
29.100000 2 66.404792 32.403329 6.154097 4.544370
29.200000 2 66.404784 32.574563 6.154161 4.543242
29.300000 2 66.404777 32.746703 6.154226 4.542113
29.400000 2 66.404769 32.919752 6.154291 4.540985
29.500000 2 66.404762 33.093716 6.154356 4.539857
29.600000 2 66.404755 33.268599 6.154420 4.538728
29.700000 2 66.404747 33.444407 6.154485 4.537600
29.800000 2 66.404740 33.621143 6.154550 4.536472
29.900000 2 66.404733 33.798813 6.154615 4.535344
30.000000 2 66.404725 33.977423 6.154679 4.534215
30.100000 2 66.404718 34.156976 6.154744 4.533087
30.200000 2 66.404711 34.337478 6.154809 4.531959
30.300000 2 66.404704 34.518934 6.154874 4.530830
30.400000 2 66.404697 34.701349 6.154939 4.529702
30.500000 2 66.404690 34.884728 6.155003 4.528574
30.600000 2 66.404683 35.069076 6.155068 4.527445
30.700000 2 66.404676 35.254398 6.155133 4.526317
30.800000 2 66.404669 35.440700 6.155198 4.525189
30.900000 2 66.404662 35.627986 6.155262 4.524060
31.000000 2 66.404655 35.816262 6.155327 4.522932
31.100000 2 66.404648 36.005533 6.155392 4.521804
31.200000 2 66.404642 36.195804 6.155457 4.520676
31.300000 2 66.404635 36.387081 6.155521 4.519547
31.400000 2 66.404628 36.579369 6.155586 4.518419
31.500000 2 66.404622 36.772672 6.155651 4.517291
31.600000 2 66.404615 36.966998 6.155716 4.516162
31.700000 2 66.404609 37.162350 6.155780 4.515034
31.800000 2 66.404602 37.358734 6.155845 4.513906
31.900000 2 66.404596 37.556157 6.155910 4.512777
32.000000 2 66.404590 37.754623 6.155975 4.511649
32.100000 2 66.404583 37.954137 6.156039 4.510521
32.200000 2 66.404577 38.154706 6.156104 4.509393
32.300000 2 66.404571 38.356335 6.156169 4.508264
32.400000 2 66.404565 38.559030 6.156234 4.507136
32.500000 2 66.404559 38.762795 6.156299 4.506008
32.600000 2 66.404552 38.967638 6.156363 4.504879
32.700000 2 66.404546 39.173563 6.156428 4.503751
32.800000 2 66.404540 39.380576 6.156493 4.502623
32.900000 2 66.404534 39.588683 6.156558 4.501494
33.000000 2 66.404529 39.797891 6.156622 4.500366
33.100000 2 66.404523 40.008203 6.156687 4.499238
33.200000 2 66.404517 40.219627 6.156752 4.498110
33.300000 2 66.404511 40.432169 6.156817 4.496981
33.400000 2 66.404505 40.645834 6.156881 4.495853
33.500000 2 66.404500 40.860627 6.156946 4.494725
33.600000 2 66.404494 41.076556 6.157011 4.493596
33.700000 2 66.404489 41.293627 6.157076 4.492468
33.800000 2 66.404483 41.511844 6.157141 4.491340
33.900000 2 66.404478 41.731214 6.157205 4.490211
34.000000 2 66.404472 41.951744 6.157270 4.489083
34.100000 2 66.404467 42.173439 6.157335 4.487955
34.200000 2 66.404461 42.396306 6.157400 4.486826
34.300000 2 66.404456 42.620351 6.157464 4.485698
34.400000 2 66.404451 42.845580 6.157529 4.484570
34.500000 2 66.404446 43.071999 6.157594 4.483442
34.600000 2 66.404440 43.299614 6.157659 4.482313
34.700000 2 66.404435 43.528433 6.157724 4.481185
34.800000 2 66.404430 43.758460 6.157788 4.480057
34.900000 2 66.404425 43.989704 6.157853 4.478928
35.000000 2 66.404420 44.222169 6.157918 4.477800
35.100000 2 66.404415 44.455863 6.157983 4.476672
35.200000 2 66.404410 44.690792 6.158048 4.475543
35.300000 2 66.404406 44.926962 6.158112 4.474415
35.400000 2 66.404401 45.164381 6.158177 4.473287
35.500000 2 66.404396 45.403054 6.158242 4.472158
35.600000 2 66.404391 45.642989 6.158307 4.471030
35.700000 2 66.404387 45.884191 6.158371 4.469902
35.800000 2 66.404382 46.126669 6.158436 4.468774
35.900000 2 66.404377 46.370427 6.158501 4.467645
36.000000 2 66.404373 46.615474 6.158566 4.466517
36.100000 2 66.404368 46.861816 6.158631 4.465389
36.200000 2 66.404364 47.109460 6.158695 4.464260
36.300000 2 66.404360 47.358413 6.158760 4.463132
36.400000 2 66.404355 47.608681 6.158825 4.462004
36.500000 2 66.404351 47.860272 6.158890 4.460875
36.600000 2 66.404347 48.113192 6.158955 4.459747
36.700000 2 66.404342 48.367450 6.159019 4.458619
36.800000 2 66.404338 48.623050 6.159084 4.457490
36.900000 2 66.404334 48.880002 6.159149 4.456362
37.000000 2 66.404330 49.138311 6.159214 4.455234
37.100000 2 66.404326 49.397986 6.159279 4.454106
37.200000 2 66.404322 49.659033 6.159343 4.452977
37.300000 2 66.404318 49.921460 6.159408 4.451849
37.400000 2 66.404314 50.185273 6.159473 4.450721
37.500000 2 66.404310 50.450481 6.159538 4.449592
37.600000 2 66.404306 50.717090 6.159603 4.448464
37.700000 2 66.404302 50.985108 6.159667 4.447336
37.800000 2 66.404299 51.254543 6.159732 4.446207
37.900000 2 66.404295 51.525401 6.159797 4.445079
38.000000 2 66.404291 51.797691 6.159862 4.443951
38.100000 2 66.404288 52.071420 6.159926 4.442822
38.200000 2 66.404284 52.346595 6.159991 4.441694
38.300000 2 66.404280 52.623225 6.160056 4.440566
38.400000 2 66.404277 52.901317 6.160121 4.439438
38.500000 2 66.404273 53.180878 6.160186 4.438309
38.600000 2 66.404270 53.461917 6.160251 4.437181
38.700000 2 66.404266 53.744441 6.160315 4.436053
38.800000 2 66.404263 54.028458 6.160380 4.434924
38.900000 2 66.404259 54.313976 6.160445 4.433796
39.000000 2 66.404256 54.601003 6.160510 4.432668
39.100000 2 66.404253 54.889546 6.160575 4.431539
39.200000 2 66.404249 55.179615 6.160639 4.430411
39.300000 2 66.404246 55.471216 6.160704 4.429283
39.400000 2 66.404242 55.764358 6.160769 4.428154
39.500000 2 66.404239 56.059050 6.160834 4.427026
39.600000 2 66.404235 56.355299 6.160899 4.425898
39.700000 2 66.404232 56.653113 6.160963 4.424770
39.800000 2 66.404228 56.952502 6.161028 4.423641
39.900000 2 66.404225 57.253472 6.161093 4.422513
40.000000 2 66.404221 57.556033 6.161158 4.421385
40.100000 2 66.404218 57.860193 6.161223 4.420256
40.200000 2 66.404214 58.165960 6.161287 4.419128
40.300000 2 66.404211 58.473343 6.161352 4.418000
40.400000 2 66.404207 58.782351 6.161417 4.416871
40.500000 2 66.404204 59.092991 6.161482 4.415743
40.600000 2 66.404200 59.405274 6.161547 4.414615
40.700000 2 66.404197 59.719206 6.161611 4.413486
40.800000 2 66.404193 60.034798 6.161676 4.412358
40.900000 2 66.404190 60.352057 6.161741 4.411230
41.000000 2 66.404186 60.670993 6.161806 4.410101
41.100000 2 66.404182 60.991614 6.161871 4.408973
41.200000 2 66.404179 61.313930 6.161935 4.407845
41.300000 2 66.404175 61.637949 6.162000 4.406717
41.400000 2 66.404172 61.963680 6.162065 4.405588
41.500000 2 66.404168 62.291133 6.162130 4.404460
41.600000 2 66.404165 62.620316 6.162195 4.403332
41.700000 2 66.404161 62.951239 6.162259 4.402203
41.800000 2 66.404158 63.283910 6.162324 4.401075
41.900000 2 66.404154 63.618340 6.162389 4.399947
42.000000 2 66.404151 63.954537 6.162454 4.398818
42.100000 2 66.404147 64.292511 6.162519 4.397690
42.200000 2 66.404116 64.632229 6.162583 4.396562
42.300000 2 66.404084 64.973743 6.162647 4.395433
42.400000 2 66.404052 65.317061 6.162712 4.394305
42.500000 2 66.404021 65.662193 6.162776 4.393177
42.600000 2 66.403989 66.009148 6.162841 4.392049
42.700000 2 66.403957 66.357936 6.162905 4.390920
42.800000 2 66.403925 66.708567 6.162970 4.389792
42.900000 2 66.403894 67.061050 6.163034 4.388664
43.000000 2 66.403862 67.415396 6.163099 4.387536
43.100000 2 66.403830 67.771614 6.163163 4.386407
43.200000 2 66.403798 68.129714 6.163228 4.385279
43.300000 2 66.403767 68.489706 6.163292 4.384151
43.400000 2 66.403735 68.851599 6.163356 4.383023
43.500000 2 66.403703 69.215405 6.163421 4.381894
43.600000 2 66.403671 69.581133 6.163485 4.380766
43.700000 2 66.403639 69.948793 6.163550 4.379638
43.800000 2 66.403607 70.318395 6.163614 4.378510
43.900000 2 66.403576 70.689951 6.163679 4.377381
44.000000 2 66.403544 71.063469 6.163743 4.376253
44.100000 2 66.403512 71.438960 6.163808 4.375125
44.200000 2 66.403480 71.816436 6.163872 4.373997
44.300000 2 66.403448 72.195905 6.163937 4.372868
44.400000 2 66.403416 72.577380 6.164001 4.371740
44.500000 2 66.403384 72.960870 6.164065 4.370612
44.600000 2 66.403352 73.346386 6.164130 4.369484
44.700000 2 66.403320 73.733938 6.164194 4.368355
44.800000 2 66.403288 74.123539 6.164259 4.367227
44.900000 2 66.403257 74.515197 6.164323 4.366099
45.000000 2 66.403225 74.908925 6.164388 4.364971
45.100000 2 66.403193 75.304733 6.164452 4.363842
45.200000 2 66.403161 75.702632 6.164517 4.362714
45.300000 2 66.403129 76.102633 6.164581 4.361586
45.400000 2 66.403097 76.504748 6.164646 4.360458
45.500000 2 66.403065 76.908987 6.164710 4.359330
45.600000 2 66.403033 77.315362 6.164774 4.358201
45.700000 2 66.403000 77.723883 6.164839 4.357073
45.800000 2 66.402968 78.134563 6.164903 4.355945
45.900000 2 66.402936 78.547413 6.164968 4.354817
46.000000 2 66.402904 78.962444 6.165032 4.353688
46.100000 2 66.402872 79.379667 6.165097 4.352560
46.200000 2 66.402840 79.799095 6.165161 4.351432
46.300000 2 66.402808 80.220738 6.165226 4.350304
46.400000 2 66.402776 80.644610 6.165290 4.349175
46.500000 2 66.402744 81.070721 6.165355 4.348047
46.600000 2 66.402712 81.499083 6.165419 4.346919
46.700000 2 66.402681 81.929709 6.165483 4.345791
46.800000 2 66.402649 82.362610 6.165548 4.344662
46.900000 2 66.402617 82.797798 6.165612 4.343534
47.000000 2 66.402051 83.234154 6.165670 4.342407
47.100000 2 66.401484 83.672804 6.165728 4.341280
47.200000 2 66.400917 84.113760 6.165786 4.340154
47.300000 2 66.400350 84.557035 6.165844 4.339027
47.400000 2 66.399783 85.002640 6.165902 4.337900
47.500000 2 66.399217 85.450587 6.165960 4.336773
47.600000 2 66.398650 85.900889 6.166018 4.335646
47.700000 2 66.398083 86.353559 6.166076 4.334519
47.800000 2 66.397516 86.808608 6.166134 4.333393
47.900000 2 66.396949 87.266049 6.166191 4.332266
48.000000 2 66.396383 87.725895 6.166249 4.331139
48.100000 2 66.395816 88.188158 6.166307 4.330012
48.200000 2 66.395249 88.652851 6.166365 4.328886
48.300000 2 66.394682 89.119987 6.166423 4.327759
48.400000 2 66.394115 89.589578 6.166481 4.326632
48.500000 2 66.393548 90.061637 6.166539 4.325505
48.600000 2 66.392981 90.536178 6.166597 4.324379
48.700000 2 66.392415 91.013213 6.166655 4.323252
48.800000 2 66.391848 91.492756 6.166713 4.322125
48.900000 2 66.391281 91.974819 6.166771 4.320999
49.000000 2 66.390714 92.459416 6.166829 4.319872
49.100000 2 66.390147 92.946560 6.166886 4.318746
49.200000 2 66.389580 93.436264 6.166944 4.317619
49.300000 2 66.389013 93.928542 6.167002 4.316492
49.400000 2 66.388446 94.423408 6.167060 4.315366
49.500000 2 66.387879 94.920874 6.167118 4.314239
49.600000 2 66.387312 95.420955 6.167176 4.313113
49.700000 2 66.386746 95.923664 6.167234 4.311986
49.800000 2 66.386179 96.429015 6.167292 4.310860
49.900000 2 66.385612 96.937022 6.167350 4.309733
50.000000 2 66.385045 97.447699 6.167408 4.308607
50.100000 2 66.384478 97.961059 6.167466 4.307480
50.200000 2 66.383911 98.477118 6.167523 4.306354
50.300000 2 66.383344 98.995888 6.167581 4.305227
50.400000 2 66.382777 99.517384 6.167639 4.304101
50.500000 2 66.382210 100.041621 6.167697 4.302975
50.600000 2 66.381643 100.568613 6.167755 4.301848
50.700000 2 66.381076 101.098374 6.167813 4.300722
50.800000 2 66.380509 101.630919 6.167871 4.299595
50.900000 2 66.379942 102.166263 6.167929 4.298469
51.000000 2 66.379375 102.704419 6.167987 4.297343
51.100000 2 66.378808 103.245403 6.168045 4.296216
51.200000 2 66.378241 103.789230 6.168103 4.295090
51.300000 2 66.377674 104.335914 6.168161 4.293964
51.400000 2 66.377107 104.885471 6.168218 4.292838
51.500000 2 66.376540 105.437916 6.168276 4.291711
51.600000 2 66.375973 105.993263 6.168334 4.290585
51.700000 2 66.375406 106.551528 6.168392 4.289459
51.800000 2 66.374839 107.112727 6.168450 4.288333
51.900000 2 66.374272 107.676874 6.168508 4.287206
52.000000 2 66.373705 108.243984 6.168566 4.286080
52.100000 2 66.373138 108.814075 6.168624 4.284954
52.200000 2 66.372571 109.387161 6.168682 4.283828
52.300000 2 66.372004 109.963257 6.168740 4.282702
52.400000 2 66.371437 110.542381 6.168798 4.281576
52.500000 2 66.370870 111.124547 6.168856 4.280449
52.600000 2 66.370303 111.709771 6.168913 4.279323
52.700000 2 66.369736 112.298070 6.168971 4.278197
52.800000 2 66.369168 112.889459 6.169029 4.277071
52.900000 2 66.368601 113.483955 6.169087 4.275945
53.000000 2 66.368034 114.081575 6.169145 4.274819
53.100000 2 66.367467 114.682334 6.169203 4.273693
53.200000 2 66.366900 115.286248 6.169261 4.272567
53.300000 2 66.366333 115.893336 6.169319 4.271441
53.400000 2 66.365766 116.503612 6.169377 4.270315
53.500000 2 66.365199 117.117094 6.169435 4.269189
53.600000 2 66.364632 117.733798 6.169493 4.268063
53.700000 2 66.364064 118.353743 6.169551 4.266937
53.800000 2 66.363497 118.976943 6.169608 4.265811
53.900000 2 66.362930 119.603417 6.169666 4.264685
54.000000 2 66.362363 120.233182 6.169724 4.263559
54.100000 2 66.361796 120.866254 6.169782 4.262434
54.200000 2 66.361229 121.502652 6.169840 4.261308
54.300000 2 66.360662 122.142393 6.169898 4.260182
54.400000 2 66.360094 122.785493 6.169956 4.259056
54.500000 2 66.359527 123.431972 6.170014 4.257930
54.600000 2 66.358960 124.081846 6.170072 4.256804
54.700000 2 66.358393 124.735133 6.170130 4.255679
54.800000 2 66.357826 125.391851 6.170188 4.254553
54.900000 2 66.357259 126.052019 6.170246 4.253427
55.000000 2 66.356691 126.715653 6.170303 4.252301
55.100000 2 66.356124 127.382773 6.170361 4.251176
55.200000 2 66.355557 128.053397 6.170419 4.250050
55.300000 2 66.354990 128.727542 6.170477 4.248924
55.400000 2 66.354423 129.405228 6.170535 4.247798
55.500000 2 66.353855 130.086473 6.170593 4.246673
55.600000 2 66.353288 130.771296 6.170651 4.245547
55.700000 2 66.352721 131.459715 6.170709 4.244421
55.800000 2 66.352154 132.151749 6.170767 4.243296
55.900000 2 66.351586 132.847417 6.170825 4.242170
56.000000 2 66.351019 133.546738 6.170883 4.241045
56.100000 2 66.350452 134.249732 6.170941 4.239919
56.200000 2 66.349885 134.956417 6.170999 4.238793
56.300000 2 66.349317 135.666813 6.171056 4.237668
56.400000 2 66.348750 136.380940 6.171114 4.236542
56.500000 2 66.348183 137.098816 6.171172 4.235417
56.600000 2 66.347616 137.820462 6.171230 4.234291
56.700000 2 66.347048 138.545897 6.171288 4.233166
56.800000 2 66.346481 139.275141 6.171346 4.232040
56.900000 2 66.345914 140.008214 6.171404 4.230915
57.000000 2 66.345346 140.745136 6.171462 4.229789
57.100000 2 66.344779 141.485928 6.171520 4.228664
57.200000 2 66.344212 142.230609 6.171578 4.227538
57.300000 2 66.343645 142.979200 6.171636 4.226413
57.400000 2 66.343077 143.731721 6.171694 4.225288
57.500000 2 66.342510 144.488193 6.171752 4.224162
57.600000 2 66.341943 145.248637 6.171809 4.223037
57.700000 2 66.341375 146.013073 6.171867 4.221912
57.800000 2 66.340808 146.781523 6.171925 4.220786
57.900000 2 66.340241 147.554006 6.171983 4.219661
58.000000 2 66.339673 148.330546 6.172041 4.218536
58.100000 2 66.339106 149.111162 6.172099 4.217410
58.200000 2 66.338538 149.895876 6.172157 4.216285
58.300000 2 66.337971 150.684710 6.172215 4.215160
58.400000 2 66.337404 151.477685 6.172273 4.214034
58.500000 2 66.336836 152.274823 6.172331 4.212909
58.600000 2 66.336269 153.076145 6.172389 4.211784
58.700000 2 66.335702 153.881674 6.172447 4.210659
58.800000 2 66.335134 154.691431 6.172505 4.209534
58.900000 2 66.334567 155.505439 6.172562 4.208408
59.000000 2 66.333999 156.323720 6.172620 4.207283
59.100000 2 66.333432 157.146297 6.172678 4.206158
59.200000 2 66.332865 157.973191 6.172736 4.205033
59.300000 2 66.332297 158.804425 6.172794 4.203908
59.400000 2 66.331730 159.640023 6.172852 4.202783
59.500000 2 66.331162 160.480007 6.172910 4.201658
59.600000 2 66.330595 161.324399 6.172968 4.200533
59.700000 2 66.330028 162.173224 6.173026 4.199407
59.800000 2 66.329460 163.026504 6.173084 4.198282
59.900000 2 66.328893 163.884262 6.173142 4.197157
60.000000 2 66.328325 164.746523 6.173200 4.196032
60.100000 2 66.327758 165.613309 6.173258 4.194907
60.200000 2 66.327190 166.484644 6.173315 4.193782
60.300000 2 66.326623 167.360552 6.173373 4.192657
60.400000 2 66.326055 168.241058 6.173431 4.191532
60.500000 2 66.325488 169.126184 6.173489 4.190407
60.600000 2 66.324920 170.015956 6.173547 4.189283
60.700000 2 66.324353 170.910398 6.173605 4.188158
60.800000 2 66.323785 171.809533 6.173663 4.187033
60.900000 2 66.323218 172.713387 6.173721 4.185908
61.000000 2 66.322650 173.621985 6.173779 4.184783
61.100000 2 66.322083 174.535350 6.173837 4.183658
61.200000 2 66.321515 175.453509 6.173895 4.182533
61.300000 2 66.320948 176.376486 6.173953 4.181408
61.400000 2 66.320380 177.304306 6.174011 4.180284
61.500000 2 66.319813 178.236996 6.174069 4.179159
61.600000 2 66.319245 179.174579 6.174126 4.178034
61.700000 2 66.318678 180.117082 6.174184 4.176909
61.800000 2 66.318110 181.064531 6.174242 4.175784
61.900000 2 66.317543 182.016952 6.174300 4.174660
62.000000 2 66.316975 182.974370 6.174358 4.173535
62.100000 2 66.316408 183.936812 6.174416 4.172410
62.200000 2 66.315840 184.904303 6.174474 4.171286
62.300000 2 66.315272 185.876872 6.174532 4.170161
62.400000 2 66.314705 186.854543 6.174590 4.169036
62.500000 2 66.314137 187.837344 6.174648 4.167912
62.600000 2 66.313570 188.825301 6.174706 4.166787
62.700000 2 66.313002 189.818442 6.174764 4.165662
62.800000 2 66.312435 190.816794 6.174822 4.164538
62.900000 2 66.311867 191.820384 6.174880 4.163413
63.000000 2 66.311299 192.829239 6.174937 4.162288
63.100000 2 66.310732 193.843387 6.174995 4.161164
63.200000 2 66.310164 194.862855 6.175053 4.160039
63.300000 2 66.309597 195.887672 6.175111 4.158915
63.400000 2 66.309029 196.917866 6.175169 4.157790
63.500000 2 66.308461 197.953464 6.175227 4.156666
63.600000 2 66.307894 198.994495 6.175285 4.155541
63.700000 2 66.307326 200.040987 6.175343 4.154417
63.800000 2 66.306758 201.092969 6.175401 4.153292
63.900000 2 66.306191 202.150470 6.175459 4.152168
64.000000 2 66.305623 203.213518 6.175517 4.151043
64.100000 2 66.305055 204.282143 6.175575 4.149919
64.200000 2 66.304488 205.356373 6.175633 4.148795
64.300000 2 66.303920 206.436239 6.175691 4.147670
64.400000 2 66.303352 207.521769 6.175749 4.146546
64.500000 2 66.302785 208.612993 6.175806 4.145421
64.600000 2 66.302217 209.709941 6.175864 4.144297
64.700000 2 66.301649 210.812643 6.175922 4.143173
64.800000 2 66.301082 211.921129 6.175980 4.142048
64.900000 2 66.300514 213.035429 6.176038 4.140924
65.000000 2 66.299946 214.155574 6.176096 4.139800
65.100000 2 66.299379 215.281594 6.176154 4.138676
65.200000 2 66.298811 216.413521 6.176212 4.137551
65.300000 2 66.298243 217.551384 6.176270 4.136427
65.400000 2 66.297675 218.695215 6.176328 4.135303
65.500000 2 66.297108 219.845045 6.176386 4.134179
65.600000 2 66.296540 221.000906 6.176444 4.133054
65.700000 2 66.295972 222.162829 6.176502 4.131930
65.800000 2 66.295404 223.330846 6.176560 4.130806
65.900000 2 66.294837 224.504988 6.176617 4.129682
66.000000 2 66.294269 225.685289 6.176675 4.128558
66.100000 2 66.293701 226.871779 6.176733 4.127434
66.200000 2 66.293133 228.064492 6.176791 4.126310
66.300000 2 66.292566 229.263459 6.176849 4.125185
66.400000 2 66.291998 230.468714 6.176907 4.124061
66.500000 2 66.291430 231.680290 6.176965 4.122937
66.600000 2 66.290862 232.898219 6.177023 4.121813
66.700000 2 66.290294 234.122536 6.177081 4.120689
66.800000 2 66.289727 235.353272 6.177139 4.119565
66.900000 2 66.289159 236.590462 6.177197 4.118441
67.000000 2 66.288591 237.834140 6.177255 4.117317
67.100000 2 66.288023 239.084339 6.177313 4.116193
67.200000 2 66.287455 240.341094 6.177371 4.115069
67.300000 2 66.286888 241.604439 6.177429 4.113945
67.400000 2 66.286320 242.874408 6.177486 4.112821
67.500000 2 66.285752 244.151036 6.177544 4.111697
67.600000 2 66.285184 245.434358 6.177602 4.110573
67.700000 2 66.284616 246.724409 6.177660 4.109450
67.800000 2 66.284048 248.021224 6.177718 4.108326
67.900000 2 66.283481 249.324839 6.177776 4.107202
68.000000 2 66.282913 250.635288 6.177834 4.106078
68.100000 2 66.282345 251.952608 6.177892 4.104954
68.200000 2 66.281777 253.276835 6.177950 4.103830
68.300000 2 66.281209 254.608005 6.178008 4.102707
68.400000 2 66.280641 255.946154 6.178066 4.101583
68.500000 2 66.280073 257.291318 6.178124 4.100459
68.600000 2 66.279505 258.643535 6.178182 4.099335
68.700000 2 66.278938 260.002840 6.178240 4.098211
68.800000 2 66.278370 261.369273 6.178298 4.097088
68.900000 2 66.277802 262.742868 6.178356 4.095964
69.000000 2 66.277234 264.123665 6.178413 4.094840
69.100000 2 66.276666 265.511700 6.178471 4.093717
69.200000 2 66.276098 266.907012 6.178529 4.092593
69.300000 2 66.275530 268.309638 6.178587 4.091469
69.400000 2 66.274962 269.719617 6.178645 4.090346
69.500000 2 66.274394 271.136987 6.178703 4.089222
69.600000 2 66.273826 272.561787 6.178761 4.088098
69.700000 2 66.273258 273.994056 6.178819 4.086975
69.800000 2 66.272690 275.433833 6.178877 4.085851
69.900000 2 66.272122 276.881157 6.178935 4.084728
70.000000 2 66.271554 278.336067 6.178993 4.083604
70.100000 2 66.270986 279.798603 6.179051 4.082480
70.200000 2 66.270418 281.268806 6.179109 4.081357
70.300000 2 66.269851 282.746714 6.179167 4.080233
70.400000 2 66.269283 284.232369 6.179225 4.079110
70.500000 2 66.268715 285.725811 6.179283 4.077986
70.600000 2 66.268147 287.227081 6.179340 4.076863
70.700000 2 66.267579 288.736219 6.179398 4.075740
70.800000 2 66.267011 290.253267 6.179456 4.074616
70.900000 2 66.266443 291.778265 6.179514 4.073493
71.000000 2 66.265875 293.311257 6.179572 4.072369
71.100000 2 66.265307 294.852283 6.179630 4.071246
71.200000 2 66.264738 296.401385 6.179688 4.070122
71.300000 2 66.264170 297.958606 6.179746 4.068999
71.400000 2 66.263602 299.523988 6.179804 4.067876
71.500000 2 66.263034 301.097573 6.179862 4.066752
71.600000 2 66.262466 302.679405 6.179920 4.065629
71.700000 2 66.261898 304.269527 6.179978 4.064506
71.800000 2 66.261330 305.867982 6.180036 4.063382
71.900000 2 66.260762 307.474814 6.180094 4.062259
72.000000 2 66.260194 309.090066 6.180152 4.061136
72.100000 2 66.259626 310.713783 6.180210 4.060013
72.200000 2 66.259058 312.346008 6.180267 4.058889
72.300000 2 66.258490 313.986786 6.180325 4.057766
72.400000 2 66.257922 315.636162 6.180383 4.056643
72.500000 2 66.257354 317.294181 6.180441 4.055520
72.600000 2 66.256786 318.960888 6.180499 4.054397
72.700000 2 66.256218 320.636328 6.180557 4.053274
72.800000 2 66.255649 322.320547 6.180615 4.052150
72.900000 2 66.255081 324.013592 6.180673 4.051027
73.000000 2 66.254513 325.715507 6.180731 4.049904
73.100000 2 66.253945 327.426339 6.180789 4.048781
73.200000 2 66.253377 329.146136 6.180847 4.047658
73.300000 2 66.252809 330.874943 6.180905 4.046535
73.400000 2 66.252241 332.612809 6.180963 4.045412
73.500000 2 66.251673 334.359779 6.181021 4.044289
73.600000 2 66.251104 336.115903 6.181079 4.043166
73.700000 2 66.250536 337.881227 6.181137 4.042043
73.800000 2 66.249968 339.655800 6.181195 4.040920
73.900000 2 66.249400 341.439670 6.181253 4.039797
74.000000 2 66.248832 343.232886 6.181310 4.038674
74.100000 2 66.248264 345.035497 6.181368 4.037551
74.200000 2 66.247695 346.847551 6.181426 4.036428
74.300000 2 66.247127 348.669098 6.181484 4.035305
74.400000 2 66.246559 350.500187 6.181542 4.034182
74.500000 2 66.245991 352.340870 6.181600 4.033059
74.600000 2 66.245423 354.191194 6.181658 4.031936
74.700000 2 66.244854 356.051212 6.181716 4.030813
74.800000 2 66.244286 357.920973 6.181774 4.029690
74.900000 2 66.243718 359.800529 6.181832 4.028568
75.000000 2 66.243150 361.689931 6.181890 4.027445
75.100000 2 66.242582 363.589229 6.181948 4.026322
75.200000 2 66.242013 365.498477 6.182006 4.025199
75.300000 2 66.241445 367.417726 6.182064 4.024076
75.400000 2 66.240877 369.347027 6.182122 4.022954
75.500000 2 66.240309 371.286434 6.182180 4.021831
75.600000 2 66.239740 373.236000 6.182238 4.020708
75.700000 2 66.239172 375.195777 6.182295 4.019585
75.800000 2 66.238604 377.165819 6.182353 4.018463
75.900000 2 66.238036 379.146180 6.182411 4.017340
76.000000 2 66.237467 381.136913 6.182469 4.016217
76.100000 2 66.236899 383.138072 6.182527 4.015095
76.200000 2 66.236331 385.149713 6.182585 4.013972
76.300000 2 66.235762 387.171890 6.182643 4.012849
76.400000 2 66.235194 389.204657 6.182701 4.011727
76.500000 2 66.234626 391.248070 6.182759 4.010604
76.600000 2 66.234058 393.302186 6.182817 4.009482
76.700000 2 66.233489 395.367059 6.182875 4.008359
76.800000 2 66.232921 397.442746 6.182933 4.007236
76.900000 2 66.232353 399.529303 6.182991 4.006114
77.000000 2 66.231784 401.626788 6.183049 4.004991
77.100000 2 66.231216 403.735257 6.183107 4.003869
77.200000 2 66.230648 405.854767 6.183165 4.002746
77.300000 2 66.230079 407.985377 6.183223 4.001624
77.400000 2 66.229511 410.127145 6.183281 4.000501
77.500000 2 66.228943 412.280127 6.183339 3.999379
77.600000 2 66.228374 414.444384 6.183396 3.998257
77.700000 2 66.227806 416.619975 6.183454 3.997134
77.800000 2 66.227238 418.806957 6.183512 3.996012
77.900000 2 66.226669 421.005391 6.183570 3.994889
78.000000 2 66.226101 423.215337 6.183628 3.993767
78.100000 2 66.225532 425.436854 6.183686 3.992645
78.200000 2 66.224964 427.670004 6.183744 3.991522
78.300000 2 66.224396 429.914846 6.183802 3.990400
78.400000 2 66.223827 432.171443 6.183860 3.989278
78.500000 2 66.223259 434.439854 6.183918 3.988155
78.600000 2 66.222690 436.720143 6.183976 3.987033
78.700000 2 66.222122 439.012371 6.184034 3.985911
78.800000 2 66.221554 441.316601 6.184092 3.984788
78.900000 2 66.220985 443.632894 6.184150 3.983666
79.000000 2 66.220417 445.961315 6.184208 3.982544
79.100000 2 66.219848 448.301926 6.184266 3.981422
79.200000 2 66.219280 450.654791 6.184324 3.980299
79.300000 2 66.218712 453.019975 6.184382 3.979177
79.400000 2 66.218143 455.397541 6.184440 3.978055
79.500000 2 66.217575 457.787554 6.184497 3.976933
79.600000 2 66.217006 460.190079 6.184555 3.975811
79.700000 2 66.216438 462.605182 6.184613 3.974689
79.800000 2 66.215869 465.032927 6.184671 3.973567
79.900000 2 66.215301 467.473382 6.184729 3.972444
80.000000 2 66.214732 469.926613 6.184787 3.971322
80.100000 2 66.214164 472.392685 6.184845 3.970200
80.200000 2 66.213595 474.871667 6.184903 3.969078
80.300000 2 66.213027 477.363626 6.184961 3.967956
80.400000 2 66.212458 479.868629 6.185019 3.966834
80.500000 2 66.211890 482.386745 6.185077 3.965712
80.600000 2 66.211321 484.918041 6.185135 3.964590
80.700000 2 66.210753 487.462588 6.185193 3.963468
80.800000 2 66.210184 490.020454 6.185251 3.962346
80.900000 2 66.209616 492.591708 6.185309 3.961224
81.000000 2 66.209047 495.176420 6.185367 3.960102
81.100000 2 66.208479 497.774662 6.185425 3.958980
81.200000 2 66.207910 500.386502 6.185483 3.957858
81.300000 2 66.207342 503.012014 6.185541 3.956737
81.400000 2 66.206773 505.651266 6.185599 3.955615
81.500000 2 66.206205 508.304333 6.185656 3.954493
81.600000 2 66.205636 510.971285 6.185714 3.953371
81.700000 2 66.205067 513.652195 6.185772 3.952249
81.800000 2 66.204499 516.347136 6.185830 3.951127
81.900000 2 66.203930 519.056181 6.185888 3.950005
82.000000 2 66.203362 521.779404 6.185946 3.948884
82.100000 2 66.202793 524.516879 6.186004 3.947762
82.200000 2 66.202225 527.268680 6.186062 3.946640
82.300000 2 66.201656 530.034883 6.186120 3.945518
82.400000 2 66.201087 532.815561 6.186178 3.944397
82.500000 2 66.200519 535.610791 6.186236 3.943275
82.600000 2 66.199950 538.420649 6.186294 3.942153
82.700000 2 66.199381 541.245212 6.186352 3.941032
82.800000 2 66.198813 544.084555 6.186410 3.939910
82.900000 2 66.198244 546.938756 6.186468 3.938788
83.000000 2 66.197676 549.807892 6.186526 3.937667
83.100000 2 66.197107 552.692042 6.186584 3.936545
83.200000 2 66.196538 555.591284 6.186642 3.935423
83.300000 2 66.195970 558.505697 6.186700 3.934302
83.400000 2 66.195401 561.435359 6.186758 3.933180
83.500000 2 66.194832 564.380351 6.186816 3.932059
83.600000 2 66.194264 567.340752 6.186873 3.930937
83.700000 2 66.193695 570.316643 6.186931 3.929815
83.800000 2 66.193126 573.308105 6.186989 3.928694
83.900000 2 66.192558 576.315219 6.187047 3.927572
84.000000 2 66.191989 579.338067 6.187105 3.926451
84.100000 2 66.191420 582.376730 6.187163 3.925329
84.200000 2 66.190852 585.431291 6.187221 3.924208
84.300000 2 66.190283 588.501834 6.187279 3.923086
84.400000 2 66.189714 591.588442 6.187337 3.921965
84.500000 2 66.189146 594.691198 6.187395 3.920844
84.600000 2 66.188577 597.810187 6.187453 3.919722
84.700000 2 66.188008 600.945493 6.187511 3.918601
84.800000 2 66.187439 604.097202 6.187569 3.917479
84.900000 2 66.186871 607.265400 6.187627 3.916358
85.000000 2 66.186302 610.450171 6.187685 3.915237
85.100000 2 66.185733 613.651604 6.187743 3.914115
85.200000 2 66.185164 616.869784 6.187801 3.912994
85.300000 2 66.184596 620.104799 6.187859 3.911873
85.400000 2 66.184027 623.356737 6.187917 3.910751
85.500000 2 66.183458 626.625687 6.187975 3.909630
85.600000 2 66.182889 629.911736 6.188033 3.908509
85.700000 2 66.182321 633.214975 6.188091 3.907388
85.800000 2 66.181752 636.535493 6.188149 3.906266
85.900000 2 66.181183 639.873379 6.188206 3.905145
86.000000 2 66.180614 643.228726 6.188264 3.904024
86.100000 2 66.180045 646.601623 6.188322 3.902903
86.200000 2 66.179477 649.992163 6.188380 3.901782
86.300000 2 66.178908 653.400437 6.188438 3.900660
86.400000 2 66.178339 656.826538 6.188496 3.899539
86.500000 2 66.177770 660.270560 6.188554 3.898418
86.600000 2 66.177201 663.732594 6.188612 3.897297
86.700000 2 66.176633 667.212736 6.188670 3.896176
86.800000 2 66.176064 670.711080 6.188728 3.895055
86.900000 2 66.175495 674.227721 6.188786 3.893934
87.000000 2 66.174926 677.762754 6.188844 3.892813
87.100000 2 66.174357 681.316276 6.188902 3.891692
87.200000 2 66.173788 684.888382 6.188960 3.890571
87.300000 2 66.173220 688.479170 6.189018 3.889450
87.400000 2 66.172651 692.088737 6.189076 3.888329
87.500000 2 66.172082 695.717181 6.189134 3.887208
87.600000 2 66.171513 699.364601 6.189192 3.886087
87.700000 2 66.170944 703.031095 6.189250 3.884966
87.800000 2 66.170375 706.716763 6.189308 3.883845
87.900000 2 66.169806 710.421706 6.189366 3.882724
88.000000 2 66.169237 714.146023 6.189424 3.881603
88.100000 2 66.168669 717.889815 6.189482 3.880482
88.200000 2 66.168100 721.653185 6.189540 3.879361
88.300000 2 66.167531 725.436235 6.189597 3.878240
88.400000 2 66.166962 729.239066 6.189655 3.877119
88.500000 2 66.166393 733.061783 6.189713 3.875999
88.600000 2 66.165824 736.904488 6.189771 3.874878
88.700000 2 66.165255 740.767287 6.189829 3.873757
88.800000 2 66.164686 744.650283 6.189887 3.872636
88.900000 2 66.164117 748.553583 6.189945 3.871515
89.000000 2 66.163548 752.477293 6.190003 3.870395
89.100000 2 66.162979 756.421517 6.190061 3.869274
89.200000 2 66.162410 760.386365 6.190119 3.868153
89.300000 2 66.161841 764.371943 6.190177 3.867032
89.400000 2 66.161272 768.378359 6.190235 3.865912
89.500000 2 66.160704 772.405722 6.190293 3.864791
89.600000 2 66.160135 776.454141 6.190351 3.863670
89.700000 2 66.159566 780.523727 6.190409 3.862550
89.800000 2 66.158997 784.614589 6.190467 3.861429
89.900000 2 66.158428 788.726838 6.190525 3.860308
90.000000 2 66.157859 792.860586 6.190583 3.859188
90.100000 2 66.157290 797.015945 6.190641 3.858067
90.200000 2 66.156721 801.193028 6.190699 3.856947
90.300000 2 66.156152 805.391948 6.190757 3.855826
90.400000 2 66.155583 809.612819 6.190815 3.854706
90.500000 2 66.155014 813.855755 6.190873 3.853585
90.600000 2 66.154445 818.120872 6.190931 3.852464
90.700000 2 66.153876 822.408284 6.190989 3.851344
90.800000 2 66.153306 826.718109 6.191047 3.850223
90.900000 2 66.152737 831.050463 6.191104 3.849103
91.000000 2 66.152168 835.405464 6.191162 3.847983
91.100000 2 66.151599 839.783230 6.191220 3.846862
91.200000 2 66.151030 844.183879 6.191278 3.845742
91.300000 2 66.150461 848.607531 6.191336 3.844621
91.400000 2 66.149892 853.054305 6.191394 3.843501
91.500000 2 66.149323 857.524323 6.191452 3.842380
91.600000 2 66.148754 862.017705 6.191510 3.841260
91.700000 2 66.148185 866.534573 6.191568 3.840140
91.800000 2 66.147616 871.075050 6.191626 3.839019
91.900000 2 66.147047 875.639259 6.191684 3.837899
92.000000 2 66.146478 880.227323 6.191742 3.836779
92.100000 2 66.145909 884.839367 6.191800 3.835658
92.200000 2 66.145339 889.475516 6.191858 3.834538
92.300000 2 66.144770 894.135896 6.191916 3.833418
92.400000 2 66.144201 898.820632 6.191974 3.832298
92.500000 2 66.143632 903.529853 6.192032 3.831177
92.600000 2 66.143063 908.263684 6.192090 3.830057
92.700000 2 66.142494 913.022256 6.192148 3.828937
92.800000 2 66.141925 917.805696 6.192206 3.827817
92.900000 2 66.141356 922.614135 6.192264 3.826696
93.000000 2 66.140786 927.447702 6.192322 3.825576
93.100000 2 66.140217 932.306529 6.192380 3.824456
93.200000 2 66.139648 937.190747 6.192438 3.823336
93.300000 2 66.139079 942.100489 6.192496 3.822216
93.400000 2 66.138510 947.035888 6.192554 3.821096
93.500000 2 66.137941 951.997077 6.192612 3.819976
93.600000 2 66.137371 956.984192 6.192670 3.818856
93.700000 2 66.136802 961.997366 6.192727 3.817735
93.800000 2 66.136233 967.036736 6.192785 3.816615
93.900000 2 66.135664 972.102438 6.192843 3.815495
94.000000 2 66.135095 977.194610 6.192901 3.814375
94.100000 2 66.134525 982.313390 6.192959 3.813255
94.200000 2 66.133956 987.458916 6.193017 3.812135
94.300000 2 66.133387 992.631328 6.193075 3.811015
94.400000 2 66.132818 997.830765 6.193133 3.809895
94.500000 2 66.132249 1003.057369 6.193191 3.808775
94.600000 2 66.131679 1008.311282 6.193249 3.807656
94.700000 2 66.131110 1013.592644 6.193307 3.806536
94.800000 2 66.130541 1018.901601 6.193365 3.805416
94.900000 2 66.129972 1024.238295 6.193423 3.804296
95.000000 2 66.129402 1029.602871 6.193481 3.803176
95.100000 2 66.128833 1034.995474 6.193539 3.802056
95.200000 2 66.128264 1040.416251 6.193597 3.800936
95.300000 2 66.127695 1045.865347 6.193655 3.799816
95.400000 2 66.127125 1051.342912 6.193713 3.798697
95.500000 2 66.126556 1056.849092 6.193771 3.797577
95.600000 2 66.125987 1062.384038 6.193829 3.796457
95.700000 2 66.125418 1067.947898 6.193887 3.795337
95.800000 2 66.124848 1073.540825 6.193945 3.794217
95.900000 2 66.124279 1079.162969 6.194003 3.793098
96.000000 2 66.123710 1084.814482 6.194061 3.791978
96.100000 2 66.123140 1090.495517 6.194119 3.790858
96.200000 2 66.122571 1096.206229 6.194177 3.789739
96.300000 2 66.122002 1101.946772 6.194235 3.788619
96.400000 2 66.121432 1107.717301 6.194293 3.787499
96.500000 2 66.120863 1113.517973 6.194351 3.786380
96.600000 2 66.120294 1119.348945 6.194409 3.785260
96.700000 2 66.119724 1125.210374 6.194467 3.784140
96.800000 2 66.119155 1131.102419 6.194524 3.783021
96.900000 2 66.118586 1137.025240 6.194582 3.781901
97.000000 2 66.118016 1142.978997 6.194640 3.780782
97.100000 2 66.117447 1148.963851 6.194698 3.779662
97.200000 2 66.116878 1154.979965 6.194756 3.778542
97.300000 2 66.116308 1161.027500 6.194814 3.777423
97.400000 2 66.115739 1167.106622 6.194872 3.776303
97.500000 2 66.115169 1173.217494 6.194930 3.775184
97.600000 2 66.114600 1179.360281 6.194988 3.774064
97.700000 2 66.114031 1185.535151 6.195046 3.772945
97.800000 2 66.113461 1191.742270 6.195104 3.771825
97.900000 2 66.112892 1197.981805 6.195162 3.770706
98.000000 2 66.112322 1204.253927 6.195220 3.769587
98.100000 2 66.111753 1210.558805 6.195278 3.768467
98.200000 2 66.111184 1216.896609 6.195336 3.767348
98.300000 2 66.110614 1223.267511 6.195394 3.766228
98.400000 2 66.110045 1229.671684 6.195452 3.765109
98.500000 2 66.109475 1236.109300 6.195510 3.763990
98.600000 2 66.108906 1242.580534 6.195568 3.762870
98.700000 2 66.108336 1249.085560 6.195626 3.761751
98.800000 2 66.107767 1255.624556 6.195684 3.760632
98.900000 2 66.107198 1262.197698 6.195742 3.759512
99.000000 2 66.106628 1268.805163 6.195800 3.758393
99.100000 2 66.106059 1275.447131 6.195858 3.757274
99.200000 2 66.105489 1282.123782 6.195916 3.756155
99.300000 2 66.104920 1288.835295 6.195974 3.755035
99.400000 2 66.104350 1295.581852 6.196032 3.753916
99.500000 2 66.103781 1302.363637 6.196090 3.752797
99.600000 2 66.103211 1309.180832 6.196148 3.751678
99.700000 2 66.102642 1316.033621 6.196206 3.750558
99.800000 2 66.102072 1322.922191 6.196264 3.749439
99.900000 2 66.101503 1329.846728 6.196322 3.748320
100.000000 2 66.100933 1336.807419 6.196380 3.747201
100.100000 2 66.100364 1343.804451 6.196438 3.746082
100.200000 2 66.099794 1350.838015 6.196496 3.744963
100.300000 2 66.099225 1357.908301 6.196554 3.743844
100.400000 2 66.098655 1365.015500 6.196612 3.742725
100.500000 2 66.098086 1372.159804 6.196669 3.741606
100.600000 2 66.097516 1379.341406 6.196727 3.740487
100.700000 2 66.096947 1386.560501 6.196785 3.739368
100.800000 2 66.096377 1393.817284 6.196843 3.738248
100.900000 2 66.095807 1401.111950 6.196901 3.737129
101.000000 2 66.095238 1408.444699 6.196959 3.736011
101.100000 2 66.094668 1415.815726 6.197017 3.734892
101.200000 2 66.094099 1423.225233 6.197075 3.733773
101.300000 2 66.093529 1430.673419 6.197133 3.732654
101.400000 2 66.092960 1438.160486 6.197191 3.731535
101.500000 2 66.092390 1445.686636 6.197249 3.730416
101.600000 2 66.091820 1453.252073 6.197307 3.729297
101.700000 2 66.091251 1460.857001 6.197365 3.728178
101.800000 2 66.090681 1468.501625 6.197423 3.727059
101.900000 2 66.090112 1476.186154 6.197481 3.725940
102.000000 2 66.089542 1483.910793 6.197539 3.724821
102.100000 2 66.088972 1491.675753 6.197597 3.723703
102.200000 2 66.088403 1499.481243 6.197655 3.722584
102.300000 2 66.087833 1507.327474 6.197713 3.721465
102.400000 2 66.087263 1515.214658 6.197771 3.720346
102.500000 2 66.086694 1523.143008 6.197829 3.719227
102.600000 2 66.086124 1531.112739 6.197887 3.718109
102.700000 2 66.085555 1539.124066 6.197945 3.716990
102.800000 2 66.084985 1547.177206 6.198003 3.715871
102.900000 2 66.084415 1555.272377 6.198061 3.714753
103.000000 2 66.083846 1563.409796 6.198119 3.713634
103.100000 2 66.083276 1571.589684 6.198177 3.712515
103.200000 2 66.082706 1579.812263 6.198235 3.711397
103.300000 2 66.082137 1588.077754 6.198293 3.710278
103.400000 2 66.081567 1596.386381 6.198351 3.709159
103.500000 2 66.080997 1604.738368 6.198409 3.708041
103.600000 2 66.080427 1613.133941 6.198467 3.706922
103.700000 2 66.079858 1621.573327 6.198525 3.705803
103.800000 2 66.079288 1630.056755 6.198583 3.704685
103.900000 2 66.078718 1638.584452 6.198641 3.703566
104.000000 2 66.078149 1647.156650 6.198699 3.702448
104.100000 2 66.077579 1655.773580 6.198757 3.701329
104.200000 2 66.077009 1664.435475 6.198815 3.700211
104.300000 2 66.076439 1673.142570 6.198873 3.699092
104.400000 2 66.075870 1681.895099 6.198931 3.697974
104.500000 2 66.075300 1690.693298 6.198989 3.696855
104.600000 2 66.074749 1699.251682 6.199045 3.695773
104.700000 2 66.073784 1714.332968 6.199143 3.693879
104.800000 2 66.073060 1725.731486 6.199217 3.692458
104.900000 2 66.072517 1734.329957 6.199272 3.691393
105.000000 2 66.071703 1747.307856 6.199355 3.689794
105.100000 4 66.070889 1760.467184 6.199447 3.688188
105.200000 4 66.070742 1760.466867 6.199448 3.688189
105.300000 4 65.776917 1776.154508 6.199760 3.686340
105.400000 4 65.703461 1791.702700 6.199838 3.684467
105.500000 4 65.666733 1802.360550 6.199877 3.683189
105.600000 4 65.630005 1815.248323 6.199917 3.681652
105.700000 4 65.593277 1830.613080 6.199956 3.679831
105.800000 4 65.556549 1848.718490 6.199995 3.677704
105.900000 4 65.538185 1858.886684 6.200014 3.676518
106.000000 4 65.519821 1869.848144 6.200034 3.675246
106.100000 4 65.501457 1881.642054 6.200053 3.673885
106.200000 4 65.483093 1894.309349 6.200073 3.672433
106.300000 4 65.464729 1907.892861 6.200092 3.670887
106.400000 4 65.446365 1922.437483 6.200112 3.669242
106.500000 4 65.428001 1937.990341 6.200132 3.667498
106.600000 4 65.409637 1954.600981 6.200151 3.665649
106.700000 4 65.391273 1972.321568 6.200171 3.663694
106.800000 4 65.372909 1991.207098 6.200190 3.661630
106.900000 4 65.363727 2001.104734 6.200200 3.660556
107.000000 4 65.354545 2011.315633 6.200210 3.659453
107.100000 4 65.345363 2021.847570 6.200219 3.658321
107.200000 4 65.336181 2032.708547 6.200229 3.657160
107.300000 4 65.326999 2043.906797 6.200239 3.655970
107.400000 4 65.317817 2055.450795 6.200249 3.654749
107.500000 4 65.308635 2067.349268 6.200259 3.653498
107.600000 4 65.299453 2079.611204 6.200268 3.652217
107.700000 4 65.290271 2092.245863 6.200278 3.650904
107.800000 4 65.281089 2105.262785 6.200288 3.649559
107.900000 4 65.271907 2118.671807 6.200298 3.648183
108.000000 4 65.262725 2132.483069 6.200307 3.646775
108.100000 4 65.253543 2146.707029 6.200317 3.645333
108.200000 4 65.244361 2161.354476 6.200327 3.643859
108.300000 4 65.235179 2176.436540 6.200337 3.642352
108.400000 4 65.225997 2191.964711 6.200346 3.640810
108.500000 4 65.216815 2207.950846 6.200356 3.639235
108.600000 4 65.207633 2224.407191 6.200366 3.637625
108.700000 4 65.198451 2241.346393 6.200376 3.635980
108.800000 4 65.189269 2258.781516 6.200386 3.634300
108.900000 4 65.180087 2276.726058 6.200395 3.632584
109.000000 4 65.170905 2295.193969 6.200405 3.630832
109.100000 4 65.161723 2314.199671 6.200415 3.629044
109.200000 4 65.152541 2333.758072 6.200425 3.627219
109.300000 4 65.143359 2353.884592 6.200434 3.625357
109.400000 4 65.134177 2374.595180 6.200444 3.623457
109.500000 4 65.124995 2395.906335 6.200454 3.621519
109.600000 4 65.115813 2417.835133 6.200464 3.619543
109.700000 4 65.106631 2440.399247 6.200473 3.617528
109.800000 4 65.097449 2463.616970 6.200483 3.615475
109.900000 4 65.088267 2487.507248 6.200493 3.613382
110.000000 4 65.079085 2512.089697 6.200503 3.611249
110.100000 4 65.074494 2524.646809 6.200508 3.610167
110.200000 4 65.069902 2537.384641 6.200513 3.609076
110.300000 4 65.065311 2550.305849 6.200517 3.607974
110.400000 4 65.060720 2563.413135 6.200522 3.606862
110.500000 4 65.056129 2576.709250 6.200527 3.605740
110.600000 4 65.051538 2590.196996 6.200532 3.604607
110.700000 4 65.046947 2603.879225 6.200537 3.603464
110.800000 4 65.042356 2617.758841 6.200542 3.602311
110.900000 4 65.037765 2631.838800 6.200547 3.601148
111.000000 4 65.033174 2646.122113 6.200552 3.599974
111.100000 4 64.445526 2663.971543 6.201177 3.598670
111.200000 4 63.857877 2663.971543 6.201802 3.598826
111.300000 4 63.270228 2663.971543 6.202428 3.598983
111.400000 4 62.682580 2663.971543 6.203053 3.599139
111.500000 4 62.094931 2663.971543 6.203678 3.599295
111.600000 4 61.507282 2663.971543 6.204304 3.599452
111.700000 4 60.919633 2663.971543 6.204929 3.599608
111.800000 4 60.331985 2663.971543 6.205555 3.599764
111.900000 4 59.744336 2663.971543 6.206180 3.599921
112.000000 4 59.156687 2663.971543 6.206805 3.600077
112.100000 4 58.569039 2663.971543 6.207431 3.600233
112.200000 4 57.983348 2663.971543 6.208054 3.600389
112.300000 4 57.403515 2663.971543 6.208671 3.600543
112.400000 4 56.829480 2663.971543 6.209282 3.600696
112.500000 4 56.261185 2663.971543 6.209887 3.600847
112.600000 4 55.698573 2663.971543 6.210485 3.600997
112.700000 4 55.141588 2663.971543 6.211078 3.601145
112.800000 4 54.590172 2663.971543 6.211665 3.601292
112.900000 4 54.044270 2663.971543 6.212246 3.601437
113.000000 4 53.503828 2663.971543 6.212821 3.601581
113.100000 4 52.968790 2663.971543 6.213390 3.601723
113.200000 4 52.439102 2663.971543 6.213954 3.601864
113.300000 4 51.914711 2663.971543 6.214512 3.602004
113.400000 4 51.395564 2663.971543 6.215064 3.602142
113.500000 4 50.881608 2663.971543 6.215611 3.602279
113.600000 4 50.372792 2663.971543 6.216153 3.602414
113.700000 4 49.869065 2663.971543 6.216689 3.602548
113.800000 4 49.370374 2663.971543 6.217219 3.602681
113.900000 4 48.876670 2663.971543 6.217745 3.602812
114.000000 4 48.387904 2663.971543 6.218265 3.602942
114.100000 4 47.904025 2663.971543 6.218780 3.603071
114.200000 4 47.424985 2663.971543 6.219290 3.603198
114.300000 4 46.950735 2663.971543 6.219794 3.603324
114.400000 4 46.481228 2663.971543 6.220294 3.603449
114.500000 4 46.016416 2663.971543 6.220789 3.603573
114.600000 4 45.556252 2663.971543 6.221278 3.603695
114.700000 4 45.100689 2663.971543 6.221763 3.603817
114.800000 4 44.649682 2663.971543 6.222243 3.603937
114.900000 4 44.203186 2663.971543 6.222718 3.604055
115.000000 4 43.761154 2663.971543 6.223189 3.604173
115.100000 4 43.323542 2663.971543 6.223654 3.604289
115.200000 4 42.890307 2663.971543 6.224115 3.604405
115.300000 4 42.461404 2663.971543 6.224572 3.604519
115.400000 4 42.036790 2663.971543 6.225024 3.604632
115.500000 4 41.616422 2663.971543 6.225471 3.604744
115.600000 4 41.200258 2663.971543 6.225914 3.604854
115.700000 4 40.788256 2663.971543 6.226352 3.604964
115.800000 4 40.380373 2663.971543 6.226786 3.605072
115.900000 4 39.976570 2663.971543 6.227216 3.605180
116.000000 4 39.576804 2663.971543 6.227641 3.605286
116.100000 4 39.181036 2663.971543 6.228063 3.605391
116.200000 4 38.789226 2663.971543 6.228480 3.605496
116.300000 4 38.401334 2663.971543 6.228892 3.605599
116.400000 4 38.017321 2663.971543 6.229301 3.605701
116.500000 4 37.637147 2663.971543 6.229706 3.605802
116.600000 4 37.260776 2663.971543 6.230106 3.605902
116.700000 4 36.888168 2663.971543 6.230503 3.606001
116.800000 4 36.519287 2663.971543 6.230895 3.606100
116.900000 4 36.154094 2663.971543 6.231284 3.606197
117.000000 4 35.792553 2663.971543 6.231668 3.606293
117.100000 4 35.434628 2663.971543 6.232049 3.606388
117.200000 4 35.080282 2663.971543 6.232426 3.606482
117.300000 4 34.729479 2663.971543 6.232800 3.606576
117.400000 4 34.382184 2663.971543 6.233169 3.606668
117.500000 4 34.038363 2663.971543 6.233535 3.606760
117.600000 4 33.697979 2663.971543 6.233897 3.606850
117.700000 4 33.360999 2663.971543 6.234256 3.606940
117.800000 4 33.027389 2663.971543 6.234610 3.607028
117.900000 4 32.697116 2663.971543 6.234962 3.607116
118.000000 4 32.370145 2663.971543 6.235309 3.607203
118.100000 4 32.046443 2663.971543 6.235653 3.607289
118.200000 4 31.725979 2663.971543 6.235993 3.607374
118.300000 4 31.408719 2663.971543 6.236329 3.607458
118.400000 4 31.094632 2663.971543 6.236661 3.607541
118.500000 4 30.783686 2663.971543 6.236984 3.607622
118.600000 4 30.475849 2663.971543 6.237291 3.607699
118.700000 4 30.171091 2663.971543 6.237520 3.607756
118.800000 4 30.020235 2663.971543 6.237468 3.607743
118.900000 4 29.982710 2663.971543 6.237388 3.607723
119.000000 4 29.963971 2663.971543 6.237327 3.607707
119.100000 4 29.961630 2645.551685 6.237318 3.609212
119.200000 4 29.960460 2629.382892 6.237313 3.610542
119.300000 4 29.959289 2613.119547 6.237308 3.611888
119.400000 4 29.958119 2596.761809 6.237304 3.613250
119.500000 4 29.956949 2580.309866 6.237299 3.614629
119.600000 4 29.955779 2563.763931 6.237294 3.616025
119.700000 4 29.954608 2547.124249 6.237289 3.617438
119.800000 4 29.953438 2530.391093 6.237284 3.618868
119.900000 4 29.952268 2513.564767 6.237278 3.620315
120.000000 4 29.951098 2496.645606 6.237273 3.621780
120.100000 4 29.949928 2479.633978 6.237268 3.623264
120.200000 4 29.948758 2462.530284 6.237262 3.624765
120.300000 4 29.947588 2445.334959 6.237256 3.626285
120.400000 4 29.946419 2428.048471 6.237251 3.627825
120.500000 4 29.945249 2410.671328 6.237245 3.629383
120.600000 4 29.944079 2393.204070 6.237239 3.630960
120.700000 4 29.942909 2375.647278 6.237233 3.632558
120.800000 4 29.941740 2358.001571 6.237227 3.634175
120.900000 4 29.940570 2340.267605 6.237221 3.635813
121.000000 4 29.939401 2322.446078 6.237214 3.637471
121.100000 4 29.938231 2304.537732 6.237208 3.639151
121.200000 4 29.937062 2286.543347 6.237201 3.640851
121.300000 4 29.935892 2268.463749 6.237194 3.642573
121.400000 4 29.934723 2250.299806 6.237188 3.644317
121.500000 4 29.933554 2232.052435 6.237181 3.646084
121.600000 4 29.932384 2213.722595 6.237174 3.647872
121.700000 4 29.931215 2195.311295 6.237166 3.649684
121.800000 4 29.930046 2176.819591 6.237159 3.651519
