t Ka M R logL logTeff
173.199188 1 0.800084 0.737815 -0.429166 3.719875
346.398519 1 0.800084 0.739055 -0.426226 3.720246
519.597994 1 0.800084 0.740300 -0.423232 3.720629
692.797614 1 0.800083 0.741551 -0.420184 3.721024
865.997382 1 0.800083 0.742808 -0.417080 3.721432
1039.197297 1 0.800083 0.744074 -0.413923 3.721852
1212.397363 1 0.800083 0.745348 -0.410710 3.722283
1385.597580 1 0.800083 0.746633 -0.407443 3.722726
1558.797950 1 0.800082 0.747930 -0.404122 3.723180
1731.998475 1 0.800082 0.749240 -0.400746 3.723644
1905.199157 1 0.800082 0.750563 -0.397316 3.724118
2078.399996 1 0.800082 0.751903 -0.393830 3.724602
2251.600996 1 0.800082 0.753258 -0.390291 3.725096
2424.802157 1 0.800081 0.754632 -0.386697 3.725599
2598.003482 1 0.800081 0.756025 -0.383048 3.726111
2771.204973 1 0.800081 0.757438 -0.379345 3.726631
2944.406631 1 0.800081 0.758874 -0.375587 3.727159
3117.608459 1 0.800081 0.760332 -0.371774 3.727695
3290.810458 1 0.800080 0.761815 -0.367907 3.728239
3464.012632 1 0.800080 0.763323 -0.363986 3.728790
3637.214982 1 0.800080 0.764859 -0.360010 3.729347
3810.417509 1 0.800080 0.766423 -0.355979 3.729911
3983.620218 1 0.800080 0.768017 -0.351894 3.730481
4156.823110 1 0.800079 0.769643 -0.347754 3.731057
4330.026187 1 0.800079 0.771301 -0.343560 3.731639
4503.229452 1 0.800079 0.772993 -0.339311 3.732225
4676.432908 1 0.800079 0.774721 -0.335008 3.732816
4849.636558 1 0.800079 0.776485 -0.330650 3.733412
5022.840403 1 0.800078 0.778288 -0.326237 3.734011
5196.044448 1 0.800078 0.780131 -0.321770 3.734614
5369.248694 1 0.800078 0.782016 -0.317248 3.735221
5542.453145 1 0.800078 0.783943 -0.312671 3.735830
5715.657804 1 0.800077 0.785915 -0.308040 3.736443
5888.862673 1 0.800077 0.787933 -0.303354 3.737057
6062.067758 1 0.800077 0.789999 -0.298613 3.737674
6235.273059 1 0.800077 0.792114 -0.293817 3.738292
6408.478582 1 0.800076 0.794281 -0.288966 3.738912
6581.684329 1 0.800076 0.796500 -0.284060 3.739533
6754.890305 1 0.800076 0.798774 -0.279099 3.740154
6928.096512 1 0.800075 0.801104 -0.274082 3.740776
7101.302956 1 0.800075 0.803492 -0.269010 3.741397
7274.509639 1 0.800075 0.805940 -0.263882 3.742019
7447.716566 1 0.800075 0.808450 -0.258698 3.742639
7620.923741 1 0.800074 0.811025 -0.253457 3.743259
7794.131168 1 0.800074 0.813665 -0.248159 3.743878
7967.338852 1 0.800074 0.816374 -0.242804 3.744495
8140.546798 1 0.800073 0.819153 -0.237392 3.745110
8313.755010 1 0.800073 0.822005 -0.231920 3.745723
8486.963493 1 0.800073 0.824933 -0.226390 3.746334
8660.172252 1 0.800072 0.827938 -0.220800 3.746942
8833.381293 1 0.800072 0.831024 -0.215149 3.747547
9006.590620 1 0.800072 0.834194 -0.209435 3.748148
9179.800239 1 0.800071 0.837449 -0.203659 3.748747
9353.010157 1 0.800071 0.840795 -0.197817 3.749341
9526.220378 1 0.800071 0.844233 -0.191910 3.749932
9699.430910 1 0.800070 0.847767 -0.185934 3.750519
9872.641758 1 0.800070 0.851402 -0.179888 3.751101
10045.852928 1 0.800069 0.855142 -0.173768 3.751679
10219.064429 1 0.800069 0.858990 -0.167574 3.752253
10392.276266 1 0.800069 0.862951 -0.161301 3.752822
10565.488447 1 0.800068 0.867032 -0.154945 3.753387
10738.700979 1 0.800068 0.871236 -0.148504 3.753947
10911.913871 1 0.800067 0.875569 -0.141973 3.754502
11085.127130 1 0.800067 0.880039 -0.135347 3.755053
11258.340764 1 0.800067 0.884653 -0.128619 3.755599
11431.554783 1 0.800066 0.889417 -0.121786 3.756142
11604.769196 1 0.800066 0.894340 -0.114838 3.756680
11777.984012 1 0.800065 0.899430 -0.107770 3.757214
11951.199241 1 0.800065 0.904698 -0.100573 3.757746
12124.414894 1 0.800064 0.910155 -0.093236 3.758274
12297.630981 1 0.800064 0.915811 -0.085751 3.758800
12470.847513 1 0.800063 0.921680 -0.078106 3.759324
12644.064503 1 0.800062 0.927775 -0.070288 3.759847
12817.281964 1 0.800062 0.934112 -0.062284 3.760370
12990.499907 1 0.800061 0.940708 -0.054078 3.760894
13163.718348 1 0.800061 0.947581 -0.045653 3.761419
13336.937300 1 0.800060 0.954752 -0.036992 3.761947
13510.156780 1 0.800059 0.962243 -0.028075 3.762479
13683.376804 1 0.800059 0.970081 -0.018878 3.763017
13856.597390 1 0.800058 0.978293 -0.009379 3.763561
14029.818556 1 0.800057 0.986911 0.000449 3.764114
14203.040322 1 0.800057 0.995973 0.010635 3.764675
14376.262710 1 0.800056 1.005521 0.021209 3.765247
14462.874227 1 0.800055 1.010493 0.026653 3.765537
14549.485911 1 0.800055 1.015606 0.032207 3.765830
14636.097765 1 0.800055 1.020867 0.037876 3.766125
14722.709794 1 0.800054 1.026287 0.043665 3.766422
14809.322001 1 0.800054 1.031874 0.049578 3.766722
14895.934389 1 0.800053 1.037640 0.055622 3.767023
14982.546963 1 0.800053 1.043597 0.061802 3.767325
15069.159727 1 0.800052 1.049760 0.068124 3.767627
15155.772684 1 0.800052 1.056145 0.074594 3.767927
15242.385839 1 0.800052 1.062771 0.081217 3.768225
15328.999197 1 0.800051 1.069661 0.088002 3.768518
15415.612764 1 0.800051 1.076841 0.094954 3.768803
15502.226543 1 0.800050 1.084342 0.102080 3.769077
15588.840541 1 0.800050 1.092200 0.109388 3.769337
15675.454763 1 0.800049 1.100459 0.116886 3.769575
15762.069216 1 0.800048 1.109171 0.124581 3.769787
15848.683905 1 0.800048 1.118401 0.132482 3.769962
15935.298838 1 0.800047 1.128223 0.140598 3.770092
16021.914022 1 0.800047 1.138732 0.148937 3.770164
16108.529464 1 0.800046 1.150039 0.157509 3.770162
16151.837318 1 0.800046 1.156034 0.161885 3.770127
16195.145242 1 0.800045 1.162282 0.166323 3.770065
16238.453235 1 0.800045 1.168806 0.170824 3.769975
16281.761300 1 0.800045 1.175631 0.175389 3.769852
16325.069437 1 0.800044 1.182784 0.180020 3.769693
16368.377648 1 0.800044 1.190294 0.184719 3.769493
16411.685934 1 0.800044 1.198196 0.189485 3.769248
16454.994297 1 0.800043 1.206528 0.194321 3.768952
16498.302738 1 0.800043 1.215330 0.199229 3.768601
16541.611258 1 0.800042 1.224651 0.204209 3.768187
16584.919860 1 0.800042 1.234542 0.209263 3.767703
16628.228544 1 0.800042 1.245061 0.214393 3.767144
16671.537313 1 0.800041 1.256274 0.219600 3.766498
16714.846169 1 0.800041 1.268255 0.224886 3.765759
16736.500640 1 0.800041 1.274558 0.227558 3.765350
16758.155135 1 0.800040 1.281085 0.230252 3.764914
16779.809652 1 0.800040 1.287847 0.232965 3.764450
16801.464193 1 0.800040 1.294858 0.235699 3.763954
16823.118757 1 0.800040 1.302129 0.238454 3.763427
16844.773344 1 0.800040 1.309677 0.241230 3.762866
16866.427956 1 0.800039 1.317516 0.244028 3.762270
16888.082592 1 0.800039 1.325662 0.246847 3.761636
16909.737252 1 0.800039 1.334132 0.249687 3.760963
16931.391938 1 0.800039 1.342945 0.252550 3.760249
16953.046648 1 0.800038 1.352121 0.255435 3.759491
16974.701385 1 0.800038 1.361679 0.258342 3.758689
16996.356147 1 0.800038 1.371643 0.261271 3.757838
17018.010936 1 0.800038 1.382036 0.264224 3.756937
17039.665751 1 0.800037 1.392883 0.267199 3.755983
17061.320594 1 0.800037 1.404212 0.270198 3.754974
17082.975464 1 0.800037 1.416051 0.273220 3.753906
17104.630362 1 0.800037 1.428432 0.276266 3.752777
17126.285288 1 0.800036 1.441388 0.279336 3.751584
17147.940243 1 0.800036 1.454953 0.282430 3.750324
17169.595228 1 0.800036 1.469168 0.285549 3.748992
17188.543365 1 0.800035 1.482170 0.288298 3.747766
17205.123005 1 0.800035 1.494004 0.290718 3.746644
17219.630207 1 0.800035 1.504724 0.292849 3.745624
17232.324020 1 0.800035 1.514398 0.294722 3.744701
17243.431116 1 0.800035 1.523095 0.296368 3.743869
17253.149833 1 0.800035 1.530889 0.297814 3.743122
17270.157598 1 0.800034 1.544958 0.300357 3.741772
17282.913436 1 0.800034 1.555883 0.302275 3.740721
17292.480324 1 0.800034 1.564296 0.303719 3.739911
17306.830665 1 0.800034 1.577278 0.305895 3.738660
17321.181021 2 0.800034 1.590715 0.308082 3.737365
17324.959773 2 0.800031 1.593222 0.308852 3.737215
17331.968428 2 0.800025 1.597882 0.310279 3.736938
17338.977278 2 0.800019 1.602556 0.311707 3.736661
17345.986325 2 0.800013 1.607244 0.313134 3.736383
17352.995568 2 0.800008 1.611945 0.314562 3.736106
17360.005010 2 0.800002 1.616660 0.315989 3.735828
17367.014653 2 0.799996 1.621389 0.317416 3.735551
17374.024496 2 0.799990 1.626132 0.318844 3.735274
17381.034542 2 0.799984 1.630889 0.320271 3.734996
17388.044791 2 0.799978 1.635659 0.321699 3.734719
17395.055246 2 0.799972 1.640444 0.323127 3.734442
17402.065907 2 0.799966 1.645242 0.324554 3.734164
17409.076775 2 0.799960 1.650055 0.325982 3.733887
17416.087852 2 0.799954 1.654882 0.327409 3.733609
17423.099140 2 0.799948 1.659722 0.328837 3.733332
17430.110639 2 0.799941 1.664577 0.330264 3.733055
17437.122351 2 0.799935 1.669446 0.331692 3.732777
17444.134277 2 0.799929 1.674330 0.333120 3.732500
17451.146419 2 0.799923 1.679228 0.334547 3.732223
17458.158778 2 0.799916 1.684140 0.335975 3.731945
17465.171355 2 0.799910 1.689066 0.337403 3.731668
17472.184151 2 0.799903 1.694007 0.338830 3.731391
17479.197169 2 0.799897 1.698962 0.340258 3.731113
17486.210409 2 0.799890 1.703932 0.341686 3.730836
17493.223873 2 0.799884 1.708916 0.343114 3.730559
17500.237563 2 0.799877 1.713915 0.344541 3.730281
17507.251479 2 0.799871 1.718929 0.345969 3.730004
17514.265623 2 0.799864 1.723957 0.347397 3.729727
17521.279996 2 0.799857 1.729000 0.348825 3.729449
17528.294601 2 0.799850 1.734058 0.350253 3.729172
17535.309438 2 0.799844 1.739131 0.351680 3.728895
17542.324510 2 0.799837 1.744218 0.353108 3.728617
17549.339816 2 0.799830 1.749321 0.354536 3.728340
17556.355360 2 0.799823 1.754438 0.355964 3.728063
17563.371142 2 0.799816 1.759570 0.357392 3.727785
17570.387163 2 0.799809 1.764718 0.358820 3.727508
17577.403427 2 0.799802 1.769880 0.360248 3.727231
17584.419933 2 0.799795 1.775058 0.361676 3.726953
17591.436683 2 0.799788 1.780250 0.363104 3.726676
17598.453680 2 0.799780 1.785458 0.364532 3.726399
17605.470924 2 0.799773 1.790681 0.365960 3.726122
17612.488418 2 0.799766 1.795920 0.367389 3.725844
17619.506162 2 0.799758 1.801174 0.368817 3.725567
17626.524158 2 0.799751 1.806443 0.370245 3.725290
17633.542409 2 0.799744 1.811728 0.371673 3.725012
17640.560914 2 0.799736 1.817028 0.373101 3.724735
17647.579677 2 0.799729 1.822343 0.374530 3.724458
17654.598699 2 0.799721 1.827675 0.375958 3.724181
17661.617981 2 0.799713 1.833022 0.377386 3.723903
17668.637525 2 0.799706 1.838384 0.378815 3.723626
17675.657333 2 0.799698 1.843762 0.380243 3.723349
17682.677406 2 0.799690 1.849156 0.381671 3.723072
17689.697747 2 0.799682 1.854566 0.383100 3.722794
17696.718356 2 0.799675 1.859992 0.384528 3.722517
17703.739235 2 0.799667 1.865434 0.385957 3.722240
17710.760386 2 0.799659 1.870891 0.387385 3.721963
17717.781812 2 0.799651 1.876365 0.388814 3.721685
17724.803513 2 0.799643 1.881854 0.390242 3.721408
17731.825491 2 0.799634 1.887360 0.391671 3.721131
17738.847748 2 0.799626 1.892882 0.393100 3.720854
17745.870287 2 0.799618 1.898420 0.394528 3.720577
17752.893108 2 0.799610 1.903974 0.395957 3.720299
17759.916213 2 0.799601 1.909545 0.397386 3.720022
17766.939605 2 0.799593 1.915132 0.398815 3.719745
17773.963284 2 0.799585 1.920735 0.400244 3.719468
17780.987254 2 0.799576 1.926355 0.401672 3.719191
17788.011515 2 0.799568 1.931991 0.403101 3.718913
17795.036070 2 0.799559 1.937644 0.404530 3.718636
17802.060920 2 0.799550 1.943313 0.405959 3.718359
17809.086067 2 0.799542 1.948999 0.407388 3.718082
17816.111514 2 0.799533 1.954702 0.408817 3.717805
17823.137262 2 0.799524 1.960421 0.410247 3.717527
17830.163313 2 0.799515 1.966158 0.411676 3.717250
17837.189668 2 0.799506 1.971911 0.413105 3.716973
17844.216331 2 0.799497 1.977681 0.414534 3.716696
17851.243302 2 0.799488 1.983467 0.415963 3.716419
17858.270584 2 0.799479 1.989271 0.417393 3.716142
17865.298179 2 0.799470 1.995092 0.418822 3.715865
17872.326088 2 0.799461 2.000930 0.420252 3.715587
17879.354314 2 0.799452 2.006785 0.421681 3.715310
17886.382859 2 0.799442 2.012658 0.423111 3.715033
17893.411725 2 0.799433 2.018547 0.424540 3.714756
17900.440913 2 0.799424 2.024454 0.425970 3.714479
17907.470426 2 0.799414 2.030378 0.427399 3.714202
17914.500266 2 0.799405 2.036320 0.428829 3.713925
17921.530435 2 0.799395 2.042279 0.430259 3.713648
17928.560935 2 0.799385 2.048255 0.431689 3.713371
17935.591769 2 0.799375 2.054249 0.433119 3.713094
17942.622937 2 0.799366 2.060261 0.434548 3.712817
17949.654443 2 0.799356 2.066290 0.435978 3.712539
17956.686289 2 0.799346 2.072337 0.437408 3.712262
17963.718476 2 0.799336 2.078402 0.438839 3.711985
17970.751007 2 0.799326 2.084485 0.440269 3.711708
17977.783884 2 0.799316 2.090586 0.441699 3.711431
17984.817109 2 0.799306 2.096704 0.443129 3.711154
17991.850685 2 0.799295 2.102840 0.444559 3.710877
17998.884614 2 0.799285 2.108995 0.445990 3.710600
18005.918898 2 0.799275 2.115167 0.447420 3.710323
18012.953538 2 0.799264 2.121358 0.448851 3.710046
18019.988539 2 0.799254 2.127567 0.450281 3.709769
18023.230693 3 0.799249 2.130448 0.450946 3.709642
18027.162750 3 0.799243 2.137875 0.453880 3.709619
18034.127544 3 0.799232 2.151202 0.459118 3.709579
18041.022690 3 0.799222 2.164618 0.464355 3.709539
18047.848884 3 0.799211 2.178124 0.469593 3.709498
18054.606817 3 0.799200 2.191720 0.474831 3.709456
18061.297170 3 0.799189 2.205408 0.480069 3.709413
18067.920619 3 0.799178 2.219187 0.485306 3.709370
18074.477834 3 0.799167 2.233058 0.490544 3.709327
18080.969477 3 0.799156 2.247023 0.495782 3.709282
18087.396204 3 0.799144 2.261082 0.501020 3.709237
18093.758663 3 0.799133 2.275235 0.506257 3.709192
18100.057497 3 0.799121 2.289483 0.511495 3.709146
18106.293344 3 0.799110 2.303827 0.516733 3.709099
18112.466831 3 0.799098 2.318267 0.521971 3.709052
18118.578584 3 0.799086 2.332805 0.527209 3.709003
18124.629220 3 0.799074 2.347441 0.532446 3.708955
18130.619349 3 0.799063 2.362175 0.537684 3.708906
18136.549576 3 0.799050 2.377009 0.542922 3.708856
18142.420502 3 0.799038 2.391943 0.548160 3.708805
18148.232718 3 0.799026 2.406977 0.553397 3.708754
18153.986812 3 0.799014 2.422114 0.558635 3.708702
18159.683365 3 0.799001 2.437352 0.563873 3.708650
18165.322953 3 0.798988 2.452694 0.569111 3.708597
18170.906145 3 0.798976 2.468139 0.574348 3.708543
18176.433504 3 0.798963 2.483689 0.579586 3.708488
18181.905591 3 0.798950 2.499345 0.584824 3.708433
18187.322956 3 0.798937 2.515107 0.590062 3.708378
18192.686148 3 0.798924 2.530975 0.595300 3.708322
18197.995707 3 0.798911 2.546951 0.600537 3.708265
18203.252171 3 0.798897 2.563036 0.605775 3.708207
18208.456071 3 0.798884 2.579230 0.611013 3.708149
18213.607931 3 0.798870 2.595534 0.616251 3.708090
18218.708273 3 0.798856 2.611949 0.621488 3.708030
18223.757612 3 0.798843 2.628476 0.626726 3.707970
18228.756457 3 0.798829 2.645115 0.631964 3.707909
18233.705314 3 0.798815 2.661867 0.637202 3.707848
18238.604682 3 0.798800 2.678734 0.642439 3.707786
18243.455056 3 0.798786 2.695716 0.647677 3.707723
18248.256927 3 0.798772 2.712814 0.652915 3.707659
18253.010779 3 0.798757 2.730028 0.658153 3.707595
18257.717092 3 0.798743 2.747361 0.663390 3.707530
18262.376343 3 0.798728 2.764811 0.668628 3.707465
18266.989000 3 0.798713 2.782381 0.673866 3.707399
18271.555532 3 0.798698 2.800071 0.679104 3.707332
18276.076398 3 0.798683 2.817883 0.684342 3.707264
18280.552055 3 0.798668 2.835816 0.689579 3.707196
18284.982955 3 0.798652 2.853873 0.694817 3.707128
18289.369547 3 0.798637 2.872053 0.700055 3.707058
18293.712273 3 0.798621 2.890358 0.705293 3.706988
18298.011571 3 0.798605 2.908789 0.710530 3.706917
18302.267877 3 0.798589 2.927347 0.715768 3.706846
18306.481619 3 0.798573 2.946032 0.721006 3.706773
18310.653224 3 0.798557 2.964845 0.726244 3.706700
18314.783113 3 0.798541 2.983788 0.731481 3.706627
18318.871703 3 0.798524 3.002862 0.736719 3.706553
18322.919408 3 0.798508 3.022067 0.741957 3.706478
18326.926635 3 0.798491 3.041405 0.747195 3.706402
18330.893790 3 0.798474 3.060876 0.752433 3.706326
18334.821273 3 0.798457 3.080481 0.757670 3.706249
18338.709482 3 0.798440 3.100222 0.762908 3.706171
18342.558808 3 0.798423 3.120099 0.768146 3.706093
18346.369641 3 0.798405 3.140113 0.773384 3.706014
18350.142366 3 0.798387 3.160267 0.778621 3.705934
18353.877364 3 0.798370 3.180559 0.783859 3.705854
18357.575011 3 0.798352 3.200992 0.789097 3.705772
18361.235682 3 0.798334 3.221567 0.794335 3.705691
18364.859747 3 0.798315 3.242285 0.799572 3.705608
18368.447570 3 0.798297 3.263146 0.804810 3.705525
18371.999516 3 0.798279 3.284152 0.810048 3.705441
18375.515942 3 0.798260 3.305304 0.815286 3.705356
18378.997204 3 0.798241 3.326603 0.820523 3.705271
18382.443653 3 0.798222 3.348051 0.825761 3.705185
18385.855638 3 0.798203 3.369647 0.830999 3.705098
18389.233503 3 0.798184 3.391394 0.836237 3.705011
18392.577589 3 0.798164 3.413292 0.841475 3.704922
18395.888234 3 0.798144 3.435343 0.846712 3.704834
18399.165773 3 0.798125 3.457548 0.851950 3.704744
18402.410536 3 0.798105 3.479908 0.857188 3.704654
18405.622852 3 0.798084 3.502424 0.862426 3.704563
18408.803045 3 0.798064 3.525098 0.867663 3.704471
18411.951436 3 0.798044 3.547929 0.872901 3.704378
18415.068343 3 0.798023 3.570921 0.878139 3.704285
18418.154081 3 0.798002 3.594073 0.883377 3.704191
18421.208961 3 0.797981 3.617388 0.888614 3.704097
18424.233293 3 0.797960 3.640866 0.893852 3.704001
18427.227381 3 0.797938 3.664509 0.899090 3.703905
18430.191528 3 0.797917 3.688317 0.904328 3.703808
18433.126034 3 0.797895 3.712293 0.909566 3.703711
18436.031195 3 0.797873 3.736437 0.914803 3.703613
18438.907304 3 0.797851 3.760751 0.920041 3.703514
18441.754653 3 0.797829 3.785236 0.925279 3.703414
18444.573527 3 0.797806 3.809893 0.930517 3.703313
18447.364213 3 0.797783 3.834723 0.935754 3.703212
18450.126992 3 0.797761 3.859729 0.940992 3.703110
18452.862144 3 0.797737 3.884911 0.946230 3.703008
18455.569943 3 0.797714 3.910270 0.951468 3.702904
18458.250665 3 0.797691 3.935808 0.956705 3.702800
18460.904580 3 0.797667 3.961527 0.961943 3.702695
18463.531955 3 0.797643 3.987427 0.967181 3.702589
18466.133057 3 0.797619 4.013511 0.972419 3.702483
18468.708148 3 0.797595 4.039779 0.977656 3.702376
18471.257487 3 0.797570 4.066233 0.982894 3.702268
18473.781334 3 0.797545 4.092874 0.988132 3.702159
18476.279942 3 0.797520 4.119704 0.993370 3.702050
18478.753563 3 0.797495 4.146724 0.998608 3.701940
18481.202449 3 0.797470 4.173936 1.003845 3.701829
18483.626846 3 0.797444 4.201341 1.009083 3.701717
18486.026999 3 0.797418 4.228941 1.014321 3.701605
18488.403150 3 0.797392 4.256737 1.019559 3.701492
18490.755539 3 0.797366 4.284730 1.024796 3.701378
18493.084405 3 0.797340 4.312923 1.030034 3.701263
18495.389982 3 0.797313 4.341316 1.035272 3.701148
18497.672504 3 0.797286 4.369912 1.040510 3.701032
18499.932200 3 0.797259 4.398711 1.045747 3.700915
18502.169299 3 0.797231 4.427716 1.050985 3.700797
18504.384028 3 0.797204 4.456927 1.056223 3.700679
18506.576609 3 0.797176 4.486348 1.061461 3.700559
18508.747264 3 0.797147 4.515978 1.066699 3.700439
18510.896212 3 0.797119 4.545820 1.071936 3.700318
18513.023671 3 0.797090 4.575876 1.077174 3.700197
18515.129856 3 0.797062 4.606147 1.082412 3.700075
18517.214979 3 0.797032 4.636634 1.087650 3.699952
18519.279250 3 0.797003 4.667340 1.092887 3.699828
18521.322879 3 0.796973 4.698267 1.098125 3.699703
18523.346071 3 0.796944 4.729415 1.103363 3.699578
18525.349032 3 0.796913 4.760786 1.108601 3.699451
18527.331963 3 0.796883 4.792383 1.113838 3.699324
18529.295064 3 0.796852 4.824207 1.119076 3.699197
18531.238535 3 0.796821 4.856260 1.124314 3.699068
18533.162571 3 0.796790 4.888543 1.129552 3.698939
18535.067366 3 0.796759 4.921059 1.134789 3.698809
18536.953114 3 0.796727 4.953809 1.140027 3.698678
18538.820004 3 0.796695 4.986794 1.145265 3.698546
18540.668225 3 0.796662 5.020018 1.150503 3.698414
18542.497964 3 0.796630 5.053482 1.155741 3.698280
18544.309406 3 0.796597 5.087187 1.160978 3.698146
18546.102733 3 0.796564 5.121136 1.166216 3.698011
18547.878127 3 0.796530 5.155330 1.171454 3.697876
18549.635767 3 0.796496 5.189771 1.176692 3.697739
18551.375830 3 0.796462 5.224462 1.181929 3.697602
18553.098493 3 0.796428 5.259403 1.187167 3.697464
18554.803929 3 0.796393 5.294598 1.192405 3.697325
18556.492311 3 0.796358 5.330048 1.197643 3.697186
18558.163810 3 0.796323 5.365756 1.202880 3.697045
18559.818593 3 0.796288 5.401722 1.208118 3.696904
18561.456828 3 0.796252 5.437950 1.213356 3.696762
18563.078681 3 0.796216 5.474440 1.218594 3.696619
18564.684315 3 0.796179 5.511197 1.223832 3.696475
18566.273893 3 0.796142 5.548220 1.229069 3.696331
18567.847576 3 0.796105 5.585513 1.234307 3.696186
18569.405521 3 0.796067 5.623078 1.239545 3.696040
18570.947887 3 0.796030 5.660916 1.244783 3.695893
18572.474830 3 0.795991 5.699031 1.250020 3.695745
18573.986502 3 0.795953 5.737423 1.255258 3.695597
18575.483059 3 0.795914 5.776096 1.260496 3.695447
18576.964649 3 0.795875 5.815052 1.265734 3.695297
18578.431424 3 0.795835 5.854292 1.270971 3.695146
18579.883531 3 0.795796 5.893819 1.276209 3.694994
18581.321117 3 0.795755 5.933635 1.281447 3.694842
18582.744327 3 0.795715 5.973743 1.286685 3.694688
18584.153305 3 0.795674 6.014145 1.291922 3.694534
18585.548193 3 0.795633 6.054843 1.297160 3.694379
18586.929132 3 0.795591 6.095839 1.302398 3.694223
18588.296262 3 0.795549 6.137136 1.307636 3.694067
18589.649721 3 0.795506 6.178737 1.312874 3.693909
18590.989645 3 0.795464 6.220643 1.318111 3.693751
18592.316170 3 0.795421 6.262858 1.323349 3.693592
18593.629429 3 0.795377 6.305383 1.328587 3.693432
18594.929556 3 0.795333 6.348221 1.333825 3.693271
18596.216682 3 0.795289 6.391375 1.339062 3.693109
18597.490936 3 0.795244 6.434846 1.344300 3.692947
18598.752448 3 0.795199 6.478638 1.349538 3.692783
18600.001345 3 0.795153 6.522754 1.354776 3.692619
18601.237753 3 0.795107 6.567195 1.360013 3.692454
18602.461796 3 0.795061 6.611964 1.365251 3.692288
18603.673600 3 0.795014 6.657064 1.370489 3.692121
18604.873285 3 0.794967 6.702498 1.375727 3.691954
18606.060973 3 0.794920 6.748268 1.380965 3.691786
18607.236785 3 0.794872 6.794377 1.386202 3.691616
18608.400838 3 0.794823 6.840828 1.391440 3.691446
18609.553251 3 0.794774 6.887622 1.396678 3.691275
18610.694140 3 0.794725 6.934764 1.401916 3.691104
18611.823620 3 0.794675 6.982256 1.407153 3.690931
18612.941805 3 0.794625 7.030101 1.412391 3.690758
18614.048808 3 0.794575 7.078301 1.417629 3.690583
18615.144741 3 0.794524 7.126860 1.422867 3.690408
18616.229715 3 0.794472 7.175779 1.428104 3.690232
18617.303839 3 0.794420 7.225063 1.433342 3.690055
18618.367222 3 0.794368 7.274714 1.438580 3.689878
18619.419971 3 0.794315 7.324735 1.443818 3.689699
18620.462192 3 0.794261 7.375129 1.449055 3.689520
18621.493992 3 0.794207 7.425900 1.454293 3.689339
18622.515473 3 0.794153 7.477049 1.459531 3.689158
18623.526739 3 0.794098 7.528580 1.464769 3.688976
18624.527893 3 0.794043 7.580496 1.470007 3.688793
18625.519035 3 0.793987 7.632801 1.475244 3.688610
18626.500266 3 0.793931 7.685497 1.480482 3.688425
18627.471685 3 0.793874 7.738588 1.485720 3.688240
18628.433389 3 0.793816 7.792076 1.490958 3.688053
18629.385477 3 0.793758 7.845965 1.496195 3.687866
18630.328043 3 0.793700 7.900259 1.501433 3.687678
18631.261184 3 0.793641 7.954960 1.506671 3.687489
18632.184993 3 0.793582 8.010072 1.511909 3.687300
18633.099565 3 0.793522 8.065598 1.517146 3.687109
18634.004990 3 0.793461 8.121542 1.522384 3.686917
18634.901362 3 0.793400 8.177906 1.527622 3.686725
18635.788769 3 0.793338 8.234695 1.532860 3.686532
18636.667303 3 0.793276 8.291911 1.538097 3.686338
18637.537051 3 0.793213 8.349559 1.543335 3.686143
18638.398102 3 0.793150 8.407641 1.548573 3.685947
18639.250542 3 0.793086 8.466161 1.553811 3.685750
18640.094458 3 0.793022 8.525124 1.559049 3.685552
18640.929934 3 0.792956 8.584532 1.564286 3.685354
18641.757056 3 0.792891 8.644388 1.569524 3.685154
18642.575907 3 0.792825 8.704698 1.574762 3.684954
18643.386569 3 0.792758 8.765464 1.580000 3.684753
18644.189125 3 0.792690 8.826690 1.585237 3.684551
18644.983655 3 0.792622 8.888379 1.590475 3.684348
18645.770239 3 0.792553 8.950537 1.595713 3.684144
18646.548958 3 0.792484 9.013166 1.600951 3.683940
18647.319890 3 0.792414 9.076270 1.606188 3.683734
18648.083112 3 0.792344 9.139853 1.611426 3.683528
18648.838702 3 0.792272 9.203920 1.616664 3.683320
18649.586736 3 0.792200 9.268474 1.621902 3.683112
18650.327290 3 0.792128 9.333518 1.627140 3.682903
18651.060439 3 0.792055 9.399058 1.632377 3.682693
18651.786255 3 0.791981 9.465097 1.637615 3.682482
18652.504814 3 0.791906 9.531639 1.642853 3.682270
18653.216187 3 0.791831 9.598689 1.648091 3.682057
18653.920447 3 0.791755 9.666250 1.653328 3.681844
18654.617663 3 0.791678 9.734327 1.658566 3.681629
18655.307908 3 0.791601 9.802924 1.663804 3.681414
18655.991250 3 0.791523 9.872046 1.669042 3.681197
18656.667759 3 0.791444 9.941696 1.674279 3.680980
18657.337502 3 0.791365 10.011878 1.679517 3.680762
18658.000549 3 0.791285 10.082599 1.684755 3.680543
18658.656964 3 0.791204 10.153861 1.689993 3.680323
18659.306816 3 0.791122 10.225669 1.695230 3.680102
18659.950169 3 0.791039 10.298028 1.700468 3.679881
18660.587089 3 0.790956 10.370942 1.705706 3.679658
18661.217639 3 0.790872 10.444416 1.710944 3.679434
18661.841884 3 0.790788 10.518455 1.716182 3.679210
18662.459886 3 0.790702 10.593063 1.721419 3.678985
18663.071708 3 0.790616 10.668245 1.726657 3.678758
18663.677413 3 0.790529 10.744006 1.731895 3.678531
18664.277060 3 0.790441 10.820350 1.737133 3.678303
18664.870710 3 0.790352 10.897282 1.742370 3.678074
18665.458425 3 0.790262 10.974807 1.747608 3.677844
18666.040261 3 0.790172 11.052931 1.752846 3.677613
18666.616280 3 0.790081 11.131658 1.758084 3.677382
18667.186539 3 0.789989 11.210992 1.763321 3.677149
18667.751094 3 0.789896 11.290940 1.768559 3.676915
18668.310005 3 0.789802 11.371506 1.773797 3.676681
18668.863326 3 0.789707 11.452696 1.779035 3.676445
18669.411114 3 0.789612 11.534514 1.784273 3.676209
18669.953424 3 0.789515 11.616966 1.789510 3.675972
18670.490311 3 0.789418 11.700057 1.794748 3.675734
18671.021829 3 0.789320 11.783792 1.799986 3.675494
18671.548032 3 0.789221 11.868178 1.805224 3.675254
18672.068973 3 0.789121 11.953218 1.810461 3.675013
18672.584704 3 0.789020 12.038919 1.815699 3.674772
18673.095279 3 0.788918 12.125287 1.820937 3.674529
18673.600747 3 0.788815 12.212326 1.826175 3.674285
18674.101161 3 0.788711 12.300042 1.831412 3.674040
18674.596570 3 0.788606 12.388442 1.836650 3.673795
18675.087026 3 0.788501 12.477531 1.841888 3.673548
18675.572577 3 0.788394 12.567314 1.847126 3.673301
18676.053272 3 0.788286 12.657797 1.852363 3.673052
18676.529161 3 0.788177 12.748987 1.857601 3.672803
18677.000290 3 0.788067 12.840889 1.862839 3.672553
18677.466709 3 0.787957 12.933509 1.868077 3.672302
18677.928463 3 0.787845 13.026854 1.873315 3.672049
18678.385600 3 0.787732 13.120929 1.878552 3.671796
18678.838165 3 0.787618 13.215740 1.883790 3.671542
18679.286204 3 0.787503 13.311294 1.889028 3.671287
18679.729764 3 0.787387 13.407597 1.894266 3.671031
18680.168887 3 0.787269 13.504655 1.899503 3.670775
18680.603619 3 0.787151 13.602475 1.904741 3.670517
18681.034005 3 0.787032 13.701063 1.909979 3.670258
18681.460086 3 0.786911 13.800426 1.915217 3.669998
18681.881906 3 0.786789 13.900569 1.920454 3.669738
18682.299508 3 0.786666 14.001500 1.925692 3.669476
18682.712934 3 0.786542 14.103226 1.930930 3.669214
18683.122226 3 0.786417 14.205752 1.936168 3.668950
18683.527425 3 0.786291 14.309087 1.941406 3.668686
18683.928572 3 0.786163 14.413236 1.946643 3.668421
18684.325708 3 0.786034 14.518207 1.951881 3.668154
18684.718872 3 0.785904 14.624006 1.957119 3.667887
18685.108104 3 0.785773 14.730641 1.962357 3.667619
18685.493445 3 0.785641 14.838119 1.967594 3.667350
18685.874931 3 0.785507 14.946446 1.972832 3.667080
18686.252603 3 0.785372 15.055631 1.978070 3.666809
18686.626498 3 0.785236 15.165680 1.983308 3.666537
18686.996655 3 0.785098 15.276600 1.988545 3.666264
18687.363109 3 0.784959 15.388400 1.993783 3.665990
18687.725900 3 0.784819 15.501087 1.999021 3.665715
18688.085062 3 0.784677 15.614667 2.004259 3.665439
18688.440632 3 0.784534 15.729150 2.009496 3.665162
18688.792647 3 0.784390 15.844542 2.014734 3.664884
18689.141142 3 0.784245 15.960851 2.019972 3.664606
18689.486152 3 0.784098 16.078086 2.025210 3.664326
18689.827712 3 0.783949 16.196253 2.030448 3.664045
18690.165856 3 0.783799 16.315362 2.035685 3.663764
18690.500618 3 0.783648 16.435420 2.040923 3.663481
18690.832033 3 0.783495 16.556434 2.046161 3.663197
18691.160134 3 0.783341 16.678415 2.051399 3.662913
18691.484954 3 0.783185 16.801369 2.056636 3.662627
18691.806526 3 0.783028 16.925305 2.061874 3.662341
18692.124882 3 0.782869 17.050231 2.067112 3.662053
18692.440054 3 0.782709 17.176157 2.072350 3.661765
18692.752075 3 0.782547 17.303090 2.077587 3.661476
18693.060975 3 0.782384 17.431039 2.082825 3.661185
18693.366787 3 0.782219 17.560014 2.088063 3.660894
18693.669540 3 0.782053 17.690022 2.093301 3.660602
18693.969266 3 0.781885 17.821073 2.098539 3.660308
18694.265995 3 0.781715 17.953176 2.103776 3.660014
18694.559756 3 0.781543 18.086339 2.109014 3.659719
18694.850580 3 0.781370 18.220573 2.114252 3.659423
18695.138495 3 0.781196 18.355886 2.119490 3.659125
18695.423531 3 0.781019 18.492287 2.124727 3.658827
18695.705717 3 0.780841 18.629786 2.129965 3.658528
18695.985081 3 0.780662 18.768393 2.135203 3.658228
18696.261652 3 0.780480 18.908116 2.140441 3.657927
18696.535456 3 0.780297 19.048967 2.145678 3.657624
18696.806523 3 0.780112 19.190954 2.150916 3.657321
18697.074879 3 0.779925 19.334087 2.156154 3.657017
18697.340552 3 0.779736 19.478377 2.161392 3.656712
18697.603567 3 0.779545 19.623833 2.166629 3.656406
18697.863953 3 0.779353 19.770465 2.171867 3.656099
18698.121735 3 0.779159 19.918285 2.177105 3.655791
18698.376938 3 0.778963 20.067301 2.182343 3.655482
18698.629590 3 0.778764 20.217525 2.187581 3.655172
18698.879716 3 0.778564 20.368966 2.192818 3.654861
18699.127340 3 0.778362 20.521637 2.198056 3.654549
18699.372487 3 0.778158 20.675547 2.203294 3.654236
18699.615184 3 0.777953 20.830707 2.208532 3.653921
18699.855453 3 0.777745 20.987128 2.213769 3.653606
18700.093320 3 0.777535 21.144821 2.219007 3.653290
18700.328808 3 0.777322 21.303798 2.224245 3.652973
18700.561941 3 0.777108 21.464069 2.229483 3.652655
18700.792743 3 0.776892 21.625646 2.234720 3.652336
18701.021237 3 0.776674 21.788540 2.239958 3.652016
18701.247446 3 0.776453 21.952763 2.245196 3.651695
18701.471392 3 0.776230 22.118327 2.250434 3.651373
18701.693100 3 0.776005 22.285243 2.255672 3.651050
18701.912590 3 0.775778 22.453523 2.260909 3.650726
18702.129885 3 0.775549 22.623179 2.266147 3.650401
18702.345008 3 0.775317 22.794224 2.271385 3.650074
18702.557979 3 0.775083 22.966669 2.276623 3.649747
18702.768820 3 0.774847 23.140527 2.281860 3.649419
18702.977553 3 0.774609 23.315811 2.287098 3.649090
18703.184199 3 0.774368 23.492532 2.292336 3.648760
18703.388778 3 0.774124 23.670704 2.297574 3.648428
18703.591312 3 0.773879 23.850340 2.302811 3.648096
18703.791820 3 0.773630 24.031452 2.308049 3.647763
18703.990323 3 0.773380 24.214053 2.313287 3.647429
18704.186841 3 0.773127 24.398157 2.318525 3.647093
18704.381394 3 0.772871 24.583778 2.323762 3.646757
18704.574001 3 0.772613 24.770927 2.329000 3.646419
18704.764682 3 0.772352 24.959620 2.334238 3.646081
18704.953457 3 0.772088 25.149870 2.339476 3.645742
18705.140343 3 0.771822 25.341690 2.344714 3.645401
18705.325361 3 0.771554 25.535095 2.349951 3.645060
18705.508529 3 0.771282 25.730098 2.355189 3.644717
18705.689865 3 0.771008 25.926715 2.360427 3.644374
18705.869387 3 0.770731 26.124959 2.365665 3.644029
18706.047115 3 0.770452 26.324844 2.370902 3.643683
18706.223065 3 0.770169 26.526387 2.376140 3.643337
18706.397255 3 0.769884 26.729600 2.381378 3.642989
18706.569704 3 0.769596 26.934500 2.386616 3.642640
18706.740428 3 0.769305 27.141102 2.391853 3.642290
18706.909445 3 0.769011 27.349420 2.397091 3.641939
18707.076772 3 0.768714 27.559470 2.402329 3.641587
18707.242425 3 0.768414 27.771268 2.407567 3.641234
18707.406422 3 0.768111 27.984830 2.412804 3.640880
18707.568779 3 0.767805 28.200170 2.418042 3.640525
18707.729513 3 0.767496 28.417306 2.423280 3.640169
18707.888639 3 0.767183 28.636253 2.428518 3.639812
18708.046174 3 0.766868 28.857028 2.433756 3.639454
18708.202133 3 0.766549 29.079646 2.438993 3.639094
18708.356533 3 0.766227 29.304126 2.444231 3.638734
18708.509389 3 0.765902 29.530484 2.449469 3.638372
18708.660716 3 0.765574 29.758736 2.454707 3.638010
18708.810530 3 0.765242 29.988900 2.459944 3.637646
18708.958846 3 0.764907 30.220993 2.465182 3.637282
18709.105679 3 0.764568 30.455033 2.470420 3.636916
18709.251043 3 0.764226 30.691037 2.475658 3.636549
18709.394954 3 0.763880 30.929023 2.480895 3.636181
18709.537426 3 0.763531 31.169010 2.486133 3.635812
18709.678473 3 0.763178 31.411014 2.491371 3.635442
18709.818109 3 0.762822 31.655056 2.496609 3.635071
18709.956350 3 0.762462 31.901153 2.501847 3.634699
18710.093207 3 0.762098 32.149324 2.507084 3.634326
18710.228696 3 0.761731 32.399588 2.512322 3.633951
18710.362831 3 0.761360 32.651964 2.517560 3.633576
18710.495624 3 0.760985 32.906472 2.522798 3.633199
18710.627089 3 0.760606 33.163131 2.528035 3.632822
18710.757239 3 0.760223 33.421961 2.533273 3.632443
18710.886088 3 0.759836 33.682982 2.538511 3.632063
18711.013648 3 0.759445 33.946213 2.543749 3.631682
18711.139933 3 0.759050 34.211675 2.548986 3.631300
18711.264955 3 0.758652 34.479390 2.554224 3.630917
18711.388727 3 0.758248 34.749376 2.559462 3.630533
18711.511260 3 0.757841 35.021657 2.564700 3.630147
18711.632569 3 0.757430 35.296252 2.569937 3.629761
18711.752665 3 0.757014 35.573183 2.575175 3.629373
18711.871559 3 0.756594 35.852471 2.580413 3.628984
18711.989265 3 0.756169 36.134139 2.585651 3.628594
18712.105793 3 0.755740 36.418209 2.590889 3.628203
18712.221157 3 0.755307 36.704703 2.596126 3.627811
18712.335366 3 0.754869 36.993643 2.601364 3.627418
18712.448434 3 0.754426 37.285052 2.606602 3.627024
18712.560371 3 0.753979 37.578954 2.611840 3.626628
18712.671188 3 0.753527 37.875371 2.617077 3.626231
18712.780898 3 0.753070 38.174327 2.622315 3.625834
18712.889510 3 0.752609 38.475845 2.627553 3.625435
18712.997036 3 0.752143 38.779950 2.632791 3.625035
18713.103487 3 0.751671 39.086666 2.638028 3.624633
18713.208873 3 0.751195 39.396018 2.643266 3.624231
18713.313206 3 0.750714 39.708030 2.648504 3.623827
18713.416495 3 0.750227 40.022727 2.653742 3.623423
18713.518751 3 0.749736 40.340134 2.658980 3.623017
18713.619985 3 0.749239 40.660277 2.664217 3.622610
18713.720206 3 0.748737 40.983183 2.669455 3.622201
18713.820206 3 0.748230 41.308876 2.674693 3.621792
18713.920206 3 0.747717 41.637383 2.679931 3.621381
18714.020206 3 0.747198 41.968732 2.685168 3.620970
18714.120206 3 0.746675 42.302948 2.690406 3.620557
18714.220206 3 0.746145 42.640060 2.695644 3.620143
18714.320206 3 0.745610 42.980095 2.700882 3.619727
18714.420206 3 0.745069 43.323080 2.706119 3.619311
18714.520206 3 0.744523 43.669043 2.711357 3.618893
18714.620206 3 0.743970 44.018015 2.716595 3.618474
18714.720206 3 0.743412 44.370022 2.721833 3.618054
18714.820206 3 0.742847 44.725094 2.727070 3.617633
18714.920206 3 0.742276 45.083260 2.732308 3.617210
18715.020206 3 0.741700 45.444551 2.737546 3.616786
18715.120206 3 0.741117 45.808997 2.742784 3.616361
18715.220206 3 0.740527 46.176626 2.748022 3.615935
18715.320206 3 0.739932 46.547472 2.753259 3.615507
18715.420206 3 0.739329 46.921564 2.758497 3.615079
18715.520206 3 0.738721 47.298933 2.763735 3.614649
18715.620206 3 0.738105 47.679613 2.768973 3.614217
18715.720206 3 0.737483 48.063634 2.774210 3.613785
18715.820206 3 0.736854 48.451030 2.779448 3.613351
18715.920206 3 0.736218 48.841833 2.784686 3.612916
18716.020206 3 0.735576 49.236077 2.789924 3.612480
18716.120206 3 0.734926 49.633794 2.795161 3.612042
18716.220206 3 0.734269 50.035020 2.800399 3.611603
18716.320206 3 0.733604 50.439789 2.805637 3.611163
18716.420206 3 0.732933 50.848135 2.810875 3.610722
18716.520206 3 0.732254 51.260094 2.816113 3.610279
18716.620206 3 0.731567 51.675701 2.821350 3.609835
18716.720206 3 0.730873 52.094992 2.826588 3.609390
18716.820206 3 0.730171 52.518004 2.831826 3.608943
18716.920206 3 0.729462 52.944774 2.837064 3.608495
18717.020206 3 0.728744 53.375339 2.842301 3.608046
18717.120206 3 0.728019 53.809737 2.847539 3.607595
18717.220206 3 0.727285 54.248006 2.852777 3.607143
18717.320206 3 0.726543 54.690184 2.858015 3.606690
18717.420206 3 0.725793 55.136312 2.863252 3.606235
18717.520206 3 0.725035 55.586428 2.868490 3.605779
18717.620206 3 0.724267 56.040573 2.873728 3.605321
18717.720206 3 0.723492 56.498787 2.878966 3.604862
18717.820206 3 0.722707 56.961111 2.884203 3.604402
18717.920206 3 0.721914 57.427588 2.889441 3.603941
18718.020206 3 0.721111 57.898258 2.894679 3.603478
18718.120206 3 0.720300 58.373166 2.899917 3.603013
18718.220206 3 0.719479 58.852353 2.905155 3.602547
18718.320206 3 0.718649 59.335864 2.910392 3.602080
18718.420206 3 0.717810 59.823743 2.915630 3.601611
18718.520206 3 0.716960 60.316034 2.920868 3.601141
18718.620206 3 0.716102 60.812784 2.926106 3.600670
18718.720206 3 0.715233 61.314037 2.931343 3.600196
18718.820206 3 0.714354 61.819842 2.936581 3.599722
18718.920206 3 0.713465 62.330244 2.941819 3.599246
18719.020206 3 0.712566 62.845292 2.947057 3.598768
18719.120206 3 0.711657 63.365033 2.952294 3.598289
18719.220206 3 0.710737 63.889518 2.957532 3.597809
18719.320206 3 0.709806 64.418795 2.962770 3.597327
18719.420206 3 0.708864 64.952916 2.968008 3.596843
18719.520206 3 0.707912 65.491930 2.973246 3.596358
18719.620206 3 0.706948 66.035891 2.978483 3.595871
18719.720206 3 0.705973 66.584849 2.983721 3.595383
18719.820206 3 0.704987 67.138859 2.988959 3.594893
18719.920206 3 0.703989 67.697973 2.994197 3.594402
18720.020206 3 0.702979 68.262248 2.999434 3.593909
18720.120206 3 0.701958 68.831737 3.004672 3.593414
18720.220206 3 0.700924 69.406498 3.009910 3.592918
18720.320206 3 0.699878 69.986586 3.015148 3.592420
18720.420206 3 0.698819 70.572060 3.020385 3.591921
18720.520206 3 0.697748 71.162978 3.025623 3.591419
18720.620206 3 0.696664 71.759400 3.030861 3.590916
18720.720206 3 0.695567 72.361385 3.036099 3.590412
18720.820206 3 0.694457 72.968995 3.041336 3.589906
18720.920206 3 0.693334 73.582291 3.046574 3.589397
18721.020206 3 0.692197 74.201338 3.051812 3.588888
18721.120206 3 0.691046 74.826197 3.057050 3.588376
18721.220206 3 0.689881 75.456935 3.062288 3.587863
18721.320206 3 0.688702 76.093617 3.067525 3.587348
18721.420206 3 0.687509 76.736309 3.072763 3.586831
18721.520206 3 0.686301 77.385079 3.078001 3.586312
18721.620206 3 0.685079 78.039997 3.083239 3.585792
18721.720206 3 0.683841 78.701131 3.088476 3.585269
18721.820206 3 0.682588 79.368554 3.093714 3.584745
18721.920206 3 0.681319 80.042336 3.098952 3.584219
18722.020206 3 0.680035 80.722552 3.104190 3.583691
18722.120206 3 0.678735 81.409276 3.109427 3.583160
18722.220206 3 0.677419 82.102582 3.114665 3.582628
18722.320206 3 0.676086 82.802549 3.119903 3.582094
18722.420206 3 0.674736 83.509254 3.125141 3.581558
18722.520206 3 0.673370 84.222777 3.130379 3.581020
18722.620206 3 0.671986 84.943198 3.135616 3.580480
18722.720206 3 0.670584 85.670600 3.140854 3.579938
18722.820206 3 0.669165 86.405065 3.146092 3.579394
18722.920206 3 0.667728 87.146680 3.151330 3.578848
18723.020206 3 0.666272 87.895531 3.156567 3.578299
18723.120206 3 0.664798 88.651705 3.161805 3.577748
18723.220206 3 0.663305 89.415292 3.167043 3.577195
18723.320206 3 0.661792 90.186384 3.172281 3.576640
18723.420206 3 0.660260 90.965073 3.177518 3.576083
18723.520206 3 0.658708 91.751454 3.182756 3.575523
18723.620206 3 0.657136 92.545624 3.187994 3.574961
18723.720206 3 0.655543 93.347679 3.193232 3.574397
18723.820206 3 0.653929 94.157722 3.198469 3.573830
18723.920206 3 0.652294 94.975853 3.203707 3.573261
18724.020206 3 0.650637 95.802176 3.208945 3.572689
18724.120206 3 0.648958 96.636798 3.214183 3.572115
18724.220206 3 0.647257 97.479827 3.219421 3.571538
18724.320206 3 0.645532 98.331373 3.224658 3.570959
18724.420206 3 0.643785 99.191549 3.229896 3.570377
18724.520206 3 0.642014 100.060470 3.235134 3.569793
18724.620206 3 0.640219 100.938253 3.240372 3.569206
18724.720206 3 0.638399 101.825019 3.245609 3.568616
18724.820206 3 0.636555 102.720889 3.250847 3.568023
18724.920206 3 0.634685 103.625990 3.256085 3.567427
18725.020206 3 0.632789 104.540449 3.261323 3.566829
18725.120206 3 0.630867 105.464397 3.266560 3.566228
18725.220206 3 0.628919 106.397968 3.271798 3.565623
18725.320206 3 0.626943 107.341300 3.277036 3.565016
18725.420206 3 0.624939 108.294532 3.282274 3.564406
18725.520206 3 0.622906 109.257808 3.287512 3.563792
18725.620206 3 0.620845 110.231277 3.292749 3.563175
18725.720206 3 0.618754 111.215087 3.297987 3.562555
18725.820206 3 0.616634 112.209395 3.303225 3.561932
18725.920206 3 0.614482 113.214358 3.308463 3.561305
18726.020206 3 0.612300 114.230140 3.313700 3.560675
18726.120206 3 0.610085 115.256907 3.318938 3.560042
18726.220206 3 0.607838 116.294832 3.324176 3.559404
18726.320206 3 0.605558 117.344090 3.329414 3.558763
18726.420206 3 0.603244 118.404862 3.334651 3.558119
18726.520206 3 0.600895 119.477335 3.339889 3.557470
18726.620206 3 0.598511 120.561700 3.345127 3.556818
18726.720206 3 0.596091 121.646576 3.350365 3.556182
18726.820206 3 0.593635 122.447677 3.355602 3.556066
18726.920206 3 0.591146 123.242505 3.360840 3.555970
18727.020206 3 0.588627 124.029835 3.366078 3.555897
18727.120206 3 0.586075 124.808287 3.371315 3.555848
18727.220206 3 0.583490 125.576310 3.376553 3.555825
18727.320206 3 0.580873 126.332148 3.381791 3.555831
18727.420206 3 0.578223 127.073808 3.387028 3.555870
18727.520206 3 0.575540 127.799013 3.392266 3.555943
18727.620206 3 0.572824 128.505156 3.397503 3.556056
18727.720206 3 0.570074 129.189224 3.402741 3.556213
18727.820206 4 0.567438 3.488657 1.521821 3.870267
18727.920206 4 0.567435 3.487746 1.521821 3.870323
18728.020206 4 0.567432 3.486844 1.521821 3.870379
18728.120206 4 0.567430 3.485952 1.521821 3.870435
18728.220206 4 0.567427 3.485068 1.521821 3.870490
18728.320206 4 0.567425 3.484192 1.521821 3.870545
18728.420206 4 0.567422 3.483326 1.521821 3.870599
18728.520206 4 0.567420 3.482468 1.521821 3.870652
18728.620206 4 0.567417 3.481619 1.521821 3.870705
18728.720206 4 0.567415 3.480779 1.521821 3.870758
18728.820206 4 0.567413 3.479946 1.521822 3.870810
18728.920206 4 0.567410 3.479122 1.521822 3.870861
18729.020206 4 0.567408 3.478307 1.521822 3.870912
18729.120206 4 0.567406 3.477499 1.521822 3.870963
18729.220206 4 0.567403 3.476700 1.521823 3.871013
18729.320206 4 0.567401 3.475909 1.521823 3.871062
18729.420206 4 0.567399 3.475125 1.521823 3.871111
18729.520206 4 0.567397 3.474349 1.521824 3.871160
18729.620206 4 0.567394 3.473582 1.521824 3.871208
18729.720206 4 0.567392 3.472821 1.521825 3.871255
18729.820206 4 0.567390 3.472069 1.521825 3.871303
18729.920206 4 0.567388 3.471324 1.521826 3.871349
18730.020206 4 0.567386 3.470587 1.521826 3.871396
18730.120206 4 0.567384 3.469856 1.521827 3.871441
18730.220206 4 0.567382 3.469134 1.521827 3.871487
18730.320206 4 0.567380 3.468418 1.521828 3.871532
18730.420206 4 0.567378 3.467710 1.521829 3.871576
18730.520206 4 0.567376 3.467009 1.521829 3.871620
18730.620206 4 0.567374 3.466315 1.521830 3.871664
18730.720206 4 0.567372 3.465627 1.521831 3.871707
18730.820206 4 0.567370 3.464947 1.521831 3.871750
18730.920206 4 0.567368 3.464274 1.521832 3.871793
18731.020206 4 0.567366 3.463607 1.521833 3.871835
18731.120206 4 0.567364 3.462947 1.521834 3.871876
18731.220206 4 0.567362 3.462294 1.521835 3.871917
18731.320206 4 0.567360 3.461647 1.521836 3.871958
18731.420206 4 0.567358 3.461007 1.521837 3.871998
18731.520206 4 0.567357 3.460373 1.521837 3.872038
18731.620206 4 0.567355 3.459746 1.521838 3.872078
18731.720206 4 0.567353 3.459125 1.521839 3.872117
18731.820206 4 0.567351 3.458510 1.521840 3.872156
18731.920206 4 0.567350 3.457902 1.521841 3.872195
18732.020206 4 0.567348 3.457299 1.521842 3.872233
18732.120206 4 0.567346 3.456703 1.521843 3.872270
18732.220206 4 0.567344 3.456112 1.521845 3.872308
18732.320206 4 0.567343 3.455528 1.521846 3.872345
18732.420206 4 0.567341 3.454949 1.521847 3.872381
18732.520206 4 0.567339 3.454377 1.521848 3.872418
18732.620206 4 0.567338 3.453810 1.521849 3.872454
18732.720206 4 0.567336 3.453248 1.521850 3.872489
18732.820206 4 0.567335 3.452693 1.521851 3.872524
18732.920206 4 0.567333 3.452143 1.521853 3.872559
18733.020206 4 0.567332 3.451598 1.521854 3.872594
18733.120206 4 0.567330 3.451059 1.521855 3.872628
18733.220206 4 0.567329 3.450526 1.521856 3.872662
18733.320206 4 0.567327 3.449998 1.521857 3.872696
18733.420206 4 0.567326 3.449475 1.521859 3.872729
18733.520206 4 0.567324 3.448957 1.521860 3.872762
18733.620206 4 0.567323 3.448445 1.521861 3.872794
18733.720206 4 0.567321 3.447938 1.521862 3.872826
18733.820206 4 0.567320 3.447436 1.521864 3.872858
18733.920206 4 0.567318 3.446939 1.521865 3.872890
18734.020206 4 0.567317 3.446447 1.521866 3.872921
18734.120206 4 0.567315 3.445960 1.521868 3.872952
18734.220206 4 0.567314 3.445478 1.521869 3.872983
18734.320206 4 0.567313 3.445001 1.521870 3.873014
18734.420206 4 0.567311 3.444528 1.521872 3.873044
18734.520206 4 0.567310 3.444060 1.521873 3.873073
18734.620206 4 0.567309 3.443598 1.521875 3.873103
18734.720206 4 0.567307 3.443139 1.521876 3.873132
18734.820206 4 0.567306 3.442686 1.521877 3.873161
18734.920206 4 0.567305 3.442237 1.521879 3.873190
18735.020206 4 0.567304 3.441792 1.521880 3.873218
18735.120206 4 0.567302 3.441352 1.521882 3.873246
18735.220206 4 0.567301 3.440916 1.521883 3.873274
18735.320206 4 0.567300 3.440485 1.521884 3.873302
18735.420206 4 0.567299 3.440058 1.521886 3.873329
18735.520206 4 0.567297 3.439636 1.521887 3.873356
18735.620206 4 0.567296 3.439217 1.521889 3.873383
18735.720206 4 0.567295 3.438803 1.521890 3.873409
18735.820206 4 0.567294 3.438393 1.521892 3.873436
18735.920206 4 0.567293 3.437988 1.521893 3.873462
18736.020206 4 0.567292 3.437586 1.521894 3.873487
18736.120206 4 0.567291 3.437188 1.521896 3.873513
18736.220206 4 0.567289 3.436795 1.521897 3.873538
18736.320206 4 0.567288 3.436405 1.521899 3.873563
18736.420206 4 0.567287 3.436020 1.521900 3.873588
18736.520206 4 0.567286 3.435638 1.521902 3.873612
18736.620206 4 0.567285 3.435260 1.521903 3.873637
18736.720206 4 0.567284 3.434886 1.521905 3.873661
18736.820206 4 0.567283 3.434515 1.521906 3.873684
18736.920206 4 0.567282 3.434149 1.521908 3.873708
18737.020206 4 0.567281 3.433786 1.521909 3.873731
18737.120206 4 0.567280 3.433426 1.521910 3.873754
18737.220206 4 0.567279 3.433071 1.521912 3.873777
18737.320206 4 0.567278 3.432719 1.521913 3.873800
18737.420206 4 0.567277 3.432370 1.521915 3.873822
18737.520206 4 0.567276 3.432025 1.521916 3.873844
18737.620206 4 0.567275 3.431891 1.521917 3.873853
18738.937230 4 0.567222 3.413315 1.522017 3.875057
18740.254254 4 0.567170 3.394860 1.522162 3.876270
18741.571277 4 0.567117 3.376558 1.522357 3.877493
18742.888301 4 0.567065 3.358440 1.522608 3.878724
18744.205325 4 0.567013 3.340539 1.522918 3.879962
18745.522348 4 0.566961 3.322884 1.523292 3.881206
18746.839372 4 0.566910 3.305508 1.523733 3.882455
18748.156396 4 0.566859 3.288441 1.524246 3.883707
18749.473419 4 0.566807 3.271712 1.524833 3.884961
18750.790443 4 0.566757 3.255353 1.525498 3.886216
18752.107467 4 0.566706 3.239393 1.526245 3.887470
18753.424490 4 0.566655 3.223861 1.527075 3.888721
18754.741514 4 0.566605 3.208787 1.527993 3.889968
18756.058538 4 0.566554 3.194202 1.529001 3.891210
18757.375562 4 0.566504 3.180133 1.530101 3.892443
18758.692585 4 0.566454 3.166612 1.531298 3.893668
18760.009609 4 0.566404 3.153667 1.532592 3.894881
18761.326633 4 0.566354 3.141328 1.533986 3.896081
18762.643656 4 0.566304 3.129625 1.535484 3.897265
18763.960680 4 0.566254 3.118589 1.537087 3.898433
18765.277704 4 0.566204 3.108249 1.538799 3.899582
18766.594727 4 0.566154 3.098637 1.540620 3.900710
18767.911751 4 0.566104 3.089784 1.542554 3.901815
18769.228775 4 0.566054 3.081722 1.544603 3.902894
18770.545798 4 0.566004 3.074483 1.546768 3.903946
18771.862822 4 0.565953 3.068102 1.549052 3.904969
18773.179846 4 0.565903 3.062612 1.551458 3.905959
18774.496869 4 0.565852 3.058047 1.553987 3.906915
18775.813893 4 0.565801 3.054446 1.556641 3.907835
18777.130917 4 0.565750 3.051844 1.559422 3.908715
18778.447940 4 0.565698 3.050281 1.562333 3.909554
18779.764964 4 0.565646 3.049797 1.565374 3.910349
18781.081988 4 0.565594 3.050433 1.568549 3.911097
18782.399011 4 0.565542 3.052234 1.571858 3.911796
18783.716035 4 0.565489 3.055245 1.575305 3.912444
18785.033059 4 0.565435 3.059513 1.578890 3.913037
18786.350082 4 0.565381 3.065088 1.582615 3.913573
18787.667106 4 0.565326 3.072024 1.586483 3.914049
18788.984130 4 0.565271 3.080376 1.590495 3.914462
18790.301153 4 0.565215 3.090201 1.594652 3.914810
18791.618177 4 0.565159 3.101562 1.598957 3.915090
18792.935201 4 0.565101 3.114524 1.603411 3.915298
18794.252224 4 0.565043 3.129156 1.608016 3.915431
18795.569248 4 0.564984 3.145531 1.612774 3.915487
18796.886272 4 0.564924 3.163728 1.617685 3.915462
18798.203295 4 0.564863 3.183829 1.622753 3.915354
18799.520319 4 0.564800 3.205924 1.627977 3.915158
18800.837343 4 0.564737 3.230105 1.633361 3.914873
18802.154366 4 0.564672 3.256475 1.638906 3.914493
18803.471390 4 0.564606 3.285141 1.644612 3.914017
18804.788414 4 0.564538 3.316218 1.650483 3.913440
18805.446926 4 0.564504 3.332684 1.653480 3.913113
18806.105438 4 0.564469 3.349799 1.656518 3.912761
18806.763949 4 0.564433 3.367581 1.659598 3.912381
18807.422461 4 0.564397 3.386046 1.662720 3.911974
18808.080973 4 0.564361 3.405212 1.665885 3.911540
18808.739485 4 0.564324 3.425100 1.669091 3.911077
18809.397997 4 0.564287 3.445727 1.672340 3.910585
18810.056509 4 0.564249 3.467114 1.675631 3.910064
18810.715020 4 0.564211 3.489282 1.678966 3.909514
18811.373532 4 0.564172 3.512253 1.682343 3.908933
18812.032044 4 0.564132 3.536049 1.685763 3.908322
18812.690556 4 0.564092 3.560694 1.689227 3.907680
18813.349068 4 0.564052 3.586213 1.692734 3.907006
18814.007580 4 0.564010 3.612630 1.696286 3.906300
18814.666091 4 0.563968 3.639971 1.699881 3.905562
18815.324603 4 0.563926 3.668265 1.703520 3.904790
18815.983115 4 0.563883 3.697540 1.707203 3.903985
18816.641627 4 0.563839 3.727825 1.710931 3.903146
18817.300139 4 0.563794 3.759150 1.714703 3.902272
18817.958651 4 0.563748 3.791549 1.718520 3.901362
18818.617162 4 0.563702 3.825055 1.722383 3.900417
18819.275674 4 0.563655 3.859701 1.726290 3.899436
18819.934186 4 0.563607 3.895526 1.730242 3.898418
18820.592698 4 0.563558 3.932565 1.734241 3.897363
18821.251210 4 0.563508 3.970859 1.738284 3.896269
18821.909722 4 0.563457 4.010448 1.742374 3.895138
18822.238978 4 0.563431 4.030732 1.744436 3.894558
18822.568233 4 0.563405 4.051355 1.746510 3.893968
18822.897489 4 0.563379 4.072324 1.748595 3.893368
18823.226745 4 0.563352 4.093643 1.750691 3.892758
18823.556001 4 0.563325 4.115321 1.752800 3.892139
18823.885257 4 0.563298 4.137361 1.754920 3.891509
18824.214513 4 0.563270 4.159770 1.757051 3.890869
18824.543769 4 0.563243 4.182555 1.759194 3.890218
18824.873025 4 0.563215 4.205722 1.761349 3.889558
18825.202281 4 0.563186 4.229277 1.763516 3.888886
18825.531537 4 0.563157 4.253228 1.765694 3.888205
18825.860793 4 0.563128 4.277581 1.767884 3.887512
18826.190049 4 0.563099 4.302342 1.770086 3.886810
18826.519304 4 0.563070 4.327520 1.772299 3.886096
18826.848560 4 0.563040 4.353122 1.774525 3.885371
18827.177816 4 0.563009 4.379154 1.776762 3.884636
18827.507072 4 0.562979 4.405626 1.779011 3.883889
18827.836328 4 0.562948 4.432543 1.781272 3.883132
18828.165584 4 0.562916 4.459916 1.783544 3.882363
18828.494840 4 0.562885 4.487751 1.785829 3.881583
18828.824096 4 0.562853 4.516057 1.788126 3.880792
18829.153352 4 0.562820 4.544843 1.790434 3.879990
18829.482608 4 0.562787 4.574118 1.792755 3.879176
18829.811864 4 0.562754 4.603890 1.795087 3.878350
18830.141120 4 0.562720 4.634169 1.797431 3.877512
18830.470376 4 0.562686 4.664965 1.799788 3.876663
18830.799631 4 0.562652 4.696286 1.802157 3.875802
18831.128887 4 0.562617 4.728143 1.804537 3.874930
18831.458143 4 0.562582 4.760545 1.806930 3.874045
18831.787399 4 0.562546 4.793505 1.809335 3.873148
18832.116655 4 0.562510 4.827030 1.811752 3.872238
18832.445911 4 0.562473 4.861134 1.814181 3.871317
18832.775167 4 0.562436 4.895827 1.816622 3.870383
18833.104423 4 0.562399 4.931120 1.819075 3.869437
18833.433679 4 0.562361 4.967025 1.821541 3.868478
18833.762935 4 0.562322 5.003554 1.824019 3.867506
18834.092191 4 0.562283 5.040720 1.826509 3.866522
18834.421447 4 0.562243 5.078535 1.829011 3.865524
18834.750702 4 0.562203 5.117011 1.831526 3.864514
18835.079958 4 0.562163 5.156163 1.834053 3.863491
18835.409214 4 0.562121 5.196004 1.836593 3.862454
18835.738470 4 0.562080 5.236548 1.839144 3.861404
18836.067726 4 0.562037 5.277808 1.841708 3.860341
18836.396982 4 0.561994 5.319801 1.844285 3.859264
18836.726238 4 0.561951 5.362540 1.846874 3.858174
18837.055494 4 0.561907 5.406042 1.849475 3.857070
18837.384750 4 0.561862 5.450323 1.852089 3.855952
18837.714006 4 0.561816 5.495398 1.854715 3.854820
18838.043262 4 0.561770 5.541284 1.857354 3.853674
18838.372518 4 0.561723 5.587999 1.860005 3.852514
18838.701773 4 0.561676 5.635560 1.862668 3.851339
18839.031029 4 0.561628 5.683986 1.865345 3.850150
18839.360285 4 0.561579 5.733294 1.868034 3.848947
18839.689541 4 0.561529 5.783505 1.870735 3.847729
18840.018797 4 0.561479 5.834638 1.873449 3.846496
18840.348053 4 0.561428 5.886714 1.876176 3.845248
18840.677309 4 0.561376 5.939752 1.878915 3.843985
18841.006565 4 0.561323 5.993775 1.881667 3.842707
18841.335821 4 0.561270 6.048805 1.884432 3.841414
18841.665077 4 0.561215 6.104864 1.887209 3.840105
18841.994333 4 0.561160 6.161976 1.889999 3.838780
18842.323589 4 0.561104 6.220164 1.892802 3.837440
18842.652845 4 0.561047 6.279454 1.895618 3.836084
18842.982100 4 0.560989 6.339871 1.898446 3.834712
18843.311356 4 0.560930 6.401441 1.901287 3.833324
18843.640612 4 0.560870 6.464191 1.904141 3.831919
18843.969868 4 0.560809 6.528149 1.907008 3.830498
18844.299124 4 0.560747 6.593344 1.909888 3.829060
18844.463752 4 0.560716 6.626401 1.911333 3.828335
18844.628380 4 0.560684 6.659779 1.912781 3.827606
18844.793008 4 0.560652 6.693481 1.914232 3.826873
18844.957636 4 0.560620 6.727510 1.915686 3.826135
18845.122264 4 0.560587 6.761872 1.917144 3.825393
18845.286892 4 0.560555 6.796569 1.918605 3.824647
18845.451520 4 0.560522 6.831606 1.920069 3.823896
18845.616148 4 0.560488 6.866988 1.921536 3.823141
18845.780776 4 0.560454 6.902718 1.923006 3.822382
18845.945404 4 0.560420 6.938800 1.924480 3.821618
18846.110032 4 0.560386 6.975240 1.925957 3.820850
18846.274660 4 0.560352 7.012041 1.927437 3.820078
18846.439288 4 0.560317 7.049208 1.928921 3.819301
18846.603916 4 0.560282 7.086745 1.930408 3.818519
18846.768543 4 0.560246 7.124658 1.931898 3.817733
18846.933171 4 0.560210 7.162951 1.933391 3.816942
18847.097799 4 0.560174 7.201628 1.934888 3.816147
18847.262427 4 0.560138 7.240695 1.936387 3.815347
18847.427055 4 0.560101 7.280156 1.937890 3.814543
18847.591683 4 0.560064 7.320017 1.939397 3.813734
18847.756311 4 0.560027 7.360282 1.940906 3.812920
18847.920939 4 0.559989 7.400958 1.942419 3.812101
18848.085567 4 0.559951 7.442049 1.943935 3.811278
18848.250195 4 0.559912 7.483560 1.945455 3.810450
18848.414823 4 0.559873 7.525498 1.946977 3.809617
18848.579451 4 0.559834 7.567867 1.948503 3.808780
18848.744079 4 0.559795 7.610673 1.950033 3.807937
18848.908707 4 0.559755 7.653923 1.951565 3.807090
18849.073335 4 0.559715 7.697621 1.953101 3.806238
18849.237963 4 0.559674 7.741775 1.954640 3.805380
18849.402591 4 0.559633 7.786389 1.956182 3.804518
18849.567219 4 0.559591 7.831471 1.957728 3.803651
18849.731847 4 0.559550 7.877027 1.959277 3.802779
18849.896475 4 0.559507 7.923062 1.960829 3.801901
18850.061103 4 0.559465 7.969584 1.962385 3.801019
18850.225731 4 0.559422 8.016599 1.963944 3.800131
18850.390359 4 0.559378 8.064114 1.965506 3.799239
18850.554987 4 0.559335 8.112135 1.967071 3.798341
18850.719615 4 0.559290 8.160671 1.968640 3.797438
18850.884242 4 0.559246 8.209727 1.970212 3.796529
18851.048870 4 0.559200 8.259312 1.971788 3.795616
18851.213498 4 0.559155 8.309432 1.973366 3.794696
18851.378126 4 0.559109 8.360096 1.974948 3.793772
18851.542754 4 0.559062 8.411310 1.976534 3.792842
18851.707382 4 0.559015 8.463083 1.978122 3.791907
18851.872010 4 0.558968 8.515423 1.979714 3.790966
18852.036638 4 0.558920 8.568338 1.981310 3.790020
18852.201266 4 0.558872 8.621836 1.982908 3.789068
18852.365894 4 0.558823 8.675926 1.984510 3.788110
18852.530522 4 0.558774 8.730615 1.986116 3.787147
18852.695150 4 0.558724 8.785914 1.987725 3.786178
18852.859778 4 0.558674 8.841831 1.989337 3.785204
18853.024406 4 0.558623 8.898376 1.990952 3.784223
18853.189034 4 0.558571 8.955556 1.992571 3.783237
18853.353662 4 0.558519 9.013383 1.994193 3.782245
18853.518290 4 0.558467 9.071866 1.995818 3.781247
18853.682918 4 0.558414 9.131014 1.997447 3.780243
18853.847546 4 0.558360 9.190838 1.999079 3.779233
18854.012174 4 0.558306 9.251348 2.000714 3.778217
18854.176802 4 0.558252 9.312555 2.002353 3.777194
18854.341430 4 0.558197 9.374469 2.003995 3.776166
18854.506058 4 0.558141 9.437101 2.005641 3.775131
18854.670686 4 0.558084 9.500463 2.007290 3.774091
18854.835314 4 0.558027 9.564566 2.008942 3.773043
18854.999941 4 0.557970 9.629422 2.010598 3.771990
18855.164569 4 0.557911 9.695043 2.012257 3.770930
18855.329197 4 0.557853 9.761440 2.013919 3.769863
18855.493825 4 0.557793 9.828627 2.015585 3.768790
18855.658453 4 0.557733 9.896615 2.017254 3.767711
18855.823081 4 0.557672 9.965419 2.018926 3.766624
18855.987709 4 0.557611 10.035051 2.020602 3.765531
18856.152337 4 0.557549 10.105526 2.022282 3.764432
18856.316965 4 0.557486 10.176856 2.023964 3.763325
18856.481593 4 0.557422 10.249056 2.025650 3.762211
18856.646221 4 0.557358 10.322142 2.027340 3.761091
18856.810849 4 0.557293 10.396127 2.029033 3.759963
18856.975477 4 0.557227 10.471026 2.030729 3.758828
18857.140105 4 0.557161 10.546857 2.032428 3.757686
18857.304733 4 0.557094 10.623633 2.034132 3.756537
18857.469361 4 0.557026 10.701373 2.035838 3.755380
18857.633989 4 0.556957 10.780092 2.037548 3.754216
18857.798617 4 0.556888 10.859807 2.039261 3.753045
18857.963245 4 0.556818 10.940537 2.040978 3.751866
18858.127873 4 0.556746 11.022299 2.042698 3.750679
18858.292501 4 0.556674 11.105112 2.044421 3.749484
18858.457129 4 0.556602 11.188994 2.046148 3.748282
18858.621757 4 0.556528 11.273965 2.047878 3.747072
18858.786385 4 0.556454 11.360045 2.049612 3.745854
18858.951012 4 0.556378 11.447254 2.051349 3.744627
18859.115640 4 0.556302 11.535612 2.053090 3.743393
18859.280268 4 0.556225 11.625142 2.054834 3.742150
18859.444896 4 0.556147 11.715865 2.056581 3.740899
18859.609524 4 0.556068 11.807803 2.058332 3.739639
18859.774152 4 0.555988 11.900981 2.060087 3.738371
18859.938780 4 0.555907 11.995421 2.061844 3.737094
18860.103408 4 0.555825 12.091148 2.063605 3.735808
18860.268036 4 0.555742 12.188187 2.065370 3.734514
18860.432664 4 0.555658 12.286563 2.067138 3.733210
18860.597292 4 0.555573 12.386303 2.068910 3.731897
18860.761920 4 0.555487 12.487435 2.070685 3.730575
18860.926548 4 0.555400 12.589986 2.072463 3.729244
18861.091176 4 0.555312 12.693984 2.074245 3.727903
18861.255804 4 0.555223 12.799459 2.076030 3.726552
18861.420432 4 0.555132 12.906442 2.077819 3.725192
18861.585060 4 0.555041 13.014964 2.079611 3.723822
18861.749688 4 0.554948 13.125057 2.081407 3.722442
18861.914316 4 0.554854 13.236753 2.083206 3.721051
18862.078944 4 0.554759 13.350088 2.085009 3.719651
18862.243572 4 0.554662 13.465095 2.086815 3.718240
18862.408200 4 0.554565 13.581812 2.088624 3.716818
18862.572828 4 0.554466 13.700275 2.090437 3.715385
18862.737456 4 0.554366 13.820522 2.092254 3.713942
18862.902084 4 0.554264 13.942594 2.094074 3.712487
18863.066711 4 0.554161 14.066530 2.095897 3.711021
18863.231339 4 0.554057 14.192374 2.097724 3.709544
18863.395967 4 0.553951 14.320168 2.099554 3.708055
18863.560595 4 0.553844 14.449957 2.101388 3.706554
18863.725223 4 0.553736 14.581788 2.103226 3.705042
18863.889851 4 0.553626 14.715708 2.105066 3.703517
18864.054479 4 0.553514 14.851766 2.106911 3.701979
18864.213251 4 0.553405 14.985056 2.108693 3.700485
18864.352175 4 0.553309 15.103388 2.110255 3.699167
18864.473735 4 0.553223 15.208260 2.111623 3.698007
18864.580099 4 0.553148 15.301060 2.112823 3.696985
18864.680099 4 0.553081 15.383067 2.113873 3.696087
18864.842970 4 0.552963 15.528448 2.115714 3.694505
18864.965122 4 0.552874 15.639051 2.117097 3.693310
18865.065122 4 0.552806 15.722902 2.118136 3.692408
18865.202544 4 0.552703 15.850164 2.119696 3.691048
