t Ka M R logL logTeff
1.748499 1 4.000072 2.334681 2.374755 4.170716
3.497011 1 4.000060 2.346631 2.376548 4.170055
5.245536 1 4.000048 2.358650 2.378377 4.169403
6.994074 1 4.000035 2.370742 2.380240 4.168759
8.742626 1 4.000023 2.382910 2.382139 4.168121
10.491190 1 4.000010 2.395159 2.384073 4.167492
12.239768 1 3.999998 2.407494 2.386041 4.166868
13.988360 1 3.999985 2.419919 2.388045 4.166251
15.736966 1 3.999972 2.432437 2.390084 4.165641
17.485585 1 3.999959 2.445055 2.392158 4.165036
19.234218 1 3.999946 2.457777 2.394267 4.164436
20.982865 1 3.999933 2.470606 2.396412 4.163842
22.731526 1 3.999919 2.483549 2.398591 4.163252
24.480201 1 3.999906 2.496611 2.400805 4.162667
26.228891 1 3.999892 2.509795 2.403055 4.162085
27.977596 1 3.999879 2.523108 2.405339 4.161508
29.726315 1 3.999865 2.536554 2.407659 4.160933
31.475049 1 3.999851 2.550140 2.410014 4.160362
33.223798 1 3.999836 2.563870 2.412404 4.159793
34.972563 1 3.999822 2.577750 2.414828 4.159227
36.721342 1 3.999808 2.591785 2.417288 4.158663
38.470138 1 3.999793 2.605982 2.419783 4.158101
40.218949 1 3.999778 2.620346 2.422314 4.157540
41.967775 1 3.999763 2.634884 2.424879 4.156979
43.716618 1 3.999748 2.649601 2.427479 4.156420
45.465477 1 3.999733 2.664504 2.430114 4.155861
47.214353 1 3.999717 2.679599 2.432784 4.155302
48.963245 1 3.999701 2.694893 2.435490 4.154742
50.712154 1 3.999685 2.710392 2.438230 4.154182
52.461080 1 3.999669 2.726103 2.441006 4.153621
54.210024 1 3.999653 2.742034 2.443816 4.153058
55.958985 1 3.999636 2.758191 2.446662 4.152494
57.707963 1 3.999620 2.774581 2.449542 4.151927
59.456960 1 3.999603 2.791214 2.452458 4.151359
61.205975 1 3.999586 2.808095 2.455409 4.150787
62.955008 1 3.999568 2.825233 2.458395 4.150212
64.704060 1 3.999550 2.842637 2.461415 4.149634
66.453131 1 3.999532 2.860314 2.464471 4.149051
68.202221 1 3.999514 2.878275 2.467562 4.148465
69.951330 1 3.999496 2.896527 2.470688 4.147874
71.700460 1 3.999477 2.915080 2.473849 4.147277
73.449609 1 3.999458 2.933944 2.477045 4.146676
75.198779 1 3.999439 2.953129 2.480275 4.146068
76.947970 1 3.999419 2.972646 2.483541 4.145454
78.697181 1 3.999399 2.992507 2.486842 4.144834
80.446414 1 3.999379 3.012721 2.490178 4.144206
82.195668 1 3.999359 3.033303 2.493549 4.143570
83.944945 1 3.999338 3.054265 2.496955 4.142926
85.694244 1 3.999317 3.075621 2.500396 4.142273
87.443565 1 3.999295 3.097385 2.503872 4.141611
89.192910 1 3.999273 3.119573 2.507383 4.140939
90.942277 1 3.999251 3.142201 2.510928 4.140256
92.691669 1 3.999229 3.165288 2.514509 4.139561
94.441085 1 3.999206 3.188851 2.518125 4.138855
96.190525 1 3.999182 3.212912 2.521776 4.138135
97.939991 1 3.999159 3.237493 2.525462 4.137402
99.689482 1 3.999135 3.262616 2.529182 4.136653
101.438998 1 3.999110 3.288309 2.532938 4.135889
103.188542 1 3.999085 3.314598 2.536728 4.135107
104.938111 1 3.999060 3.341515 2.540554 4.134307
106.687708 1 3.999034 3.369093 2.544414 4.133488
108.437333 1 3.999007 3.397367 2.548310 4.132647
110.186986 1 3.998981 3.426378 2.552240 4.131783
111.936668 1 3.998953 3.456168 2.556205 4.130894
113.686379 1 3.998926 3.486786 2.560205 4.129979
115.436120 1 3.998897 3.518284 2.564240 4.129035
117.185891 1 3.998869 3.550720 2.568310 4.128060
118.935693 1 3.998839 3.584157 2.572415 4.127051
120.685526 1 3.998809 3.618665 2.576555 4.126005
122.435392 1 3.998779 3.654321 2.580730 4.124920
123.310341 1 3.998763 3.672606 2.582830 4.124361
124.185298 1 3.998748 3.691211 2.584939 4.123791
125.060264 1 3.998732 3.710148 2.587057 4.123209
125.935238 1 3.998716 3.729429 2.589183 4.122615
126.810221 1 3.998700 3.749069 2.591318 4.122008
127.685212 1 3.998684 3.769080 2.593462 4.121388
128.560212 1 3.998667 3.789478 2.595615 4.120755
129.435221 1 3.998651 3.810279 2.597776 4.120106
130.310239 1 3.998634 3.831499 2.599946 4.119443
131.185266 1 3.998617 3.853155 2.602125 4.118764
132.060302 1 3.998600 3.875265 2.604313 4.118068
132.935347 1 3.998583 3.897849 2.606509 4.117355
133.810401 1 3.998566 3.920926 2.608714 4.116625
134.685464 1 3.998548 3.944519 2.610928 4.115875
135.560537 1 3.998530 3.968649 2.613150 4.115107
136.435620 1 3.998513 3.993341 2.615381 4.114318
137.310711 1 3.998495 4.018619 2.617621 4.113507
138.185813 1 3.998476 4.044510 2.619869 4.112675
139.060924 1 3.998458 4.071042 2.622126 4.111819
139.936046 1 3.998439 4.098243 2.624392 4.110940
140.811177 1 3.998421 4.126145 2.626667 4.110035
141.686318 1 3.998402 4.154781 2.628950 4.109104
142.561469 1 3.998383 4.184185 2.631242 4.108146
143.436631 1 3.998364 4.214394 2.633543 4.107159
144.311803 1 3.998344 4.245447 2.635852 4.106142
145.186985 1 3.998325 4.277383 2.638170 4.105094
146.062178 1 3.998305 4.310247 2.640497 4.104014
146.937381 1 3.998285 4.344085 2.642832 4.102899
147.812595 1 3.998265 4.378944 2.645176 4.101750
148.687820 1 3.998244 4.414875 2.647529 4.100564
149.563056 1 3.998224 4.451934 2.649891 4.099339
150.438303 1 3.998203 4.490176 2.652261 4.098074
151.313561 1 3.998182 4.529665 2.654640 4.096768
152.188830 1 3.998123 4.570440 2.657012 4.095415
153.064131 1 3.998064 4.612593 2.659392 4.094016
153.939463 1 3.998003 4.656196 2.661781 4.092570
154.814829 1 3.997942 4.701327 2.664178 4.091075
155.690227 1 3.997880 4.748066 2.666584 4.089528
156.127942 1 3.997848 4.772066 2.667790 4.088735
156.565667 1 3.997816 4.796502 2.668997 4.087928
157.003400 1 3.997784 4.821384 2.670207 4.087107
157.441141 1 3.997752 4.846726 2.671420 4.086271
157.878891 1 3.997719 4.872540 2.672634 4.085421
158.316650 1 3.997686 4.898838 2.673850 4.084557
158.754418 1 3.997653 4.925634 2.675068 4.083677
159.192194 1 3.997620 4.952942 2.676289 4.082781
159.629980 1 3.997586 4.980776 2.677511 4.081870
160.067774 1 3.997552 5.009150 2.678736 4.080942
160.505578 1 3.997518 5.038080 2.679962 4.079999
160.943391 1 3.997483 5.067582 2.681191 4.079038
161.381213 1 3.997449 5.097670 2.682422 4.078060
161.819045 1 3.997414 5.128363 2.683655 4.077065
162.256885 1 3.997378 5.159677 2.684890 4.076052
162.694736 1 3.997343 5.191631 2.686127 4.075020
163.132596 1 3.997307 5.224242 2.687366 4.073970
163.570465 1 3.997270 5.257529 2.688607 4.072901
164.008344 1 3.997234 5.291513 2.689850 4.071813
164.446234 1 3.997197 5.326213 2.691095 4.070705
164.884133 1 3.997160 5.361651 2.692342 4.069577
165.322042 1 3.997122 5.397848 2.693592 4.068428
165.759961 1 3.997084 5.434828 2.694843 4.067258
166.197890 1 3.997046 5.472612 2.696096 4.066067
166.635830 1 3.997007 5.511226 2.697352 4.064854
167.073780 1 3.996968 5.550694 2.698609 4.063619
167.511740 1 3.996929 5.591043 2.699869 4.062361
167.949711 1 3.996889 5.632298 2.701130 4.061080
168.387693 1 3.996849 5.674488 2.702394 4.059776
168.825685 1 3.996809 5.717642 2.703659 4.058447
169.263688 1 3.996768 5.761790 2.704927 4.057094
169.701703 1 3.996727 5.806962 2.706196 4.055715
170.139728 1 3.996685 5.853190 2.707468 4.054311
170.577765 1 3.996643 5.900508 2.708742 4.052881
171.015813 1 3.996600 5.948950 2.710017 4.051425
171.453872 1 3.996557 5.998552 2.711295 4.049941
171.891943 1 3.996514 6.049351 2.712574 4.048430
172.330025 1 3.996470 6.101387 2.713856 4.046890
174.082403 1 3.996292 6.148703 2.744798 4.052948
174.191938 1 3.996280 6.090411 2.751973 4.056810
174.291938 1 3.996275 6.059606 2.755365 4.058760
174.391938 1 3.996270 6.027645 2.758685 4.060738
174.491938 1 3.996265 5.994895 2.761921 4.062730
174.591938 1 3.996260 5.961684 2.765063 4.064722
174.691938 1 3.996256 5.928300 2.768104 4.066701
174.791938 1 3.996252 5.894992 2.771038 4.068659
174.891938 1 3.996248 5.861976 2.773863 4.070584
174.991938 1 3.996245 5.829434 2.776575 4.072471
175.091938 1 3.996241 5.797514 2.779175 4.074313
175.191938 1 3.996238 5.766342 2.781662 4.076106
175.291938 1 3.996235 5.736015 2.784038 4.077845
175.391938 1 3.996233 5.706611 2.786304 4.079527
175.491938 1 3.996230 5.678187 2.788462 4.081151
175.591938 1 3.996225 5.622651 2.792596 4.084319
175.691938 1 3.996221 5.571657 2.796308 4.087225
175.791938 1 3.996217 5.525204 2.799629 4.089874
175.891938 1 3.996214 5.483157 2.802590 4.092273
175.991938 1 3.996211 5.445298 2.805223 4.094436
176.091938 1 3.996208 5.411359 2.807560 4.096377
176.191938 1 3.996206 5.381042 2.809629 4.098115
176.291938 1 3.996205 5.354044 2.811460 4.099665
176.391938 1 3.996204 5.305744 2.814705 4.102444
176.491938 1 3.996202 5.268647 2.817175 4.104585
176.591938 1 3.996202 5.240338 2.819048 4.106223
176.691938 1 3.996200 5.197100 2.821889 4.108732
176.791938 2 3.996199 5.152942 2.824769 4.111305
176.891938 2 3.996198 5.200901 2.823524 4.108982
176.991938 2 3.996198 5.244854 2.822393 4.106872
177.091938 2 3.996198 5.289179 2.821262 4.104762
177.191938 2 3.996198 5.333878 2.820131 4.102652
177.291938 2 3.996197 5.378955 2.818999 4.100541
177.391938 2 3.996197 5.424414 2.817868 4.098431
177.491938 2 3.996197 5.470256 2.816737 4.096321
177.591938 2 3.996196 5.516485 2.815606 4.094211
177.691938 2 3.996195 5.563105 2.814474 4.092101
177.791938 2 3.996195 5.610119 2.813343 4.089990
177.891938 2 3.996194 5.657530 2.812212 4.087880
177.991938 2 3.996193 5.705342 2.811080 4.085770
178.091938 2 3.996192 5.753558 2.809949 4.083660
178.191938 2 3.996191 5.802181 2.808818 4.081549
178.291938 2 3.996191 5.851216 2.807686 4.079439
178.391938 2 3.996190 5.900664 2.806555 4.077329
178.491938 2 3.996189 5.950531 2.805424 4.075219
178.591938 2 3.996188 6.000818 2.804292 4.073108
178.691938 2 3.996187 6.051531 2.803161 4.070998
178.791938 2 3.996186 6.102672 2.802030 4.068888
178.891938 2 3.996186 6.154246 2.800898 4.066778
178.991938 2 3.996185 6.206255 2.799767 4.064667
179.091938 2 3.996184 6.258704 2.798636 4.062557
179.191938 2 3.996183 6.311596 2.797504 4.060447
179.291938 2 3.996182 6.364935 2.796373 4.058337
179.391938 2 3.996181 6.418725 2.795241 4.056227
179.491938 2 3.996181 6.472969 2.794110 4.054116
179.591938 2 3.996180 6.527672 2.792979 4.052006
179.691938 2 3.996179 6.582837 2.791847 4.049896
179.791938 2 3.996178 6.638468 2.790716 4.047786
179.891938 2 3.996177 6.694569 2.789585 4.045675
179.991938 2 3.996176 6.751144 2.788453 4.043565
180.091938 2 3.996175 6.808197 2.787322 4.041455
180.191938 2 3.996174 6.865733 2.786190 4.039345
180.291938 2 3.996173 6.923755 2.785059 4.037234
180.391938 2 3.996172 6.982267 2.783928 4.035124
180.491938 2 3.996172 7.041273 2.782796 4.033014
180.591938 2 3.996171 7.100778 2.781665 4.030904
180.691938 2 3.996170 7.160786 2.780533 4.028794
180.791938 2 3.996169 7.221301 2.779402 4.026683
180.891938 2 3.996168 7.282327 2.778271 4.024573
180.991938 2 3.996167 7.343869 2.777139 4.022463
181.091938 2 3.996166 7.405931 2.776008 4.020353
181.191938 2 3.996165 7.468517 2.774876 4.018242
181.291938 2 3.996164 7.531633 2.773745 4.016132
181.391938 2 3.996163 7.595281 2.772613 4.014022
181.491938 2 3.996162 7.659468 2.771482 4.011912
181.591938 2 3.996161 7.724197 2.770351 4.009802
181.691938 2 3.996160 7.789473 2.769219 4.007691
181.791938 2 3.996159 7.855300 2.768088 4.005581
181.891938 2 3.996158 7.921684 2.766956 4.003471
181.991938 2 3.996157 7.988628 2.765825 4.001361
182.091938 2 3.996156 8.056139 2.764693 3.999250
182.191938 2 3.996155 8.124219 2.763562 3.997140
182.291938 2 3.996154 8.192876 2.762431 3.995030
182.391938 2 3.996153 8.262112 2.761299 3.992920
182.491938 2 3.996152 8.331933 2.760168 3.990810
182.591938 2 3.996151 8.402344 2.759036 3.988699
182.691938 2 3.996150 8.473351 2.757905 3.986589
182.791938 2 3.996149 8.544957 2.756773 3.984479
182.891938 2 3.996148 8.617168 2.755642 3.982369
182.991938 2 3.996147 8.689990 2.754510 3.980259
183.091938 2 3.996146 8.763427 2.753379 3.978148
183.191938 2 3.996144 8.837484 2.752247 3.976038
183.291938 2 3.996143 8.912167 2.751116 3.973928
183.391938 2 3.996142 8.987482 2.749984 3.971818
183.491938 2 3.996141 9.063432 2.748853 3.969707
183.591938 2 3.996140 9.140025 2.747722 3.967597
183.691938 2 3.996139 9.217264 2.746590 3.965487
183.791938 2 3.996138 9.295157 2.745459 3.963377
183.891938 2 3.996137 9.373707 2.744327 3.961267
183.991938 2 3.996136 9.452921 2.743196 3.959156
184.091938 2 3.996134 9.532805 2.742064 3.957046
184.191938 2 3.996133 9.613363 2.740933 3.954936
184.291938 2 3.996132 9.694603 2.739801 3.952826
184.391938 2 3.996131 9.776529 2.738670 3.950716
184.491938 2 3.996130 9.859147 2.737538 3.948605
184.591938 2 3.996129 9.942463 2.736407 3.946495
184.691938 2 3.996128 10.026483 2.735275 3.944385
184.791938 2 3.996126 10.111213 2.734144 3.942275
184.891938 2 3.996125 10.196659 2.733012 3.940165
184.991938 2 3.996124 10.282827 2.731880 3.938054
185.091938 2 3.996123 10.369723 2.730749 3.935944
185.191938 2 3.996122 10.457353 2.729617 3.933834
185.291938 2 3.996120 10.545724 2.728486 3.931724
185.391938 2 3.996119 10.634842 2.727354 3.929614
185.491938 2 3.996118 10.724712 2.726223 3.927503
185.591938 2 3.996117 10.815342 2.725091 3.925393
185.691938 2 3.996115 10.906738 2.723960 3.923283
185.791938 2 3.996114 10.998906 2.722828 3.921173
185.891938 2 3.996113 11.091853 2.721697 3.919063
185.991938 2 3.996112 11.185585 2.720565 3.916952
186.091938 2 3.996110 11.280109 2.719434 3.914842
186.191938 2 3.996109 11.375432 2.718302 3.912732
186.291938 2 3.996108 11.471560 2.717170 3.910622
186.391938 2 3.996106 11.568500 2.716039 3.908512
186.491938 2 3.996105 11.666260 2.714907 3.906402
186.591938 2 3.996104 11.764845 2.713776 3.904291
186.691938 2 3.996102 11.864264 2.712644 3.902181
186.791938 2 3.996101 11.964523 2.711513 3.900071
186.891938 2 3.996100 12.065628 2.710381 3.897961
186.991938 2 3.996098 12.167588 2.709249 3.895851
187.091938 2 3.996097 12.270410 2.708118 3.893740
187.191938 2 3.996096 12.374100 2.706986 3.891630
187.291938 2 3.996094 12.478667 2.705855 3.889520
187.391938 2 3.996093 12.584117 2.704723 3.887410
187.491938 2 3.996092 12.690457 2.703591 3.885300
187.591938 2 3.996090 12.797697 2.702460 3.883190
187.691938 2 3.996089 12.905842 2.701328 3.881079
187.791938 2 3.996087 13.014902 2.700196 3.878969
187.891938 2 3.996086 13.124883 2.699065 3.876859
187.991938 2 3.996085 13.235793 2.697933 3.874749
188.091938 2 3.996083 13.347640 2.696802 3.872639
188.191938 2 3.996082 13.460432 2.695670 3.870529
188.291938 2 3.996080 13.574177 2.694538 3.868418
188.391938 2 3.996079 13.688883 2.693407 3.866308
188.491938 2 3.996077 13.804559 2.692275 3.864198
188.591938 2 3.996076 13.921211 2.691143 3.862088
188.691938 2 3.996074 14.038850 2.690012 3.859978
188.791938 2 3.996073 14.157482 2.688880 3.857868
188.891938 2 3.996071 14.277117 2.687748 3.855757
188.991938 2 3.996070 14.397762 2.686617 3.853647
189.091938 2 3.996068 14.519427 2.685485 3.851537
189.191938 2 3.996067 14.642120 2.684353 3.849427
189.291938 2 3.996065 14.765849 2.683222 3.847317
189.391938 2 3.996064 14.890624 2.682090 3.845207
189.491938 2 3.996062 15.016453 2.680958 3.843096
189.591938 2 3.996061 15.143345 2.679827 3.840986
189.691938 2 3.996059 15.271309 2.678695 3.838876
189.791938 2 3.996057 15.400355 2.677563 3.836766
189.891938 2 3.996056 15.530490 2.676432 3.834656
189.991938 2 3.996054 15.661725 2.675300 3.832546
190.091938 2 3.996053 15.794069 2.674168 3.830436
190.191938 2 3.996051 15.927531 2.673036 3.828325
190.291938 2 3.996049 16.062121 2.671905 3.826215
190.391938 2 3.996048 16.197848 2.670773 3.824105
190.491938 2 3.996046 16.334722 2.669641 3.821995
190.591938 2 3.996044 16.472752 2.668510 3.819885
190.691938 2 3.996043 16.611948 2.667378 3.817775
190.791938 2 3.996041 16.752320 2.666246 3.815665
190.891938 2 3.996039 16.893878 2.665114 3.813554
190.991938 2 3.996038 17.036632 2.663983 3.811444
191.091938 2 3.996036 17.180592 2.662851 3.809334
191.191938 2 3.996034 17.325769 2.661719 3.807224
191.291938 2 3.996033 17.472172 2.660587 3.805114
191.391938 2 3.996031 17.619812 2.659455 3.803004
191.491938 2 3.996029 17.768699 2.658324 3.800894
191.591938 2 3.996027 17.918844 2.657192 3.798784
191.691938 2 3.996026 18.070258 2.656060 3.796673
191.791938 2 3.996024 18.222950 2.654928 3.794563
191.891938 2 3.996022 18.376933 2.653797 3.792453
191.991938 2 3.996020 18.532217 2.652665 3.790343
192.091938 2 3.996018 18.688813 2.651533 3.788233
192.191938 2 3.996017 18.846731 2.650401 3.786123
192.291938 2 3.996015 19.005984 2.649269 3.784013
192.391938 2 3.996013 19.166582 2.648138 3.781903
192.491938 2 3.996011 19.328537 2.647006 3.779792
192.591938 2 3.996009 19.491861 2.645874 3.777682
192.691938 2 3.996007 19.656564 2.644742 3.775572
192.791938 2 3.996005 19.822658 2.643610 3.773462
192.891938 2 3.996004 19.990156 2.642478 3.771352
192.991938 2 3.996002 20.159069 2.641347 3.769242
193.091938 2 3.996000 20.329408 2.640215 3.767132
193.191938 2 3.995998 20.501187 2.639083 3.765022
193.291938 2 3.995996 20.674417 2.637951 3.762912
193.391938 2 3.995994 20.849111 2.636819 3.760802
193.491938 2 3.995992 21.025280 2.635687 3.758691
193.591938 2 3.995990 21.202938 2.634555 3.756581
193.691938 2 3.995988 21.382096 2.633423 3.754471
193.791938 2 3.995986 21.562768 2.632292 3.752361
193.891938 2 3.995984 21.744966 2.631160 3.750251
193.991938 2 3.995982 21.928704 2.630028 3.748141
194.091938 2 3.995980 22.113993 2.628896 3.746031
194.191938 2 3.995978 22.300848 2.627764 3.743921
194.291938 2 3.995976 22.489282 2.626632 3.741811
194.391938 2 3.995974 22.679307 2.625500 3.739701
194.491938 2 3.995972 22.870938 2.624368 3.737591
194.591938 2 3.995970 23.064187 2.623236 3.735481
194.691938 2 3.995967 23.259069 2.622104 3.733370
194.791938 2 3.995965 23.455597 2.620972 3.731260
194.891938 2 3.995963 23.653786 2.619840 3.729150
194.991938 2 3.995961 23.853649 2.618708 3.727040
195.091938 2 3.995959 24.055200 2.617576 3.724930
195.191938 2 3.995957 24.258453 2.616444 3.722820
195.291938 2 3.995955 24.463424 2.615313 3.720710
195.391938 2 3.995952 24.670126 2.614181 3.718600
195.491938 2 3.995950 24.878575 2.613049 3.716490
195.591938 2 3.995948 25.088784 2.611917 3.714380
195.691938 2 3.995946 25.300769 2.610785 3.712270
195.791938 2 3.995943 25.514544 2.609653 3.710160
195.891938 2 3.995941 25.730126 2.608521 3.708050
195.991938 2 3.995939 25.947528 2.607389 3.705940
196.091938 2 3.995937 26.166767 2.606257 3.703830
196.191938 2 3.995934 26.387858 2.605124 3.701720
196.291938 2 3.995932 26.610817 2.603992 3.699610
196.391938 2 3.995930 26.835659 2.602860 3.697500
196.491938 2 3.995927 27.062400 2.601728 3.695390
196.591938 2 3.995925 27.291056 2.600596 3.693279
196.691938 2 3.995923 27.509976 2.599521 3.691276
196.791938 3 3.995921 27.730651 2.598446 3.689272
196.891938 3 3.995918 27.852755 2.601313 3.689035
196.991938 3 3.995913 28.086682 2.606769 3.688583
197.091938 3 3.995908 28.322672 2.612225 3.688130
197.191938 3 3.995903 28.560743 2.617681 3.687676
197.291938 3 3.995897 28.800913 2.623137 3.687222
197.391938 3 3.995892 29.043202 2.628593 3.686767
197.491938 3 3.995887 29.287628 2.634049 3.686311
197.591938 3 3.995881 29.534212 2.639505 3.685854
197.691938 3 3.995876 29.782972 2.644961 3.685397
197.791938 3 3.995870 30.033929 2.650417 3.684939
197.891938 3 3.995865 30.287102 2.655873 3.684480
197.991938 3 3.995859 30.542512 2.661329 3.684021
198.091938 3 3.995853 30.800178 2.666785 3.683560
198.191938 3 3.995848 31.060121 2.672241 3.683099
198.291938 3 3.995842 31.322362 2.677697 3.682638
198.391938 3 3.995836 31.586922 2.683153 3.682175
198.491938 3 3.995830 31.853822 2.688609 3.681712
198.591938 3 3.995824 32.123082 2.694065 3.681248
198.691938 3 3.995818 32.394725 2.699521 3.680784
198.791938 3 3.995812 32.668772 2.704977 3.680319
198.891938 3 3.995806 32.945245 2.710433 3.679853
198.991938 3 3.995799 33.224165 2.715889 3.679386
199.091938 3 3.995793 33.505556 2.721345 3.678919
199.191938 3 3.995787 33.789439 2.726801 3.678450
199.291938 3 3.995780 34.075837 2.732257 3.677982
199.391938 3 3.995773 34.364773 2.737713 3.677512
199.491938 3 3.995767 34.656270 2.743169 3.677042
199.591938 3 3.995760 34.950351 2.748625 3.676571
199.691938 3 3.995753 35.247040 2.754081 3.676100
199.791938 3 3.995746 35.546361 2.759537 3.675627
199.891938 3 3.995739 35.848336 2.764993 3.675154
199.991938 3 3.995732 36.152992 2.770450 3.674681
200.091938 3 3.995725 36.460351 2.775906 3.674207
200.191938 3 3.995718 36.770439 2.781362 3.673732
200.291938 3 3.995711 37.083279 2.786818 3.673256
200.391938 3 3.995704 37.398898 2.792274 3.672780
200.491938 3 3.995696 37.717321 2.797730 3.672303
200.591938 3 3.995689 38.038573 2.803186 3.671825
200.691938 3 3.995681 38.362679 2.808642 3.671346
200.791938 3 3.995673 38.689666 2.814098 3.670867
200.891938 3 3.995666 39.019560 2.819554 3.670388
200.991938 3 3.995658 39.352388 2.825010 3.669907
201.091938 3 3.995650 39.688175 2.830466 3.669426
201.191938 3 3.995642 40.026950 2.835922 3.668945
201.291938 3 3.995634 40.368739 2.841378 3.668462
201.391938 3 3.995626 40.713569 2.846834 3.667979
201.491938 3 3.995617 41.061469 2.852290 3.667496
201.591938 3 3.995609 41.412466 2.857746 3.667011
201.691938 3 3.995601 41.766589 2.863202 3.666526
201.791938 3 3.995592 42.123866 2.868658 3.666041
201.891938 3 3.995583 42.484325 2.874114 3.665555
201.991938 3 3.995575 42.847996 2.879570 3.665068
202.091938 3 3.995566 43.214908 2.885026 3.664580
202.191938 3 3.995557 43.585090 2.890482 3.664092
202.291938 3 3.995548 43.958573 2.895938 3.663603
202.391938 3 3.995539 44.335386 2.901394 3.663114
202.491938 3 3.995530 44.715560 2.906850 3.662624
202.591938 3 3.995520 45.099125 2.912306 3.662133
202.691938 3 3.995511 45.486113 2.917762 3.661642
202.791938 3 3.995501 45.876553 2.923218 3.661150
202.891938 3 3.995492 46.270479 2.928674 3.660657
202.991938 3 3.995482 46.667922 2.934130 3.660164
203.091938 3 3.995472 47.068913 2.939586 3.659670
203.191938 3 3.995462 47.473486 2.945042 3.659175
203.291938 3 3.995452 47.881672 2.950498 3.658680
203.391938 3 3.995442 48.293505 2.955954 3.658185
203.491938 3 3.995431 48.709019 2.961410 3.657688
203.591938 3 3.995421 49.128246 2.966866 3.657191
203.691938 3 3.995410 49.551220 2.972322 3.656694
203.791938 3 3.995400 49.977977 2.977778 3.656196
203.891938 3 3.995389 50.408549 2.983234 3.655697
203.991938 3 3.995378 50.842973 2.988690 3.655198
204.091938 3 3.995367 51.281283 2.994146 3.654698
204.191938 3 3.995356 51.723515 2.999602 3.654197
204.291938 3 3.995344 52.169704 3.005058 3.653696
204.391938 3 3.995333 52.619887 3.010514 3.653194
204.491938 3 3.995322 53.074100 3.015970 3.652692
204.591938 3 3.995310 53.532381 3.021426 3.652189
204.691938 3 3.995298 53.994765 3.026882 3.651685
204.791938 3 3.995286 54.461291 3.032338 3.651181
204.891938 3 3.995274 54.931997 3.037794 3.650676
204.991938 3 3.995262 55.406920 3.043250 3.650171
205.091938 3 3.995250 55.886099 3.048706 3.649665
205.191938 3 3.995237 56.369574 3.054162 3.649159
205.291938 3 3.995225 56.857383 3.059618 3.648652
205.391938 3 3.995212 57.349566 3.065074 3.648144
205.491938 3 3.995199 57.846163 3.070530 3.647636
205.591938 3 3.995186 58.347215 3.075986 3.647127
205.691938 3 3.995173 58.852761 3.081442 3.646618
205.791938 3 3.995159 59.362844 3.086898 3.646108
205.891938 3 3.995146 59.877505 3.092354 3.645597
205.991938 3 3.995132 60.396785 3.097810 3.645086
206.091938 3 3.995118 60.920726 3.103266 3.644575
206.191938 3 3.995105 61.449373 3.108722 3.644062
206.291938 3 3.995090 61.982767 3.114178 3.643550
206.391938 3 3.995076 62.520951 3.119634 3.643036
206.491938 3 3.995062 63.063971 3.125090 3.642522
206.591938 3 3.995047 63.611870 3.130546 3.642008
206.691938 3 3.995032 64.164692 3.136002 3.641493
206.791938 3 3.995018 64.722483 3.141458 3.640977
206.891938 3 3.995003 65.285288 3.146914 3.640461
206.991938 3 3.994987 65.853154 3.152370 3.639945
207.091938 3 3.994972 66.426126 3.157826 3.639428
207.191938 3 3.994956 67.004251 3.163282 3.638910
207.291938 3 3.994941 67.587577 3.168738 3.638392
207.391938 3 3.994925 68.176151 3.174194 3.637873
207.491938 4 3.994910 68.706816 3.179072 3.637409
207.591938 4 3.994894 68.653492 3.178582 3.637455
207.691938 4 3.994885 68.625748 3.178327 3.637479
207.791938 4 3.994684 67.983075 3.172395 3.638039
207.891938 4 3.994488 67.352160 3.166515 3.638593
207.991938 4 3.994296 66.732759 3.160686 3.639143
208.091938 4 3.994109 66.124634 3.154909 3.639686
208.191938 4 3.993926 65.527553 3.149184 3.640225
208.291938 4 3.993746 64.941289 3.143510 3.640758
208.391938 4 3.993571 64.365621 3.137886 3.641285
208.491938 4 3.993399 63.800333 3.132314 3.641808
208.591938 4 3.993231 63.245215 3.126792 3.642325
208.691938 4 3.993067 62.700061 3.121320 3.642837
208.791938 4 3.992906 62.164670 3.115898 3.643343
208.891938 4 3.992749 61.638847 3.110526 3.643845
208.991938 4 3.992594 61.122401 3.105203 3.644341
209.091938 4 3.992443 60.615145 3.099930 3.644832
209.191938 4 3.992295 60.116896 3.094706 3.645319
209.291938 4 3.992150 59.627477 3.089531 3.645800
209.391938 4 3.992008 59.146714 3.084404 3.646276
209.491938 4 3.991868 58.674437 3.079326 3.646748
209.591938 4 3.991731 58.210481 3.074296 3.647214
209.691938 4 3.991597 57.754684 3.069313 3.647675
209.791938 4 3.991466 57.306887 3.064379 3.648132
209.891938 4 3.991337 56.866936 3.059492 3.648584
209.991938 4 3.991210 56.434681 3.054653 3.649031
210.091938 4 3.991086 56.009973 3.049860 3.649473
210.191938 4 3.990964 55.592670 3.045114 3.649910
210.291938 4 3.990844 55.182629 3.040415 3.650343
210.391938 4 3.990726 54.779714 3.035762 3.650771
210.491938 4 3.990611 54.383790 3.031155 3.651195
210.591938 4 3.990497 53.994726 3.026594 3.651613
210.691938 4 3.990386 53.612394 3.022079 3.652028
210.791938 4 3.990276 53.236668 3.017609 3.652437
210.891938 4 3.990169 52.867425 3.013185 3.652843
210.991938 4 3.990063 52.504545 3.008805 3.653243
211.091938 4 3.989959 52.147911 3.004470 3.653640
211.191938 4 3.989856 51.797409 3.000179 3.654031
211.291938 4 3.989756 51.452927 2.995933 3.654419
211.391938 4 3.989657 51.114354 2.991731 3.654802
211.491938 4 3.989559 50.781583 2.987573 3.655181
211.591938 4 3.989463 50.454511 2.983458 3.655555
211.691938 4 3.989369 50.133034 2.979387 3.655925
211.791938 4 3.989276 49.817051 2.975358 3.656291
211.891938 4 3.989185 49.506465 2.971373 3.656653
211.991938 4 3.989095 49.201180 2.967430 3.657010
212.091938 4 3.989006 48.901102 2.963530 3.657364
212.191938 4 3.988918 48.606138 2.959672 3.657713
212.291938 4 3.988832 48.316200 2.955856 3.658058
212.391938 4 3.988748 48.031198 2.952082 3.658399
212.491938 4 3.988664 47.751048 2.948349 3.658736
212.591938 4 3.988582 47.475663 2.944657 3.659069
212.691938 4 3.988500 47.204963 2.941007 3.659398
212.791938 4 3.988420 46.938866 2.937397 3.659724
212.891938 4 3.988341 46.677293 2.933828 3.660045
212.991938 4 3.988263 46.420167 2.930300 3.660362
213.091938 4 3.988187 46.167412 2.926811 3.660676
213.191938 4 3.988111 45.918953 2.923363 3.660985
213.291938 4 3.988036 45.674719 2.919954 3.661291
213.391938 4 3.987962 45.434637 2.916584 3.661593
213.491938 4 3.987889 45.198639 2.913254 3.661891
213.591938 4 3.987817 44.966655 2.909963 3.662186
213.691938 4 3.987746 44.738620 2.906710 3.662477
213.791938 4 3.987606 44.294136 2.900320 3.663048
213.891938 4 3.987469 43.864675 2.894083 3.663604
213.991938 4 3.987336 43.449748 2.887996 3.664146
214.091938 4 3.987205 43.048888 2.882058 3.664674
214.191938 4 3.987077 42.661643 2.876267 3.665188
214.291938 4 3.986953 42.287581 2.870620 3.665689
214.391938 4 3.986831 41.926287 2.865117 3.666177
214.491938 4 3.986711 41.577359 2.859755 3.666651
214.591938 4 3.986594 41.240414 2.854532 3.667112
214.691938 4 3.986479 40.915080 2.849447 3.667561
214.791938 4 3.986367 40.601002 2.844497 3.667997
214.891938 4 3.986257 40.297836 2.839682 3.668420
214.991938 4 3.986148 40.005252 2.834999 3.668832
215.091938 4 3.986042 39.722931 2.830446 3.669231
215.191938 4 3.985937 39.450566 2.826021 3.669619
215.291938 4 3.985835 39.187860 2.821723 3.669996
215.391938 4 3.985733 38.934528 2.817550 3.670361
215.491938 4 3.985634 38.690294 2.813499 3.670714
215.591938 4 3.985536 38.454892 2.809570 3.671057
215.691938 4 3.985440 38.228064 2.805760 3.671389
215.791938 4 3.985344 38.009562 2.802067 3.671711
215.891938 4 3.985251 37.799145 2.798490 3.672022
215.991938 4 3.985158 37.596581 2.795026 3.672323
216.091938 4 3.985067 37.401644 2.791675 3.672614
216.246950 4 3.984887 37.033794 2.785300 3.673166
216.401962 4 3.984711 36.693928 2.779351 3.673681
216.556974 4 3.984539 36.380483 2.773812 3.674159
216.711986 4 3.984371 36.091986 2.768670 3.674603
216.866998 4 3.984206 35.827045 2.763909 3.675012
217.022010 4 3.984045 35.584346 2.759514 3.675390
217.177022 4 3.983885 35.362638 2.755472 3.675736
217.332034 4 3.983729 35.160734 2.751767 3.676053
217.642058 4 3.983420 34.811859 2.745310 3.676604
217.952083 4 3.983118 34.529208 2.740026 3.677054
218.262107 4 3.982823 34.304913 2.735797 3.677412
218.572131 4 3.982532 34.131609 2.732506 3.677689
218.882155 4 3.982245 34.002322 2.730036 3.677895
219.192179 4 3.981961 33.910372 2.728268 3.678041
219.502203 4 3.981678 33.849290 2.727085 3.678137
219.812227 4 3.981397 33.812758 2.726369 3.678193
220.122251 4 3.981117 33.794549 2.726004 3.678218
220.432275 4 3.980837 33.788490 2.725871 3.678224
220.742299 4 3.980557 33.788430 2.725883 3.678227
221.052323 4 3.980277 33.789365 2.728049 3.678763
221.362347 4 3.979995 33.790532 2.730612 3.679396
221.672371 4 3.979712 33.792156 2.733359 3.680072
221.982395 4 3.979427 33.794461 2.736233 3.680776
222.292419 4 3.979140 33.797670 2.739207 3.681499
222.602443 4 3.978852 33.802006 2.742262 3.682235
222.912467 4 3.978561 33.807693 2.745386 3.682979
223.222491 4 3.978267 33.814956 2.748572 3.683729
223.532515 4 3.977972 33.824019 2.751811 3.684481
223.842540 4 3.977674 33.835107 2.755100 3.685232
224.152564 4 3.977374 33.848445 2.758433 3.685979
224.462588 4 3.977072 33.864260 2.761807 3.686722
224.772612 4 3.976767 33.882779 2.765220 3.687456
225.082636 4 3.976459 33.904231 2.768668 3.688181
225.392660 4 3.976149 33.928845 2.772149 3.688893
225.702684 4 3.975835 33.956852 2.775662 3.689592
226.012708 4 3.975519 33.988485 2.779204 3.690276
226.322732 4 3.975201 34.023979 2.782774 3.690942
226.632756 4 3.974879 34.063572 2.786371 3.691588
226.942780 4 3.974554 34.107501 2.789994 3.692214
227.252804 4 3.974226 34.156011 2.793640 3.692817
227.562828 4 3.973894 34.209345 2.797310 3.693396
227.872852 4 3.973560 34.267754 2.801003 3.693948
228.182876 4 3.973222 34.331488 2.804717 3.694473
228.492900 4 3.972880 34.400806 2.808451 3.694969
228.802924 4 3.972534 34.475967 2.812205 3.695434
229.112948 4 3.972185 34.557238 2.815979 3.695866
229.422972 4 3.971832 34.644891 2.819771 3.696264
229.732997 4 3.971475 34.739201 2.823581 3.696626
230.043021 4 3.971114 34.840453 2.827408 3.696951
230.353045 4 3.970748 34.948936 2.831253 3.697237
230.663069 4 3.970378 35.064948 2.835113 3.697482
230.973093 4 3.970003 35.188793 2.838989 3.697686
231.283117 4 3.969624 35.320786 2.842881 3.697846
231.593141 4 3.969240 35.461249 2.846788 3.697961
231.903165 4 3.968851 35.610514 2.850709 3.698029
232.213189 4 3.968456 35.768924 2.854645 3.698049
232.523213 4 3.968056 35.936832 2.858594 3.698019
232.833237 4 3.967651 36.114604 2.862556 3.697938
233.143261 4 3.967239 36.302619 2.866532 3.697805
233.453285 4 3.966822 36.501268 2.870521 3.697617
233.763309 4 3.966399 36.710957 2.874521 3.697373
234.073333 4 3.965969 36.932108 2.878535 3.697072
234.383357 4 3.965532 37.165159 2.882559 3.696712
234.693381 4 3.965089 37.410564 2.886596 3.696292
235.003405 4 3.964638 37.668799 2.890644 3.695811
235.313430 4 3.964180 37.940356 2.894702 3.695265
235.623454 4 3.963715 38.225749 2.898772 3.694656
235.933478 4 3.963241 38.525517 2.902852 3.693979
236.243502 4 3.962759 38.840218 2.906943 3.693235
236.553526 4 3.962269 39.170440 2.911043 3.692422
236.863550 4 3.961769 39.516794 2.915153 3.691538
237.173574 4 3.961260 39.879922 2.919273 3.690582
237.483598 4 3.960742 40.260494 2.923403 3.689552
237.793622 4 3.960214 40.659215 2.927541 3.688446
237.948634 4 3.959944 40.865614 2.929614 3.687865
238.103646 4 3.959672 41.076830 2.931689 3.687264
238.258658 4 3.959397 41.292961 2.933766 3.686644
238.413670 4 3.959120 41.514106 2.935845 3.686004
238.568682 4 3.958839 41.740369 2.937926 3.685344
238.723694 4 3.958556 41.971855 2.940010 3.684664
238.878706 4 3.958270 42.208671 2.942095 3.683964
239.033718 4 3.957980 42.450929 2.944183 3.683243
239.188730 4 3.957688 42.698742 2.946273 3.682501
239.343742 4 3.957393 42.952227 2.948364 3.681739
239.498754 4 3.957094 43.211502 2.950458 3.680955
239.653766 4 3.956792 43.476691 2.952553 3.680151
239.808778 4 3.956486 43.747920 2.954651 3.679325
239.963790 4 3.956177 44.025316 2.956751 3.678477
240.118802 4 3.955865 44.309012 2.958852 3.677607
240.273814 4 3.955549 44.599145 2.960955 3.676716
240.428826 4 3.955230 44.895853 2.963060 3.675802
240.583838 4 3.954907 45.199281 2.965167 3.674867
240.738850 4 3.954580 45.509574 2.967276 3.673908
240.893862 4 3.954249 45.826884 2.969386 3.672927
241.048874 4 3.953914 46.151365 2.971498 3.671923
241.203887 4 3.953575 46.483178 2.973612 3.670896
241.358899 4 3.953232 46.822485 2.975728 3.669845
241.513911 4 3.952885 47.169454 2.977845 3.668771
241.668923 4 3.952533 47.524259 2.979964 3.667674
241.823935 4 3.952177 47.887077 2.982085 3.666553
241.978947 4 3.951817 48.258090 2.984207 3.665407
242.133959 4 3.951452 48.637485 2.986330 3.664238
242.288971 4 3.951082 49.025456 2.988456 3.663044
242.443983 4 3.950707 49.422200 2.990582 3.661825
242.598995 4 3.950328 49.827922 2.992711 3.660582
242.751588 4 3.949949 50.236285 2.994807 3.659334
