t Ka M R logL logTeff
429.771715 0 0.600084 0.542595 -0.924834 3.662694
859.543430 0 0.600084 0.543364 -0.921892 3.663122
1289.315144 0 0.600084 0.544136 -0.918868 3.663570
1719.086859 0 0.600084 0.544912 -0.915762 3.664037
2148.858574 0 0.600084 0.545693 -0.912574 3.664523
2578.630289 0 0.600084 0.546480 -0.909304 3.665028
3008.402003 0 0.600084 0.547273 -0.905952 3.665550
3438.173718 0 0.600084 0.548075 -0.902517 3.666091
3867.945433 0 0.600084 0.548885 -0.899000 3.666650
4297.717148 0 0.600084 0.549705 -0.895402 3.667225
4727.488863 0 0.600084 0.550536 -0.891721 3.667818
5157.260577 0 0.600084 0.551378 -0.887958 3.668426
5587.032292 0 0.600084 0.552234 -0.884113 3.669051
6016.804007 0 0.600084 0.553103 -0.880186 3.669691
6446.575722 0 0.600084 0.553987 -0.876177 3.670347
6876.347437 0 0.600084 0.554887 -0.872085 3.671017
7306.119151 0 0.600084 0.555803 -0.867912 3.671702
7735.890866 0 0.600084 0.556738 -0.863656 3.672401
8165.662581 0 0.600084 0.557692 -0.859319 3.673114
8595.434296 0 0.600084 0.558666 -0.854899 3.673840
9025.206010 0 0.600084 0.559661 -0.850397 3.674579
9454.977725 0 0.600084 0.560678 -0.845813 3.675331
9884.749440 0 0.600084 0.561718 -0.841147 3.676095
10314.521155 0 0.600084 0.562783 -0.836398 3.676870
10744.292870 0 0.600084 0.563874 -0.831568 3.677658
11174.064584 0 0.600084 0.564991 -0.826655 3.678456
11603.836299 0 0.600084 0.566136 -0.821660 3.679265
12033.608014 0 0.600084 0.567309 -0.816584 3.680085
12463.379729 0 0.600084 0.568513 -0.811424 3.680914
12893.151444 0 0.600084 0.569749 -0.806183 3.681753
13322.923158 0 0.600084 0.571016 -0.800859 3.682601
13752.694873 0 0.600084 0.572318 -0.795453 3.683459
14182.466588 0 0.600084 0.573654 -0.789965 3.684324
14612.238303 0 0.600084 0.575027 -0.784394 3.685198
15042.010017 0 0.600084 0.576437 -0.778740 3.686080
15471.781732 0 0.600084 0.577885 -0.773004 3.686969
15901.553447 0 0.600084 0.579374 -0.767184 3.687865
16331.325162 0 0.600084 0.580904 -0.761282 3.688768
16761.096877 0 0.600084 0.582477 -0.755296 3.689677
17190.868591 0 0.600084 0.584095 -0.749227 3.690592
17620.640306 0 0.600084 0.585758 -0.743074 3.691513
18050.412021 0 0.600084 0.587468 -0.736837 3.692439
18480.183736 0 0.600084 0.589226 -0.730514 3.693371
18909.955450 0 0.600084 0.591035 -0.724107 3.694307
19339.727165 0 0.600084 0.592896 -0.717613 3.695248
19769.498880 0 0.600084 0.594811 -0.711033 3.696193
20199.270595 0 0.600084 0.596781 -0.704365 3.697142
20629.042310 0 0.600084 0.598808 -0.697608 3.698095
21058.814024 0 0.600084 0.600894 -0.690761 3.699051
21488.585739 0 0.600084 0.603041 -0.683823 3.700011
21918.357454 0 0.600084 0.605252 -0.676792 3.700975
22348.129169 0 0.600084 0.607527 -0.669667 3.701941
22777.900884 0 0.600084 0.609871 -0.662444 3.702911
23207.672598 0 0.600084 0.612285 -0.655122 3.703883
23637.444313 0 0.600084 0.614771 -0.647698 3.704859
24067.216028 0 0.600084 0.617333 -0.640169 3.705839
24496.987743 0 0.600084 0.619973 -0.632531 3.706821
24926.759457 0 0.600084 0.622695 -0.624779 3.707808
25356.531172 0 0.600084 0.625502 -0.616911 3.708799
25786.302887 0 0.600084 0.628397 -0.608919 3.709794
26216.074602 0 0.600084 0.631385 -0.600799 3.710794
26645.846317 0 0.600084 0.634470 -0.592544 3.711799
27075.618031 0 0.600084 0.637655 -0.584147 3.712811
27505.389746 0 0.600084 0.640946 -0.575598 3.713830
27935.161461 0 0.600084 0.644349 -0.566890 3.714857
28364.933176 0 0.600084 0.647868 -0.558012 3.715894
28794.704891 0 0.600084 0.651511 -0.548952 3.716942
29224.476605 0 0.600084 0.655283 -0.539697 3.718002
29654.248320 0 0.600084 0.659193 -0.530234 3.719076
30084.020035 0 0.600084 0.663248 -0.520547 3.720166
30513.791750 0 0.600084 0.667457 -0.510618 3.721275
30943.563464 0 0.600084 0.671829 -0.500429 3.722404
31373.335179 0 0.600084 0.676375 -0.489958 3.723557
31803.106894 0 0.600084 0.681108 -0.479181 3.724737
32232.878609 0 0.600084 0.686038 -0.468074 3.725948
32662.650324 0 0.600084 0.691180 -0.456609 3.727193
33092.422038 0 0.600084 0.696550 -0.444753 3.728476
33522.193753 0 0.600084 0.702165 -0.432474 3.729803
33951.965468 0 0.600084 0.708043 -0.419734 3.731177
34381.737183 0 0.600084 0.714206 -0.406492 3.732606
34811.508897 0 0.600084 0.720677 -0.392705 3.734094
35241.280612 0 0.600084 0.727484 -0.378323 3.735648
35671.052327 0 0.600084 0.734658 -0.363294 3.737274
35885.938184 0 0.600084 0.738394 -0.355519 3.738117
36100.824042 0 0.600084 0.742236 -0.347560 3.738979
36315.709899 0 0.600084 0.746190 -0.339410 3.739863
36530.595757 0 0.600084 0.750262 -0.331059 3.740769
36745.481614 0 0.600084 0.754459 -0.322500 3.741698
36960.367471 0 0.600084 0.758789 -0.313723 3.742649
37175.253329 0 0.600084 0.763261 -0.304719 3.743624
37390.139186 0 0.600084 0.767885 -0.295478 3.744623
37605.025044 0 0.600084 0.772674 -0.285990 3.745645
37819.910901 0 0.600084 0.777639 -0.276244 3.746691
38034.796758 0 0.600084 0.782797 -0.266228 3.747759
38249.682616 0 0.600084 0.788166 -0.255933 3.748848
38464.568473 0 0.600084 0.793768 -0.245345 3.749958
38679.454331 0 0.600084 0.799627 -0.234452 3.751084
38894.340188 0 0.600084 0.805773 -0.223242 3.752224
39109.226045 0 0.600084 0.812243 -0.211700 3.753373
39324.111903 0 0.600084 0.819080 -0.199813 3.754524
39538.997760 0 0.600084 0.826335 -0.187566 3.755671
39753.883618 0 0.600084 0.834071 -0.174944 3.756803
39968.769475 0 0.600084 0.842364 -0.161931 3.757908
40076.212404 0 0.600084 0.846748 -0.155273 3.758445
40183.655332 0 0.600084 0.851308 -0.148511 3.758969
40291.098261 0 0.600084 0.856059 -0.141643 3.759478
40398.541190 0 0.600084 0.861016 -0.134667 3.759968
40505.984118 0 0.600084 0.866200 -0.127581 3.760436
40613.427047 0 0.600084 0.871629 -0.120382 3.760879
40720.869976 0 0.600084 0.877326 -0.113068 3.761293
40828.312904 0 0.600084 0.883317 -0.105637 3.761673
40935.755833 0 0.600084 0.889630 -0.098087 3.762014
41043.198762 0 0.600084 0.896295 -0.090414 3.762312
41150.641691 0 0.600084 0.903348 -0.082616 3.762559
41258.084619 0 0.600084 0.910827 -0.074692 3.762750
41365.527548 0 0.600084 0.918776 -0.066637 3.762876
41472.970477 0 0.600084 0.927243 -0.058451 3.762931
41580.413405 0 0.600084 0.936284 -0.050129 3.762905
41634.134870 0 0.600084 0.941037 -0.045917 3.762858
41687.856334 0 0.600084 0.945958 -0.041670 3.762787
41741.577798 0 0.600084 0.951055 -0.037388 3.762691
41795.299263 0 0.600084 0.956336 -0.033071 3.762568
41849.020727 0 0.600084 0.961813 -0.028717 3.762416
41902.742191 0 0.600084 0.967496 -0.024328 3.762234
41956.463656 0 0.600084 0.973395 -0.019902 3.762021
42010.185120 0 0.600084 0.979524 -0.015439 3.761773
42063.906584 0 0.600084 0.985895 -0.010939 3.761491
42117.628049 0 0.600084 0.992521 -0.006401 3.761171
42171.349513 0 0.600084 0.999417 -0.001825 3.760811
42225.070978 0 0.600084 1.006599 0.002789 3.760410
42278.792442 0 0.600084 1.014083 0.007442 3.759964
42332.513906 0 0.600084 1.021886 0.012134 3.759473
42386.235371 0 0.600084 1.030028 0.016866 3.758932
42439.956835 0 0.600084 1.038529 0.021637 3.758341
42493.678299 0 0.600084 1.047410 0.026449 3.757694
42547.399764 0 0.600084 1.056695 0.031302 3.756991
42601.121228 0 0.600084 1.066407 0.036195 3.756228
42648.127509 0 0.600084 1.075278 0.040511 3.755508
42689.258005 0 0.600084 1.083340 0.044314 3.754837
42725.247190 0 0.600084 1.090636 0.047662 3.754216
42756.737726 0 0.600084 1.097212 0.050607 3.753647
42784.291945 0 0.600084 1.103118 0.053196 3.753128
42832.511828 0 0.600084 1.113813 0.057753 3.752173
42868.676741 0 0.600084 1.122146 0.061194 3.751414
42895.800425 0 0.600084 1.128579 0.063788 3.750822
42936.485952 0 0.600084 1.138536 0.067700 3.749892
42977.171478 2 0.600084 1.148879 0.071637 3.748913
42987.996342 2 0.600079 1.153918 0.073778 3.748497
42988.746530 2 0.600079 1.154268 0.073926 3.748469
42999.571735 2 0.600074 1.159331 0.076067 3.748054
43010.397263 2 0.600069 1.164416 0.078208 3.747638
43021.223118 2 0.600064 1.169523 0.080349 3.747223
43032.049301 2 0.600059 1.174652 0.082490 3.746808
43042.875816 2 0.600054 1.179804 0.084630 3.746393
43053.702666 2 0.600048 1.184978 0.086771 3.745978
43064.529855 2 0.600043 1.190175 0.088911 3.745563
43075.357385 2 0.600038 1.195394 0.091051 3.745148
43086.185260 2 0.600033 1.200636 0.093192 3.744733
43097.013483 2 0.600027 1.205901 0.095332 3.744318
43107.842057 2 0.600022 1.211188 0.097472 3.743903
43118.670986 2 0.600016 1.216499 0.099612 3.743488
43129.500273 2 0.600011 1.221833 0.101751 3.743072
43140.329921 2 0.600005 1.227190 0.103891 3.742657
43151.159934 2 0.600000 1.232571 0.106031 3.742242
43161.990315 2 0.599994 1.237974 0.108170 3.741827
43172.821068 2 0.599988 1.243402 0.110310 3.741412
43183.652195 2 0.599982 1.248853 0.112449 3.740997
43194.483702 2 0.599977 1.254327 0.114588 3.740582
43205.315591 2 0.599971 1.259826 0.116727 3.740167
43216.147865 2 0.599965 1.265348 0.118866 3.739752
43226.980529 2 0.599959 1.270894 0.121005 3.739337
43237.813586 2 0.599953 1.276465 0.123143 3.738922
43248.647041 2 0.599947 1.282059 0.125282 3.738507
43259.480895 2 0.599940 1.287678 0.127420 3.738092
43270.315154 2 0.599934 1.293322 0.129558 3.737677
43281.149821 2 0.599928 1.298990 0.131697 3.737262
43291.984901 2 0.599922 1.304682 0.133835 3.736847
43302.820396 2 0.599915 1.310400 0.135973 3.736432
43313.656311 2 0.599909 1.316142 0.138110 3.736017
43324.492650 2 0.599902 1.321909 0.140248 3.735602
43335.329416 2 0.599895 1.327701 0.142386 3.735187
43346.166615 2 0.599889 1.333518 0.144523 3.734772
43357.004249 2 0.599882 1.339361 0.146660 3.734357
43367.842324 2 0.599875 1.345228 0.148797 3.733942
43378.680843 2 0.599868 1.351122 0.150934 3.733527
43389.519810 2 0.599862 1.357041 0.153071 3.733112
43400.359229 2 0.599855 1.362985 0.155208 3.732697
43411.199106 2 0.599848 1.368956 0.157345 3.732282
43422.039443 2 0.599840 1.374952 0.159481 3.731867
43432.880246 2 0.599833 1.380974 0.161617 3.731452
43443.721519 2 0.599826 1.387023 0.163754 3.731037
43454.563267 2 0.599819 1.393097 0.165890 3.730622
43465.405493 2 0.599811 1.399198 0.168026 3.730207
43476.248203 2 0.599804 1.405326 0.170161 3.729792
43487.091400 2 0.599796 1.411480 0.172297 3.729377
43497.935091 2 0.599789 1.417661 0.174432 3.728963
43508.779278 2 0.599781 1.423868 0.176568 3.728548
43519.623967 2 0.599773 1.430102 0.178703 3.728133
43530.469163 2 0.599766 1.436364 0.180838 3.727718
43541.314870 2 0.599758 1.442652 0.182973 3.727303
43552.161093 2 0.599750 1.448968 0.185107 3.726888
43563.007837 2 0.599742 1.455311 0.187242 3.726473
43573.855108 2 0.599734 1.461681 0.189376 3.726058
43584.702909 2 0.599725 1.468079 0.191511 3.725643
43595.551246 2 0.599717 1.474505 0.193645 3.725229
43606.400125 2 0.599709 1.480959 0.195779 3.724814
43617.249549 2 0.599700 1.487440 0.197912 3.724399
43628.099525 2 0.599692 1.493950 0.200046 3.723984
43638.950057 2 0.599683 1.500487 0.202179 3.723569
43649.801152 2 0.599675 1.507053 0.204313 3.723154
43660.652813 2 0.599666 1.513648 0.206446 3.722740
43671.505046 2 0.599657 1.520271 0.208579 3.722325
43682.357858 2 0.599648 1.526922 0.210712 3.721910
43693.211253 2 0.599639 1.533602 0.212844 3.721495
43704.065236 2 0.599630 1.540311 0.214977 3.721080
43714.919814 2 0.599621 1.547049 0.217109 3.720666
43725.774992 2 0.599612 1.553816 0.219241 3.720251
43736.630776 2 0.599603 1.560613 0.221373 3.719836
43747.487171 2 0.599593 1.567438 0.223504 3.719421
43758.344183 2 0.599584 1.574294 0.225636 3.719007
43769.201818 2 0.599574 1.581178 0.227767 3.718592
43780.060082 2 0.599564 1.588093 0.229898 3.718177
43790.918981 2 0.599555 1.595037 0.232029 3.717763
43801.778521 2 0.599545 1.602011 0.234160 3.717348
43812.638708 2 0.599535 1.609016 0.236291 3.716933
43823.499547 2 0.599525 1.616050 0.238421 3.716518
43834.361046 2 0.599515 1.623115 0.240551 3.716104
43845.223210 2 0.599504 1.630210 0.242681 3.715689
43856.086046 2 0.599494 1.637336 0.244811 3.715274
43866.949560 2 0.599484 1.644493 0.246941 3.714860
43877.813759 2 0.599473 1.651680 0.249070 3.714445
43888.678648 2 0.599462 1.658898 0.251199 3.714031
43899.544235 2 0.599452 1.666148 0.253328 3.713616
43910.410526 2 0.599441 1.673428 0.255457 3.713201
43921.277528 2 0.599430 1.680740 0.257586 3.712787
43932.145247 2 0.599419 1.688083 0.259714 3.712372
43943.013690 2 0.599408 1.695458 0.261842 3.711958
43953.882865 2 0.599397 1.702865 0.263970 3.711543
43964.752778 2 0.599385 1.710303 0.266098 3.711128
43975.623435 2 0.599374 1.717774 0.268225 3.710714
43986.494845 2 0.599362 1.725276 0.270353 3.710299
43997.367014 2 0.599351 1.732811 0.272480 3.709885
44008.239949 2 0.599339 1.740378 0.274607 3.709470
44019.113658 2 0.599327 1.747978 0.276733 3.709056
44029.988147 2 0.599315 1.755610 0.278860 3.708641
44040.863426 2 0.599303 1.763275 0.280986 3.708227
44051.739499 2 0.599291 1.770973 0.283112 3.707812
44061.862606 3 0.599279 1.778226 0.285116 3.707426
44071.731766 3 0.599268 1.790277 0.290354 3.707269
44073.729916 3 0.599266 1.792742 0.291420 3.707237
44083.480403 3 0.599254 1.804894 0.296658 3.707079
44093.133386 3 0.599243 1.817130 0.301896 3.706922
44102.689838 3 0.599231 1.829451 0.307134 3.706764
44112.150726 3 0.599219 1.841859 0.312372 3.706605
44121.517005 3 0.599207 1.854352 0.317609 3.706447
44130.789622 3 0.599196 1.866933 0.322847 3.706288
44139.969512 3 0.599183 1.879601 0.328085 3.706129
44149.057603 3 0.599171 1.892357 0.333323 3.705970
44158.054813 3 0.599159 1.905202 0.338560 3.705810
44166.962052 3 0.599147 1.918137 0.343798 3.705650
44175.780217 3 0.599134 1.931162 0.349036 3.705490
44184.510202 3 0.599122 1.944278 0.354274 3.705330
44193.152886 3 0.599109 1.957486 0.359511 3.705169
44201.709144 3 0.599096 1.970785 0.364749 3.705008
44210.179838 3 0.599083 1.984178 0.369987 3.704847
44218.565826 3 0.599070 1.997664 0.375225 3.704686
44226.867955 3 0.599057 2.011244 0.380462 3.704524
44235.087061 3 0.599044 2.024920 0.385700 3.704362
44243.223977 3 0.599031 2.038690 0.390938 3.704199
44251.279524 3 0.599017 2.052557 0.396176 3.704037
44259.254515 3 0.599003 2.066522 0.401414 3.703874
44267.149756 3 0.598990 2.080583 0.406651 3.703711
44274.966045 3 0.598976 2.094744 0.411889 3.703547
44282.704171 3 0.598962 2.109003 0.417127 3.703384
44290.364916 3 0.598948 2.123362 0.422365 3.703220
44297.949053 3 0.598934 2.137822 0.427602 3.703055
44305.457349 3 0.598919 2.152383 0.432840 3.702891
44312.890561 3 0.598905 2.167047 0.438078 3.702726
44320.249442 3 0.598890 2.181813 0.443316 3.702561
44327.534734 3 0.598875 2.196682 0.448553 3.702395
44334.747173 3 0.598861 2.211656 0.453791 3.702230
44341.887488 3 0.598846 2.226736 0.459029 3.702063
44348.956399 3 0.598830 2.241921 0.464267 3.701897
44355.954622 3 0.598815 2.257212 0.469504 3.701730
44362.882862 3 0.598800 2.272612 0.474742 3.701564
44369.741820 3 0.598784 2.288119 0.479980 3.701396
44376.532188 3 0.598769 2.303735 0.485218 3.701229
44383.254652 3 0.598753 2.319462 0.490456 3.701061
44389.909892 3 0.598737 2.335299 0.495693 3.700893
44396.498580 3 0.598721 2.351247 0.500931 3.700724
44403.021380 3 0.598704 2.367308 0.506169 3.700555
44409.478953 3 0.598688 2.383481 0.511407 3.700386
44415.871950 3 0.598672 2.399769 0.516644 3.700217
44422.201017 3 0.598655 2.416172 0.521882 3.700047
44428.466793 3 0.598638 2.432690 0.527120 3.699877
44434.669911 3 0.598621 2.449324 0.532358 3.699707
44440.810998 3 0.598604 2.466076 0.537595 3.699536
44446.890675 3 0.598587 2.482947 0.542833 3.699365
44452.909554 3 0.598569 2.499936 0.548071 3.699194
44458.868245 3 0.598552 2.517045 0.553309 3.699022
44464.767349 3 0.598534 2.534275 0.558547 3.698850
44470.607462 3 0.598516 2.551627 0.563784 3.698678
44476.389174 3 0.598498 2.569102 0.569022 3.698505
44482.113069 3 0.598480 2.586700 0.574260 3.698332
44487.779724 3 0.598461 2.604423 0.579498 3.698159
44493.389713 3 0.598443 2.622271 0.584735 3.697986
44498.943603 3 0.598424 2.640245 0.589973 3.697812
44504.441953 3 0.598405 2.658347 0.595211 3.697637
44509.885320 3 0.598386 2.676577 0.600449 3.697463
44515.274253 3 0.598367 2.694936 0.605686 3.697288
44520.609297 3 0.598348 2.713425 0.610924 3.697113
44525.890990 3 0.598328 2.732046 0.616162 3.696937
44531.119867 3 0.598308 2.750798 0.621400 3.696761
44536.296454 3 0.598288 2.769684 0.626637 3.696585
44541.421276 3 0.598268 2.788704 0.631875 3.696408
44546.494850 3 0.598248 2.807859 0.637113 3.696231
44551.517688 3 0.598228 2.827150 0.642351 3.696054
44556.490297 3 0.598207 2.846578 0.647589 3.695876
44561.413181 3 0.598186 2.866144 0.652826 3.695698
44566.286835 3 0.598165 2.885849 0.658064 3.695520
44571.111753 3 0.598144 2.905695 0.663302 3.695341
44575.888422 3 0.598123 2.925682 0.668540 3.695162
44580.617324 3 0.598101 2.945811 0.673777 3.694982
44585.298937 3 0.598079 2.966084 0.679015 3.694803
44589.933734 3 0.598057 2.986501 0.684253 3.694622
44594.522183 3 0.598035 3.007064 0.689491 3.694442
44599.064748 3 0.598013 3.027773 0.694728 3.694261
44603.561887 3 0.597990 3.048630 0.699966 3.694080
44608.014054 3 0.597968 3.069636 0.705204 3.693898
44612.421700 3 0.597945 3.090792 0.710442 3.693716
44616.785270 3 0.597922 3.112099 0.715680 3.693534
44621.105203 3 0.597898 3.133559 0.720917 3.693351
44625.381938 3 0.597875 3.155171 0.726155 3.693168
44629.615905 3 0.597851 3.176939 0.731393 3.692984
44633.807532 3 0.597827 3.198862 0.736631 3.692800
44637.957243 3 0.597803 3.220942 0.741868 3.692616
44642.065457 3 0.597778 3.243180 0.747106 3.692432
44646.132589 3 0.597753 3.265577 0.752344 3.692247
44650.159049 3 0.597729 3.288135 0.757582 3.692061
44654.145245 3 0.597704 3.310855 0.762819 3.691875
44658.091579 3 0.597678 3.333737 0.768057 3.691689
44661.998450 3 0.597653 3.356784 0.773295 3.691503
44665.866252 3 0.597627 3.379996 0.778533 3.691316
44669.695375 3 0.597601 3.403375 0.783770 3.691128
44673.486208 3 0.597575 3.426921 0.789008 3.690941
44677.239132 3 0.597548 3.450637 0.794246 3.690752
44680.954527 3 0.597521 3.474524 0.799484 3.690564
44684.632768 3 0.597494 3.498582 0.804722 3.690375
44688.274227 3 0.597467 3.522813 0.809959 3.690186
44691.879271 3 0.597440 3.547219 0.815197 3.689996
44695.448265 3 0.597412 3.571801 0.820435 3.689806
44698.981569 3 0.597384 3.596559 0.825673 3.689615
44702.479539 3 0.597356 3.621497 0.830910 3.689424
44705.942530 3 0.597328 3.646613 0.836148 3.689233
44709.370891 3 0.597299 3.671912 0.841386 3.689041
44712.764969 3 0.597270 3.697392 0.846624 3.688849
44716.125106 3 0.597241 3.723057 0.851861 3.688656
44719.451641 3 0.597211 3.748907 0.857099 3.688463
44722.744911 3 0.597181 3.774944 0.862337 3.688270
44726.005248 3 0.597151 3.801169 0.867575 3.688076
44729.232982 3 0.597121 3.827584 0.872813 3.687881
44732.428439 3 0.597091 3.854189 0.878050 3.687687
44735.591941 3 0.597060 3.880988 0.883288 3.687491
44738.723808 3 0.597029 3.907980 0.888526 3.687296
44741.824356 3 0.596997 3.935168 0.893764 3.687100
44744.893899 3 0.596965 3.962553 0.899001 3.686903
44747.932746 3 0.596933 3.990137 0.904239 3.686706
44750.941205 3 0.596901 4.017921 0.909477 3.686509
44753.919579 3 0.596869 4.045907 0.914715 3.686311
44756.868170 3 0.596836 4.074095 0.919952 3.686113
44759.787275 3 0.596803 4.102489 0.925190 3.685914
44762.677188 3 0.596769 4.131089 0.930428 3.685715
44765.538203 3 0.596735 4.159896 0.935666 3.685516
44768.370607 3 0.596701 4.188914 0.940903 3.685316
44771.174687 3 0.596667 4.218142 0.946141 3.685115
44773.950727 3 0.596632 4.247584 0.951379 3.684914
44776.699006 3 0.596597 4.277240 0.956617 3.684713
44779.419802 3 0.596562 4.307111 0.961855 3.684511
44782.113391 3 0.596526 4.337201 0.967092 3.684309
44784.780043 3 0.596491 4.367511 0.972330 3.684106
44787.420029 3 0.596454 4.398041 0.977568 3.683903
44790.033615 3 0.596418 4.428794 0.982806 3.683699
44792.621065 3 0.596381 4.459772 0.988043 3.683495
44795.182641 3 0.596343 4.490977 0.993281 3.683290
44797.718601 3 0.596306 4.522409 0.998519 3.683085
44800.229201 3 0.596268 4.554072 1.003757 3.682880
44802.714696 3 0.596230 4.585966 1.008994 3.682674
44805.175335 3 0.596191 4.618094 1.014232 3.682467
44807.611368 3 0.596152 4.650457 1.019470 3.682260
44810.023041 3 0.596113 4.683058 1.024708 3.682053
44812.410597 3 0.596073 4.715897 1.029946 3.681845
44814.774277 3 0.596033 4.748978 1.035183 3.681636
44817.114321 3 0.595992 4.782301 1.040421 3.681427
44819.430964 3 0.595952 4.815869 1.045659 3.681218
44821.724441 3 0.595910 4.849683 1.050897 3.681008
44823.994983 3 0.595869 4.883746 1.056134 3.680798
44826.242819 3 0.595827 4.918060 1.061372 3.680587
44828.468177 3 0.595785 4.952626 1.066610 3.680375
44830.671282 3 0.595742 4.987447 1.071848 3.680163
44832.852356 3 0.595699 5.022524 1.077085 3.679951
44835.011618 3 0.595655 5.057859 1.082323 3.679738
44837.149289 3 0.595611 5.093455 1.087561 3.679525
44839.265582 3 0.595567 5.129314 1.092799 3.679311
44841.360713 3 0.595522 5.165437 1.098036 3.679096
44843.434892 3 0.595477 5.201827 1.103274 3.678881
44845.488329 3 0.595432 5.238486 1.108512 3.678666
44847.521232 3 0.595386 5.275416 1.113750 3.678450
44849.533807 3 0.595340 5.312619 1.118988 3.678233
44851.526255 3 0.595293 5.350097 1.124225 3.678016
44853.498779 3 0.595246 5.387853 1.129463 3.677798
44855.451577 3 0.595198 5.425888 1.134701 3.677580
44857.384848 3 0.595150 5.464206 1.139939 3.677362
44859.298786 3 0.595101 5.502807 1.145176 3.677143
44861.193584 3 0.595053 5.541695 1.150414 3.676923
44863.069435 3 0.595003 5.580871 1.155652 3.676703
44864.926527 3 0.594953 5.620338 1.160890 3.676482
44866.765048 3 0.594903 5.660099 1.166127 3.676260
44868.585184 3 0.594852 5.700155 1.171365 3.676039
44870.387118 3 0.594801 5.740509 1.176603 3.675816
44872.171034 3 0.594749 5.781163 1.181841 3.675593
44873.937110 3 0.594697 5.822120 1.187079 3.675370
44875.685525 3 0.594644 5.863383 1.192316 3.675146
44877.416456 3 0.594591 5.904953 1.197554 3.674921
44879.130078 3 0.594538 5.946832 1.202792 3.674696
44880.826563 3 0.594483 5.989025 1.208030 3.674470
44882.506084 3 0.594429 6.031532 1.213267 3.674244
44884.168810 3 0.594374 6.074357 1.218505 3.674017
44885.814908 3 0.594318 6.117502 1.223743 3.673789
44887.444545 3 0.594262 6.160970 1.228981 3.673561
44889.057886 3 0.594205 6.204763 1.234218 3.673333
44890.655094 3 0.594148 6.248883 1.239456 3.673103
44892.236329 3 0.594090 6.293335 1.244694 3.672874
44893.801752 3 0.594032 6.338119 1.249932 3.672643
44895.351521 3 0.593973 6.383239 1.255169 3.672412
44896.885792 3 0.593914 6.428698 1.260407 3.672181
44898.404721 3 0.593854 6.474498 1.265645 3.671949
44899.908460 3 0.593794 6.520643 1.270883 3.671716
44901.397162 3 0.593733 6.567134 1.276121 3.671483
44902.870976 3 0.593671 6.613974 1.281358 3.671249
44904.330053 3 0.593609 6.661168 1.286596 3.671014
44905.774539 3 0.593546 6.708716 1.291834 3.670779
44907.204580 3 0.593483 6.756623 1.297072 3.670544
44908.620320 3 0.593419 6.804890 1.302309 3.670307
44910.021904 3 0.593354 6.853522 1.307547 3.670070
44911.409471 3 0.593289 6.902521 1.312785 3.669833
44912.783163 3 0.593224 6.951890 1.318023 3.669595
44914.143117 3 0.593157 7.001632 1.323260 3.669356
44915.489473 3 0.593090 7.051749 1.328498 3.669117
44916.822364 3 0.593023 7.102246 1.333736 3.668877
44918.141927 3 0.592955 7.153125 1.338974 3.668636
44919.448294 3 0.592886 7.204390 1.344212 3.668395
44920.741598 3 0.592817 7.256042 1.349449 3.668153
44922.021968 3 0.592746 7.308087 1.354687 3.667910
44923.289535 3 0.592676 7.360526 1.359925 3.667667
44924.544426 3 0.592604 7.413363 1.365163 3.667424
44925.786768 3 0.592532 7.466602 1.370400 3.667179
44927.016686 3 0.592460 7.520245 1.375638 3.666934
44928.234306 3 0.592386 7.574297 1.380876 3.666688
44929.439749 3 0.592312 7.628759 1.386114 3.666442
44930.633138 3 0.592237 7.683636 1.391351 3.666195
44931.814593 3 0.592162 7.738932 1.396589 3.665947
44932.984234 3 0.592086 7.794648 1.401827 3.665699
44934.142178 3 0.592009 7.850790 1.407065 3.665450
44935.288542 3 0.591931 7.907360 1.412302 3.665200
44936.423443 3 0.591853 7.964363 1.417540 3.664950
44937.546995 3 0.591774 8.021801 1.422778 3.664699
44938.659312 3 0.591694 8.079678 1.428016 3.664447
44939.760505 3 0.591613 8.137998 1.433254 3.664195
44940.850686 3 0.591532 8.196764 1.438491 3.663942
44941.929966 3 0.591450 8.255981 1.443729 3.663688
44942.998452 3 0.591367 8.315651 1.448967 3.663434
44944.056254 3 0.591283 8.375780 1.454205 3.663179
44945.103478 3 0.591199 8.436369 1.459442 3.662923
44946.140230 3 0.591114 8.497425 1.464680 3.662667
44947.166614 3 0.591028 8.558949 1.469918 3.662410
44948.182734 3 0.590941 8.620946 1.475156 3.662152
44949.188693 3 0.590853 8.683421 1.480393 3.661893
44950.184592 3 0.590765 8.746377 1.485631 3.661634
44951.170533 3 0.590675 8.809817 1.490869 3.661374
44952.146614 3 0.590585 8.873747 1.496107 3.661114
44953.112934 3 0.590494 8.938170 1.501344 3.660852
44954.069591 3 0.590402 9.003090 1.506582 3.660590
44955.016682 3 0.590310 9.068512 1.511820 3.660328
44955.954301 3 0.590216 9.134440 1.517058 3.660064
44956.882545 3 0.590121 9.200877 1.522296 3.659800
44957.801506 3 0.590026 9.267829 1.527533 3.659535
44958.711277 3 0.589930 9.335299 1.532771 3.659269
44959.611951 3 0.589833 9.403292 1.538009 3.659003
44960.503617 3 0.589734 9.471813 1.543247 3.658736
44961.386368 3 0.589635 9.540865 1.548484 3.658468
44962.260290 3 0.589535 9.610454 1.553722 3.658199
44963.125474 3 0.589434 9.680583 1.558960 3.657930
44963.982005 3 0.589332 9.751257 1.564198 3.657660
44964.829972 3 0.589230 9.822482 1.569435 3.657389
44965.669458 3 0.589126 9.894261 1.574673 3.657117
44966.500550 3 0.589021 9.966599 1.579911 3.656845
44967.323331 3 0.588915 10.039502 1.585149 3.656572
44968.137884 3 0.588808 10.112973 1.590387 3.656298
44968.944292 3 0.588700 10.187018 1.595624 3.656023
44969.742635 3 0.588591 10.261641 1.600862 3.655748
44970.532995 3 0.588482 10.336848 1.606100 3.655471
44971.315452 3 0.588371 10.412643 1.611338 3.655194
44972.090083 3 0.588259 10.489032 1.616575 3.654917
44972.856969 3 0.588145 10.566019 1.621813 3.654638
44973.616186 3 0.588031 10.643610 1.627051 3.654359
44974.367810 3 0.587916 10.721809 1.632289 3.654079
44975.111918 3 0.587800 10.800623 1.637526 3.653798
44975.848586 3 0.587682 10.880055 1.642764 3.653516
44976.577886 3 0.587563 10.960113 1.648002 3.653234
44977.299894 3 0.587444 11.040800 1.653240 3.652950
44978.014681 3 0.587323 11.122122 1.658477 3.652666
44978.722321 3 0.587201 11.204085 1.663715 3.652381
44979.422884 3 0.587077 11.286694 1.668953 3.652095
44980.116441 3 0.586953 11.369955 1.674191 3.651809
44980.803063 3 0.586827 11.453874 1.679429 3.651522
44981.482819 3 0.586701 11.538455 1.684666 3.651233
44982.155777 3 0.586572 11.623706 1.689904 3.650944
44982.822006 3 0.586443 11.709630 1.695142 3.650654
44983.481572 3 0.586313 11.796236 1.700380 3.650364
44984.134543 3 0.586181 11.883527 1.705617 3.650072
44984.780984 3 0.586048 11.971511 1.710855 3.649780
44985.420960 3 0.585913 12.060193 1.716093 3.649487
44986.054537 3 0.585778 12.149580 1.721331 3.649193
44986.681778 3 0.585641 12.239677 1.726568 3.648898
44987.302747 3 0.585502 12.330490 1.731806 3.648602
44987.917506 3 0.585363 12.422026 1.737044 3.648305
44988.526117 3 0.585222 12.514291 1.742282 3.648008
44989.128642 3 0.585079 12.607292 1.747520 3.647710
44989.725142 3 0.584936 12.701035 1.752757 3.647410
44990.315677 3 0.584791 12.795526 1.757995 3.647110
44990.900307 3 0.584644 12.890772 1.763233 3.646809
44991.479090 3 0.584496 12.986779 1.768471 3.646507
44992.052085 3 0.584347 13.083555 1.773708 3.646205
44992.619351 3 0.584196 13.181105 1.778946 3.645901
44993.180944 3 0.584043 13.279438 1.784184 3.645597
44993.736921 3 0.583890 13.378558 1.789422 3.645291
44994.287338 3 0.583734 13.478475 1.794659 3.644985
44994.832251 3 0.583578 13.579194 1.799897 3.644678
44995.371715 3 0.583419 13.680722 1.805135 3.644370
44995.905784 3 0.583259 13.783067 1.810373 3.644061
44996.434513 3 0.583098 13.886236 1.815610 3.643751
44996.957954 3 0.582935 13.990236 1.820848 3.643440
44997.476161 3 0.582770 14.095075 1.826086 3.643128
44997.989185 3 0.582604 14.200760 1.831324 3.642816
44998.497080 3 0.582436 14.307298 1.836562 3.642502
44998.999896 3 0.582266 14.414698 1.841799 3.642188
44999.497683 3 0.582095 14.522966 1.847037 3.641872
44999.990493 3 0.581922 14.632110 1.852275 3.641556
45000.478374 3 0.581748 14.742139 1.857513 3.641238
45000.961377 3 0.581571 14.853060 1.862750 3.640920
45001.439549 3 0.581393 14.964880 1.867988 3.640601
45001.912940 3 0.581213 15.077609 1.873226 3.640281
45002.381597 3 0.581032 15.191254 1.878464 3.639960
45002.845567 3 0.580848 15.305824 1.883701 3.639638
45003.304898 3 0.580663 15.421326 1.888939 3.639315
45003.759636 3 0.580476 15.537769 1.894177 3.638990
45004.209826 3 0.580287 15.655161 1.899415 3.638665
45004.655514 3 0.580096 15.773512 1.904653 3.638339
45005.096745 3 0.579904 15.892829 1.909890 3.638013
45005.533564 3 0.579709 16.013121 1.915128 3.637685
45005.966015 3 0.579513 16.134397 1.920366 3.637356
45006.394141 3 0.579314 16.256666 1.925604 3.637026
45006.817986 3 0.579114 16.379937 1.930841 3.636695
45007.237592 3 0.578911 16.504220 1.936079 3.636363
45007.653003 3 0.578707 16.629522 1.941317 3.636030
45008.064259 3 0.578501 16.755853 1.946555 3.635696
45008.471403 3 0.578292 16.883223 1.951792 3.635361
45008.874475 3 0.578081 17.011641 1.957030 3.635025
45009.273517 3 0.577869 17.141117 1.962268 3.634688
45009.668568 3 0.577654 17.271660 1.967506 3.634350
45010.059669 3 0.577437 17.403280 1.972743 3.634011
45010.446858 3 0.577218 17.535986 1.977981 3.633671
45010.830176 3 0.576996 17.669790 1.983219 3.633330
45011.209661 3 0.576773 17.804699 1.988457 3.632987
45011.585351 3 0.576547 17.940726 1.993695 3.632644
45011.957284 3 0.576319 18.077880 1.998932 3.632300
45012.325497 3 0.576088 18.216171 2.004170 3.631955
45012.690028 3 0.575855 18.355609 2.009408 3.631608
45013.050915 3 0.575620 18.496206 2.014646 3.631261
45013.408192 3 0.575383 18.637972 2.019883 3.630912
45013.761896 3 0.575143 18.780918 2.025121 3.630562
45014.112064 3 0.574901 18.925054 2.030359 3.630212
45014.458729 3 0.574656 19.070392 2.035597 3.629860
45014.801929 3 0.574409 19.216943 2.040834 3.629507
45015.141696 3 0.574159 19.364717 2.046072 3.629153
45015.478065 3 0.573907 19.513726 2.051310 3.628798
45015.811071 3 0.573652 19.663983 2.056548 3.628442
45016.140746 3 0.573394 19.815497 2.061786 3.628084
45016.467125 3 0.573134 19.968281 2.067023 3.627726
45016.790240 3 0.572871 20.122347 2.072261 3.627367
45017.110124 3 0.572606 20.277707 2.077499 3.627006
45017.426810 3 0.572338 20.434372 2.082737 3.626644
45017.740328 3 0.572067 20.592355 2.087974 3.626281
45018.050711 3 0.571793 20.751669 2.093212 3.625917
45018.357990 3 0.571517 20.912325 2.098450 3.625552
45018.662197 3 0.571238 21.074336 2.103688 3.625186
45018.963361 3 0.570956 21.237716 2.108925 3.624818
45019.261514 3 0.570671 21.402476 2.114163 3.624449
45019.556685 3 0.570383 21.568629 2.119401 3.624080
45019.848905 3 0.570092 21.736190 2.124639 3.623709
45020.138202 3 0.569798 21.905171 2.129876 3.623336
45020.424606 3 0.569501 22.075585 2.135114 3.622963
45020.708147 3 0.569201 22.247447 2.140352 3.622588
45020.988852 3 0.568898 22.420769 2.145590 3.622213
45021.266749 3 0.568591 22.595566 2.150828 3.621836
45021.541868 3 0.568282 22.771852 2.156065 3.621458
45021.814236 3 0.567969 22.949640 2.161303 3.621078
45022.083880 3 0.567653 23.128945 2.166541 3.620698
45022.350828 3 0.567334 23.309782 2.171779 3.620316
45022.615106 3 0.567012 23.492165 2.177016 3.619933
45022.876741 3 0.566686 23.676109 2.182254 3.619549
45023.135760 3 0.566356 23.861628 2.187492 3.619164
45023.392189 3 0.566024 24.048739 2.192730 3.618777
45023.646053 3 0.565687 24.237455 2.197967 3.618389
45023.897379 3 0.565348 24.427793 2.203205 3.618000
45024.146192 3 0.565004 24.619768 2.208443 3.617609
45024.392516 3 0.564657 24.813396 2.213681 3.617218
45024.636377 3 0.564307 25.008693 2.218919 3.616825
45024.877800 3 0.563953 25.205675 2.224156 3.616430
45025.116808 3 0.563595 25.404357 2.229394 3.616035
45025.353427 3 0.563233 25.604758 2.234632 3.615638
45025.587679 3 0.562867 25.806893 2.239870 3.615240
45025.819588 3 0.562498 26.010779 2.245107 3.614841
45026.049179 3 0.562125 26.216433 2.250345 3.614440
45026.276473 3 0.561747 26.423872 2.255583 3.614038
45026.501495 3 0.561366 26.633114 2.260821 3.613635
45026.724266 3 0.560981 26.844177 2.266058 3.613230
45026.944810 3 0.560591 27.057078 2.271296 3.612824
45027.163148 3 0.560197 27.271835 2.276534 3.612417
45027.379303 3 0.559800 27.488466 2.281772 3.612008
45027.593297 3 0.559397 27.706990 2.287009 3.611598
45027.805150 3 0.558991 27.927425 2.292247 3.611187
45028.014885 3 0.558580 28.149791 2.297485 3.610774
45028.222522 3 0.558165 28.374106 2.302723 3.610360
45028.428084 3 0.557746 28.600390 2.307961 3.609945
45028.631589 3 0.557321 28.828661 2.313198 3.609528
45028.833060 3 0.556893 29.058940 2.318436 3.609110
45029.032515 3 0.556459 29.291247 2.323674 3.608690
45029.229977 3 0.556021 29.525602 2.328912 3.608269
45029.425463 3 0.555579 29.762025 2.334149 3.607847
45029.618995 3 0.555131 30.000536 2.339387 3.607423
45029.810591 3 0.554679 30.241158 2.344625 3.606998
45030.000272 3 0.554221 30.483910 2.349863 3.606571
45030.188056 3 0.553759 30.728815 2.355100 3.606143
45030.373961 3 0.553292 30.975893 2.360338 3.605713
45030.558008 3 0.552819 31.225167 2.365576 3.605282
45030.740214 3 0.552342 31.476659 2.370814 3.604850
45030.920599 3 0.551859 31.730391 2.376051 3.604416
45031.099179 3 0.551371 31.986386 2.381289 3.603980
45031.275974 3 0.550877 32.244667 2.386527 3.603543
45031.451000 3 0.550378 32.505257 2.391765 3.603105
45031.624277 3 0.549874 32.768180 2.397003 3.602665
45031.795820 3 0.549364 33.033458 2.402240 3.602224
45031.965648 3 0.548848 33.301117 2.407478 3.601781
45032.133778 3 0.548327 33.571181 2.412716 3.601336
45032.300227 3 0.547799 33.843674 2.417954 3.600890
45032.465011 3 0.547266 34.118621 2.423191 3.600443
45032.628147 3 0.546727 34.396048 2.428429 3.599994
45032.789652 3 0.546182 34.675980 2.433667 3.599543
45032.949542 3 0.545631 34.958442 2.438905 3.599091
45033.107833 3 0.545074 35.243462 2.444142 3.598637
45033.264541 3 0.544511 35.531065 2.449380 3.598182
45033.419682 3 0.543941 35.821279 2.454618 3.597725
45033.573272 3 0.543364 36.114130 2.459856 3.597266
45033.725325 3 0.542782 36.409647 2.465094 3.596806
45033.875858 3 0.542192 36.707856 2.470331 3.596344
45034.024886 3 0.541596 37.008787 2.475569 3.595880
45034.172424 3 0.540994 37.312467 2.480807 3.595415
45034.318486 3 0.540384 37.618926 2.486045 3.594949
45034.463087 3 0.539768 37.928193 2.491282 3.594480
45034.606243 3 0.539144 38.240298 2.496520 3.594010
45034.747967 3 0.538513 38.555270 2.501758 3.593538
45034.888274 3 0.537875 38.873141 2.506996 3.593065
45035.027177 3 0.537230 39.193940 2.512233 3.592589
45035.164692 3 0.536578 39.517700 2.517471 3.592113
45035.300831 3 0.535917 39.844452 2.522709 3.591634
45035.435609 3 0.535250 40.174227 2.527947 3.591153
45035.569040 3 0.534574 40.507059 2.533184 3.590671
45035.701136 3 0.533891 40.842980 2.538422 3.590187
45035.831911 3 0.533200 41.182024 2.543660 3.589702
45035.961378 3 0.532500 41.524225 2.548898 3.589214
45036.089550 3 0.531793 41.869616 2.554136 3.588725
45036.216441 3 0.531077 42.218233 2.559373 3.588234
45036.342063 3 0.530353 42.570110 2.564611 3.587741
45036.466429 3 0.529620 42.925284 2.569849 3.587246
45036.589551 3 0.528879 43.283790 2.575087 3.586750
45036.711442 3 0.528129 43.645666 2.580324 3.586251
45036.832114 3 0.527370 44.010947 2.585562 3.585751
45036.951579 3 0.526602 44.379673 2.590800 3.585248
45037.069850 3 0.525825 44.751881 2.596038 3.584744
45037.186938 3 0.525039 45.127610 2.601275 3.584238
45037.302855 3 0.524244 45.506899 2.606513 3.583730
45037.417612 3 0.523438 45.889788 2.611751 3.583220
45037.531223 3 0.522624 46.276318 2.616989 3.582708
45037.643697 3 0.521799 46.666529 2.622227 3.582194
45037.755046 3 0.520965 47.060464 2.627464 3.581679
45037.865282 3 0.520120 47.458163 2.632702 3.581161
45037.974416 3 0.519265 47.859671 2.637940 3.580641
45038.082458 3 0.518400 48.265031 2.643178 3.580119
45038.189420 3 0.517524 48.674286 2.648415 3.579595
45038.295312 3 0.516637 49.087482 2.653653 3.579068
45038.400145 3 0.515740 49.504663 2.658891 3.578540
45038.503930 3 0.514832 49.925877 2.664129 3.578010
45038.606677 3 0.513912 50.351170 2.669366 3.577477
45038.708397 3 0.512981 50.780589 2.674604 3.576943
45038.809099 3 0.512039 51.214182 2.679842 3.576406
45038.909099 3 0.511085 51.652000 2.685080 3.575867
45039.009099 3 0.510118 52.094091 2.690317 3.575326
45039.109099 3 0.509140 52.540506 2.695555 3.574782
45039.209099 3 0.508150 52.991297 2.700793 3.574237
45039.309099 3 0.507147 53.446515 2.706031 3.573689
45039.409099 3 0.506131 53.906215 2.711269 3.573138
45039.509099 3 0.505103 54.370449 2.716506 3.572586
45039.609099 3 0.504062 54.839273 2.721744 3.572031
45039.709099 3 0.503007 55.312742 2.726982 3.571473
45039.809099 3 0.501939 55.790913 2.732220 3.570914
45039.909099 3 0.500857 56.273844 2.737457 3.570352
45040.009099 3 0.499761 56.761593 2.742695 3.569787
45040.109099 3 0.498651 57.254220 2.747933 3.569220
45040.209099 3 0.497527 57.751786 2.753171 3.568651
45040.309099 3 0.496388 58.254352 2.758408 3.568078
45040.409099 3 0.495234 58.761981 2.763646 3.567504
45040.509099 3 0.494065 59.274738 2.768884 3.566927
45040.609099 3 0.492880 59.792686 2.774122 3.566347
45040.709099 3 0.491680 60.315893 2.779360 3.565765
45040.809099 3 0.490465 60.773490 2.784597 3.565433
45040.909099 3 0.489234 61.192215 2.789835 3.565251
45041.009099 3 0.487989 61.610863 2.795073 3.565080
45041.109099 3 0.486730 62.029189 2.800310 3.564920
45041.209099 3 0.485457 62.446923 2.805548 3.564772
45041.309099 3 0.484169 62.863769 2.810786 3.564637
45041.409099 3 0.482867 63.279400 2.816023 3.564515
45041.509099 3 0.481550 63.693458 2.821261 3.564408
45041.609099 3 0.480217 64.105544 2.826499 3.564317
45041.709099 3 0.478870 64.515220 2.831736 3.564244
45041.809099 3 0.477508 64.921999 2.836974 3.564188
45041.909099 3 0.476130 65.325336 2.842211 3.564153
45042.009099 3 0.474737 65.724626 2.847449 3.564139
45042.109099 3 0.473328 66.119189 2.852686 3.564148
45042.209099 3 0.471904 66.508263 2.857924 3.564184
45042.309099 3 0.470465 66.890982 2.863161 3.564247
45042.409099 3 0.469010 67.266369 2.868399 3.564341
45042.509099 3 0.467539 67.633303 2.873636 3.564469
45042.609099 3 0.466052 67.990500 2.878873 3.564635
45042.709099 3 0.464550 68.336471 2.884110 3.564842
45042.809099 3 0.463032 68.669480 2.889347 3.565095
45042.909099 3 0.461499 68.987483 2.894584 3.565401
45043.009099 3 0.459950 69.288046 2.899820 3.565766
45043.109099 3 0.458387 69.568235 2.905057 3.566199
45043.209099 3 0.456808 69.824463 2.910292 3.566710
45043.309099 3 0.455215 70.052271 2.915528 3.567311
45043.409099 3 0.453608 70.246007 2.920762 3.568020
45043.509099 3 0.451988 70.398349 2.925996 3.568858
45043.609099 3 0.450355 70.499557 2.931229 3.569855
45043.709099 3 0.448710 70.536286 2.936459 3.571049
45043.809099 3 0.447055 70.489598 2.941687 3.572500
45043.909099 3 0.445392 70.331530 2.946911 3.574293
45044.009099 3 0.443723 70.018849 2.952128 3.576565
45044.109099 3 0.442052 69.481153 2.957334 3.579541
45044.209099 3 0.441219 69.093442 2.959924 3.581403
45044.309099 3 0.440387 68.598501 2.962508 3.583610
45044.409099 3 0.439559 67.965490 2.965084 3.586267
45044.509099 3 0.439148 67.585183 2.966366 3.587806
45044.609099 3 0.438738 67.153440 2.967644 3.589518
45044.709099 3 0.438331 66.662275 2.968919 3.591430
45044.809099 3 0.437926 66.102190 2.970188 3.593580
45044.909099 3 0.437524 65.461886 2.971452 3.596009
45045.009099 3 0.437324 65.108240 2.972080 3.597343
45045.109099 3 0.437126 64.729455 2.972707 3.598766
45045.209099 3 0.436928 64.323479 2.973332 3.600289
45045.309099 3 0.436732 63.888083 2.973954 3.601919
45045.409099 3 0.436537 63.420843 2.974573 3.603668
45045.509099 3 0.436343 62.919139 2.975190 3.605547
45045.609099 3 0.436151 62.380135 2.975803 3.607568
45045.709099 3 0.435960 61.800777 2.976413 3.609747
45045.809099 3 0.435865 61.495479 2.976717 3.610898
45045.909099 3 0.435771 61.178905 2.977019 3.612094
45046.009099 3 0.435677 60.850614 2.977320 3.613338
45046.109099 3 0.435584 60.510156 2.977620 3.614631
45046.209099 3 0.435491 60.157065 2.977919 3.615977
45046.309099 3 0.435399 59.790863 2.978216 3.617377
45046.409099 3 0.435307 59.411061 2.978512 3.618835
45046.509099 3 0.435216 59.017159 2.978807 3.620353
45046.609099 3 0.435126 58.608649 2.979100 3.621935
45046.709099 3 0.435036 58.185011 2.979392 3.623583
45046.809099 3 0.434947 57.745723 2.979681 3.625301
45046.909099 3 0.434858 57.290255 2.979969 3.627093
45047.009099 3 0.434770 56.818075 2.980255 3.628961
45047.109099 3 0.434683 56.328651 2.980540 3.630911
45047.209099 3 0.434596 55.821454 2.980822 3.632945
45047.309099 3 0.434510 55.295960 2.981101 3.635069
45047.409099 3 0.434425 54.751655 2.981379 3.637287
45047.509099 3 0.434383 54.472756 2.981517 3.638430
45047.609099 3 0.434341 54.188992 2.981654 3.639598
45047.709099 3 0.434300 53.900306 2.981790 3.640793
45047.809099 3 0.434258 53.606640 2.981926 3.642013
45047.909099 3 0.434217 53.307939 2.982061 3.643260
45048.009099 3 0.434176 53.004148 2.982196 3.644535
45048.109099 3 0.434135 52.695215 2.982329 3.645837
45048.209099 3 0.434095 52.381091 2.982462 3.647169
45048.309099 3 0.434054 52.061729 2.982595 3.648530
45048.409099 3 0.434014 51.737083 2.982726 3.649921
45048.509099 3 0.433975 51.407111 2.982857 3.651343
45048.609099 3 0.433935 51.071774 2.982986 3.652797
45048.709099 3 0.433896 50.731036 2.983115 3.654283
45048.809099 3 0.433857 50.384865 2.983243 3.655801
45048.909099 3 0.433818 50.033231 2.983371 3.657354
45049.009099 3 0.433779 49.676109 2.983497 3.658941
45049.109099 3 0.433741 49.313477 2.983622 3.660563
45049.209099 3 0.433703 48.945320 2.983747 3.662222
45049.309099 3 0.433665 48.571624 2.983870 3.663917
45049.409099 3 0.433628 48.192383 2.983992 3.665649
45049.509099 3 0.433591 47.807594 2.984114 3.667421
45049.609099 3 0.433554 47.417259 2.984234 3.669231
45049.709099 3 0.433518 47.021388 2.984353 3.671081
45049.809099 3 0.433481 46.619993 2.984471 3.672972
45049.909099 3 0.433446 46.213096 2.984588 3.674905
45050.009099 3 0.433410 45.800723 2.984703 3.676880
45050.109099 3 0.433375 45.382906 2.984818 3.678899
45050.209099 3 0.433340 44.959685 2.984931 3.680962
45050.309099 3 0.433305 44.531106 2.985043 3.683070
45050.409099 3 0.433271 44.097223 2.985154 3.685223
45050.509099 3 0.433237 43.658096 2.985263 3.687424
45050.609099 3 0.433220 43.436916 2.985317 3.688540
45050.709099 3 0.433203 43.214457 2.985371 3.689669
45050.809099 3 0.433187 42.990729 2.985424 3.690809
45050.909099 3 0.433170 42.765744 2.985478 3.691962
45051.009099 3 0.433154 42.539511 2.985530 3.693127
45051.109099 3 0.433137 42.312041 2.985583 3.694304
45051.209099 3 0.433121 42.083347 2.985635 3.695494
45051.309099 3 0.433105 41.853440 2.985686 3.696697
45051.409099 3 0.433089 41.622333 2.985738 3.697912
45051.509099 3 0.433073 41.390040 2.985789 3.699140
45051.609099 3 0.433057 41.156574 2.985839 3.700381
45051.709099 3 0.433041 40.921948 2.985889 3.701635
45051.809099 3 0.433025 40.686179 2.985939 3.702902
45051.909099 3 0.433009 40.449281 2.985988 3.704182
45052.009099 3 0.432994 40.211270 2.986037 3.705476
45052.109099 3 0.432978 39.972162 2.986086 3.706783
45052.209099 3 0.432963 39.731973 2.986134 3.708104
45052.309099 3 0.432948 39.490722 2.986182 3.709438
45052.409099 3 0.432932 39.248426 2.986229 3.710787
45052.509099 3 0.432917 39.005102 2.986276 3.712149
45052.609099 3 0.432902 38.760771 2.986322 3.713525
45052.709099 3 0.432887 38.515451 2.986369 3.714915
45052.809099 3 0.432872 38.269161 2.986414 3.716320
45052.909099 3 0.432858 38.021924 2.986459 3.717738
45053.009099 3 0.432843 37.773758 2.986504 3.719171
45053.109099 3 0.432829 37.524685 2.986548 3.720619
45053.209099 3 0.432814 37.274728 2.986592 3.722081
45053.309099 3 0.432800 37.023908 2.986635 3.723558
45053.409099 3 0.432786 36.772248 2.986678 3.725050
45053.509099 3 0.432771 36.519772 2.986721 3.726557
45053.609099 3 0.432757 36.266502 2.986762 3.728078
45053.709099 3 0.432743 36.012464 2.986804 3.729615
45053.809099 3 0.432729 35.757682 2.986845 3.731167
45053.909099 3 0.432716 35.502180 2.986885 3.732734
45054.009099 3 0.432702 35.245985 2.986925 3.734317
45054.109099 3 0.432688 34.989122 2.986965 3.735915
45054.209099 3 0.432675 34.731617 2.987004 3.737529
45054.309099 3 0.432662 34.473498 2.987042 3.739158
45054.409099 3 0.432648 34.214791 2.987080 3.740804
45054.509099 3 0.432635 33.955524 2.987117 3.742465
45054.609099 3 0.432622 33.695725 2.987154 3.744142
45054.709099 3 0.432609 33.435422 2.987191 3.745835
45054.809099 3 0.432596 33.174644 2.987226 3.747544
45054.909099 3 0.432584 32.913420 2.987262 3.749269
45055.009099 3 0.432571 32.651779 2.987296 3.751011
45055.109099 3 0.432558 32.389751 2.987330 3.752769
45055.209099 3 0.432546 32.127366 2.987364 3.754544
45055.309099 3 0.432533 31.864654 2.987397 3.756335
45055.409099 3 0.432521 31.601646 2.987429 3.758143
45055.509099 3 0.432509 31.338371 2.987461 3.759968
45055.609099 3 0.432497 31.074863 2.987493 3.761809
45055.709099 3 0.432485 30.811151 2.987523 3.763667
45055.809099 3 0.432473 30.547267 2.987553 3.765543
45055.909099 3 0.432461 30.283244 2.987583 3.767435
45056.009099 3 0.432450 30.019112 2.987612 3.769345
45056.109099 3 0.432438 29.754905 2.987640 3.771271
45056.209099 3 0.432427 29.490654 2.987668 3.773215
45056.309099 3 0.432415 29.226391 2.987695 3.775177
45056.409099 3 0.432404 28.962150 2.987721 3.777155
45056.509099 3 0.432393 28.697962 2.987747 3.779152
45056.609099 3 0.432382 28.433861 2.987772 3.781166
45056.709099 3 0.432371 28.169880 2.987796 3.783197
45056.809099 3 0.432360 27.906051 2.987820 3.785246
45056.909099 3 0.432350 27.642406 2.987843 3.787313
45057.009099 3 0.432339 27.378980 2.987866 3.789398
45057.109099 3 0.432328 27.115805 2.987888 3.791501
45057.209099 3 0.432318 26.852914 2.987909 3.793622
45057.309099 3 0.432308 26.590340 2.987929 3.795761
45057.409099 3 0.432297 26.328115 2.987949 3.797918
45057.509099 3 0.432287 26.066273 2.987968 3.800093
45057.609099 3 0.432277 25.804846 2.987986 3.802286
45057.709099 3 0.432267 25.543866 2.988004 3.804498
45057.809099 3 0.432258 25.283367 2.988021 3.806728
45057.909099 3 0.432248 25.023380 2.988037 3.808977
45058.009099 3 0.432238 24.763938 2.988052 3.811244
45058.109099 3 0.432229 24.505073 2.988067 3.813529
45058.209099 3 0.432219 24.246817 2.988081 3.815833
45058.309099 3 0.432210 23.989201 2.988094 3.818156
45058.409099 3 0.432201 23.732256 2.988106 3.820498
45058.509099 3 0.432192 23.476015 2.988118 3.822858
45058.609099 3 0.432183 23.220507 2.988129 3.825237
45058.709099 3 0.432174 22.965765 2.988139 3.827635
45058.809099 3 0.432165 22.711817 2.988148 3.830052
45058.909099 3 0.432156 22.458694 2.988156 3.832487
45059.009099 3 0.432148 22.206427 2.988164 3.834942
45059.109099 3 0.432139 21.955044 2.988171 3.837416
45059.209099 3 0.432131 21.704575 2.988177 3.839909
45059.309099 3 0.432122 21.455048 2.988182 3.842421
45059.409099 3 0.432114 21.206493 2.988186 3.844953
45059.509099 3 0.432106 20.958936 2.988190 3.847503
45059.609099 3 0.432098 20.712407 2.988192 3.850073
45059.709099 3 0.432090 20.466931 2.988194 3.852663
45059.809099 3 0.432082 20.222536 2.988195 3.855271
45059.909099 3 0.432075 19.979249 2.988195 3.857900
45060.009099 3 0.432067 19.737096 2.988194 3.860547
45060.109099 3 0.432059 19.496102 2.988192 3.863215
45060.209099 3 0.432052 19.256292 2.988189 3.865902
45060.309099 3 0.432044 19.017691 2.988186 3.868608
45060.409099 3 0.432037 18.780323 2.988181 3.871334
45060.509099 3 0.432030 18.544213 2.988176 3.874080
45060.609099 3 0.432023 18.309383 2.988169 3.876846
45060.709099 3 0.432016 18.075856 2.988162 3.879632
45060.809099 3 0.432009 17.843654 2.988153 3.882437
45060.909099 3 0.432002 17.612800 2.988144 3.885262
45061.009099 3 0.431995 17.383314 2.988133 3.888108
45061.109099 3 0.431989 17.155217 2.988122 3.890973
45061.209099 3 0.431982 16.928530 2.988110 3.893858
45061.309099 3 0.431976 16.703271 2.988096 3.896764
45061.409099 3 0.431969 16.479462 2.988082 3.899689
45061.509099 3 0.431963 16.257119 2.988066 3.902635
45061.609099 3 0.431957 16.036261 2.988050 3.905601
45061.709099 3 0.431951 15.816906 2.988032 3.908588
45061.809099 3 0.431945 15.599071 2.988013 3.911594
45061.909099 3 0.431939 15.382772 2.987993 3.914622
45062.009099 3 0.431933 15.168025 2.987972 3.917669
45062.109099 3 0.431927 14.954846 2.987950 3.920737
45062.209099 3 0.431921 14.743249 2.987927 3.923826
45062.309099 3 0.431916 14.533249 2.987903 3.926935
45062.409099 3 0.431910 14.324860 2.987877 3.930065
45062.509099 3 0.431905 14.118094 2.987851 3.933215
45062.609099 3 0.431899 13.912964 2.987823 3.936386
45062.709099 3 0.431894 13.709484 2.987794 3.939579
45062.809099 3 0.431889 13.507663 2.987764 3.942791
45062.909099 3 0.431884 13.307513 2.987732 3.946025
45063.009099 3 0.431879 13.109045 2.987700 3.949280
45063.109099 3 0.431874 12.912269 2.987666 3.952556
45063.209099 3 0.431869 12.717194 2.987630 3.955853
45063.309099 3 0.431864 12.523829 2.987594 3.959170
45063.409099 3 0.431859 12.332183 2.987556 3.962510
45063.509099 3 0.431854 12.142263 2.987517 3.965870
45063.609099 3 0.431850 11.954076 2.987477 3.969252
45063.709099 3 0.431845 11.767630 2.987435 3.972655
45063.809099 3 0.431841 11.582931 2.987392 3.976079
45063.909099 3 0.431836 11.399985 2.987347 3.979525
45064.009099 3 0.431832 11.218796 2.987301 3.982993
45064.109099 3 0.431828 11.039371 2.987254 3.986482
45064.209099 3 0.431823 10.861713 2.987205 3.989993
45064.309099 3 0.431819 10.685826 2.987155 3.993525
45064.409099 3 0.431815 10.511713 2.987103 3.997080
45064.509099 3 0.431811 10.339378 2.987050 4.000656
45064.609099 3 0.431807 10.168823 2.986995 4.004254
45064.709099 3 0.431804 10.000050 2.986939 4.007874
45064.809099 3 0.431800 9.833060 2.986881 4.011516
45064.909099 3 0.431796 9.667855 2.986821 4.015181
45065.009099 3 0.431792 9.504435 2.986760 4.018868
45065.109099 3 0.431789 9.342801 2.986698 4.022576
45065.209099 3 0.431785 9.182952 2.986633 4.026308
45065.309099 3 0.431782 9.024887 2.986568 4.030062
45065.409099 3 0.431778 8.868607 2.986500 4.033838
45065.509099 3 0.431775 8.714108 2.986431 4.037637
45065.609099 3 0.431772 8.561391 2.986359 4.041458
45065.709099 3 0.431768 8.410451 2.986287 4.045303
45065.809099 3 0.431765 8.261287 2.986212 4.049170
45065.909099 3 0.431762 8.113896 2.986136 4.053060
45066.009099 3 0.431759 7.968274 2.986057 4.056973
45066.109099 3 0.431756 7.824418 2.985977 4.060909
45066.209099 3 0.431753 7.682323 2.985895 4.064868
45066.309099 3 0.431750 7.541986 2.985811 4.068851
45066.409099 3 0.431747 7.403401 2.985725 4.072856
45066.509099 3 0.431745 7.266563 2.985637 4.076885
45066.609099 3 0.431742 7.131467 2.985548 4.080938
45066.709099 3 0.431739 6.998108 2.985456 4.085014
45066.809099 3 0.431736 6.866478 2.985362 4.089114
45066.909099 3 0.431734 6.736572 2.985266 4.093237
45067.009099 3 0.431731 6.608384 2.985167 4.097385
45067.109099 3 0.431731 6.499337 2.985092 4.100979
45067.209099 3 0.431731 6.391247 2.985015 4.104601
45067.309099 3 0.431730 6.284120 2.984935 4.108252
45067.409099 3 0.431730 6.177962 2.984854 4.111931
45067.509099 3 0.431730 6.072781 2.984770 4.115639
45067.609099 3 0.431729 5.968581 2.984684 4.119376
45067.709099 3 0.431729 5.865370 2.984596 4.123142
45067.809099 3 0.431729 5.763152 2.984505 4.126937
45067.909099 3 0.431729 5.661934 2.984412 4.130761
45068.009099 3 0.431728 5.561721 2.984317 4.134615
45068.109099 3 0.431728 5.462517 2.984219 4.138499
45068.209099 3 0.431728 5.364328 2.984119 4.142413
45068.309099 3 0.431727 5.267159 2.984016 4.146356
45068.409099 3 0.431727 5.171013 2.983911 4.150330
45068.509099 3 0.431726 5.075895 2.983803 4.154335
45068.609099 3 0.431726 4.981808 2.983692 4.158370
45068.709099 3 0.431726 4.888757 2.983579 4.162436
45068.809099 3 0.431725 4.796744 2.983463 4.166533
45068.909099 3 0.431725 4.705774 2.983344 4.170661
45069.009099 3 0.431725 4.615847 2.983222 4.174820
45069.109099 3 0.431724 4.526969 2.983098 4.179011
45069.209099 3 0.431724 4.439139 2.982971 4.183234
45069.309099 3 0.431724 4.352362 2.982840 4.187488
45069.409099 3 0.431723 4.266637 2.982707 4.191774
45069.509099 3 0.431723 4.181968 2.982570 4.196093
45069.609099 3 0.431723 4.098355 2.982430 4.200443
45069.709099 3 0.431722 4.015800 2.982287 4.204826
45069.809099 3 0.431722 3.934302 2.982141 4.209242
45069.909099 3 0.431721 3.853863 2.981991 4.213690
45070.009099 3 0.431721 3.774483 2.981838 4.218171
45070.109099 3 0.431721 3.696162 2.981682 4.222686
45070.209099 3 0.431720 3.618898 2.981522 4.227233
45070.309099 3 0.431720 3.542692 2.981358 4.231813
45070.409099 3 0.431719 3.467543 2.981191 4.236427
45070.509099 3 0.431719 3.393449 2.981020 4.241075
45070.609099 3 0.431718 3.320410 2.980845 4.245756
45070.709099 3 0.431718 3.248422 2.980666 4.250471
45070.809099 3 0.431718 3.177485 2.980484 4.255220
45070.909099 3 0.431717 3.107596 2.980297 4.260003
45071.009099 3 0.431717 3.038752 2.980106 4.264819
45071.109099 3 0.431716 2.970951 2.979911 4.269671
45071.209099 3 0.431716 2.904190 2.979712 4.274556
45071.309099 3 0.431715 2.838464 2.979508 4.279476
45071.409099 3 0.431715 2.773771 2.979300 4.284430
45071.509099 3 0.431714 2.710107 2.979087 4.289419
45071.609099 3 0.431714 2.647467 2.978870 4.294443
45071.709099 3 0.431714 2.585847 2.978648 4.299501
45071.809099 3 0.431713 2.525242 2.978421 4.304594
45071.909099 3 0.431713 2.465647 2.978190 4.309722
45072.009099 3 0.431712 2.407058 2.977953 4.314885
45072.109099 3 0.431712 2.349469 2.977711 4.320083
45072.209099 3 0.431711 2.292873 2.977464 4.325317
45072.309099 3 0.431711 2.237266 2.977212 4.330585
45072.409099 3 0.431710 2.182641 2.976954 4.335888
45072.509099 3 0.431710 2.128991 2.976690 4.341226
45072.609099 3 0.431709 2.076310 2.976421 4.346600
45072.709099 3 0.431708 2.024592 2.976146 4.352008
45072.809099 3 0.431708 1.973829 2.975866 4.357452
45072.909099 3 0.431707 1.924038 2.975579 4.362929
45073.009099 3 0.431707 1.875212 2.975287 4.368437
45073.109099 3 0.431706 1.827343 2.974988 4.373977
45073.209099 3 0.431706 1.780421 2.974683 4.379550
45073.309099 3 0.431705 1.734437 2.974372 4.385154
45073.409099 3 0.431705 1.689382 2.974054 4.390790
45073.509099 3 0.431704 1.645246 2.973730 4.396458
45073.609099 3 0.431704 1.602020 2.973399 4.402156
45073.709099 3 0.431704 1.561116 2.973076 4.407692
45073.809099 3 0.431704 1.521041 2.972746 4.413257
45073.909099 3 0.431704 1.481784 2.972409 4.418850
45074.009099 3 0.431703 1.443337 2.972066 4.424473
45074.109099 3 0.431703 1.405691 2.971716 4.430125
45074.209099 3 0.431703 1.368836 2.971358 4.435804
45074.309099 3 0.431703 1.332762 2.970993 4.441513
45074.409099 3 0.431703 1.297457 2.970621 4.447249
45074.509099 3 0.431703 1.262906 2.970241 4.453015
45074.609099 3 0.431703 1.229099 2.969854 4.458811
45074.709099 3 0.431703 1.196026 2.969458 4.464635
45074.809099 3 0.431703 1.163679 2.969055 4.470488
45074.909099 3 0.431703 1.132047 2.968643 4.476369
45075.009099 3 0.431703 1.101120 2.968222 4.482279
45075.109099 3 0.431703 1.070890 2.967793 4.488216
45075.209099 3 0.431703 1.041346 2.967355 4.494182
45075.309099 3 0.431703 1.012479 2.966908 4.500175
45075.409099 3 0.431702 0.984279 2.966452 4.506195
45075.509099 3 0.431702 0.956735 2.965986 4.512241
45075.609099 3 0.431702 0.929839 2.965511 4.518314
45075.709099 3 0.431702 0.903581 2.965026 4.524414
45075.809099 3 0.431702 0.877950 2.964530 4.530538
45075.909099 3 0.431702 0.852936 2.964025 4.536688
45076.009099 3 0.431702 0.828531 2.963509 4.542863
45076.109099 3 0.431702 0.804724 2.962982 4.549062
45076.209099 3 0.431702 0.781506 2.962444 4.555285
45076.309099 3 0.431701 0.758866 2.961895 4.561532
45076.409099 3 0.431701 0.736795 2.961334 4.567801
45076.509099 3 0.431701 0.715284 2.960762 4.574092
45076.609099 3 0.431701 0.694322 2.960178 4.580405
45076.709099 3 0.431701 0.673899 2.959582 4.586738
45076.809099 3 0.431701 0.654007 2.958973 4.593093
45076.909099 3 0.431701 0.634635 2.958351 4.599466
45077.009099 3 0.431700 0.615774 2.957717 4.605859
45077.109099 3 0.431700 0.597414 2.957069 4.612270
45077.209099 3 0.431700 0.579546 2.956407 4.618698
45077.309099 3 0.431700 0.562160 2.955732 4.625144
45077.409099 3 0.431700 0.545246 2.955043 4.631605
45077.509099 3 0.431700 0.528796 2.954339 4.638081
45077.609099 3 0.431700 0.512800 2.953620 4.644572
45077.709099 3 0.431699 0.497248 2.952886 4.651076
45077.809099 3 0.431699 0.482130 2.952137 4.657593
45077.909099 3 0.431699 0.467439 2.951372 4.664121
45078.009099 3 0.431699 0.453165 2.950591 4.670660
45078.109099 3 0.431699 0.439297 2.949794 4.677210
45078.209099 3 0.431699 0.425829 2.948979 4.683768
45078.309099 3 0.431698 0.412749 2.948148 4.690334
45078.409099 3 0.431698 0.400050 2.947299 4.696908
45078.509099 3 0.431698 0.387723 2.946432 4.703488
45078.609099 3 0.431698 0.375757 2.945547 4.710074
45078.709099 3 0.431698 0.364142 2.944643 4.716666
45078.809099 3 0.431698 0.352871 2.943719 4.723262
45078.909099 3 0.431698 0.341935 2.942775 4.729862
45079.009099 3 0.431698 0.331326 2.941812 4.736466
45079.109099 3 0.431697 0.321035 2.940827 4.743071
45079.209099 3 0.431697 0.311054 2.939821 4.749678
45079.309099 3 0.431697 0.301375 2.938793 4.756285
45079.409099 3 0.431697 0.291992 2.937743 4.762891
45079.509099 3 0.431697 0.282895 2.936671 4.769496
45079.609099 3 0.431697 0.274077 2.935574 4.776098
45079.709099 3 0.431697 0.265532 2.934454 4.782696
45079.809099 3 0.431696 0.257251 2.933309 4.789290
45079.909099 3 0.431696 0.249227 2.932139 4.795878
45080.009099 3 0.431696 0.241455 2.930944 4.802459
45080.109099 3 0.431696 0.233925 2.929721 4.809032
45080.209099 3 0.431696 0.226633 2.928472 4.815597
45080.309099 3 0.431696 0.219572 2.927195 4.822151
45080.409099 3 0.431696 0.212734 2.925890 4.828695
45080.509099 3 0.431696 0.206114 2.924556 4.835226
45080.609099 3 0.431696 0.199705 2.923191 4.841744
45080.709099 3 0.431695 0.193501 2.921797 4.848248
45080.809099 3 0.431695 0.187497 2.920370 4.854736
45080.909099 3 0.431695 0.181686 2.918912 4.861208
45081.009099 3 0.431695 0.176064 2.917421 4.867661
45081.109099 3 0.431695 0.170623 2.915896 4.874095
45081.209099 3 0.431695 0.165360 2.914336 4.880510
45081.309099 3 0.431695 0.160268 2.912741 4.886902
45081.409099 3 0.431695 0.155343 2.911110 4.893272
45081.509099 3 0.431694 0.150579 2.909441 4.899618
45081.609099 3 0.431694 0.145972 2.907734 4.905939
45081.709099 3 0.431694 0.141517 2.905988 4.912233
45081.809099 3 0.431694 0.137209 2.904201 4.918500
45081.909099 3 0.431694 0.133043 2.902374 4.924737
45082.009099 3 0.431694 0.129016 2.900504 4.930945
45082.109099 3 0.431694 0.125122 2.898590 4.937120
45082.209099 3 0.431694 0.121359 2.896632 4.943263
45082.309099 3 0.431694 0.117720 2.894628 4.949372
45082.409099 3 0.431693 0.114203 2.892578 4.955446
45082.509099 3 0.431693 0.110804 2.890479 4.961482
45082.609099 3 0.431693 0.107519 2.888332 4.967481
45082.709099 3 0.431693 0.104344 2.886133 4.973440
45082.809099 3 0.431693 0.101276 2.883883 4.979358
45082.909099 3 0.431693 0.098311 2.881579 4.985234
45083.009099 3 0.431693 0.095446 2.879221 4.991066
45083.109099 3 0.431693 0.092678 2.876807 4.996854
45083.209099 3 0.431693 0.090003 2.874335 5.002596
45083.309099 3 0.431693 0.087419 2.871805 5.008290
45083.409099 3 0.431693 0.084922 2.869214 5.013935
45083.509099 3 0.431692 0.082509 2.866560 5.019529
45083.609099 3 0.431692 0.080179 2.863843 5.025072
45083.709099 3 0.431692 0.077927 2.861061 5.030562
45083.809099 3 0.431692 0.075752 2.858212 5.035998
45083.909099 3 0.431692 0.073650 2.855294 5.041377
45084.009099 3 0.431692 0.071620 2.852305 5.046700
45084.109099 3 0.431692 0.069659 2.849244 5.051964
45084.209099 3 0.431692 0.067764 2.846109 5.057168
45084.309099 3 0.431692 0.065934 2.842897 5.062310
45084.409099 3 0.431692 0.064166 2.839607 5.067390
45084.509099 3 0.431692 0.062458 2.836237 5.072406
45084.609099 3 0.431692 0.060808 2.832785 5.077356
45084.709099 3 0.431691 0.059214 2.829249 5.082239
45084.809099 3 0.431691 0.057675 2.825626 5.087054
45084.909099 3 0.431691 0.056188 2.821915 5.091799
45085.009099 3 0.431691 0.054751 2.818112 5.096474
45085.109099 3 0.431691 0.053363 2.814217 5.101076
45085.209099 3 0.431691 0.052022 2.810226 5.105604
45085.309099 3 0.431691 0.050727 2.806137 5.110057
45085.409099 3 0.431691 0.049475 2.801948 5.114434
45085.509099 3 0.431691 0.048266 2.797656 5.118733
45085.609099 3 0.431691 0.047098 2.793258 5.122953
45085.709099 3 0.431691 0.045970 2.788753 5.127092
45085.809099 3 0.431691 0.044880 2.784137 5.131150
45085.909099 3 0.431691 0.043827 2.779409 5.135124
45086.009099 3 0.431691 0.042809 2.774564 5.139015
45086.109099 3 0.431691 0.041826 2.769601 5.142819
45086.209099 3 0.431690 0.040876 2.764517 5.146537
45086.309099 3 0.431690 0.039958 2.759309 5.150166
45086.409099 3 0.431690 0.039071 2.753974 5.153707
45086.509099 3 0.431690 0.038214 2.748509 5.157156
45086.609099 3 0.431690 0.037386 2.742912 5.160514
45086.709099 3 0.431690 0.036586 2.737180 5.163778
45086.809099 3 0.431690 0.035813 2.731309 5.166949
45086.909099 3 0.431690 0.035066 2.725298 5.170024
45087.009099 3 0.431690 0.034344 2.719142 5.173002
45087.109099 3 0.431690 0.033646 2.712840 5.175883
45087.209099 3 0.431690 0.032972 2.706388 5.178666
45087.309099 3 0.431690 0.032320 2.699783 5.181348
45087.409099 3 0.431690 0.031691 2.693023 5.183930
45087.509099 3 0.431690 0.031082 2.686105 5.186410
45087.609099 3 0.431690 0.030494 2.679026 5.188788
45087.709099 3 0.431690 0.029926 2.671784 5.191062
45087.809099 3 0.431690 0.029377 2.664376 5.193231
45087.909099 3 0.431690 0.028846 2.656799 5.195296
45088.009099 3 0.431690 0.028333 2.649051 5.197254
45088.109099 3 0.431690 0.027838 2.641130 5.199106
45088.209099 3 0.431690 0.027359 2.633033 5.200850
45088.309099 3 0.431690 0.026896 2.624759 5.202487
45088.409099 3 0.431690 0.026449 2.616306 5.204014
45088.509099 3 0.431690 0.026017 2.607671 5.205433
45088.609099 3 0.431690 0.025599 2.598854 5.206743
45088.709099 3 0.431690 0.025195 2.589853 5.207943
45088.809099 3 0.431690 0.024806 2.580667 5.209033
45088.909099 3 0.431689 0.024429 2.571295 5.210013
45089.009099 3 0.431689 0.024065 2.561737 5.210882
45089.109099 3 0.431689 0.023713 2.551992 5.211642
45089.209099 3 0.431689 0.023374 2.542061 5.212292
45089.309099 3 0.431689 0.023046 2.531943 5.212832
45089.409099 3 0.431689 0.022729 2.521640 5.213263
45089.509099 3 0.431689 0.022423 2.511153 5.213585
45089.609099 3 0.431689 0.022127 2.500483 5.213798
45089.709099 3 0.431689 0.021842 2.489633 5.213904
45089.809099 3 0.431689 0.021566 2.478605 5.213904
45089.909099 3 0.431689 0.021300 2.467402 5.213798
45090.009099 3 0.431689 0.021044 2.456027 5.213588
45090.109099 3 0.431689 0.020796 2.444485 5.213275
45090.209099 3 0.431689 0.020557 2.432780 5.212860
45090.309099 3 0.431689 0.020326 2.420917 5.212346
45090.409099 3 0.431689 0.020103 2.408903 5.211733
45090.509099 3 0.431689 0.019889 2.396744 5.211025
45090.609099 3 0.431689 0.019681 2.384446 5.210223
45090.709099 3 0.431689 0.019482 2.372019 5.209330
45090.809099 3 0.431689 0.019289 2.359469 5.208348
45090.909099 3 0.431689 0.019104 2.346807 5.207280
45091.009099 3 0.431689 0.018925 2.334041 5.206129
45091.109099 3 0.431689 0.018753 2.321184 5.204898
45091.209099 3 0.431689 0.018587 2.308245 5.203591
