t Ka M R logL logTeff
1.028299 1 5.000048 2.648796 2.726160 4.231156
2.056616 1 5.000011 2.662044 2.727952 4.230521
3.084950 1 4.999974 2.675366 2.729782 4.229894
4.113302 1 4.999936 2.688767 2.731651 4.229277
5.141671 1 4.999899 2.702251 2.733560 4.228668
6.170058 1 4.999861 2.715823 2.735508 4.228067
7.198464 1 4.999822 2.729488 2.737495 4.227474
8.226887 1 4.999784 2.743251 2.739521 4.226888
9.255329 1 4.999745 2.757117 2.741586 4.226310
10.283789 1 4.999705 2.771090 2.743691 4.225738
11.312268 1 4.999666 2.785176 2.745834 4.225173
12.340765 1 4.999626 2.799380 2.748017 4.224614
13.369282 1 4.999585 2.813708 2.750239 4.224061
14.397817 1 4.999544 2.828164 2.752499 4.223513
15.426373 1 4.999503 2.842755 2.754799 4.222971
16.454947 1 4.999461 2.857485 2.757139 4.222433
17.483542 1 4.999419 2.872362 2.759517 4.221900
18.512156 1 4.999377 2.887389 2.761934 4.221371
19.540791 1 4.999334 2.902575 2.764391 4.220847
20.569446 1 4.999290 2.917924 2.766886 4.220325
21.598122 1 4.999246 2.933442 2.769421 4.219807
22.626819 1 4.999201 2.949137 2.771995 4.219292
23.655537 1 4.999156 2.965014 2.774607 4.218779
24.684276 1 4.999110 2.981080 2.777259 4.218269
25.713037 1 4.999064 2.997342 2.779950 4.217760
26.741820 1 4.999017 3.013806 2.782680 4.217253
27.770625 1 4.998970 3.030480 2.785449 4.216747
28.799452 1 4.998922 3.047370 2.788258 4.216242
29.828303 1 4.998873 3.064485 2.791105 4.215738
30.857176 1 4.998824 3.081831 2.793991 4.215234
31.886073 1 4.998774 3.099415 2.796916 4.214730
32.914993 1 4.998723 3.117247 2.799880 4.214225
33.943938 1 4.998672 3.135334 2.802884 4.213720
34.972907 1 4.998620 3.153683 2.805926 4.213213
36.001901 1 4.998567 3.172304 2.809007 4.212705
37.030920 1 4.998513 3.191206 2.812128 4.212195
38.059964 1 4.998459 3.210397 2.815287 4.211683
39.089034 1 4.998404 3.229886 2.818485 4.211168
40.118130 1 4.998347 3.249683 2.821722 4.210651
41.147253 1 4.998291 3.269799 2.824998 4.210130
42.176403 1 4.998233 3.290242 2.828314 4.209605
43.205580 1 4.998174 3.311025 2.831668 4.209076
44.234785 1 4.998114 3.332158 2.835061 4.208543
45.264019 1 4.998054 3.353654 2.838493 4.208005
46.293281 1 4.997992 3.375523 2.841964 4.207461
47.322573 1 4.997929 3.397780 2.845473 4.206911
48.351894 1 4.997866 3.420437 2.849022 4.206355
49.381245 1 4.997801 3.443510 2.852610 4.205792
50.410628 1 4.997735 3.467013 2.856236 4.205222
51.440041 1 4.997668 3.490962 2.859901 4.204643
52.469487 1 4.997600 3.515376 2.863605 4.204056
53.498964 1 4.997531 3.540272 2.867348 4.203459
54.528475 1 4.997460 3.565669 2.871130 4.202853
55.558019 1 4.997388 3.591591 2.874951 4.202235
56.587597 1 4.997315 3.618059 2.878810 4.201605
57.617210 1 4.997240 3.645098 2.882709 4.200963
58.646859 1 4.997164 3.672735 2.886646 4.200307
59.676543 1 4.997087 3.701000 2.890621 4.199636
60.706264 1 4.997008 3.729924 2.894636 4.198950
61.736023 1 4.996928 3.759542 2.898689 4.198245
62.765820 1 4.996846 3.789892 2.902781 4.197522
63.795655 1 4.996763 3.821016 2.906912 4.196779
64.825530 1 4.996678 3.852959 2.911081 4.196014
65.855446 1 4.996591 3.885770 2.915289 4.195224
66.885403 1 4.996503 3.919506 2.919536 4.194409
67.915401 1 4.996413 3.954227 2.923822 4.193565
68.945443 1 4.996321 3.989999 2.928146 4.192691
69.975528 1 4.996227 4.026897 2.932508 4.191782
71.005658 1 4.996132 4.065001 2.936909 4.190838
72.035833 1 4.996034 4.104402 2.941349 4.189853
73.066054 1 4.995934 4.145199 2.945827 4.188825
73.581189 1 4.995883 4.166155 2.948081 4.188293
74.096335 1 4.995832 4.187502 2.950344 4.187749
74.611494 1 4.995780 4.209257 2.952617 4.187192
75.126665 1 4.995728 4.231434 2.954899 4.186622
75.641849 1 4.995675 4.254053 2.957191 4.186037
76.157045 1 4.995621 4.277130 2.959493 4.185438
76.672254 1 4.995567 4.300686 2.961804 4.184823
77.187475 1 4.995513 4.324741 2.964125 4.184192
77.702710 1 4.995458 4.349315 2.966456 4.183544
78.217958 1 4.995402 4.374432 2.968796 4.182879
78.733219 1 4.995346 4.400116 2.971146 4.182195
79.248493 1 4.995289 4.426391 2.973505 4.181492
79.763781 1 4.995231 4.453284 2.975874 4.180769
80.279083 1 4.995173 4.480822 2.978252 4.180025
80.794398 1 4.995114 4.509036 2.980641 4.179259
81.309728 1 4.995055 4.537957 2.983038 4.178470
81.825071 1 4.994995 4.567617 2.985446 4.177657
82.340429 1 4.994935 4.598050 2.987863 4.176819
82.855801 1 4.994873 4.629295 2.990289 4.175955
83.371188 1 4.994812 4.661388 2.992725 4.175064
83.886589 1 4.994749 4.694372 2.995171 4.174145
84.402006 1 4.994686 4.728289 2.997626 4.173195
84.917437 1 4.994622 4.763185 3.000091 4.172215
85.432883 1 4.994558 4.799109 3.002565 4.171202
85.948345 1 4.994493 4.836112 3.005049 4.170155
86.463822 1 4.994427 4.874248 3.007543 4.169073
86.979315 1 4.994361 4.913574 3.010046 4.167953
87.494824 1 4.994294 4.954151 3.012559 4.166796
88.010348 1 4.994226 4.996044 3.015081 4.165598
88.525889 1 4.994158 5.039322 3.017613 4.164358
89.041446 1 4.994089 5.084055 3.020154 4.163074
89.557019 1 4.994019 5.130323 3.022705 4.161745
90.072609 1 4.993949 5.178205 3.025266 4.160367
90.588216 1 4.993878 5.227790 3.027836 4.158941
91.103839 1 4.993806 5.279168 3.030416 4.157462
91.361660 1 4.993770 5.305561 3.031709 4.156702
91.619484 1 4.993733 5.332439 3.033005 4.155929
91.877313 1 4.993697 5.359816 3.034303 4.155141
92.135147 1 4.993660 5.387706 3.035604 4.154340
92.392984 1 4.993623 5.416123 3.036907 4.153523
92.650826 1 4.993586 5.445081 3.038212 4.152691
92.908673 1 4.993549 5.474595 3.039520 4.151845
93.166524 1 4.993511 5.504681 3.040830 4.150982
93.424379 1 4.993474 5.535355 3.042143 4.150103
93.682239 1 4.993436 5.566633 3.043457 4.149209
93.940104 1 4.993398 5.598533 3.044775 4.148297
94.197973 1 4.993360 5.631072 3.046094 4.147369
94.455846 1 4.993321 5.664268 3.047417 4.146423
94.713724 1 4.993283 5.698140 3.048741 4.145459
94.971607 1 4.993244 5.732707 3.050068 4.144478
95.229494 1 4.993206 5.767991 3.051397 4.143478
95.487386 1 4.993167 5.804010 3.052729 4.142459
95.745282 1 4.993128 5.840788 3.054063 4.141421
96.003183 1 4.993088 5.878345 3.055399 4.140363
96.261089 1 4.993049 5.916706 3.056738 4.139285
96.519000 1 4.993009 5.955894 3.058079 4.138187
96.776915 1 4.992969 5.995933 3.059423 4.137068
97.034835 1 4.992929 6.036849 3.060769 4.135928
97.292759 1 4.992889 6.078669 3.062117 4.134766
97.550689 1 4.992849 6.121419 3.063468 4.133582
97.808623 1 4.992808 6.165129 3.064821 4.132375
98.066562 1 4.992768 6.209827 3.066177 4.131145
98.324506 1 4.992727 6.255543 3.067535 4.129892
98.582455 1 4.992686 6.302310 3.068895 4.128614
98.840409 1 4.992645 6.350160 3.070258 4.127313
99.098367 1 4.992604 6.399126 3.071623 4.125986
99.356331 1 4.992562 6.449244 3.072990 4.124634
99.614299 1 4.992521 6.500550 3.074360 4.123256
99.872273 1 4.992479 6.553081 3.075733 4.121851
100.130251 1 4.992437 6.606878 3.077107 4.120419
100.388234 1 4.992395 6.661980 3.078485 4.118960
100.646223 1 4.992353 6.718431 3.079864 4.117473
100.904216 1 4.992311 6.776273 3.081246 4.115957
101.162214 1 4.992269 6.835552 3.082630 4.114411
101.420218 1 4.992226 6.896315 3.084017 4.112836
102.452252 1 4.992055 6.959791 3.113295 4.118166
102.552252 1 4.992043 6.894992 3.119941 4.121859
102.652252 1 4.992037 6.860680 3.123082 4.123727
102.752252 1 4.992032 6.825048 3.126155 4.125626
102.852252 1 4.992026 6.788508 3.129149 4.127541
102.952252 1 4.992021 6.751430 3.132056 4.129457
103.052252 1 4.992016 6.714138 3.134868 4.131362
103.152252 1 4.992012 6.676914 3.137581 4.133248
103.252252 1 4.992007 6.640002 3.140192 4.135105
103.352252 1 4.992003 6.603605 3.142700 4.136925
103.452252 1 4.991999 6.567895 3.145103 4.138703
103.552252 1 4.991996 6.533011 3.147401 4.140434
103.652252 1 4.991992 6.499064 3.149597 4.142114
103.752252 1 4.991988 6.466142 3.151690 4.143740
103.852252 1 4.991982 6.401544 3.155708 4.146925
103.952252 1 4.991976 6.341944 3.159322 4.149860
104.052252 1 4.991971 6.287436 3.162560 4.152544
104.152252 1 4.991966 6.237942 3.165451 4.154983
104.252252 1 4.991962 6.193260 3.168025 4.157187
104.352252 1 4.991958 6.153116 3.170312 4.159171
104.452252 1 4.991955 6.117193 3.172338 4.160949
104.552252 1 4.991952 6.085151 3.174132 4.162538
104.652252 1 4.991946 6.027722 3.177314 4.165393
104.752252 1 4.991942 5.983526 3.179739 4.167597
104.852252 1 4.991939 5.949753 3.181578 4.169286
104.952252 1 4.991934 5.898095 3.184371 4.171877
105.052252 2 4.991930 5.845252 3.187204 4.174540
105.152252 2 4.991929 5.874486 3.186685 4.173327
105.252252 2 4.991929 5.903867 3.186166 4.172114
105.352252 2 4.991929 5.934280 3.185631 4.170864
105.452252 2 4.991928 5.964850 3.185097 4.169615
105.552252 2 4.991928 5.995578 3.184562 4.168366
105.652252 2 4.991928 6.026464 3.184028 4.167116
105.752252 2 4.991927 6.057509 3.183493 4.165867
105.852252 2 4.991927 6.088714 3.182959 4.164617
105.952252 2 4.991927 6.120080 3.182424 4.163368
106.052252 2 4.991926 6.151607 3.181890 4.162119
106.152252 2 4.991926 6.183297 3.181355 4.160869
106.252252 2 4.991926 6.215150 3.180821 4.159620
106.352252 2 4.991925 6.247167 3.180286 4.158371
106.452252 2 4.991925 6.279349 3.179752 4.157121
106.552252 2 4.991925 6.311697 3.179217 4.155872
106.652252 2 4.991924 6.344212 3.178683 4.154622
106.752252 2 4.991924 6.376893 3.178148 4.153373
106.852252 2 4.991924 6.409744 3.177614 4.152124
106.952252 2 4.991923 6.442763 3.177079 4.150874
107.052252 2 4.991923 6.475953 3.176545 4.149625
107.152252 2 4.991923 6.509314 3.176010 4.148375
107.252252 2 4.991922 6.542846 3.175476 4.147126
107.352252 2 4.991922 6.576551 3.174941 4.145877
107.452252 2 4.991922 6.610430 3.174407 4.144627
107.552252 2 4.991921 6.644483 3.173872 4.143378
107.652252 2 4.991921 6.678712 3.173338 4.142129
107.752252 2 4.991921 6.713117 3.172803 4.140879
107.852252 2 4.991920 6.747700 3.172269 4.139630
107.952252 2 4.991920 6.782460 3.171734 4.138380
108.052252 2 4.991920 6.817400 3.171200 4.137131
108.152252 2 4.991920 6.852519 3.170665 4.135882
108.252252 2 4.991919 6.887820 3.170131 4.134632
108.352252 2 4.991919 6.923302 3.169596 4.133383
108.452252 2 4.991919 6.958967 3.169062 4.132134
108.552252 2 4.991918 6.994816 3.168527 4.130884
108.652252 2 4.991918 7.030849 3.167993 4.129635
108.752252 2 4.991918 7.067068 3.167458 4.128385
108.852252 2 4.991918 7.103474 3.166924 4.127136
108.952252 2 4.991917 7.140067 3.166389 4.125887
109.052252 2 4.991917 7.176849 3.165855 4.124637
109.152252 2 4.991917 7.213820 3.165320 4.123388
109.252252 2 4.991916 7.250982 3.164786 4.122139
109.352252 2 4.991916 7.288335 3.164251 4.120889
109.452252 2 4.991916 7.325880 3.163717 4.119640
109.552252 2 4.991916 7.363619 3.163182 4.118390
109.652252 2 4.991915 7.401553 3.162648 4.117141
109.752252 2 4.991915 7.439681 3.162113 4.115892
109.852252 2 4.991915 7.478007 3.161579 4.114642
109.952252 2 4.991914 7.516529 3.161044 4.113393
110.052252 2 4.991914 7.555250 3.160510 4.112144
110.152252 2 4.991914 7.594171 3.159975 4.110894
110.252252 2 4.991914 7.633292 3.159441 4.109645
110.352252 2 4.991913 7.672614 3.158906 4.108395
110.452252 2 4.991913 7.712139 3.158372 4.107146
110.552252 2 4.991913 7.751868 3.157837 4.105897
110.652252 2 4.991913 7.791801 3.157303 4.104647
110.752252 2 4.991912 7.831941 3.156768 4.103398
110.852252 2 4.991912 7.872286 3.156234 4.102149
110.952252 2 4.991912 7.912840 3.155699 4.100899
111.052252 2 4.991912 7.953603 3.155165 4.099650
111.152252 2 4.991911 7.994575 3.154630 4.098400
111.252252 2 4.991911 8.035759 3.154096 4.097151
111.352252 2 4.991911 8.077155 3.153561 4.095902
111.452252 2 4.991910 8.118763 3.153027 4.094652
111.552252 2 4.991910 8.160587 3.152492 4.093403
111.652252 2 4.991909 8.202625 3.151957 4.092154
111.752252 2 4.991909 8.244880 3.151423 4.090904
111.852252 2 4.991908 8.287353 3.150888 4.089655
111.952252 2 4.991908 8.330044 3.150354 4.088405
112.052252 2 4.991907 8.372956 3.149819 4.087156
112.152252 2 4.991907 8.416088 3.149285 4.085907
112.252252 2 4.991906 8.459443 3.148750 4.084657
112.352252 2 4.991906 8.503021 3.148215 4.083408
112.452252 2 4.991905 8.546823 3.147681 4.082158
112.552252 2 4.991905 8.590851 3.147146 4.080909
112.652252 2 4.991904 8.635106 3.146612 4.079660
112.752252 2 4.991904 8.679589 3.146077 4.078410
112.852252 2 4.991903 8.724301 3.145543 4.077161
112.952252 2 4.991903 8.769243 3.145008 4.075912
113.052252 2 4.991902 8.814417 3.144473 4.074662
113.152252 2 4.991902 8.859823 3.143939 4.073413
113.252252 2 4.991901 8.905463 3.143404 4.072163
113.352252 2 4.991900 8.951339 3.142870 4.070914
113.452252 2 4.991900 8.997451 3.142335 4.069665
113.552252 2 4.991899 9.043800 3.141800 4.068415
113.652252 2 4.991899 9.090388 3.141266 4.067166
113.752252 2 4.991898 9.137216 3.140731 4.065916
113.852252 2 4.991898 9.184285 3.140197 4.064667
113.952252 2 4.991897 9.231597 3.139662 4.063418
114.052252 2 4.991897 9.279152 3.139128 4.062168
114.152252 2 4.991896 9.326953 3.138593 4.060919
114.252252 2 4.991896 9.374999 3.138058 4.059670
114.352252 2 4.991895 9.423294 3.137524 4.058420
114.452252 2 4.991894 9.471836 3.136989 4.057171
114.552252 2 4.991894 9.520629 3.136455 4.055921
114.652252 2 4.991893 9.569674 3.135920 4.054672
114.752252 2 4.991893 9.618970 3.135385 4.053423
114.852252 2 4.991892 9.668521 3.134851 4.052173
114.952252 2 4.991892 9.718327 3.134316 4.050924
115.052252 2 4.991891 9.768390 3.133782 4.049674
115.152252 2 4.991890 9.818710 3.133247 4.048425
115.252252 2 4.991890 9.869290 3.132712 4.047176
115.352252 2 4.991889 9.920130 3.132178 4.045926
115.452252 2 4.991889 9.971232 3.131643 4.044677
115.552252 2 4.991888 10.022598 3.131109 4.043428
115.652252 2 4.991887 10.074228 3.130574 4.042178
115.752252 2 4.991887 10.126124 3.130039 4.040929
115.852252 2 4.991886 10.178287 3.129505 4.039679
115.952252 2 4.991886 10.230719 3.128970 4.038430
116.052252 2 4.991885 10.283421 3.128436 4.037181
116.152252 2 4.991884 10.336394 3.127901 4.035931
116.252252 2 4.991884 10.389640 3.127366 4.034682
116.352252 2 4.991883 10.443161 3.126832 4.033433
116.452252 2 4.991883 10.496957 3.126297 4.032183
116.552252 2 4.991882 10.551031 3.125763 4.030934
116.652252 2 4.991881 10.605383 3.125228 4.029684
116.752252 2 4.991881 10.660015 3.124693 4.028435
116.852252 2 4.991880 10.714928 3.124159 4.027186
116.952252 2 4.991880 10.770124 3.123624 4.025936
117.052252 2 4.991879 10.825605 3.123090 4.024687
117.152252 2 4.991878 10.881371 3.122555 4.023437
117.252252 2 4.991878 10.937424 3.122020 4.022188
117.352252 2 4.991877 10.993767 3.121486 4.020939
117.452252 2 4.991876 11.050399 3.120951 4.019689
117.552252 2 4.991876 11.107323 3.120416 4.018440
117.652252 2 4.991875 11.164541 3.119882 4.017191
117.752252 2 4.991875 11.222053 3.119347 4.015941
117.852252 2 4.991874 11.279861 3.118813 4.014692
117.952252 2 4.991873 11.337967 3.118278 4.013442
118.052252 2 4.991873 11.396373 3.117743 4.012193
118.152252 2 4.991872 11.455079 3.117209 4.010944
118.252252 2 4.991871 11.514088 3.116674 4.009694
118.352252 2 4.991871 11.573400 3.116140 4.008445
118.452252 2 4.991870 11.633019 3.115605 4.007196
118.552252 2 4.991869 11.692944 3.115070 4.005946
118.652252 2 4.991869 11.753178 3.114536 4.004697
118.752252 2 4.991868 11.813722 3.114001 4.003447
118.852252 2 4.991867 11.874578 3.113466 4.002198
118.952252 2 4.991867 11.935747 3.112932 4.000949
119.052252 2 4.991866 11.997232 3.112397 3.999699
119.152252 2 4.991865 12.059033 3.111863 3.998450
119.252252 2 4.991865 12.121153 3.111328 3.997201
119.352252 2 4.991864 12.183593 3.110793 3.995951
119.452252 2 4.991863 12.246354 3.110259 3.994702
119.552252 2 4.991863 12.309438 3.109724 3.993452
119.652252 2 4.991862 12.372848 3.109189 3.992203
119.752252 2 4.991861 12.436584 3.108655 3.990954
119.852252 2 4.991860 12.500648 3.108120 3.989704
119.952252 2 4.991860 12.565043 3.107585 3.988455
120.052252 2 4.991859 12.629769 3.107051 3.987206
120.152252 2 4.991858 12.694828 3.106516 3.985956
120.252252 2 4.991858 12.760223 3.105982 3.984707
120.352252 2 4.991857 12.825954 3.105447 3.983457
120.452252 2 4.991856 12.892024 3.104912 3.982208
120.552252 2 4.991856 12.958435 3.104378 3.980959
120.652252 2 4.991855 13.025187 3.103843 3.979709
120.752252 2 4.991854 13.092283 3.103308 3.978460
120.852252 2 4.991853 13.159725 3.102774 3.977211
120.952252 2 4.991853 13.227514 3.102239 3.975961
121.052252 2 4.991852 13.295653 3.101704 3.974712
121.152252 2 4.991851 13.364142 3.101170 3.973462
121.252252 2 4.991850 13.432984 3.100635 3.972213
121.352252 2 4.991850 13.502181 3.100100 3.970964
121.452252 2 4.991849 13.571734 3.099566 3.969714
121.552252 2 4.991848 13.641646 3.099031 3.968465
121.652252 2 4.991847 13.711917 3.098496 3.967216
121.752252 2 4.991847 13.782551 3.097962 3.965966
121.852252 2 4.991846 13.853548 3.097427 3.964717
121.952252 2 4.991845 13.924911 3.096893 3.963467
122.052252 2 4.991844 13.996642 3.096358 3.962218
122.152252 2 4.991844 14.068742 3.095823 3.960969
122.252252 2 4.991843 14.141213 3.095289 3.959719
122.352252 2 4.991842 14.214058 3.094754 3.958470
122.452252 2 4.991841 14.287278 3.094219 3.957221
122.552252 2 4.991841 14.360875 3.093685 3.955971
122.652252 2 4.991840 14.434851 3.093150 3.954722
122.752252 2 4.991839 14.509209 3.092615 3.953473
122.852252 2 4.991838 14.583949 3.092081 3.952223
122.952252 2 4.991838 14.659074 3.091546 3.950974
123.052252 2 4.991837 14.734586 3.091011 3.949724
123.152252 2 4.991836 14.810487 3.090477 3.948475
123.252252 2 4.991835 14.886779 3.089942 3.947226
123.352252 2 4.991834 14.963464 3.089407 3.945976
123.452252 2 4.991834 15.040544 3.088873 3.944727
123.552252 2 4.991833 15.118021 3.088338 3.943478
123.652252 2 4.991832 15.195898 3.087803 3.942228
123.752252 2 4.991831 15.274175 3.087269 3.940979
123.852252 2 4.991830 15.352855 3.086734 3.939729
123.952252 2 4.991829 15.431941 3.086199 3.938480
124.052252 2 4.991829 15.511434 3.085665 3.937231
124.152252 2 4.991828 15.591336 3.085130 3.935981
124.252252 2 4.991827 15.671650 3.084595 3.934732
124.352252 2 4.991826 15.752378 3.084061 3.933483
124.452252 2 4.991825 15.833522 3.083526 3.932233
124.552252 2 4.991825 15.915083 3.082991 3.930984
124.652252 2 4.991824 15.997065 3.082456 3.929735
124.752252 2 4.991823 16.079469 3.081922 3.928485
124.852252 2 4.991822 16.162297 3.081387 3.927236
124.952252 2 4.991821 16.245552 3.080852 3.925986
125.052252 2 4.991820 16.329236 3.080318 3.924737
125.152252 2 4.991819 16.413350 3.079783 3.923488
125.252252 2 4.991819 16.497898 3.079248 3.922238
125.352252 2 4.991818 16.582882 3.078714 3.920989
125.452252 2 4.991817 16.668303 3.078179 3.919740
125.552252 2 4.991816 16.754164 3.077644 3.918490
125.652252 2 4.991815 16.840468 3.077110 3.917241
125.752252 2 4.991814 16.927216 3.076575 3.915992
125.852252 2 4.991813 17.014411 3.076040 3.914742
125.952252 2 4.991812 17.102055 3.075505 3.913493
126.052252 2 4.991812 17.190150 3.074971 3.912243
126.152252 2 4.991811 17.278699 3.074436 3.910994
126.252252 2 4.991810 17.367704 3.073901 3.909745
126.352252 2 4.991809 17.457168 3.073367 3.908495
126.452252 2 4.991808 17.547092 3.072832 3.907246
126.552252 2 4.991807 17.637480 3.072297 3.905997
126.652252 2 4.991806 17.728333 3.071763 3.904747
126.752252 2 4.991805 17.819654 3.071228 3.903498
126.852252 2 4.991804 17.911445 3.070693 3.902249
126.952252 2 4.991803 18.003710 3.070158 3.900999
127.052252 2 4.991803 18.096449 3.069624 3.899750
127.152252 2 4.991802 18.189666 3.069089 3.898500
127.252252 2 4.991801 18.283363 3.068554 3.897251
127.352252 2 4.991800 18.377543 3.068020 3.896002
127.452252 2 4.991799 18.472208 3.067485 3.894752
127.552252 2 4.991798 18.567361 3.066950 3.893503
127.652252 2 4.991797 18.663003 3.066415 3.892254
127.752252 2 4.991796 18.759138 3.065881 3.891004
127.852252 2 4.991795 18.855769 3.065346 3.889755
127.952252 2 4.991794 18.952897 3.064811 3.888506
128.052252 2 4.991793 19.050525 3.064277 3.887256
128.152252 2 4.991792 19.148656 3.063742 3.886007
128.252252 2 4.991791 19.247293 3.063207 3.884758
128.352252 2 4.991790 19.346438 3.062672 3.883508
128.452252 2 4.991789 19.446093 3.062138 3.882259
128.552252 2 4.991788 19.546262 3.061603 3.881009
128.652252 2 4.991787 19.646946 3.061068 3.879760
128.752252 2 4.991786 19.748149 3.060533 3.878511
128.852252 2 4.991785 19.849873 3.059999 3.877261
128.952252 2 4.991784 19.952122 3.059464 3.876012
129.052252 2 4.991783 20.054897 3.058929 3.874763
129.152252 2 4.991782 20.158201 3.058395 3.873513
129.252252 2 4.991781 20.262037 3.057860 3.872264
129.352252 2 4.991780 20.366408 3.057325 3.871015
129.452252 2 4.991779 20.471317 3.056790 3.869765
129.552252 2 4.991778 20.576766 3.056256 3.868516
129.652252 2 4.991777 20.682758 3.055721 3.867267
129.752252 2 4.991776 20.789296 3.055186 3.866017
129.852252 2 4.991775 20.896383 3.054651 3.864768
129.952252 2 4.991774 21.004021 3.054117 3.863518
130.052252 2 4.991773 21.112214 3.053582 3.862269
130.152252 2 4.991772 21.220964 3.053047 3.861020
130.252252 2 4.991771 21.330274 3.052512 3.859770
130.352252 2 4.991770 21.440147 3.051978 3.858521
130.452252 2 4.991769 21.550586 3.051443 3.857272
130.552252 2 4.991768 21.661594 3.050908 3.856022
130.652252 2 4.991767 21.773173 3.050373 3.854773
130.752252 2 4.991766 21.885327 3.049839 3.853524
130.852252 2 4.991765 21.998059 3.049304 3.852274
130.952252 2 4.991764 22.111371 3.048769 3.851025
131.052252 2 4.991763 22.225267 3.048234 3.849776
131.152252 2 4.991761 22.339750 3.047699 3.848526
131.252252 2 4.991760 22.454822 3.047165 3.847277
131.352252 2 4.991759 22.570487 3.046630 3.846028
131.452252 2 4.991758 22.686748 3.046095 3.844778
131.552252 2 4.991757 22.803607 3.045560 3.843529
131.652252 2 4.991756 22.921069 3.045026 3.842280
131.752252 2 4.991755 23.039135 3.044491 3.841030
131.852252 2 4.991754 23.157809 3.043956 3.839781
131.952252 2 4.991753 23.277095 3.043421 3.838532
132.052252 2 4.991752 23.396995 3.042887 3.837282
132.152252 2 4.991750 23.517512 3.042352 3.836033
132.252252 2 4.991749 23.638650 3.041817 3.834783
132.352252 2 4.991748 23.760412 3.041282 3.833534
132.452252 2 4.991747 23.882802 3.040747 3.832285
132.552252 2 4.991746 24.005821 3.040213 3.831035
132.652252 2 4.991745 24.129474 3.039678 3.829786
132.752252 2 4.991744 24.253764 3.039143 3.828537
132.852252 2 4.991742 24.378694 3.038608 3.827287
132.952252 2 4.991741 24.504268 3.038073 3.826038
133.052252 2 4.991740 24.630488 3.037539 3.824789
133.152252 2 4.991739 24.757358 3.037004 3.823539
133.252252 2 4.991738 24.884882 3.036469 3.822290
133.352252 2 4.991737 25.013063 3.035934 3.821041
133.452252 2 4.991735 25.141903 3.035400 3.819791
133.552252 2 4.991734 25.271407 3.034865 3.818542
133.652252 2 4.991733 25.401579 3.034330 3.817293
133.752252 2 4.991732 25.532420 3.033795 3.816043
133.852252 2 4.991731 25.663936 3.033260 3.814794
133.952252 2 4.991729 25.796129 3.032725 3.813545
134.052252 2 4.991728 25.929002 3.032191 3.812295
134.152252 2 4.991727 26.062560 3.031656 3.811046
134.252252 2 4.991726 26.196806 3.031121 3.809797
134.352252 2 4.991724 26.331743 3.030586 3.808547
134.452252 2 4.991723 26.467375 3.030051 3.807298
134.552252 2 4.991722 26.603706 3.029517 3.806049
134.652252 2 4.991721 26.740739 3.028982 3.804799
134.752252 2 4.991720 26.878477 3.028447 3.803550
134.852252 2 4.991718 27.016925 3.027912 3.802301
134.952252 2 4.991717 27.156086 3.027377 3.801051
135.052252 2 4.991716 27.295964 3.026843 3.799802
135.152252 2 4.991715 27.436562 3.026308 3.798553
135.252252 2 4.991713 27.577884 3.025773 3.797303
135.352252 2 4.991712 27.719934 3.025238 3.796054
135.452252 2 4.991711 27.862716 3.024703 3.794805
135.552252 2 4.991709 28.006232 3.024168 3.793555
135.652252 2 4.991708 28.150488 3.023634 3.792306
135.752252 2 4.991707 28.295487 3.023099 3.791057
135.852252 2 4.991706 28.441233 3.022564 3.789807
135.952252 2 4.991704 28.587729 3.022029 3.788558
136.052252 2 4.991703 28.734980 3.021494 3.787309
136.152252 2 4.991702 28.882989 3.020959 3.786059
136.252252 2 4.991700 29.031760 3.020425 3.784810
136.352252 2 4.991699 29.181298 3.019890 3.783561
136.452252 2 4.991698 29.331606 3.019355 3.782311
136.552252 2 4.991696 29.482687 3.018820 3.781062
136.652252 2 4.991695 29.634547 3.018285 3.779813
136.752252 2 4.991694 29.787189 3.017750 3.778563
136.852252 2 4.991692 29.940617 3.017215 3.777314
136.952252 2 4.991691 30.094835 3.016681 3.776065
137.052252 2 4.991690 30.249847 3.016146 3.774815
137.152252 2 4.991688 30.405658 3.015611 3.773566
137.252252 2 4.991687 30.562271 3.015076 3.772317
137.352252 2 4.991685 30.719691 3.014541 3.771067
137.452252 2 4.991684 30.877921 3.014006 3.769818
137.552252 2 4.991683 31.036966 3.013471 3.768569
137.652252 2 4.991681 31.196830 3.012936 3.767319
137.752252 2 4.991680 31.357518 3.012402 3.766070
137.852252 2 4.991678 31.519033 3.011867 3.764821
137.952252 2 4.991677 31.681380 3.011332 3.763571
138.052252 2 4.991676 31.844563 3.010797 3.762322
138.152252 2 4.991674 32.008586 3.010262 3.761073
138.252252 2 4.991673 32.173454 3.009727 3.759824
138.352252 2 4.991671 32.339171 3.009192 3.758574
138.452252 2 4.991670 32.505742 3.008657 3.757325
138.552252 2 4.991668 32.673170 3.008123 3.756076
138.652252 2 4.991667 32.841460 3.007588 3.754826
138.752252 2 4.991666 33.010618 3.007053 3.753577
138.852252 2 4.991664 33.180646 3.006518 3.752328
138.952252 2 4.991663 33.351550 3.005983 3.751078
139.052252 2 4.991661 33.523334 3.005448 3.749829
139.152252 2 4.991660 33.696003 3.004913 3.748580
139.252252 2 4.991658 33.869560 3.004378 3.747330
139.352252 2 4.991657 34.044012 3.003843 3.746081
139.452252 2 4.991655 34.219362 3.003309 3.744832
139.552252 2 4.991654 34.395615 3.002774 3.743582
139.652252 2 4.991652 34.572776 3.002239 3.742333
139.752252 2 4.991651 34.750849 3.001704 3.741084
139.852252 2 4.991649 34.929839 3.001169 3.739834
139.952252 2 4.991648 35.109751 3.000634 3.738585
140.052252 2 4.991646 35.290589 3.000099 3.737336
140.152252 2 4.991645 35.472359 2.999564 3.736087
140.252252 2 4.991643 35.655065 2.999029 3.734837
140.352252 2 4.991641 35.838711 2.998494 3.733588
140.452252 2 4.991640 36.023303 2.997959 3.732339
140.552252 2 4.991638 36.208846 2.997424 3.731089
140.652252 2 4.991637 36.395345 2.996890 3.729840
140.752252 2 4.991635 36.582803 2.996355 3.728591
140.852252 2 4.991634 36.771227 2.995820 3.727341
140.952252 2 4.991632 36.960622 2.995285 3.726092
141.052252 2 4.991630 37.150991 2.994750 3.724843
141.152252 2 4.991629 37.342341 2.994215 3.723594
141.252252 2 4.991627 37.534677 2.993680 3.722344
141.352252 2 4.991626 37.728002 2.993145 3.721095
141.452252 2 4.991624 37.922324 2.992610 3.719846
141.552252 2 4.991622 38.117646 2.992075 3.718596
141.652252 2 4.991621 38.313974 2.991540 3.717347
141.752252 2 4.991619 38.511313 2.991005 3.716098
141.852252 2 4.991617 38.709668 2.990470 3.714848
141.952252 2 4.991616 38.909044 2.989935 3.713599
142.052252 2 4.991614 39.109447 2.989400 3.712350
142.152252 2 4.991612 39.310882 2.988865 3.711101
142.252252 2 4.991611 39.513355 2.988330 3.709851
142.352252 2 4.991609 39.716870 2.987795 3.708602
142.452252 2 4.991607 39.921433 2.987260 3.707353
142.552252 2 4.991606 40.127049 2.986726 3.706103
142.652252 2 4.991604 40.333725 2.986191 3.704854
142.752252 2 4.991602 40.541464 2.985656 3.703605
142.852252 2 4.991601 40.750273 2.985121 3.702355
142.952252 2 4.991599 40.960158 2.984586 3.701106
143.052252 2 4.991597 41.171123 2.984051 3.699857
143.152252 2 4.991595 41.383175 2.983516 3.698608
143.252252 2 4.991594 41.596318 2.982981 3.697358
143.352252 2 4.991592 41.810559 2.982446 3.696109
143.452252 2 4.991590 42.025904 2.981911 3.694860
143.552252 2 4.991589 42.242357 2.981376 3.693610
143.652252 2 4.991587 42.459925 2.980841 3.692361
143.752252 2 4.991585 42.678613 2.980306 3.691112
143.852252 2 4.991583 42.898427 2.979771 3.689863
143.952252 2 4.991581 43.119373 2.979236 3.688613
144.052252 2 4.991580 43.341457 2.978701 3.687364
144.152252 2 4.991578 43.564684 2.978166 3.686115
144.252252 2 4.991576 43.789061 2.977631 3.684865
144.352252 2 4.991574 44.014593 2.977096 3.683616
144.452252 2 4.991572 44.241287 2.976561 3.682367
144.552252 2 4.991571 44.469147 2.976026 3.681118
144.652252 2 4.991569 44.698182 2.975491 3.679868
144.752252 2 4.991567 44.928395 2.974956 3.678619
144.852252 2 4.991564 45.282703 2.974138 3.676709
144.952252 3 4.991561 45.639804 2.973319 3.674799
145.052252 3 4.991559 45.754754 2.974920 3.674652
145.152252 3 4.991558 45.870346 2.976525 3.674506
145.252252 3 4.991551 46.265476 2.981981 3.674007
145.352252 3 4.991545 46.664139 2.987437 3.673508
145.452252 3 4.991539 47.066368 2.992893 3.673009
145.552252 3 4.991532 47.472195 2.998349 3.672508
145.652252 3 4.991526 47.881653 3.003805 3.672007
145.752252 3 4.991519 48.294775 3.009261 3.671506
145.852252 3 4.991512 48.711596 3.014717 3.671004
145.952252 3 4.991506 49.132147 3.020173 3.670501
146.052252 3 4.991499 49.556464 3.025629 3.669998
146.152252 3 4.991492 49.984581 3.031085 3.669494
146.252252 3 4.991485 50.416533 3.036541 3.668989
146.352252 3 4.991478 50.852355 3.041997 3.668484
146.452252 3 4.991471 51.292081 3.047453 3.667979
146.552252 3 4.991464 51.735748 3.052909 3.667473
146.652252 3 4.991456 52.183392 3.058365 3.666966
146.752252 3 4.991449 52.635049 3.063821 3.666458
146.852252 3 4.991441 53.090756 3.069278 3.665950
146.952252 3 4.991434 53.550550 3.074734 3.665442
147.052252 3 4.991426 54.014467 3.080190 3.664933
147.152252 3 4.991419 54.482547 3.085646 3.664423
147.252252 3 4.991411 54.954826 3.091102 3.663913
147.352252 3 4.991403 55.431344 3.096558 3.663402
147.452252 3 4.991395 55.912138 3.102014 3.662891
147.552252 3 4.991387 56.397249 3.107470 3.662379
147.652252 3 4.991379 56.886715 3.112926 3.661867
147.752252 3 4.991370 57.380577 3.118382 3.661354
147.852252 3 4.991362 57.878874 3.123838 3.660840
147.952252 3 4.991354 58.381647 3.129294 3.660326
148.052252 3 4.991345 58.888938 3.134750 3.659811
148.152252 3 4.991337 59.400787 3.140206 3.659296
148.252252 3 4.991328 59.917237 3.145662 3.658780
148.352252 3 4.991319 60.438329 3.151118 3.658264
148.452252 3 4.991310 60.964105 3.156574 3.657747
148.552252 3 4.991301 61.494609 3.162030 3.657229
148.652252 3 4.991292 62.029884 3.167486 3.656711
148.752252 3 4.991283 62.569974 3.172942 3.656193
148.852252 3 4.991273 63.114923 3.178398 3.655674
148.952252 3 4.991264 63.664774 3.183854 3.655154
149.052252 3 4.991255 64.219574 3.189310 3.654634
149.152252 3 4.991245 64.779367 3.194766 3.654114
149.252252 3 4.991235 65.344200 3.200222 3.653592
149.352252 3 4.991225 65.914117 3.205678 3.653071
149.452252 3 4.991215 66.489167 3.211134 3.652549
149.552252 3 4.991205 67.069395 3.216590 3.652026
149.652252 3 4.991195 67.654850 3.222046 3.651503
149.752252 3 4.991185 68.245579 3.227502 3.650979
149.852252 3 4.991174 68.841631 3.232958 3.650454
149.952252 3 4.991164 69.443053 3.238414 3.649930
150.052252 3 4.991153 70.049897 3.243870 3.649404
150.152252 3 4.991142 70.662210 3.249326 3.648878
150.252252 3 4.991131 71.280044 3.254782 3.648352
150.352252 3 4.991120 71.903449 3.260238 3.647825
150.452252 3 4.991109 72.532476 3.265694 3.647298
150.552252 3 4.991098 73.167177 3.271150 3.646770
150.652252 3 4.991087 73.807603 3.276606 3.646241
150.752252 3 4.991075 74.453808 3.282062 3.645713
150.852252 3 4.991063 75.105843 3.287518 3.645183
150.952252 3 4.991052 75.763763 3.292974 3.644653
151.052252 3 4.991040 76.427622 3.298430 3.644123
151.152252 3 4.991028 77.097474 3.303886 3.643592
151.252252 3 4.991015 77.773373 3.309342 3.643061
151.352252 3 4.991003 78.455376 3.314798 3.642529
151.452252 3 4.990991 79.143539 3.320254 3.641996
151.552252 3 4.990978 79.837918 3.325710 3.641463
151.652252 3 4.990965 80.538570 3.331166 3.640930
151.752252 3 4.990952 81.245552 3.336622 3.640396
151.852252 3 4.990939 81.958923 3.342078 3.639862
151.952252 3 4.990926 82.678742 3.347534 3.639327
152.052252 3 4.990913 83.405067 3.352990 3.638792
152.152252 3 4.990899 84.137958 3.358446 3.638256
152.252252 3 4.990886 84.877476 3.363902 3.637720
152.352252 3 4.990872 85.623681 3.369358 3.637183
152.452252 3 4.990858 86.376636 3.374814 3.636646
152.552252 3 4.990844 87.136400 3.380270 3.636108
152.652252 3 4.990829 87.903039 3.385726 3.635570
152.752252 3 4.990815 88.676614 3.391182 3.635031
152.852252 3 4.990800 89.457188 3.396638 3.634492
152.952252 3 4.990786 90.244828 3.402094 3.633953
153.052252 3 4.990771 91.039597 3.407550 3.633413
153.152252 3 4.990756 91.841560 3.413006 3.632872
153.252252 3 4.990740 92.650785 3.418462 3.632331
153.352252 3 4.990725 93.467337 3.423918 3.631790
153.452252 3 4.990709 94.291285 3.429374 3.631248
153.552252 3 4.990693 95.122695 3.434830 3.630706
153.652252 3 4.990677 95.961637 3.440286 3.630163
153.752252 3 4.990661 96.808179 3.445742 3.629620
153.852252 3 4.990645 97.662393 3.451198 3.629076
153.952252 3 4.990628 98.524347 3.456654 3.628532
154.052252 3 4.990612 99.394114 3.462110 3.627988
154.152252 3 4.990595 100.271765 3.467566 3.627443
154.252252 3 4.990578 101.157373 3.473022 3.626897
154.352252 3 4.990560 102.051011 3.478478 3.626351
154.452252 3 4.990543 102.952752 3.483934 3.625805
154.552252 4 4.990528 103.706640 3.488458 3.625352
154.652252 4 4.990510 103.659108 3.488173 3.625380
154.752252 4 4.990501 103.635187 3.488029 3.625394
154.852252 4 4.990261 103.009915 3.484265 3.625767
154.952252 4 4.990024 102.393315 3.480530 3.626137
155.052252 4 4.989791 101.785255 3.476824 3.626504
155.152252 4 4.989561 101.185606 3.473148 3.626868
155.252252 4 4.989335 100.594243 3.469500 3.627229
155.352252 4 4.989111 100.011042 3.465881 3.627587
155.452252 4 4.988891 99.435880 3.462290 3.627942
155.552252 4 4.988674 98.868639 3.458728 3.628293
155.652252 4 4.988460 98.309200 3.455195 3.628642
155.752252 4 4.988248 97.757449 3.451690 3.628988
155.852252 4 4.988040 97.213273 3.448213 3.629331
155.952252 4 4.987834 96.676560 3.444764 3.629671
156.052252 4 4.987631 96.147201 3.441344 3.630008
156.152252 4 4.987431 95.625088 3.437951 3.630342
156.252252 4 4.987234 95.110116 3.434586 3.630674
156.352252 4 4.987039 94.602182 3.431248 3.631002
156.452252 4 4.986846 94.101184 3.427938 3.631328
156.552252 4 4.986656 93.607021 3.424656 3.631650
156.652252 4 4.986469 93.119596 3.421400 3.631970
156.752252 4 4.986283 92.638812 3.418172 3.632287
156.852252 4 4.986101 92.164574 3.414971 3.632601
156.952252 4 4.985920 91.696788 3.411797 3.632913
157.052252 4 4.985742 91.235364 3.408650 3.633222
157.152252 4 4.985389 90.331254 3.402436 3.633831
157.252252 4 4.985045 89.451527 3.396328 3.634429
157.352252 4 4.984709 88.595505 3.390325 3.635016
157.452252 4 4.984381 87.762532 3.384426 3.635593
157.552252 4 4.984060 86.951974 3.378631 3.636159
157.652252 4 4.983746 86.163220 3.372938 3.636714
157.752252 4 4.983440 85.395677 3.367346 3.637259
157.852252 4 4.983140 84.648773 3.361855 3.637794
157.952252 4 4.982846 83.921954 3.356464 3.638319
158.052252 4 4.982558 83.214684 3.351171 3.638833
158.152252 4 4.982276 82.526446 3.345976 3.639338
158.252252 4 4.982000 81.856737 3.340878 3.639833
158.352252 4 4.981729 81.205073 3.335876 3.640318
158.452252 4 4.981464 80.570983 3.330969 3.640794
158.552252 4 4.981203 79.954013 3.326156 3.641260
158.652252 4 4.980948 79.353722 3.321437 3.641716
158.752252 4 4.980697 78.769683 3.316810 3.642163
158.852252 4 4.980450 78.201482 3.312274 3.642602
158.952252 4 4.980208 77.648720 3.307829 3.643031
159.052252 4 4.979970 77.111007 3.303474 3.643451
159.152252 4 4.979736 76.587967 3.299207 3.643862
159.252252 4 4.979505 76.079236 3.295028 3.644264
159.352252 4 4.979279 75.584458 3.290935 3.644658
159.452252 4 4.979056 75.103292 3.286929 3.645043
159.552252 4 4.978836 74.635402 3.283008 3.645420
159.652252 4 4.978620 74.180467 3.279171 3.645789
159.752252 4 4.978407 73.738172 3.275417 3.646149
159.852252 4 4.978197 73.308213 3.271746 3.646501
159.952252 4 4.977990 72.890294 3.268155 3.646845
160.052252 4 4.977786 72.484127 3.264646 3.647181
160.152252 4 4.977585 72.089433 3.261216 3.647509
160.252252 4 4.977386 71.705941 3.257864 3.647829
160.352252 4 4.977190 71.333386 3.254591 3.648142
160.452252 4 4.976996 70.971513 3.251394 3.648447
160.552252 4 4.976614 70.278832 3.245227 3.649035
160.652252 4 4.976240 69.625969 3.239357 3.649594
160.752252 4 4.975875 69.011109 3.233775 3.650125
160.852252 4 4.975518 68.432530 3.228476 3.650628
160.952252 4 4.975168 67.888600 3.223451 3.651105
161.052252 4 4.974825 67.377763 3.218693 3.651556
161.152252 4 4.974488 66.898540 3.214195 3.651981
161.252252 4 4.974157 66.449522 3.209950 3.652382
161.352252 4 4.973831 66.029363 3.205950 3.652759
161.452252 4 4.973511 65.636776 3.202188 3.653114
161.552252 4 4.973195 65.270531 3.198656 3.653446
161.652252 4 4.972883 64.929445 3.195348 3.653757
161.802593 4 4.972267 64.318278 3.189373 3.654317
161.952935 4 4.971666 63.794683 3.184204 3.654799
162.103277 4 4.971076 63.350670 3.179783 3.655211
162.253619 4 4.970497 62.978746 3.176051 3.655556
162.403961 4 4.969925 62.671826 3.172949 3.655842
162.554303 4 4.969360 62.423165 3.170420 3.656073
162.704645 4 4.968801 62.226290 3.168405 3.656255
162.854987 4 4.968246 62.074947 3.166846 3.656394
163.005329 4 4.967695 61.963053 3.165684 3.656495
163.155670 4 4.967145 61.884653 3.164861 3.656564
163.306012 4 4.966598 61.833882 3.164318 3.656607
163.456354 4 4.966051 61.804942 3.163997 3.656628
163.606696 4 4.965505 61.792071 3.163840 3.656634
163.757038 4 4.964960 61.789529 3.163788 3.656630
163.907380 4 4.964414 61.362429 3.167093 3.658963
164.007380 4 4.964278 60.832665 3.169631 3.661480
164.107380 4 4.964141 60.316024 3.171748 3.663861
164.207380 4 4.964006 59.812180 3.173641 3.666156
164.307380 4 4.963871 59.320816 3.175387 3.668384
164.407380 4 4.963736 58.841624 3.177025 3.670555
164.507380 4 4.963602 58.374307 3.178579 3.672674
164.607380 4 4.963469 57.918576 3.180065 3.674748
164.707380 4 4.963336 57.474149 3.181494 3.676778
164.807380 4 4.963204 57.040756 3.182874 3.678766
164.907380 4 4.963072 56.618131 3.184212 3.680716
165.007380 4 4.962941 56.206018 3.185513 3.682628
165.107380 4 4.962811 55.804168 3.186781 3.684503
165.207380 4 4.962681 55.412339 3.188020 3.686342
165.307380 4 4.962551 55.030296 3.189231 3.688147
165.407380 4 4.962422 54.657811 3.190418 3.689919
165.507380 4 4.962294 54.294662 3.191582 3.691657
165.607380 4 4.962166 53.940633 3.192725 3.693364
165.707380 4 4.962039 53.595515 3.193849 3.695039
165.807380 4 4.961912 53.259104 3.194955 3.696682
165.907380 4 4.961786 52.931203 3.196044 3.698296
166.007380 4 4.961660 52.611617 3.197118 3.699879
166.107380 4 4.961534 52.300161 3.198176 3.701433
166.207380 4 4.961409 51.996652 3.199221 3.702958
166.307380 4 4.961285 51.700911 3.200252 3.704455
166.407380 4 4.961160 51.412768 3.201271 3.705923
166.507380 4 4.961036 51.132053 3.202278 3.707363
166.607380 4 4.960913 50.858603 3.203274 3.708777
166.707380 4 4.960790 50.592259 3.204258 3.710163
166.807380 4 4.960667 50.332865 3.205233 3.711523
166.907380 4 4.960423 49.834328 3.207153 3.714164
167.007380 4 4.960179 49.361828 3.209036 3.716704
167.107380 4 4.959937 48.914258 3.210886 3.719144
167.207380 4 4.959696 48.490567 3.212705 3.721488
167.307380 4 4.959456 48.089752 3.214494 3.723738
167.407380 4 4.959217 47.710859 3.216257 3.725896
167.507380 4 4.958979 47.352977 3.217994 3.727965
167.607380 4 4.958742 47.015236 3.219708 3.729948
167.707380 4 4.958506 46.696806 3.221398 3.731847
167.807380 4 4.958270 46.396889 3.223068 3.733663
167.907380 4 4.958035 46.114725 3.224717 3.735400
168.007380 4 4.957800 45.849581 3.226347 3.737060
168.107380 4 4.957566 45.600754 3.227959 3.738644
168.257722 4 4.957099 45.149375 3.231130 3.741597
168.408064 4 4.956632 44.755470 3.234238 3.744277
168.558406 4 4.956167 44.414267 3.237287 3.746701
168.708747 4 4.955702 44.121287 3.240282 3.748887
168.859089 4 4.955236 43.872300 3.243226 3.750852
169.009431 4 4.954770 43.663291 3.246124 3.752613
169.159773 4 4.954303 43.490420 3.248977 3.754188
169.310115 4 4.953835 43.349993 3.251789 3.755593
169.460457 4 4.953365 43.238433 3.254563 3.756846
169.610799 4 4.952893 43.152260 3.257300 3.757964
169.761141 4 4.952419 43.088065 3.260002 3.758963
169.911482 4 4.951943 43.042495 3.262671 3.759860
170.061824 4 4.951465 43.012235 3.265310 3.760672
170.212166 4 4.950984 42.993999 3.267918 3.761416
170.362508 4 4.950500 42.984514 3.270498 3.762109
170.512850 4 4.950013 42.980517 3.273051 3.762767
170.663192 4 4.949523 42.978780 3.275578 3.763408
170.813534 4 4.949031 42.978408 3.278080 3.764035
170.963876 4 4.948536 42.982314 3.280558 3.764635
171.114218 4 4.948037 42.993765 3.283013 3.765191
171.264559 4 4.947536 43.016036 3.285446 3.765687
171.414901 4 4.947032 43.052418 3.287857 3.766106
171.565243 4 4.946524 43.106227 3.290248 3.766433
171.715585 4 4.946013 43.180816 3.292620 3.766650
171.865927 4 4.945498 43.279589 3.294972 3.766742
172.016269 4 4.944979 43.406021 3.297305 3.766692
172.166611 4 4.944455 43.563676 3.299621 3.766484
172.316953 4 4.943927 43.756230 3.301919 3.766100
172.467295 4 4.943394 43.987500 3.304200 3.765526
172.617636 4 4.942855 44.261474 3.306465 3.764744
172.767978 4 4.942310 44.582344 3.308714 3.763738
172.918320 4 4.941757 44.954542 3.310948 3.762491
173.068662 4 4.941198 45.382791 3.313166 3.760987
173.168662 4 4.940914 45.619496 3.314270 3.760133
173.268662 4 4.940628 45.872139 3.315370 3.759209
173.368662 4 4.940339 46.141413 3.316467 3.758212
173.468662 4 4.940048 46.428039 3.317560 3.757140
173.568662 4 4.939755 46.732770 3.318649 3.755992
173.668662 4 4.939458 47.056390 3.319736 3.754765
173.768662 4 4.939159 47.399720 3.320818 3.753457
173.868662 4 4.938857 47.763616 3.321898 3.752066
173.968662 4 4.938552 48.148976 3.322974 3.750591
174.068662 4 4.938244 48.556741 3.324047 3.749027
174.168662 4 4.937932 48.987899 3.325116 3.747375
174.268662 4 4.937617 49.443487 3.326183 3.745632
174.368662 4 4.937298 49.924595 3.327246 3.743795
174.468662 4 4.937136 50.175074 3.327777 3.742841
174.568662 4 4.936974 50.432369 3.328306 3.741862
174.668662 4 4.936810 50.696632 3.328835 3.740860
174.768662 4 4.936646 50.968021 3.329364 3.739833
174.868662 4 4.936480 51.246696 3.329891 3.738780
174.968662 4 4.936313 51.532825 3.330418 3.737703
175.068662 4 4.936145 51.826576 3.330944 3.736600
175.168662 4 4.935976 52.128126 3.331469 3.735472
175.268662 4 4.935806 52.437654 3.331993 3.734317
175.368662 4 4.935634 52.755346 3.332517 3.733137
175.468662 4 4.935461 53.081391 3.333040 3.731929
175.568662 4 4.935287 53.415985 3.333562 3.730695
175.668662 4 4.935112 53.759330 3.334084 3.729435
175.768662 4 4.934935 54.111633 3.334604 3.728146
175.868662 4 4.934757 54.473107 3.335124 3.726831
175.968662 4 4.934578 54.843971 3.335644 3.725487
176.068662 4 4.934397 55.224450 3.336162 3.724115
176.168662 4 4.934214 55.614779 3.336680 3.722716
176.268662 4 4.934030 56.015195 3.337197 3.721287
176.368662 4 4.933845 56.425946 3.337714 3.719830
176.468662 4 4.933658 56.847285 3.338230 3.718343
176.568662 4 4.933469 57.279475 3.338745 3.716827
176.668662 4 4.933279 57.722785 3.339259 3.715282
176.768662 4 4.933086 58.177493 3.339773 3.713706
176.868662 4 4.932893 58.643886 3.340286 3.712101
176.968662 4 4.932697 59.122259 3.340798 3.710465
177.068662 4 4.932500 59.612917 3.341310 3.708798
177.168662 4 4.932300 60.116175 3.341821 3.707100
177.268662 4 4.932099 60.632356 3.342331 3.705371
177.368662 4 4.931896 61.161795 3.342841 3.703611
177.468662 4 4.931690 61.704837 3.343350 3.701818
177.568662 4 4.931483 62.261839 3.343858 3.699994
177.668662 4 4.931273 62.833168 3.344366 3.698138
177.768662 4 4.931062 63.419204 3.344873 3.696248
177.868662 4 4.930848 64.020339 3.345379 3.694326
177.968662 4 4.930632 64.636978 3.345885 3.692371
178.068662 4 4.930413 65.269538 3.346390 3.690383
178.168662 4 4.930192 65.918452 3.346895 3.688361
178.268662 4 4.930081 66.249182 3.347147 3.687337
178.368662 4 4.929968 66.584168 3.347398 3.686305
178.468662 4 4.929855 66.923469 3.347650 3.685264
178.568662 4 4.929742 67.267145 3.347902 3.684214
178.668662 4 4.929627 67.615255 3.348153 3.683156
178.768662 4 4.929512 67.967860 3.348404 3.682090
178.868662 4 4.929397 68.325023 3.348655 3.681014
178.968662 4 4.929281 68.686807 3.348906 3.679930
179.068662 4 4.929164 69.053276 3.349157 3.678838
179.168662 4 4.929046 69.424495 3.349407 3.677736
179.268662 4 4.928928 69.800531 3.349657 3.676626
179.368662 4 4.928809 70.181451 3.349908 3.675506
179.468662 4 4.928689 70.567324 3.350158 3.674378
179.568662 4 4.928568 70.958220 3.350408 3.673241
179.668662 4 4.928447 71.354210 3.350657 3.672095
179.768662 4 4.928325 71.755366 3.350907 3.670940
179.868662 4 4.928202 72.161762 3.351156 3.669776
179.968662 4 4.928079 72.573472 3.351406 3.668603
180.068662 4 4.927954 72.990573 3.351655 3.667421
180.168662 4 4.927829 73.413142 3.351904 3.666230
180.268662 4 4.927703 73.841258 3.352153 3.665029
180.368662 4 4.927577 74.275000 3.352401 3.663820
180.468662 4 4.927449 74.714452 3.352650 3.662601
180.568662 4 4.927321 75.159694 3.352898 3.661373
180.668662 4 4.927192 75.610812 3.353146 3.660135
180.768662 4 4.927062 76.067892 3.353394 3.658888
180.868662 4 4.926931 76.531021 3.353642 3.657632
180.968662 4 4.926799 77.000287 3.353890 3.656367
181.068662 4 4.926666 77.475783 3.354138 3.655092
181.168662 4 4.926533 77.957598 3.354385 3.653808
181.268662 4 4.926398 78.445829 3.354632 3.652514
181.368662 4 4.926265 78.933511 3.354876 3.651229
181.468662 4 4.926147 79.365496 3.355089 3.650097
181.568662 4 4.925940 80.133485 3.355461 3.648099
181.668662 4 4.925783 80.719691 3.355741 3.646586
181.768662 4 4.925664 81.165193 3.355950 3.645443
181.868662 4 4.925485 81.842995 3.356264 3.643716
