t Ka M R logL logTeff
0.100000 1 69.874870 13.574763 5.833099 4.653049
0.200000 1 69.748683 13.648865 5.833972 4.652085
0.300000 1 69.621512 13.723202 5.834856 4.651127
0.400000 1 69.493342 13.797813 5.835751 4.650173
0.500000 1 69.364163 13.872740 5.836656 4.649223
0.600000 1 69.233961 13.948024 5.837571 4.648277
0.700000 1 69.102724 14.023708 5.838495 4.647333
0.800000 1 68.970439 14.099836 5.839429 4.646391
0.900000 1 68.837092 14.176450 5.840371 4.645450
1.000000 1 68.702671 14.253595 5.841323 4.644509
1.100000 1 68.567164 14.331317 5.842282 4.643568
1.200000 1 68.430555 14.409661 5.843249 4.642626
1.300000 1 68.292833 14.488674 5.844224 4.641682
1.400000 1 68.153985 14.568404 5.845207 4.640736
1.500000 1 68.013997 14.648898 5.846196 4.639787
1.600000 1 67.872856 14.730205 5.847192 4.638834
1.700000 1 67.730549 14.812376 5.848194 4.637877
1.800000 1 67.587064 14.895460 5.849202 4.636914
1.900000 1 67.442388 14.979509 5.850216 4.635946
2.000000 1 67.296508 15.064575 5.851235 4.634971
2.100000 1 67.149413 15.150710 5.852258 4.633989
2.200000 1 67.001089 15.237970 5.853287 4.632999
2.300000 1 66.851526 15.326408 5.854319 4.632000
2.400000 1 66.700712 15.416080 5.855355 4.630992
2.500000 1 66.548635 15.507043 5.856395 4.629975
2.600000 1 66.395285 15.599356 5.857437 4.628947
2.700000 1 66.240651 15.693077 5.858483 4.627907
2.800000 1 66.084724 15.788266 5.859530 4.626856
2.900000 1 65.927494 15.884986 5.860580 4.625792
3.000000 1 65.768952 15.983298 5.861632 4.624715
3.100000 1 65.609091 16.083268 5.862684 4.623624
3.200000 1 65.447901 16.184962 5.863738 4.622519
3.300000 1 65.285377 16.288447 5.864792 4.621399
3.400000 1 65.121511 16.393794 5.865846 4.620262
3.500000 1 64.956299 16.501075 5.866901 4.619110
3.600000 1 64.789736 16.610364 5.867954 4.617940
3.700000 1 64.621817 16.721738 5.869007 4.616752
3.800000 1 64.452541 16.835277 5.870060 4.615545
3.900000 1 64.281905 16.951065 5.871110 4.614320
4.000000 1 64.109908 17.069189 5.872159 4.613074
4.100000 1 63.936551 17.189738 5.873206 4.611807
4.200000 1 63.761836 17.312810 5.874251 4.610520
4.300000 1 63.585765 17.438505 5.875293 4.609209
4.400000 1 63.408343 17.566929 5.876333 4.607876
4.500000 1 63.229576 17.698195 5.877369 4.606518
4.600000 1 63.049471 17.832424 5.878403 4.605136
4.700000 1 62.868037 17.969745 5.879433 4.603728
4.800000 1 62.685285 18.110294 5.880459 4.602293
4.900000 1 62.501227 18.254221 5.881482 4.600829
5.000000 1 62.315880 18.401686 5.882501 4.599337
5.100000 1 62.129259 18.552862 5.883516 4.597814
5.200000 1 61.941384 18.707938 5.884527 4.596259
5.300000 1 61.752277 18.867118 5.885534 4.594671
5.400000 1 61.561962 19.030628 5.886537 4.593048
5.500000 1 61.370468 19.198712 5.887536 4.591388
5.600000 1 61.177824 19.371642 5.888531 4.589690
5.700000 1 60.984066 19.549712 5.889522 4.587951
5.800000 1 60.789230 19.733252 5.890510 4.586169
5.900000 1 60.593359 19.922621 5.891494 4.584341
6.000000 1 60.396498 20.118221 5.892476 4.582465
6.100000 1 60.297599 20.218462 5.892964 4.581508
6.200000 1 60.198476 20.320432 5.893452 4.580537
6.300000 1 60.099137 20.424193 5.893939 4.579553
6.400000 1 59.999589 20.529811 5.894426 4.578555
6.500000 1 59.899841 20.637357 5.894913 4.577542
6.600000 1 59.799901 20.746905 5.895399 4.576514
6.700000 1 59.699778 20.858534 5.895885 4.575470
6.800000 1 59.599481 20.972325 5.896372 4.574410
6.900000 1 59.499021 21.088365 5.896858 4.573334
7.000000 1 59.398407 21.206747 5.897344 4.572240
7.100000 1 59.297651 21.327568 5.897831 4.571128
7.200000 1 59.196763 21.450930 5.898318 4.569997
7.300000 1 59.095757 21.576942 5.898806 4.568847
7.400000 1 58.994643 21.705719 5.899294 4.567677
7.500000 1 58.893436 21.837381 5.899784 4.566486
7.600000 1 58.792149 21.972057 5.900274 4.565274
7.700000 1 58.690797 22.109883 5.900766 4.564039
7.800000 1 58.589395 22.251002 5.901259 4.562780
7.900000 1 58.487959 22.395566 5.901753 4.561498
8.000000 1 58.386506 22.543737 5.902250 4.560190
8.100000 1 58.285053 22.695685 5.902748 4.558856
8.200000 1 58.183619 22.851591 5.903249 4.557495
8.300000 1 58.082223 23.011646 5.903753 4.556105
8.400000 1 57.980885 23.176053 5.904259 4.554686
8.500000 1 57.879628 23.345028 5.904768 4.553235
8.600000 1 57.778473 23.518798 5.905281 4.551753
8.700000 1 57.677443 23.697608 5.905798 4.550238
8.800000 1 57.576565 23.881714 5.906319 4.548688
8.900000 1 57.475863 24.071389 5.906845 4.547101
9.000000 1 57.375364 24.266924 5.907375 4.545477
9.100000 1 57.275099 24.468628 5.907911 4.543814
9.200000 1 57.175095 24.676829 5.908453 4.542109
9.300000 1 57.075386 24.891876 5.909001 4.540362
9.400000 1 56.976003 25.114142 5.909556 4.538570
9.500000 1 56.876982 25.344023 5.910118 4.536732
9.600000 1 56.778359 25.581939 5.910688 4.534846
9.700000 1 56.680171 25.828342 5.911267 4.532909
9.800000 1 56.582459 26.083711 5.911854 4.530919
9.900000 1 56.533861 26.214945 5.912153 4.529904
10.000000 1 56.485401 26.348618 5.912454 4.528875
10.100000 1 56.437084 26.484798 5.912757 4.527832
10.200000 1 56.388915 26.623556 5.913064 4.526773
10.300000 1 56.340900 26.764968 5.913373 4.525700
10.400000 1 56.293045 26.909111 5.913685 4.524612
10.500000 1 56.245357 27.056063 5.914000 4.523508
10.600000 1 56.197841 27.205906 5.914318 4.522389
10.700000 1 56.150505 27.358726 5.914640 4.521253
10.800000 1 56.103353 27.514611 5.914964 4.520100
10.900000 1 56.056394 27.673652 5.915293 4.518930
11.000000 1 56.009633 27.835942 5.915624 4.517744
11.100000 1 55.963077 28.001580 5.915960 4.516539
11.200000 1 55.916735 28.170667 5.916299 4.515317
11.300000 1 55.870612 28.343306 5.916642 4.514076
11.400000 1 55.824716 28.519606 5.916989 4.512816
11.500000 1 55.779055 28.699680 5.917340 4.511537
11.600000 1 55.733636 28.883644 5.917695 4.510238
11.700000 1 55.688467 29.071618 5.918055 4.508920
11.800000 1 55.643556 29.263727 5.918419 4.507581
11.900000 1 55.598910 29.460101 5.918788 4.506221
12.000000 1 55.554539 29.660875 5.919162 4.504839
12.100000 1 55.510450 29.866187 5.919541 4.503436
12.200000 1 55.466651 30.076182 5.919924 4.502010
12.300000 1 55.423152 30.291011 5.920313 4.500562
12.400000 1 55.379961 30.510828 5.920707 4.499090
12.500000 1 55.337086 30.735797 5.921107 4.497595
12.600000 1 55.294538 30.966084 5.921512 4.496075
12.700000 1 55.252325 31.201865 5.921923 4.494531
12.800000 1 55.210455 31.443320 5.922340 4.492961
12.900000 1 55.168940 31.690638 5.922763 4.491366
13.000000 1 55.127787 31.944015 5.923192 4.489744
13.100000 1 55.087007 32.203654 5.923628 4.488095
13.200000 1 55.046609 32.469768 5.924070 4.486418
13.300000 1 55.006604 32.742575 5.924519 4.484714
13.400000 1 54.967000 33.022307 5.924975 4.482981
13.500000 1 54.927808 33.309200 5.925438 4.481218
13.600000 1 54.889038 33.603503 5.925908 4.479425
13.700000 1 54.850700 33.905476 5.926385 4.477602
13.800000 1 54.812804 34.215386 5.926871 4.475747
13.900000 1 54.775360 34.533516 5.927364 4.473861
14.000000 1 54.738379 34.860156 5.927864 4.471942
14.100000 1 54.701871 35.195613 5.928373 4.469990
14.200000 1 54.665845 35.540203 5.928891 4.468003
14.300000 1 54.630312 35.894259 5.929416 4.465982
14.400000 1 54.612798 36.074991 5.929683 4.464958
14.500000 1 54.595411 36.258222 5.929953 4.463925
14.600000 1 54.578153 36.443997 5.930224 4.462884
14.700000 1 54.561025 36.632363 5.930498 4.461833
14.800000 1 54.544029 36.823367 5.930774 4.460772
14.900000 1 54.527165 37.017057 5.931052 4.459703
15.000000 1 54.510435 37.213485 5.931332 4.458624
15.100000 1 54.493841 37.412700 5.931615 4.457535
15.200000 1 54.477383 37.614755 5.931900 4.456437
15.300000 1 54.461062 37.819702 5.932188 4.455329
15.400000 1 54.444880 38.027597 5.932478 4.454211
15.500000 1 54.428839 38.238494 5.932770 4.453083
15.600000 1 54.412938 38.452450 5.933065 4.451945
15.700000 1 54.397180 38.669523 5.933362 4.450797
15.800000 1 54.381566 38.889773 5.933662 4.449638
15.900000 1 54.366096 39.113260 5.933964 4.448470
16.000000 1 54.350772 39.340046 5.934269 4.447290
16.100000 1 54.335595 39.570196 5.934576 4.446100
16.200000 1 54.320567 39.803773 5.934886 4.444900
16.300000 1 54.305687 40.040844 5.935198 4.443688
16.400000 1 54.290958 40.281478 5.935513 4.442466
16.500000 1 54.276380 40.525743 5.935830 4.441233
16.600000 1 54.261954 40.773711 5.936150 4.439988
16.700000 1 54.247682 41.025455 5.936473 4.438732
16.800000 1 54.233476 41.280968 5.936797 4.437465
16.900000 1 54.219241 41.540233 5.937121 4.436186
17.000000 1 54.204975 41.803322 5.937445 4.434896
17.100000 1 54.190679 42.070309 5.937768 4.433595
17.200000 1 54.176354 42.341270 5.938091 4.432281
17.300000 1 54.161998 42.616281 5.938414 4.430956
17.400000 1 54.147612 42.895422 5.938737 4.429619
17.500000 1 54.133196 43.178773 5.939059 4.428270
17.600000 1 54.118749 43.466417 5.939382 4.426909
17.700000 1 54.104272 43.758438 5.939704 4.425536
17.800000 1 54.089765 44.054923 5.940026 4.424150
17.900000 1 54.075227 44.355961 5.940347 4.422751
18.000000 1 54.060658 44.661642 5.940669 4.421340
18.100000 1 54.046059 44.972060 5.940990 4.419917
18.200000 1 54.031429 45.287309 5.941311 4.418480
18.300000 1 54.016769 45.607487 5.941632 4.417030
18.400000 1 54.002077 45.932693 5.941952 4.415568
18.500000 1 53.987355 46.263031 5.942273 4.414092
18.600000 1 53.972601 46.598604 5.942593 4.412602
18.700000 1 53.957817 46.939520 5.942913 4.411099
18.800000 1 53.943001 47.285888 5.943232 4.409583
18.900000 1 53.928155 47.637822 5.943552 4.408052
19.000000 1 53.913277 47.995436 5.943871 4.406508
19.100000 1 53.898367 48.358848 5.944190 4.404950
19.200000 1 53.883427 48.728181 5.944508 4.403378
19.300000 1 53.868455 49.103558 5.944827 4.401791
19.400000 1 53.853451 49.485106 5.945145 4.400189
19.500000 1 53.838416 49.872956 5.945463 4.398574
19.600000 1 53.823349 50.267242 5.945780 4.396943
19.700000 1 53.554232 50.767336 5.942647 4.394010
19.800000 1 53.420347 51.024109 5.941083 4.392524
19.900000 1 53.286796 51.285200 5.939519 4.391024
20.000000 1 53.153579 51.550691 5.937955 4.389512
20.100000 1 53.020695 51.820667 5.936392 4.387987
20.200000 1 52.888143 52.095215 5.934828 4.386449
20.300000 1 52.755923 52.374423 5.933264 4.384897
20.400000 1 52.624033 52.658383 5.931701 4.383332
20.500000 1 52.492473 52.947188 5.930137 4.381753
20.600000 1 52.361242 53.240932 5.928573 4.380161
20.700000 1 52.230339 53.539713 5.927010 4.378555
20.800000 1 52.099763 53.843632 5.925447 4.376935
20.900000 1 51.969514 54.152790 5.923883 4.375301
21.000000 1 51.839590 54.467293 5.922320 4.373653
21.100000 1 51.709991 54.787248 5.920757 4.371990
21.200000 1 51.192891 55.054216 5.918881 4.370465
21.300000 1 51.128900 54.621041 5.919644 4.372372
21.400000 1 51.096944 54.338366 5.920106 4.373614
21.500000 1 51.065009 54.008902 5.920621 4.375063
21.600000 1 51.033093 53.631096 5.921189 4.376729
21.700000 1 51.002543 53.222799 5.921781 4.378537
21.800000 1 50.973784 52.795978 5.922380 4.380435
21.900000 1 50.946712 52.356127 5.922982 4.382402
22.000000 1 50.921230 51.908182 5.923580 4.384418
22.100000 1 50.897245 51.456501 5.924172 4.386463
22.200000 1 50.874672 51.004872 5.924753 4.388523
22.300000 1 50.853430 50.556540 5.925321 4.390582
22.400000 1 50.833443 50.114238 5.925873 4.392628
22.500000 1 50.814639 49.680236 5.926410 4.394651
22.600000 1 50.796950 49.256378 5.926928 4.396641
22.700000 1 50.780312 48.844133 5.927428 4.398591
22.800000 1 50.778567 48.462928 5.928139 4.400471
22.900000 1 50.776926 48.093908 5.928817 4.402300
23.000000 1 50.775382 47.737778 5.929463 4.404075
23.100000 1 50.773930 47.395020 5.930076 4.405793
23.200000 1 50.772564 47.065932 5.930659 4.407452
23.300000 1 50.771280 46.750651 5.931212 4.409050
23.400000 1 50.770072 46.449180 5.931737 4.410586
23.500000 1 50.768937 46.161414 5.932233 4.412059
23.600000 1 50.767870 45.887158 5.932704 4.413471
23.700000 1 50.766868 45.626143 5.933148 4.414821
23.800000 1 50.765926 45.378046 5.933569 4.416110
23.900000 1 50.765041 45.142496 5.933966 4.417339
24.000000 1 50.763378 44.693213 5.934719 4.419700
24.100000 1 50.761917 44.292045 5.935387 4.421824
24.200000 1 50.760635 43.934967 5.935977 4.423730
24.300000 1 50.759509 43.617963 5.936499 4.425433
24.400000 1 50.758522 43.337143 5.936960 4.426950
24.500000 1 50.757656 43.088828 5.937365 4.428300
24.600000 1 50.756896 42.869588 5.937723 4.429497
24.700000 1 50.755565 42.481576 5.938353 4.431629
24.800000 1 50.754563 42.186998 5.938830 4.433259
24.900000 1 50.753810 41.964091 5.939190 4.434499
25.000000 1 50.752678 41.626614 5.939734 4.436389
25.100000 2 50.751543 40.084649 5.940283 4.444722
25.200000 2 50.751540 40.114107 5.940282 4.444562
25.300000 2 50.751504 40.507112 5.940265 4.442441
25.400000 2 50.751469 40.903969 5.940248 4.440320
25.500000 2 50.751434 41.304714 5.940232 4.438199
25.600000 2 50.751400 41.709386 5.940215 4.436077
25.700000 2 50.751366 42.118024 5.940198 4.433956
25.800000 2 50.751332 42.530664 5.940181 4.431835
25.900000 2 50.751298 42.947348 5.940165 4.429714
26.000000 2 50.751263 43.368114 5.940148 4.427592
26.100000 2 50.751229 43.793002 5.940131 4.425471
26.200000 2 50.751195 44.222054 5.940115 4.423350
26.300000 2 50.751161 44.655309 5.940098 4.421229
26.400000 2 50.751127 45.092809 5.940081 4.419107
26.500000 2 50.751093 45.534595 5.940065 4.416986
26.600000 2 50.751059 45.980710 5.940048 4.414865
26.700000 2 50.751025 46.431196 5.940031 4.412743
26.800000 2 50.750990 46.886096 5.940014 4.410622
26.900000 2 50.750956 47.345452 5.939998 4.408501
27.000000 2 50.750922 47.809309 5.939981 4.406380
27.100000 2 50.750888 48.277710 5.939964 4.404258
27.200000 2 50.750854 48.750701 5.939948 4.402137
27.300000 2 50.750820 49.228326 5.939931 4.400016
27.400000 2 50.750786 49.710631 5.939914 4.397894
27.500000 2 50.750480 50.197313 5.939893 4.395774
27.600000 2 50.750174 50.688759 5.939872 4.393653
27.700000 2 50.749868 51.185017 5.939851 4.391532
27.800000 2 50.749562 51.686134 5.939830 4.389411
27.900000 2 50.749256 52.192158 5.939808 4.387290
28.000000 2 50.748950 52.703137 5.939787 4.385169
28.100000 2 50.748644 53.219119 5.939766 4.383048
28.200000 2 50.748338 53.740154 5.939745 4.380927
28.300000 2 50.748032 54.266291 5.939724 4.378806
28.400000 2 50.747727 54.797579 5.939703 4.376686
28.500000 2 50.747421 55.334071 5.939682 4.374565
28.600000 2 50.747115 55.875815 5.939660 4.372444
28.700000 2 50.746810 56.422864 5.939639 4.370323
28.800000 2 50.746504 56.975270 5.939618 4.368202
28.900000 2 50.746198 57.533085 5.939597 4.366081
29.000000 2 50.745893 58.096362 5.939576 4.363960
29.100000 2 50.745587 58.665155 5.939555 4.361839
29.200000 2 50.745282 59.239518 5.939534 4.359718
29.300000 2 50.744976 59.819504 5.939512 4.357597
29.400000 2 50.744671 60.405170 5.939491 4.355476
29.500000 2 50.744365 60.996571 5.939470 4.353355
29.600000 2 50.744060 61.593763 5.939449 4.351234
29.700000 2 50.743755 62.196804 5.939428 4.349113
29.800000 2 50.743452 62.805753 5.939407 4.346993
29.900000 2 50.743150 63.420667 5.939386 4.344872
30.000000 2 50.742851 64.041605 5.939365 4.342751
30.100000 2 50.742552 64.668625 5.939344 4.340630
30.200000 2 50.742256 65.301789 5.939323 4.338509
30.300000 2 50.741960 65.941155 5.939302 4.336388
30.400000 2 50.741667 66.586784 5.939281 4.334267
30.500000 2 50.741375 67.238739 5.939260 4.332146
30.600000 2 50.741084 67.897080 5.939239 4.330025
30.700000 2 50.740796 68.561871 5.939218 4.327904
30.800000 2 50.740508 69.233174 5.939197 4.325783
30.900000 2 50.740222 69.911054 5.939176 4.323662
31.000000 2 50.739938 70.595575 5.939156 4.321541
31.100000 2 50.739655 71.286802 5.939135 4.319420
31.200000 2 50.739374 71.984800 5.939114 4.317299
31.300000 2 50.739094 72.689636 5.939093 4.315178
31.400000 2 50.738816 73.401378 5.939073 4.313057
31.500000 2 50.738539 74.120092 5.939052 4.310936
31.600000 2 50.738263 74.845847 5.939032 4.308815
31.700000 2 50.737989 75.578712 5.939011 4.306694
31.800000 2 50.737717 76.318757 5.938990 4.304572
31.900000 2 50.737446 77.066052 5.938970 4.302451
32.000000 2 50.737176 77.820667 5.938949 4.300330
32.100000 2 50.736908 78.582676 5.938929 4.298209
32.200000 2 50.736641 79.352150 5.938908 4.296088
32.300000 2 50.736376 80.129162 5.938888 4.293967
32.400000 2 50.736112 80.913787 5.938867 4.291846
32.500000 2 50.735850 81.706098 5.938847 4.289725
32.600000 2 50.735588 82.506171 5.938826 4.287604
32.700000 2 50.735329 83.314083 5.938806 4.285483
32.800000 2 50.735070 84.129910 5.938786 4.283362
32.900000 2 50.734813 84.953729 5.938765 4.281241
33.000000 2 50.734558 85.785619 5.938745 4.279120
33.100000 2 50.734303 86.625659 5.938725 4.276999
33.200000 2 50.734050 87.473929 5.938705 4.274877
33.300000 2 50.733799 88.330510 5.938684 4.272756
33.400000 2 50.733549 89.195482 5.938664 4.270635
33.500000 2 50.733300 90.068929 5.938644 4.268514
33.600000 2 50.733052 90.950932 5.938624 4.266393
33.700000 2 50.732806 91.841577 5.938604 4.264272
33.800000 2 50.732561 92.740948 5.938584 4.262151
33.900000 2 50.732317 93.649129 5.938563 4.260030
34.000000 2 50.732075 94.566208 5.938543 4.257908
34.100000 2 50.731833 95.492272 5.938523 4.255787
34.200000 2 50.731594 96.427409 5.938503 4.253666
34.300000 2 50.731355 97.371707 5.938483 4.251545
34.400000 2 50.731118 98.325257 5.938463 4.249424
34.500000 2 50.730882 99.288149 5.938443 4.247303
34.600000 2 50.730647 100.260474 5.938423 4.245182
34.700000 2 50.730413 101.242326 5.938403 4.243060
34.800000 2 50.730181 102.233797 5.938383 4.240939
34.900000 2 50.729950 103.234982 5.938364 4.238818
35.000000 2 50.729720 104.245975 5.938344 4.236697
35.100000 2 50.729491 105.266874 5.938324 4.234576
35.200000 2 50.729264 106.297774 5.938304 4.232454
35.300000 2 50.729038 107.338775 5.938284 4.230333
35.400000 2 50.728813 108.389974 5.938264 4.228212
35.500000 2 50.727137 109.447695 5.938221 4.226092
35.600000 2 50.725461 110.515746 5.938177 4.223973
35.700000 2 50.723784 111.594226 5.938134 4.221853
35.800000 2 50.722108 112.683240 5.938091 4.219734
35.900000 2 50.720432 113.782888 5.938047 4.217614
36.000000 2 50.718756 114.893276 5.938004 4.215494
36.100000 2 50.717079 116.014508 5.937960 4.213374
36.200000 2 50.715403 117.146690 5.937917 4.211255
36.300000 2 50.713726 118.289930 5.937873 4.209135
36.400000 2 50.712050 119.444335 5.937830 4.207015
36.500000 2 50.710373 120.610014 5.937786 4.204895
36.600000 2 50.708697 121.787078 5.937743 4.202776
36.700000 2 50.707020 122.975638 5.937699 4.200656
36.800000 2 50.705343 124.175806 5.937656 4.198536
36.900000 2 50.703666 125.387696 5.937613 4.196416
37.000000 2 50.701989 126.611422 5.937569 4.194296
37.100000 2 50.700313 127.847100 5.937526 4.192177
37.200000 2 50.698636 129.094847 5.937482 4.190057
37.300000 2 50.696959 130.354780 5.937439 4.187937
37.400000 2 50.695282 131.627020 5.937395 4.185817
37.500000 2 50.693604 132.911685 5.937352 4.183697
37.600000 2 50.691927 134.208899 5.937308 4.181577
37.700000 2 50.690250 135.518782 5.937265 4.179457
37.800000 2 50.688573 136.841460 5.937222 4.177337
37.900000 2 50.686895 138.177057 5.937178 4.175217
38.000000 2 50.685218 139.525699 5.937135 4.173097
38.100000 2 50.683541 140.887515 5.937091 4.170977
38.200000 2 50.681863 142.262632 5.937048 4.168857
38.300000 2 50.680186 143.651180 5.937004 4.166737
38.400000 2 50.678508 145.053292 5.936961 4.164617
38.500000 2 50.676830 146.469100 5.936918 4.162497
38.600000 2 50.675153 147.898737 5.936874 4.160377
38.700000 2 50.673475 149.342338 5.936831 4.158257
38.800000 2 50.671797 150.800041 5.936787 4.156137
38.900000 2 50.670119 152.271983 5.936744 4.154017
39.000000 2 50.668442 153.758303 5.936701 4.151896
39.100000 2 50.666764 155.259142 5.936657 4.149776
39.200000 2 50.665086 156.774642 5.936614 4.147656
39.300000 2 50.663408 158.304946 5.936570 4.145536
39.400000 2 50.661729 159.850199 5.936527 4.143416
39.500000 2 50.660051 161.410546 5.936484 4.141295
39.600000 2 50.658373 162.986136 5.936440 4.139175
39.700000 2 50.656695 164.577117 5.936397 4.137055
39.800000 2 50.655017 166.183641 5.936353 4.134935
39.900000 2 50.653338 167.805858 5.936310 4.132814
40.000000 2 50.651660 169.443922 5.936267 4.130694
40.100000 2 50.649981 171.097989 5.936223 4.128574
40.200000 2 50.648303 172.768214 5.936180 4.126454
40.300000 2 50.646624 174.454757 5.936136 4.124333
40.400000 2 50.644946 176.157775 5.936093 4.122213
40.500000 2 50.643267 177.877430 5.936050 4.120093
40.600000 2 50.641588 179.613886 5.936006 4.117972
40.700000 2 50.639909 181.367305 5.935963 4.115852
40.800000 2 50.638231 183.137855 5.935919 4.113731
40.900000 2 50.636552 184.925702 5.935876 4.111611
41.000000 2 50.634873 186.731015 5.935833 4.109491
41.100000 2 50.633194 188.553966 5.935789 4.107370
41.200000 2 50.631515 190.394727 5.935746 4.105250
41.300000 2 50.629836 192.253472 5.935703 4.103129
41.400000 2 50.628157 194.130376 5.935659 4.101009
41.500000 2 50.626477 196.025618 5.935616 4.098888
41.600000 2 50.624798 197.939376 5.935573 4.096768
41.700000 2 50.623119 199.871832 5.935529 4.094647
41.800000 2 50.621439 201.823169 5.935486 4.092527
41.900000 2 50.619760 203.793570 5.935443 4.090406
42.000000 2 50.618081 205.783223 5.935399 4.088285
42.100000 2 50.616401 207.792316 5.935356 4.086165
42.200000 2 50.614722 209.821039 5.935312 4.084044
42.300000 2 50.613042 211.869583 5.935269 4.081924
42.400000 2 50.611362 213.938143 5.935226 4.079803
42.500000 2 50.609683 216.026913 5.935182 4.077682
42.600000 2 50.608003 218.136093 5.935139 4.075562
42.700000 2 50.606323 220.265882 5.935096 4.073441
42.800000 2 50.604643 222.416480 5.935052 4.071320
42.900000 2 50.602963 224.588091 5.935009 4.069199
43.000000 2 50.601283 226.780922 5.934966 4.067079
43.100000 2 50.599603 228.995179 5.934922 4.064958
43.200000 2 50.597923 231.231071 5.934879 4.062837
43.300000 2 50.596243 233.488811 5.934836 4.060716
43.400000 2 50.594563 235.768613 5.934792 4.058596
43.500000 2 50.592882 238.070691 5.934749 4.056475
43.600000 2 50.591202 240.395263 5.934706 4.054354
43.700000 2 50.589522 242.742551 5.934662 4.052233
43.800000 2 50.587841 245.112775 5.934619 4.050112
43.900000 2 50.586161 247.506160 5.934576 4.047992
44.000000 2 50.584481 249.922933 5.934533 4.045871
44.100000 2 50.582800 252.363322 5.934489 4.043750
44.200000 2 50.581119 254.827558 5.934446 4.041629
44.300000 2 50.579439 257.315874 5.934403 4.039508
44.400000 2 50.577758 259.828507 5.934359 4.037387
44.500000 2 50.576077 262.365693 5.934316 4.035266
44.600000 2 50.574396 264.927672 5.934273 4.033145
44.700000 2 50.572716 267.514688 5.934229 4.031024
44.800000 2 50.571035 270.126986 5.934186 4.028903
44.900000 2 50.569354 272.764811 5.934143 4.026782
45.000000 2 50.567673 275.428415 5.934100 4.024661
45.100000 2 50.565992 278.118048 5.934056 4.022540
45.200000 2 50.564310 280.833967 5.934013 4.020419
45.300000 2 50.562629 283.576427 5.933970 4.018298
45.400000 2 50.560948 286.345688 5.933926 4.016177
45.500000 2 50.559267 289.142013 5.933883 4.014056
45.600000 2 50.557585 291.965665 5.933840 4.011935
45.700000 2 50.555904 294.816914 5.933797 4.009814
45.800000 2 50.554222 297.696027 5.933753 4.007692
45.900000 2 50.552541 300.603278 5.933710 4.005571
46.000000 2 50.550859 303.538943 5.933667 4.003450
46.100000 2 50.549178 306.503298 5.933623 4.001329
46.200000 2 50.547496 309.496624 5.933580 3.999208
46.300000 2 50.545814 312.519206 5.933537 3.997086
46.400000 2 50.544133 315.571328 5.933494 3.994965
46.500000 2 50.542451 318.653281 5.933450 3.992844
46.600000 2 50.540769 321.765355 5.933407 3.990723
46.700000 2 50.539087 324.907845 5.933364 3.988601
46.800000 2 50.537405 328.081049 5.933321 3.986480
46.900000 2 50.535723 331.285268 5.933277 3.984359
47.000000 2 50.534041 334.520804 5.933234 3.982238
47.100000 2 50.532359 337.787963 5.933191 3.980116
47.200000 2 50.530677 341.087056 5.933148 3.977995
47.300000 2 50.528994 344.418395 5.933104 3.975873
47.400000 2 50.527312 347.782294 5.933061 3.973752
47.500000 2 50.525630 351.179073 5.933018 3.971631
47.600000 2 50.523947 354.609053 5.932975 3.969509
47.700000 2 50.522265 358.072559 5.932931 3.967388
47.800000 2 50.520583 361.569919 5.932888 3.965266
47.900000 2 50.518900 365.101463 5.932845 3.963145
48.000000 2 50.517217 368.667527 5.932802 3.961024
48.100000 2 50.515535 372.268447 5.932758 3.958902
48.200000 2 50.513852 375.904566 5.932715 3.956781
48.300000 2 50.512169 379.576227 5.932672 3.954659
48.400000 2 50.510486 383.283777 5.932629 3.952538
48.500000 2 50.508804 387.027569 5.932586 3.950416
48.600000 2 50.507121 390.807956 5.932542 3.948294
48.700000 2 50.505438 394.625297 5.932499 3.946173
48.800000 2 50.503755 398.479952 5.932456 3.944051
48.900000 2 50.502072 402.372288 5.932413 3.941930
49.000000 2 50.500388 406.302672 5.932369 3.939808
49.100000 2 50.498705 410.271477 5.932326 3.937686
49.200000 2 50.497022 414.279079 5.932283 3.935565
49.300000 2 50.495339 418.325857 5.932240 3.933443
49.400000 2 50.493655 422.412194 5.932197 3.931321
49.500000 2 50.491972 426.538478 5.932153 3.929200
49.600000 2 50.490289 430.705099 5.932110 3.927078
49.700000 2 50.488605 434.912451 5.932067 3.924956
49.800000 2 50.486921 439.160935 5.932024 3.922835
49.900000 2 50.485238 443.450951 5.931981 3.920713
50.000000 2 50.483554 447.782906 5.931937 3.918591
50.100000 2 50.481870 452.157210 5.931894 3.916469
50.200000 2 50.480187 456.574278 5.931851 3.914348
50.300000 2 50.478503 461.034528 5.931808 3.912226
50.400000 2 50.476819 465.538383 5.931765 3.910104
50.500000 2 50.475135 470.086268 5.931722 3.907982
50.600000 2 50.473451 474.678616 5.931678 3.905860
50.700000 2 50.471767 479.315861 5.931635 3.903738
50.800000 2 50.470083 483.998441 5.931592 3.901617
50.900000 2 50.468399 488.726802 5.931549 3.899495
51.000000 2 50.466715 493.501390 5.931506 3.897373
51.100000 2 50.465030 498.322658 5.931462 3.895251
51.200000 2 50.463346 503.191062 5.931419 3.893129
51.300000 2 50.461662 508.107065 5.931376 3.891007
51.400000 2 50.459977 513.071131 5.931333 3.888885
51.500000 2 50.458293 518.083731 5.931290 3.886763
51.600000 2 50.456608 523.145339 5.931247 3.884641
51.700000 2 50.454924 528.256436 5.931203 3.882519
51.800000 2 50.453239 533.417505 5.931160 3.880397
51.900000 2 50.451555 538.629035 5.931117 3.878275
52.000000 2 50.449870 543.891520 5.931074 3.876153
52.100000 2 50.448185 549.205460 5.931031 3.874031
52.200000 2 50.446500 554.571356 5.930988 3.871909
52.300000 2 50.444815 559.989718 5.930945 3.869787
52.400000 2 50.443131 565.461058 5.930901 3.867665
52.500000 2 50.441446 570.985896 5.930858 3.865542
52.600000 2 50.439761 576.564755 5.930815 3.863420
52.700000 2 50.438075 582.198163 5.930772 3.861298
52.800000 2 50.436390 587.886654 5.930729 3.859176
52.900000 2 50.434705 593.630768 5.930686 3.857054
53.000000 2 50.433020 599.431048 5.930643 3.854932
53.100000 2 50.431335 605.288043 5.930599 3.852809
53.200000 2 50.429649 611.202310 5.930556 3.850687
53.300000 2 50.427964 617.174409 5.930513 3.848565
53.400000 2 50.426278 623.204904 5.930470 3.846443
53.500000 2 50.424593 629.294369 5.930427 3.844320
53.600000 2 50.422907 635.443379 5.930384 3.842198
53.700000 2 50.421222 641.652518 5.930341 3.840076
53.800000 2 50.419536 647.922374 5.930298 3.837953
53.900000 2 50.417850 654.253541 5.930254 3.835831
54.000000 2 50.416164 660.646619 5.930211 3.833709
54.100000 2 50.414479 667.102214 5.930168 3.831586
54.200000 2 50.412793 673.620938 5.930125 3.829464
54.300000 2 50.411107 680.203409 5.930082 3.827342
54.400000 2 50.409421 686.850250 5.930039 3.825219
54.500000 2 50.407735 693.562091 5.929996 3.823097
54.600000 2 50.406049 700.339569 5.929953 3.820974
54.700000 2 50.404363 707.183326 5.929910 3.818852
54.800000 2 50.402676 714.094010 5.929866 3.816729
54.900000 2 50.400990 721.072277 5.929823 3.814607
55.000000 2 50.399304 728.118787 5.929780 3.812485
55.100000 2 50.397617 735.234210 5.929737 3.810362
55.200000 2 50.395931 742.419219 5.929694 3.808239
55.300000 2 50.394245 749.674495 5.929651 3.806117
55.400000 2 50.392558 757.000726 5.929608 3.803994
55.500000 2 50.390871 764.398606 5.929565 3.801872
55.600000 2 50.389185 771.868837 5.929522 3.799749
55.700000 2 50.387498 779.412127 5.929479 3.797627
55.800000 2 50.385811 787.029191 5.929436 3.795504
55.900000 2 50.384125 794.720750 5.929393 3.793381
56.000000 2 50.382438 802.487534 5.929349 3.791259
56.100000 2 50.380751 810.330280 5.929306 3.789136
56.200000 2 50.379064 818.249731 5.929263 3.787013
56.300000 2 50.377377 826.246637 5.929220 3.784891
56.400000 2 50.375690 834.321756 5.929177 3.782768
56.500000 2 50.374003 842.475855 5.929134 3.780645
56.600000 2 50.372316 850.709705 5.929091 3.778523
56.700000 2 50.370628 859.024089 5.929048 3.776400
56.800000 2 50.368941 867.419794 5.929005 3.774277
56.900000 2 50.367254 875.897615 5.928962 3.772154
57.000000 2 50.365566 884.458357 5.928919 3.770032
57.100000 2 50.363879 893.102832 5.928876 3.767909
57.200000 2 50.362192 901.831859 5.928833 3.765786
57.300000 2 50.360504 910.646265 5.928790 3.763663
57.400000 2 50.358816 919.546887 5.928747 3.761540
57.500000 2 50.357129 928.534568 5.928704 3.759417
57.600000 2 50.355441 937.610160 5.928661 3.757295
57.700000 2 50.353753 946.774525 5.928618 3.755172
57.800000 2 50.352066 956.028530 5.928574 3.753049
57.900000 2 50.350378 965.373054 5.928531 3.750926
58.000000 2 50.348690 974.808982 5.928488 3.748803
58.100000 2 50.347002 984.337210 5.928445 3.746680
58.200000 2 50.345314 993.958640 5.928402 3.744557
58.300000 2 50.343626 1003.674185 5.928359 3.742434
58.400000 2 50.341938 1013.484767 5.928316 3.740311
58.500000 2 50.340250 1023.391316 5.928273 3.738188
58.600000 2 50.338561 1033.394770 5.928230 3.736065
58.700000 2 50.336873 1043.496080 5.928187 3.733942
58.800000 2 50.335185 1053.696202 5.928144 3.731819
58.900000 2 50.333496 1063.996105 5.928101 3.729696
59.000000 2 50.331808 1074.396764 5.928058 3.727573
59.100000 2 50.330119 1084.899167 5.928015 3.725450
59.200000 2 50.328431 1095.504309 5.927972 3.723327
59.300000 2 50.326742 1106.213196 5.927929 3.721203
59.400000 2 50.325054 1117.026844 5.927886 3.719080
59.500000 2 50.323365 1127.946278 5.927843 3.716957
59.600000 2 50.321676 1138.972534 5.927800 3.714834
59.700000 2 50.319987 1150.106658 5.927757 3.712711
59.800000 2 50.318298 1161.349705 5.927714 3.710588
59.900000 2 50.316610 1172.702743 5.927671 3.708464
60.000000 2 50.314921 1184.166848 5.927628 3.706341
60.100000 2 50.313232 1195.743107 5.927585 3.704218
60.200000 2 50.311542 1207.432619 5.927542 3.702095
60.300000 2 50.309853 1219.236492 5.927499 3.699971
60.400000 2 50.308164 1231.155845 5.927456 3.697848
60.500000 2 50.306475 1243.191811 5.927413 3.695725
60.600000 2 50.304786 1255.345529 5.927370 3.693601
60.700000 2 50.303096 1267.618154 5.927327 3.691478
60.800000 2 50.301407 1280.010849 5.927284 3.689355
60.900000 2 50.299717 1292.524789 5.927241 3.687231
61.000000 2 50.298028 1305.161163 5.927198 3.685108
61.100000 2 50.296338 1317.921169 5.927155 3.682985
61.200000 2 50.294649 1330.806016 5.927112 3.680861
61.300000 2 50.292959 1343.816929 5.927069 3.678738
61.400000 2 50.291269 1356.955140 5.927026 3.676614
61.500000 2 50.289580 1370.221896 5.926984 3.674491
61.600000 2 50.287890 1383.618457 5.926941 3.672368
61.700000 2 50.286200 1397.146092 5.926898 3.670244
61.800000 2 50.284510 1410.806086 5.926855 3.668121
61.900000 2 50.282820 1424.599734 5.926812 3.665997
62.000000 2 50.281130 1438.528345 5.926769 3.663874
62.100000 2 50.279440 1452.593240 5.926726 3.661750
62.200000 2 50.277750 1466.795755 5.926683 3.659626
62.300000 2 50.276059 1481.137236 5.926640 3.657503
62.400000 2 50.274369 1495.619045 5.926597 3.655379
62.500000 2 50.272679 1510.242555 5.926554 3.653256
62.600000 2 50.270989 1525.009154 5.926511 3.651132
62.700000 2 50.269298 1539.920243 5.926468 3.649008
62.800000 2 50.267608 1554.977237 5.926425 3.646885
62.900000 2 50.265917 1570.181564 5.926382 3.644761
63.000000 2 50.264227 1585.534668 5.926339 3.642638
63.100000 2 50.262536 1601.038006 5.926296 3.640514
63.200000 2 50.260845 1616.693048 5.926253 3.638390
63.300000 2 50.259154 1632.501280 5.926211 3.636266
63.400000 2 50.257464 1648.464203 5.926168 3.634143
63.500000 2 50.255773 1664.583330 5.926125 3.632019
63.600000 2 50.254082 1680.860192 5.926082 3.629895
63.700000 2 50.252391 1697.296334 5.926039 3.627771
63.800000 2 50.250700 1713.893314 5.925996 3.625648
63.900000 2 50.249009 1730.652710 5.925953 3.623524
64.000000 2 50.247318 1747.576110 5.925910 3.621400
64.100000 2 50.245627 1764.665121 5.925867 3.619276
64.200000 2 50.243935 1781.921364 5.925824 3.617152
64.300000 2 50.242244 1799.346479 5.925781 3.615029
64.400000 2 50.240553 1816.942118 5.925738 3.612905
64.500000 2 50.238861 1834.709951 5.925696 3.610781
64.600000 2 50.237170 1852.651665 5.925653 3.608657
64.700000 2 50.235479 1870.768963 5.925610 3.606533
64.800000 2 50.233787 1889.063564 5.925567 3.604409
64.900000 2 50.232126 1907.195715 5.925525 3.602324
65.000000 2 50.230881 1920.909037 5.925493 3.600760
65.100000 2 50.229947 1931.258746 5.925470 3.599588
65.200000 2 50.228546 1946.888038 5.925434 3.597829
65.300000 4 50.227145 1962.713276 5.925421 3.596067
65.400000 4 50.227020 1962.715676 5.925421 3.596067
65.500000 4 49.724750 1972.445205 5.926148 3.595175
65.600000 4 49.227503 1982.173371 5.926867 3.594287
65.700000 4 48.735227 1991.899268 5.927579 3.593402
65.800000 4 48.247875 2001.621957 5.928284 3.592521
65.900000 4 47.765396 2011.340457 5.928982 3.591643
66.000000 4 47.287742 2021.053749 5.929673 3.590770
66.100000 4 46.814865 2030.760772 5.930357 3.589900
66.200000 4 46.346716 2040.460420 5.931034 3.589035
66.300000 4 45.883249 2050.151543 5.931704 3.588174
66.400000 4 45.424417 2059.832940 5.932368 3.587317
66.500000 4 44.970173 2069.503360 5.933025 3.586464
66.600000 4 44.520471 2079.161498 5.933676 3.585615
66.700000 4 44.075266 2088.805992 5.934320 3.584771
66.800000 4 43.634514 2098.435424 5.934957 3.583932
66.900000 4 43.198168 2108.048308 5.935588 3.583097
67.000000 4 42.766187 2117.643097 5.936213 3.582267
67.100000 4 42.338525 2127.218171 5.936832 3.581442
67.200000 4 41.915140 2136.771838 5.937444 3.580622
67.300000 4 41.495988 2146.302328 5.938050 3.579808
67.400000 4 41.081028 2155.807790 5.938651 3.578998
67.500000 4 40.670218 2165.286284 5.939245 3.578194
67.600000 4 40.263516 2174.735779 5.939833 3.577396
67.700000 4 39.860881 2184.154149 5.940415 3.576603
67.800000 4 39.462272 2193.539160 5.940992 3.575816
67.900000 4 39.067649 2202.888471 5.941563 3.575035
68.000000 4 38.676973 2212.199624 5.942128 3.574260
68.100000 4 38.290203 2221.470037 5.942687 3.573492
68.200000 4 37.907301 2230.696996 5.943241 3.572731
68.300000 4 37.528228 2239.877644 5.943789 3.571976
68.400000 4 37.152946 2249.008977 5.944332 3.571228
68.500000 4 36.781416 2258.087826 5.944870 3.570488
68.600000 4 36.413602 2267.110855 5.945402 3.569755
68.700000 4 36.049466 2276.074539 5.945928 3.569029
68.800000 4 35.688971 2284.975159 5.946450 3.568312
68.900000 4 35.332082 2293.808783 5.946966 3.567603
69.000000 4 34.978761 2302.571251 5.947477 3.566903
69.100000 4 34.628973 2311.258157 5.947983 3.566212
69.200000 4 34.282683 2319.864831 5.948484 3.565530
69.300000 4 33.939857 2328.386316 5.948980 3.564858
69.400000 4 33.600458 2336.817347 5.949471 3.564196
69.500000 4 33.264453 2345.152322 5.949957 3.563544
69.600000 4 32.931809 2353.385278 5.950438 3.562904
69.700000 4 32.602491 2361.509852 5.950914 3.562274
69.800000 4 32.276466 2369.519253 5.951386 3.561657
69.900000 4 31.953701 2377.406217 5.951853 3.561052
70.000000 4 31.634164 2385.162965 5.952315 3.560460
70.100000 4 31.317823 2392.781154 5.952772 3.559882
70.200000 4 31.004644 2400.251816 5.953225 3.559319
70.300000 4 30.694598 2407.565300 5.953674 3.558770
70.400000 4 30.387652 2414.711199 5.954118 3.558237
70.500000 4 30.083775 2421.678263 5.954557 3.557722
70.600000 4 29.782938 2428.454312 5.954993 3.557224
70.700000 4 29.485108 2435.026127 5.955423 3.556745
70.800000 4 29.190257 2441.379323 5.955850 3.556285
70.900000 4 28.898355 2447.498212 5.956272 3.555847
71.000000 4 28.609371 2453.365634 5.956690 3.555432
71.100000 4 28.323277 2458.962762 5.957104 3.555041
71.200000 4 28.040045 2464.268882 5.957514 3.554675
71.300000 4 27.759644 2469.261119 5.957919 3.554337
71.400000 4 27.482048 2473.914120 5.958321 3.554028
71.500000 4 27.207227 2478.199679 5.958718 3.553752
71.600000 4 26.935155 2482.086274 5.959112 3.553510
71.700000 4 26.665803 2485.538513 5.959501 3.553306
71.800000 4 26.399145 2488.516458 5.959887 3.553142
71.900000 4 26.135154 2490.974781 5.960269 3.553023
72.000000 4 25.873802 2492.861714 5.960647 3.552953
72.100000 4 25.615064 2494.117725 5.961021 3.552937
72.200000 4 25.358914 2494.673822 5.961392 3.552982
72.300000 4 25.105325 2494.449340 5.961758 3.553093
72.400000 4 24.854271 2493.349032 5.962121 3.553279
72.500000 4 24.605729 2491.259138 5.962481 3.553551
72.600000 4 24.359671 2488.041984 5.962837 3.553921
72.700000 4 24.116075 2483.528336 5.963189 3.554403
72.800000 4 23.874914 2477.506274 5.963538 3.555018
72.900000 4 23.636165 2469.704366 5.963883 3.555789
73.000000 4 23.399803 2459.765081 5.964225 3.556750
73.100000 4 23.165805 2447.200415 5.964563 3.557947
73.200000 4 22.934147 2431.312599 5.964898 3.559445
73.300000 4 22.704806 2411.039663 5.965229 3.561346
73.400000 4 22.591282 2398.785180 5.965392 3.562493
73.500000 4 22.478325 2384.695759 5.965555 3.563813
73.600000 4 22.365933 2368.311667 5.965717 3.565350
73.700000 4 22.254104 2348.958080 5.965877 3.567172
73.800000 4 22.142833 2325.590318 5.966036 3.569383
73.900000 4 22.087476 2311.921192 5.966114 3.570683
74.000000 4 22.032258 2296.524901 5.966192 3.572153
74.100000 4 21.977177 2278.973098 5.966270 3.573838
74.200000 4 21.922234 2258.670451 5.966346 3.575801
74.300000 4 21.894831 2247.242904 5.966384 3.576912
74.400000 4 21.867463 2234.783877 5.966421 3.578128
74.500000 4 21.840128 2221.124380 5.966458 3.579469
74.600000 4 21.812828 2206.056656 5.966495 3.580956
74.700000 4 21.785562 2189.323144 5.966530 3.582618
74.800000 4 21.758330 2170.601711 5.966566 3.584492
74.900000 4 21.731132 2149.485773 5.966600 3.586623
75.000000 4 21.717550 2137.877009 5.966616 3.587803
75.100000 4 21.703977 2125.465320 5.966633 3.589072
75.200000 4 21.690412 2112.162572 5.966649 3.590439
75.300000 4 21.676855 2097.868343 5.966664 3.591918
75.400000 4 21.663307 2082.467929 5.966680 3.593521
75.500000 4 21.649768 2065.830004 5.966694 3.595267
75.600000 4 21.636237 2047.803868 5.966708 3.597173
75.700000 4 21.622714 2028.216204 5.966722 3.599264
75.800000 4 21.615957 2017.777202 5.966728 3.600386
75.900000 4 21.609202 2006.870774 5.966734 3.601564
76.000000 4 21.602449 1995.467115 5.966740 3.602803
76.100000 4 21.595698 1983.534175 5.966746 3.604107
76.200000 4 21.588950 1971.037481 5.966751 3.605481
76.300000 4 21.582203 1957.939946 5.966756 3.606930
76.400000 4 21.575459 1944.201663 5.966761 3.608460
76.500000 4 21.568716 1929.779686 5.966765 3.610078
76.600000 4 21.561976 1914.627798 5.966770 3.611791
76.700000 4 21.555238 1898.696270 5.966773 3.613606
76.800000 4 21.548502 1881.931605 5.966776 3.615533
76.900000 4 21.541768 1864.276277 5.966779 3.617580
77.000000 4 21.535036 1845.668463 5.966781 3.619759
77.100000 4 21.531671 1835.987578 5.966782 3.620901
77.200000 4 21.528307 1826.043346 5.966783 3.622081
77.300000 4 21.524943 1815.826713 5.966783 3.623299
77.400000 4 21.521580 1805.328309 5.966784 3.624558
77.500000 4 21.518217 1794.538438 5.966784 3.625860
77.600000 4 21.514855 1783.447073 5.966784 3.627206
77.700000 4 21.511493 1772.043850 5.966784 3.628599
77.800000 4 21.508132 1760.318060 5.966784 3.630041
77.900000 4 21.504771 1748.258647 5.966783 3.631533
78.000000 4 21.501411 1735.854205 5.966782 3.633080
78.100000 4 21.498052 1723.092975 5.966781 3.634682
78.200000 4 21.494693 1709.962841 5.966780 3.636342
78.300000 4 21.491334 1696.451339 5.966778 3.638064
78.400000 4 21.487976 1682.545653 5.966777 3.639851
78.500000 4 21.484619 1668.232624 5.966774 3.641706
78.600000 4 21.481262 1653.498759 5.966772 3.643632
78.700000 4 21.477905 1638.330242 5.966769 3.645632
78.800000 4 21.474549 1622.712950 5.966766 3.647711
78.900000 4 21.471194 1606.632471 5.966763 3.649873
79.000000 4 21.469516 1598.414284 5.966761 3.650986
79.100000 4 21.467839 1590.074788 5.966759 3.652122
79.200000 4 21.466162 1581.612113 5.966757 3.653280
79.300000 4 21.464485 1573.024377 5.966755 3.654461
79.400000 4 21.462808 1564.309686 5.966752 3.655667
79.500000 4 21.461131 1555.466137 5.966750 3.656898
79.600000 4 21.459455 1546.491819 5.966747 3.658154
79.700000 4 21.457778 1537.384813 5.966745 3.659435
79.800000 4 21.456102 1528.143198 5.966742 3.660744
79.900000 4 21.454425 1518.765047 5.966739 3.662080
80.000000 4 21.452749 1509.248437 5.966736 3.663444
80.100000 4 21.451073 1499.591441 5.966733 3.664837
80.200000 4 21.449397 1489.792141 5.966730 3.666260
80.300000 4 21.447722 1479.848622 5.966726 3.667714
80.400000 4 21.446046 1469.758980 5.966723 3.669198
80.500000 4 21.444371 1459.521325 5.966719 3.670715
80.600000 4 21.442695 1449.133779 5.966715 3.672265
80.700000 4 21.441020 1438.594486 5.966711 3.673849
80.800000 4 21.439345 1427.901612 5.966707 3.675468
80.900000 4 21.437670 1417.053350 5.966703 3.677123
81.000000 4 21.435995 1406.047921 5.966698 3.678815
81.100000 4 21.434321 1394.883585 5.966694 3.680545
81.200000 4 21.432646 1383.558640 5.966689 3.682314
81.300000 4 21.430972 1372.071429 5.966684 3.684123
81.400000 4 21.429297 1360.420345 5.966678 3.685974
81.500000 4 21.427623 1348.603837 5.966673 3.687867
81.600000 4 21.425949 1336.620417 5.966667 3.689803
81.700000 4 21.424275 1324.468663 5.966661 3.691785
81.800000 4 21.422601 1312.147227 5.966655 3.693813
81.900000 4 21.420928 1299.654846 5.966649 3.695889
82.000000 4 21.419254 1286.990344 5.966642 3.698013
82.100000 4 21.417581 1274.152640 5.966635 3.700189
82.200000 4 21.416744 1267.668657 5.966632 3.701296
82.300000 4 21.415908 1261.141018 5.966628 3.702416
82.400000 4 21.415071 1254.569619 5.966625 3.703549
82.500000 4 21.414235 1247.954366 5.966621 3.704696
82.600000 4 21.413398 1241.295168 5.966617 3.705857
82.700000 4 21.412562 1234.591947 5.966613 3.707032
82.800000 4 21.411725 1227.844629 5.966609 3.708221
82.900000 4 21.410889 1221.053154 5.966605 3.709425
83.000000 4 21.410052 1214.217466 5.966601 3.710643
83.100000 4 21.409216 1207.337523 5.966597 3.711875
83.200000 4 21.408380 1200.413289 5.966593 3.713123
83.300000 4 21.407544 1193.444741 5.966588 3.714387
83.400000 4 21.406707 1186.431865 5.966584 3.715665
83.500000 4 21.405871 1179.374659 5.966580 3.716960
83.600000 4 21.405035 1172.273131 5.966575 3.718270
83.700000 4 21.404199 1165.127302 5.966570 3.719596
83.800000 4 21.403363 1157.937203 5.966566 3.720939
83.900000 4 21.402527 1150.702879 5.966561 3.722299
84.000000 4 21.401691 1143.424388 5.966556 3.723676
84.100000 4 21.400855 1136.101799 5.966551 3.725070
84.200000 4 21.400019 1128.735197 5.966546 3.726481
84.300000 4 21.399183 1121.324681 5.966541 3.727910
84.400000 4 21.398347 1113.870361 5.966535 3.729357
84.500000 4 21.397511 1106.372365 5.966530 3.730822
84.600000 4 21.396675 1098.830836 5.966525 3.732306
84.700000 4 21.395839 1091.245932 5.966519 3.733809
84.800000 4 21.395003 1083.617826 5.966513 3.735331
84.900000 4 21.394168 1075.946710 5.966507 3.736872
85.000000 4 21.393332 1068.232790 5.966502 3.738433
85.100000 4 21.392496 1060.476293 5.966496 3.740014
85.200000 4 21.391661 1052.677462 5.966489 3.741615
85.300000 4 21.390825 1044.836557 5.966483 3.743237
85.400000 4 21.389989 1036.953767 5.966477 3.744880
