t Ka M R logL logTeff
404.389348 1 0.700084 0.652936 -0.891187 3.630908
808.779068 1 0.700084 0.654015 -0.888105 3.631320
1213.169166 1 0.700084 0.655097 -0.884968 3.631746
1617.559644 1 0.700083 0.656184 -0.881776 3.632184
2021.950506 1 0.700083 0.657274 -0.878530 3.632635
2426.341758 1 0.700083 0.658370 -0.875228 3.633099
2830.733402 1 0.700083 0.659472 -0.871871 3.633575
3235.125443 1 0.700083 0.660580 -0.868459 3.634063
3639.517886 1 0.700082 0.661696 -0.864992 3.634563
4043.910734 1 0.700082 0.662820 -0.861470 3.635075
4448.303993 1 0.700082 0.663953 -0.857893 3.635599
4852.697668 1 0.700082 0.665096 -0.854261 3.636133
5257.091762 1 0.700082 0.666248 -0.850574 3.636679
5661.486281 1 0.700081 0.667412 -0.846832 3.637236
6065.881231 1 0.700081 0.668587 -0.843035 3.637803
6470.276616 1 0.700081 0.669775 -0.839183 3.638380
6874.672441 1 0.700081 0.670977 -0.835276 3.638968
7279.068713 1 0.700081 0.672192 -0.831314 3.639565
7683.465437 1 0.700080 0.673422 -0.827297 3.640173
8087.862618 1 0.700080 0.674668 -0.823225 3.640789
8492.260264 1 0.700080 0.675930 -0.819098 3.641415
8896.658379 1 0.700080 0.677210 -0.814916 3.642050
9301.056970 1 0.700080 0.678507 -0.810678 3.642694
9705.456044 1 0.700079 0.679823 -0.806386 3.643346
10109.855607 1 0.700079 0.681159 -0.802039 3.644007
10514.255666 1 0.700079 0.682515 -0.797637 3.644675
10918.656228 1 0.700079 0.683892 -0.793180 3.645352
11323.057300 1 0.700078 0.685292 -0.788667 3.646036
11727.458890 1 0.700078 0.686714 -0.784100 3.646728
12131.861005 1 0.700078 0.688160 -0.779478 3.647426
12536.263653 1 0.700078 0.689631 -0.774800 3.648132
12940.666842 1 0.700077 0.691127 -0.770067 3.648845
13345.070580 1 0.700077 0.692650 -0.765280 3.649564
13749.474876 1 0.700077 0.694200 -0.760436 3.650289
14153.879738 1 0.700077 0.695779 -0.755538 3.651020
14558.285176 1 0.700076 0.697386 -0.750584 3.651758
14962.691197 1 0.700076 0.699024 -0.745575 3.652501
15367.097813 1 0.700076 0.700693 -0.740511 3.653249
15771.505032 1 0.700076 0.702394 -0.735390 3.654002
16175.912865 1 0.700075 0.704129 -0.730214 3.654761
16580.321322 1 0.700075 0.705897 -0.724982 3.655524
16984.730413 1 0.700075 0.707701 -0.719694 3.656292
17389.140149 1 0.700074 0.709542 -0.714349 3.657064
17793.550542 1 0.700074 0.711420 -0.708948 3.657841
18197.961602 1 0.700074 0.713337 -0.703489 3.658621
18602.373342 1 0.700073 0.715295 -0.697973 3.659405
19006.785774 1 0.700073 0.717293 -0.692399 3.660192
19411.198911 1 0.700073 0.719335 -0.686766 3.660983
19815.612765 1 0.700073 0.721421 -0.681074 3.661778
20220.027350 1 0.700072 0.723554 -0.675322 3.662575
20624.442679 1 0.700072 0.725734 -0.669509 3.663375
21028.858766 1 0.700071 0.727963 -0.663635 3.664177
21433.275627 1 0.700071 0.730243 -0.657697 3.664982
21837.693276 1 0.700071 0.732577 -0.651695 3.665790
22242.111729 1 0.700070 0.734966 -0.645627 3.666600
22646.531001 1 0.700070 0.737413 -0.639492 3.667412
23050.951110 1 0.700070 0.739920 -0.633287 3.668226
23455.372072 1 0.700069 0.742491 -0.627011 3.669042
23859.793905 1 0.700069 0.745126 -0.620660 3.669860
24264.216627 1 0.700068 0.747831 -0.614233 3.670680
24668.640257 1 0.700068 0.750609 -0.607725 3.671502
25073.064815 1 0.700068 0.753462 -0.601134 3.672326
25477.490321 1 0.700067 0.756396 -0.594455 3.673152
25881.916795 1 0.700067 0.759415 -0.587684 3.673980
26286.344261 1 0.700066 0.762523 -0.580816 3.674810
26690.772739 1 0.700066 0.765726 -0.573845 3.675643
27095.202254 1 0.700065 0.769030 -0.566765 3.676478
27499.632830 1 0.700065 0.772441 -0.559570 3.677316
27904.064493 1 0.700064 0.775966 -0.552251 3.678156
28308.497269 1 0.700064 0.779613 -0.544801 3.679001
28712.931186 1 0.700063 0.783391 -0.537209 3.679849
29117.366273 1 0.700063 0.787309 -0.529466 3.680702
29521.802560 1 0.700062 0.791376 -0.521559 3.681559
29926.240079 1 0.700061 0.795606 -0.513478 3.682422
30330.678863 1 0.700061 0.800009 -0.505206 3.683292
30735.118948 1 0.700060 0.804599 -0.496730 3.684168
31139.560371 1 0.700060 0.809393 -0.488033 3.685053
31544.003170 1 0.700059 0.814406 -0.479096 3.685946
31948.447388 1 0.700058 0.819657 -0.469899 3.686850
32352.893067 1 0.700058 0.825167 -0.460421 3.687765
32757.340256 1 0.700057 0.830958 -0.450636 3.688692
33161.789003 1 0.700056 0.837057 -0.440520 3.689633
33566.239362 1 0.700055 0.843493 -0.430042 3.690589
33970.691390 1 0.700055 0.850298 -0.419174 3.691562
34375.145149 1 0.700054 0.857511 -0.407879 3.692551
34779.600705 1 0.700053 0.865175 -0.396123 3.693558
35184.058129 1 0.700052 0.873345 -0.383864 3.694582
35386.287814 1 0.700052 0.877638 -0.377533 3.695100
35588.518007 1 0.700051 0.882083 -0.371060 3.695621
35790.748718 1 0.700051 0.886690 -0.364438 3.696145
35992.979961 1 0.700050 0.891470 -0.357663 3.696672
36195.211747 1 0.700050 0.896437 -0.350726 3.697199
36397.444090 1 0.700049 0.901606 -0.343622 3.697727
36599.677002 1 0.700049 0.906996 -0.336344 3.698252
36801.910499 1 0.700048 0.912626 -0.328883 3.698773
37004.144595 1 0.700048 0.918520 -0.321233 3.699288
37206.379308 1 0.700047 0.924707 -0.313386 3.699792
37408.614652 1 0.700046 0.931218 -0.305334 3.700281
37610.850647 1 0.700046 0.938094 -0.297068 3.700750
37813.087311 1 0.700045 0.945380 -0.288578 3.701193
38015.324665 1 0.700044 0.953132 -0.279857 3.701600
38217.562729 1 0.700044 0.961417 -0.270895 3.701961
38419.801527 1 0.700043 0.970314 -0.261681 3.702264
38622.041083 1 0.700042 0.979921 -0.252205 3.702494
38723.161252 1 0.700042 0.985026 -0.247366 3.702575
38824.281625 1 0.700042 0.990355 -0.242458 3.702631
38925.402204 1 0.700041 0.995926 -0.237479 3.702657
39026.522994 1 0.700041 1.001760 -0.232427 3.702652
39127.643998 1 0.700040 1.007880 -0.227302 3.702611
39228.765221 1 0.700040 1.014312 -0.222102 3.702529
39329.886667 1 0.700040 1.021083 -0.216825 3.702404
39431.008340 1 0.700039 1.028225 -0.211470 3.702229
39532.130245 1 0.700039 1.035773 -0.206035 3.701999
39633.252387 1 0.700038 1.043766 -0.200519 3.701709
39734.374772 1 0.700038 1.052247 -0.194920 3.701352
39835.497404 1 0.700037 1.061263 -0.189237 3.700920
39936.620289 1 0.700037 1.070870 -0.183468 3.700405
40037.743434 1 0.700036 1.081128 -0.177610 3.699800
40088.305139 1 0.700036 1.086521 -0.174648 3.699460
40176.788241 1 0.700036 1.096418 -0.169410 3.698800
40243.150726 1 0.700035 1.104253 -0.165435 3.698248
40292.922681 1 0.700035 1.110376 -0.162427 3.697799
40367.580717 1 0.700035 1.119985 -0.157873 3.697066
40442.238912 2 0.700034 1.130140 -0.153267 3.696258
40451.963762 2 0.700032 1.132070 -0.152056 3.696190
40473.253394 2 0.700027 1.136306 -0.149405 3.696042
40494.543588 2 0.700022 1.140557 -0.146755 3.695893
40515.834347 2 0.700018 1.144824 -0.144104 3.695745
40537.125678 2 0.700013 1.149107 -0.141453 3.695597
40558.417586 2 0.700007 1.153406 -0.138803 3.695449
40579.710077 2 0.700002 1.157721 -0.136152 3.695301
40601.003157 2 0.699997 1.162052 -0.133502 3.695152
40622.296832 2 0.699992 1.166399 -0.130852 3.695004
40643.591108 2 0.699987 1.170762 -0.128201 3.694856
40664.885990 2 0.699981 1.175142 -0.125551 3.694708
40686.181485 2 0.699976 1.179537 -0.122901 3.694559
40707.477599 2 0.699971 1.183949 -0.120251 3.694411
40728.774337 2 0.699965 1.188378 -0.117601 3.694263
40750.071707 2 0.699960 1.192823 -0.114951 3.694115
40771.369714 2 0.699954 1.197284 -0.112301 3.693967
40792.668365 2 0.699949 1.201762 -0.109651 3.693818
40813.967666 2 0.699943 1.206257 -0.107002 3.693670
40835.267624 2 0.699937 1.210768 -0.104352 3.693522
40856.568245 2 0.699931 1.215296 -0.101702 3.693374
40877.869536 2 0.699925 1.219841 -0.099053 3.693226
40899.171503 2 0.699920 1.224403 -0.096404 3.693078
40920.474153 2 0.699914 1.228981 -0.093754 3.692929
40941.777494 2 0.699908 1.233577 -0.091105 3.692781
40963.081531 2 0.699901 1.238190 -0.088456 3.692633
40984.386272 2 0.699895 1.242820 -0.085806 3.692485
41005.691725 2 0.699889 1.247467 -0.083157 3.692337
41026.997894 2 0.699883 1.252131 -0.080508 3.692189
41048.304789 2 0.699877 1.256813 -0.077859 3.692040
41069.612417 2 0.699870 1.261512 -0.075211 3.691892
41090.920784 2 0.699864 1.266228 -0.072562 3.691744
41112.229898 2 0.699857 1.270962 -0.069913 3.691596
41133.539766 2 0.699851 1.275714 -0.067264 3.691448
41154.850396 2 0.699844 1.280483 -0.064616 3.691300
41176.161796 2 0.699837 1.285270 -0.061967 3.691152
41197.473972 2 0.699830 1.290074 -0.059319 3.691003
41218.786934 2 0.699824 1.294897 -0.056671 3.690855
41240.100689 2 0.699817 1.299737 -0.054022 3.690707
41261.415244 2 0.699810 1.304595 -0.051374 3.690559
41282.730608 2 0.699803 1.309471 -0.048726 3.690411
41304.046788 2 0.699795 1.314365 -0.046078 3.690263
41325.363793 2 0.699788 1.319278 -0.043430 3.690115
41346.681632 2 0.699781 1.324208 -0.040782 3.689967
41368.000311 2 0.699774 1.329157 -0.038135 3.689819
41389.319841 2 0.699766 1.334124 -0.035487 3.689671
41410.640228 2 0.699759 1.339110 -0.032839 3.689523
41431.961483 2 0.699751 1.344114 -0.030192 3.689375
41453.283612 2 0.699743 1.349136 -0.027544 3.689227
41474.606626 2 0.699736 1.354178 -0.024897 3.689079
41495.930533 2 0.699728 1.359237 -0.022250 3.688930
41517.255342 2 0.699720 1.364316 -0.019603 3.688782
41538.581062 2 0.699712 1.369413 -0.016955 3.688634
41559.907701 2 0.699704 1.374529 -0.014308 3.688486
41581.235270 2 0.699696 1.379664 -0.011661 3.688338
41602.563777 2 0.699688 1.384819 -0.009015 3.688190
41623.893232 2 0.699680 1.389992 -0.006368 3.688042
41645.223644 2 0.699671 1.395184 -0.003721 3.687895
41666.555023 2 0.699663 1.400395 -0.001075 3.687747
41687.887378 2 0.699654 1.405626 0.001572 3.687599
41709.220720 2 0.699646 1.410876 0.004218 3.687451
41730.555057 2 0.699637 1.416146 0.006864 3.687303
41751.890401 2 0.699628 1.421435 0.009511 3.687155
41773.226760 2 0.699619 1.426743 0.012157 3.687007
41794.564146 2 0.699610 1.432071 0.014803 3.686859
41815.902568 2 0.699601 1.437419 0.017449 3.686711
41837.242036 2 0.699592 1.442786 0.020095 3.686563
41858.582562 2 0.699583 1.448174 0.022740 3.686415
41879.924156 2 0.699574 1.453581 0.025386 3.686267
41901.266828 2 0.699564 1.459008 0.028032 3.686120
41922.610589 2 0.699555 1.464455 0.030677 3.685972
41943.955450 2 0.699545 1.469922 0.033322 3.685824
41965.301422 2 0.699535 1.475410 0.035968 3.685676
41986.648517 2 0.699526 1.480918 0.038613 3.685528
42007.996745 2 0.699516 1.486446 0.041258 3.685381
42029.346117 2 0.699506 1.491994 0.043903 3.685233
42050.696645 2 0.699496 1.497563 0.046548 3.685085
42072.048342 2 0.699486 1.503152 0.049192 3.684937
42093.401217 2 0.699475 1.508762 0.051837 3.684789
42114.755284 2 0.699465 1.514393 0.054482 3.684642
42136.110554 2 0.699454 1.520044 0.057126 3.684494
42157.467039 2 0.699444 1.525716 0.059771 3.684346
42178.824751 2 0.699433 1.531409 0.062415 3.684199
42200.183702 2 0.699422 1.537123 0.065059 3.684051
42221.543905 2 0.699411 1.542858 0.067703 3.683903
42242.905373 2 0.699400 1.548614 0.070347 3.683756
42264.268118 2 0.699389 1.554392 0.072991 3.683608
42285.632153 2 0.699378 1.560190 0.075634 3.683460
42306.997490 2 0.699367 1.566010 0.078278 3.683313
42328.364143 2 0.699355 1.571851 0.080922 3.683165
42349.732125 2 0.699344 1.577714 0.083565 3.683018
42371.101450 2 0.699332 1.583598 0.086208 3.682870
42392.472130 2 0.699320 1.589504 0.088852 3.682723
42413.844179 2 0.699308 1.595432 0.091495 3.682575
42435.217611 2 0.699296 1.601381 0.094138 3.682428
42456.592440 2 0.699284 1.607352 0.096780 3.682280
42477.968680 2 0.699272 1.613346 0.099423 3.682133
42499.346344 2 0.699259 1.619361 0.102066 3.681985
42520.725448 2 0.699247 1.625398 0.104708 3.681838
42542.106006 2 0.699234 1.631457 0.107351 3.681690
42563.488031 2 0.699221 1.637539 0.109993 3.681543
42575.103691 3 0.699214 1.640874 0.111440 3.681463
42585.228027 3 0.699208 1.648362 0.115491 3.681487
42598.203835 3 0.699200 1.658103 0.120729 3.681517
42611.049884 3 0.699192 1.667908 0.125966 3.681546
42623.767473 3 0.699184 1.677779 0.131204 3.681574
42636.357886 3 0.699176 1.687716 0.136442 3.681601
42648.822395 3 0.699168 1.697720 0.141680 3.681627
42661.162259 3 0.699159 1.707790 0.146917 3.681653
42673.378724 3 0.699151 1.717928 0.152155 3.681677
42685.473025 3 0.699143 1.728134 0.157393 3.681700
42697.446382 3 0.699134 1.738409 0.162631 3.681722
42709.300006 3 0.699126 1.748752 0.167868 3.681743
42721.035094 3 0.699117 1.759166 0.173106 3.681764
42732.652831 3 0.699108 1.769649 0.178344 3.681783
42744.154390 3 0.699099 1.780202 0.183582 3.681801
42755.540934 3 0.699091 1.790827 0.188819 3.681819
42766.813613 3 0.699082 1.801524 0.194057 3.681835
42777.973564 3 0.699073 1.812292 0.199295 3.681850
42789.021917 3 0.699064 1.823133 0.204533 3.681865
42799.959785 3 0.699055 1.834048 0.209771 3.681878
42810.788275 3 0.699045 1.845036 0.215008 3.681890
42821.508480 3 0.699036 1.856099 0.220246 3.681901
42832.121483 3 0.699027 1.867237 0.225484 3.681912
42842.628356 3 0.699017 1.878450 0.230722 3.681921
42853.030160 3 0.699008 1.889740 0.235959 3.681929
42863.327947 3 0.698998 1.901105 0.241197 3.681937
42873.522755 3 0.698988 1.912549 0.246435 3.681943
42883.615615 3 0.698979 1.924070 0.251673 3.681948
42893.607547 3 0.698969 1.935669 0.256910 3.681953
42903.499559 3 0.698959 1.947347 0.262148 3.681956
42913.292652 3 0.698949 1.959105 0.267386 3.681958
42922.987813 3 0.698939 1.970943 0.272624 3.681959
42932.586022 3 0.698929 1.982862 0.277862 3.681960
42942.088250 3 0.698919 1.994863 0.283099 3.681959
42951.495455 3 0.698908 2.006945 0.288337 3.681957
42960.808589 3 0.698898 2.019110 0.293575 3.681954
42970.028591 3 0.698887 2.031358 0.298813 3.681950
42979.156392 3 0.698877 2.043690 0.304050 3.681946
42988.192916 3 0.698866 2.056107 0.309288 3.681940
42997.139075 3 0.698855 2.068609 0.314526 3.681933
43005.995772 3 0.698845 2.081197 0.319764 3.681925
43014.763902 3 0.698834 2.093871 0.325001 3.681916
43023.444351 3 0.698823 2.106632 0.330239 3.681906
43032.037995 3 0.698812 2.119481 0.335477 3.681895
43040.545703 3 0.698801 2.132419 0.340715 3.681883
43048.968334 3 0.698789 2.145446 0.345952 3.681870
43057.306738 3 0.698778 2.158563 0.351190 3.681856
43065.561759 3 0.698766 2.171770 0.356428 3.681841
43073.734229 3 0.698755 2.185068 0.361666 3.681825
43081.824975 3 0.698743 2.198459 0.366904 3.681807
43089.834813 3 0.698732 2.211942 0.372141 3.681789
43097.764552 3 0.698720 2.225518 0.377379 3.681770
43105.614995 3 0.698708 2.239188 0.382617 3.681749
43113.386932 3 0.698696 2.252953 0.387855 3.681728
43121.081151 3 0.698684 2.266814 0.393092 3.681706
43128.698427 3 0.698671 2.280771 0.398330 3.681682
43136.239531 3 0.698659 2.294824 0.403568 3.681658
43143.705223 3 0.698647 2.308976 0.408806 3.681632
43151.096259 3 0.698634 2.323226 0.414043 3.681606
43158.413384 3 0.698622 2.337575 0.419281 3.681578
43165.657338 3 0.698609 2.352024 0.424519 3.681549
43172.828853 3 0.698596 2.366574 0.429757 3.681520
43179.928652 3 0.698583 2.381225 0.434995 3.681489
43186.957453 3 0.698570 2.395979 0.440232 3.681457
43193.915966 3 0.698557 2.410836 0.445470 3.681424
43200.804895 3 0.698544 2.425797 0.450708 3.681390
43207.624933 3 0.698530 2.440862 0.455946 3.681355
43214.376772 3 0.698517 2.456033 0.461183 3.681319
43221.061092 3 0.698503 2.471310 0.466421 3.681282
43227.678569 3 0.698489 2.486695 0.471659 3.681244
43234.229871 3 0.698476 2.502187 0.476897 3.681205
43240.715660 3 0.698462 2.517788 0.482134 3.681165
43247.136591 3 0.698448 2.533499 0.487372 3.681123
43253.493313 3 0.698433 2.549321 0.492610 3.681081
43259.786468 3 0.698419 2.565253 0.497848 3.681037
43266.016691 3 0.698405 2.581298 0.503085 3.680993
43272.184612 3 0.698390 2.597456 0.508323 3.680947
43278.290854 3 0.698376 2.613728 0.513561 3.680901
43284.336033 3 0.698361 2.630115 0.518799 3.680853
43290.320760 3 0.698346 2.646618 0.524037 3.680804
43296.245641 3 0.698331 2.663237 0.529274 3.680754
43302.111272 3 0.698316 2.679974 0.534512 3.680703
43307.918247 3 0.698301 2.696830 0.539750 3.680651
43313.667152 3 0.698285 2.713804 0.544988 3.680598
43319.358569 3 0.698270 2.730899 0.550225 3.680544
43324.993071 3 0.698254 2.748116 0.555463 3.680489
43330.571228 3 0.698238 2.765454 0.560701 3.680433
43336.093603 3 0.698222 2.782916 0.565939 3.680375
43341.560755 3 0.698206 2.800502 0.571176 3.680317
43346.973236 3 0.698190 2.818213 0.576414 3.680257
43352.331591 3 0.698174 2.836050 0.581652 3.680197
43357.636363 3 0.698157 2.854015 0.586890 3.680135
43362.888087 3 0.698141 2.872107 0.592127 3.680072
43368.087294 3 0.698124 2.890328 0.597365 3.680008
43373.234509 3 0.698107 2.908680 0.602603 3.679943
43378.330252 3 0.698090 2.927162 0.607841 3.679877
43383.375037 3 0.698073 2.945777 0.613079 3.679810
43388.369374 3 0.698056 2.964525 0.618316 3.679742
43393.313768 3 0.698038 2.983407 0.623554 3.679673
43398.208719 3 0.698021 3.002424 0.628792 3.679603
43403.054719 3 0.698003 3.021578 0.634030 3.679531
43407.852260 3 0.697985 3.040869 0.639267 3.679459
43412.601825 3 0.697967 3.060299 0.644505 3.679385
43417.303895 3 0.697949 3.079868 0.649743 3.679310
43421.958943 3 0.697931 3.099578 0.654981 3.679234
43426.567442 3 0.697912 3.119429 0.660218 3.679158
43431.129855 3 0.697893 3.139424 0.665456 3.679080
43435.646644 3 0.697875 3.159563 0.670694 3.679001
43440.118266 3 0.697856 3.179846 0.675932 3.678920
43444.545171 3 0.697836 3.200276 0.681170 3.678839
43448.927807 3 0.697817 3.220854 0.686407 3.678757
43453.266617 3 0.697798 3.241580 0.691645 3.678673
43457.562038 3 0.697778 3.262456 0.696883 3.678589
43461.814506 3 0.697758 3.283483 0.702121 3.678503
43466.024449 3 0.697738 3.304663 0.707358 3.678417
43470.192292 3 0.697718 3.325995 0.712596 3.678329
43474.318457 3 0.697698 3.347483 0.717834 3.678240
43478.403360 3 0.697677 3.369126 0.723072 3.678150
43482.447414 3 0.697657 3.390926 0.728309 3.678059
43486.451028 3 0.697636 3.412885 0.733547 3.677967
43490.414606 3 0.697615 3.435003 0.738785 3.677873
43494.338547 3 0.697594 3.457282 0.744023 3.677779
43498.223250 3 0.697572 3.479723 0.749260 3.677683
43502.069105 3 0.697551 3.502327 0.754498 3.677587
43505.876502 3 0.697529 3.525097 0.759736 3.677489
43509.645824 3 0.697507 3.548032 0.764974 3.677390
43513.377454 3 0.697485 3.571135 0.770212 3.677290
43517.071767 3 0.697463 3.594406 0.775449 3.677189
43520.729137 3 0.697440 3.617848 0.780687 3.677087
43524.349934 3 0.697418 3.641461 0.785925 3.676984
43527.934522 3 0.697395 3.665246 0.791163 3.676880
43531.483265 3 0.697372 3.689206 0.796400 3.676774
43534.996520 3 0.697349 3.713341 0.801638 3.676668
43538.474643 3 0.697325 3.737653 0.806876 3.676560
43541.917984 3 0.697301 3.762144 0.812114 3.676451
43545.326892 3 0.697278 3.786814 0.817351 3.676341
43548.701711 3 0.697254 3.811666 0.822589 3.676230
43552.042782 3 0.697229 3.836700 0.827827 3.676118
43555.350442 3 0.697205 3.861919 0.833065 3.676005
43558.625025 3 0.697180 3.887323 0.838303 3.675891
43561.866863 3 0.697155 3.912914 0.843540 3.675775
43565.076282 3 0.697130 3.938694 0.848778 3.675659
43568.253607 3 0.697105 3.964663 0.854016 3.675541
43571.399159 3 0.697079 3.990825 0.859254 3.675423
43574.513255 3 0.697053 4.017179 0.864491 3.675303
43577.596210 3 0.697027 4.043729 0.869729 3.675182
43580.648336 3 0.697001 4.070475 0.874967 3.675060
43583.669940 3 0.696975 4.097418 0.880205 3.674937
43586.661329 3 0.696948 4.124561 0.885442 3.674812
43589.622803 3 0.696921 4.151905 0.890680 3.674687
43592.554663 3 0.696894 4.179452 0.895918 3.674560
43595.457204 3 0.696866 4.207203 0.901156 3.674433
43598.330720 3 0.696839 4.235160 0.906393 3.674304
43601.175501 3 0.696811 4.263325 0.911631 3.674174
43603.991833 3 0.696783 4.291699 0.916869 3.674043
43606.780003 3 0.696754 4.320284 0.922107 3.673911
43609.540291 3 0.696726 4.349082 0.927345 3.673778
43612.272975 3 0.696697 4.378094 0.932582 3.673644
43614.978334 3 0.696668 4.407322 0.937820 3.673508
43617.656638 3 0.696638 4.436769 0.943058 3.673372
43620.308159 3 0.696609 4.466435 0.948296 3.673234
43622.933166 3 0.696579 4.496322 0.953533 3.673095
43625.531922 3 0.696549 4.526433 0.958771 3.672955
43628.104690 3 0.696518 4.556768 0.964009 3.672814
43630.651731 3 0.696488 4.587331 0.969247 3.672672
43633.173302 3 0.696457 4.618122 0.974484 3.672529
43635.669657 3 0.696426 4.649144 0.979722 3.672385
43638.141048 3 0.696394 4.680398 0.984960 3.672239
43640.587725 3 0.696362 4.711887 0.990198 3.672093
43643.009936 3 0.696330 4.743612 0.995436 3.671945
43645.407924 3 0.696298 4.775575 1.000673 3.671796
43647.781933 3 0.696265 4.807778 1.005911 3.671646
43650.132201 3 0.696232 4.840223 1.011149 3.671495
43652.458967 3 0.696199 4.872913 1.016387 3.671343
43654.762465 3 0.696166 4.905848 1.021624 3.671190
43657.042928 3 0.696132 4.939031 1.026862 3.671035
43659.300587 3 0.696098 4.972464 1.032100 3.670880
43661.535669 3 0.696064 5.006150 1.037338 3.670723
43663.748400 3 0.696029 5.040089 1.042575 3.670565
43665.939004 3 0.695994 5.074285 1.047813 3.670406
43668.107702 3 0.695959 5.108739 1.053051 3.670246
43670.254712 3 0.695923 5.143453 1.058289 3.670085
43672.380253 3 0.695887 5.178430 1.063526 3.669923
43674.484538 3 0.695851 5.213672 1.068764 3.669760
43676.567781 3 0.695814 5.249181 1.074002 3.669595
43678.630191 3 0.695777 5.284958 1.079240 3.669430
43680.671977 3 0.695740 5.321007 1.084478 3.669263
43682.693345 3 0.695702 5.357329 1.089715 3.669095
43684.694499 3 0.695665 5.393927 1.094953 3.668926
43686.675642 3 0.695626 5.430803 1.100191 3.668756
43688.636973 3 0.695588 5.467959 1.105429 3.668585
43690.578691 3 0.695549 5.505397 1.110666 3.668413
43692.500992 3 0.695510 5.543121 1.115904 3.668239
43694.404070 3 0.695470 5.581132 1.121142 3.668065
43696.288117 3 0.695430 5.619432 1.126380 3.667889
43698.153324 3 0.695390 5.658024 1.131617 3.667713
43699.999878 3 0.695349 5.696910 1.136855 3.667535
43701.827968 3 0.695308 5.736094 1.142093 3.667356
43703.637776 3 0.695267 5.775576 1.147331 3.667176
43705.429486 3 0.695225 5.815360 1.152569 3.666994
43707.203279 3 0.695183 5.855448 1.157806 3.666812
43708.959334 3 0.695140 5.895843 1.163044 3.666629
43710.697828 3 0.695097 5.936547 1.168282 3.666444
43712.418938 3 0.695054 5.977563 1.173520 3.666258
43714.122836 3 0.695010 6.018893 1.178757 3.666072
43715.809696 3 0.694966 6.060540 1.183995 3.665884
43717.479686 3 0.694922 6.102507 1.189233 3.665695
43719.132977 3 0.694877 6.144795 1.194471 3.665505
43720.769735 3 0.694831 6.187409 1.199708 3.665313
43722.390126 3 0.694786 6.230350 1.204946 3.665121
43723.994312 3 0.694739 6.273621 1.210184 3.664927
43725.582457 3 0.694693 6.317225 1.215422 3.664733
43727.154720 3 0.694646 6.361165 1.220659 3.664537
43728.711261 3 0.694599 6.405443 1.225897 3.664340
43730.252236 3 0.694551 6.450062 1.231135 3.664142
43731.777802 3 0.694503 6.495026 1.236373 3.663943
43733.288111 3 0.694454 6.540337 1.241611 3.663743
43734.783318 3 0.694405 6.585997 1.246848 3.663542
43736.263573 3 0.694355 6.632010 1.252086 3.663339
43737.729025 3 0.694305 6.678379 1.257324 3.663136
43739.179822 3 0.694255 6.725107 1.262562 3.662931
43740.616112 3 0.694204 6.772196 1.267799 3.662726
43742.038039 3 0.694152 6.819649 1.273037 3.662519
43743.445746 3 0.694100 6.867471 1.278275 3.662311
43744.839376 3 0.694048 6.915663 1.283513 3.662102
43746.219071 3 0.693995 6.964229 1.288750 3.661892
43747.584968 3 0.693942 7.013171 1.293988 3.661680
43748.937206 3 0.693888 7.062494 1.299226 3.661468
43750.275922 3 0.693834 7.112200 1.304464 3.661255
43751.601250 3 0.693779 7.162293 1.309702 3.661040
43752.913325 3 0.693724 7.212775 1.314939 3.660824
43754.212280 3 0.693668 7.263650 1.320177 3.660607
43755.498245 3 0.693612 7.314921 1.325415 3.660389
43756.771350 3 0.693555 7.366591 1.330653 3.660170
43758.031725 3 0.693498 7.418665 1.335890 3.659950
43759.279495 3 0.693440 7.471144 1.341128 3.659729
43760.514788 3 0.693381 7.524034 1.346366 3.659507
43761.737728 3 0.693323 7.577336 1.351604 3.659283
43762.948439 3 0.693263 7.631054 1.356841 3.659059
43764.147042 3 0.693203 7.685193 1.362079 3.658833
43765.333659 3 0.693143 7.739755 1.367317 3.658606
43766.508411 3 0.693081 7.794744 1.372555 3.658378
43767.671414 3 0.693020 7.850164 1.377792 3.658149
43768.822788 3 0.692957 7.906017 1.383030 3.657919
43769.962648 3 0.692895 7.962309 1.388268 3.657688
43771.091109 3 0.692831 8.019042 1.393506 3.657456
43772.208286 3 0.692767 8.076221 1.398744 3.657222
43773.314291 3 0.692703 8.133848 1.403981 3.656988
43774.409236 3 0.692637 8.191928 1.409219 3.656752
43775.493231 3 0.692572 8.250465 1.414457 3.656516
43776.566387 3 0.692505 8.309462 1.419695 3.656278
43777.628811 3 0.692438 8.368923 1.424932 3.656039
43778.680610 3 0.692371 8.428853 1.430170 3.655799
43779.721892 3 0.692302 8.489255 1.435408 3.655558
43780.752761 3 0.692233 8.550132 1.440646 3.655316
43781.773321 3 0.692164 8.611490 1.445883 3.655072
43782.783676 3 0.692094 8.673332 1.451121 3.654828
43783.783927 3 0.692023 8.735663 1.456359 3.654582
43784.774175 3 0.691951 8.798485 1.461597 3.654336
43785.754521 3 0.691879 8.861804 1.466834 3.654088
43786.725064 3 0.691806 8.925624 1.472072 3.653839
43787.685901 3 0.691733 8.989949 1.477310 3.653589
43788.637130 3 0.691659 9.054783 1.482548 3.653338
43789.578847 3 0.691584 9.120131 1.487786 3.653086
43790.511146 3 0.691508 9.185996 1.493023 3.652833
43791.434122 3 0.691432 9.252384 1.498261 3.652579
43792.347869 3 0.691355 9.319298 1.503499 3.652324
43793.252478 3 0.691277 9.386744 1.508737 3.652067
43794.148041 3 0.691199 9.454725 1.513974 3.651810
43795.034648 3 0.691119 9.523247 1.519212 3.651551
43795.912390 3 0.691039 9.592313 1.524450 3.651291
43796.781354 3 0.690959 9.661928 1.529688 3.651031
43797.641628 3 0.690877 9.732098 1.534925 3.650769
43798.493299 3 0.690795 9.802826 1.540163 3.650506
43799.336454 3 0.690712 9.874118 1.545401 3.650242
43800.171178 3 0.690628 9.945979 1.550639 3.649976
43800.997554 3 0.690544 10.018412 1.555877 3.649710
43801.815666 3 0.690458 10.091423 1.561114 3.649443
43802.625597 3 0.690372 10.165018 1.566352 3.649175
43803.427429 3 0.690285 10.239200 1.571590 3.648905
43804.221242 3 0.690197 10.313975 1.576828 3.648634
43805.007118 3 0.690109 10.389349 1.582065 3.648363
43805.785134 3 0.690019 10.465325 1.587303 3.648090
43806.555371 3 0.689929 10.541909 1.592541 3.647816
43807.317905 3 0.689838 10.619107 1.597779 3.647541
43808.072814 3 0.689746 10.696924 1.603016 3.647265
43808.820173 3 0.689653 10.775364 1.608254 3.646988
43809.560059 3 0.689559 10.854434 1.613492 3.646710
43810.292547 3 0.689464 10.934138 1.618730 3.646431
43811.017709 3 0.689369 11.014483 1.623967 3.646150
43811.735620 3 0.689272 11.095473 1.629205 3.645869
43812.446351 3 0.689175 11.177114 1.634443 3.645586
43813.149976 3 0.689076 11.259412 1.639681 3.645303
43813.846564 3 0.688977 11.342372 1.644919 3.645018
43814.536186 3 0.688877 11.426000 1.650156 3.644733
43815.218912 3 0.688775 11.510302 1.655394 3.644446
43815.894811 3 0.688673 11.595283 1.660632 3.644158
43816.563950 3 0.688570 11.680950 1.665870 3.643869
43817.226399 3 0.688466 11.767307 1.671107 3.643579
43817.882222 3 0.688361 11.854362 1.676345 3.643288
43818.531488 3 0.688255 11.942120 1.681583 3.642996
43819.174261 3 0.688148 12.030588 1.686821 3.642702
43819.810606 3 0.688039 12.119770 1.692058 3.642408
43820.440588 3 0.687930 12.209674 1.697296 3.642113
43821.064270 3 0.687820 12.300306 1.702534 3.641816
43821.681715 3 0.687709 12.391671 1.707772 3.641519
43822.292986 3 0.687596 12.483777 1.713010 3.641220
43822.898144 3 0.687483 12.576630 1.718247 3.640920
43823.497250 3 0.687368 12.670235 1.723485 3.640619
43824.090365 3 0.687253 12.764601 1.728723 3.640318
43824.677549 3 0.687136 12.859732 1.733961 3.640015
43825.258862 3 0.687018 12.955636 1.739198 3.639711
43825.834361 3 0.686899 13.052320 1.744436 3.639406
43826.404105 3 0.686779 13.149790 1.749674 3.639100
43826.968152 3 0.686657 13.248053 1.754912 3.638792
43827.526558 3 0.686535 13.347115 1.760149 3.638484
43828.079380 3 0.686411 13.446985 1.765387 3.638175
43828.626674 3 0.686286 13.547668 1.770625 3.637865
43829.168495 3 0.686160 13.649172 1.775863 3.637553
43829.704898 3 0.686032 13.751505 1.781100 3.637241
43830.235937 3 0.685904 13.854672 1.786338 3.636927
43830.761666 3 0.685774 13.958682 1.791576 3.636612
43831.282137 3 0.685643 14.063541 1.796814 3.636297
43831.797403 3 0.685510 14.169258 1.802052 3.635980
43832.307517 3 0.685377 14.275839 1.807289 3.635662
43832.812530 3 0.685242 14.383293 1.812527 3.635343
43833.312492 3 0.685105 14.491626 1.817765 3.635023
43833.807455 3 0.684968 14.600846 1.823003 3.634702
43834.297468 3 0.684829 14.710962 1.828240 3.634380
43834.782581 3 0.684689 14.821980 1.833478 3.634057
43835.262843 3 0.684547 14.933909 1.838716 3.633733
43835.738303 3 0.684404 15.046757 1.843954 3.633408
43836.209008 3 0.684259 15.160532 1.849191 3.633081
43836.675005 3 0.684113 15.275241 1.854429 3.632754
43837.136343 3 0.683966 15.390894 1.859667 3.632425
43837.593067 3 0.683817 15.507498 1.864905 3.632096
43838.045225 3 0.683667 15.625061 1.870143 3.631765
43838.492860 3 0.683515 15.743593 1.875380 3.631434
43838.936019 3 0.683362 15.863101 1.880618 3.631101
43839.374747 3 0.683207 15.983594 1.885856 3.630767
43839.809087 3 0.683051 16.105080 1.891094 3.630433
43840.239084 3 0.682893 16.227569 1.896331 3.630097
43840.664781 3 0.682734 16.351070 1.901569 3.629760
43841.086221 3 0.682573 16.475590 1.906807 3.629422
43841.503447 3 0.682410 16.601140 1.912045 3.629083
43841.916500 3 0.682246 16.727727 1.917282 3.628743
43842.325423 3 0.682080 16.855362 1.922520 3.628402
43842.730257 3 0.681913 16.984054 1.927758 3.628059
43843.131042 3 0.681744 17.113811 1.932996 3.627716
43843.527819 3 0.681573 17.244643 1.938233 3.627372
43843.920629 3 0.681401 17.376560 1.943471 3.627026
43844.309510 3 0.681227 17.509571 1.948709 3.626680
43844.694503 3 0.681051 17.643686 1.953947 3.626333
43845.075646 3 0.680873 17.778915 1.959185 3.625984
43845.452977 3 0.680694 17.915267 1.964422 3.625634
43845.826535 3 0.680513 18.052753 1.969660 3.625284
43846.196358 3 0.680330 18.191382 1.974898 3.624932
43846.562482 3 0.680145 18.331165 1.980136 3.624579
43846.924945 3 0.679958 18.472112 1.985373 3.624226
43847.283783 3 0.679770 18.614232 1.990611 3.623871
43847.639033 3 0.679579 18.757538 1.995849 3.623515
43847.990731 3 0.679387 18.902038 2.001087 3.623158
43848.338911 3 0.679193 19.047744 2.006324 3.622800
43848.683610 3 0.678997 19.194667 2.011562 3.622441
43849.024862 3 0.678799 19.342817 2.016800 3.622081
43849.362701 3 0.678598 19.492205 2.022038 3.621720
43849.697162 3 0.678396 19.642842 2.027276 3.621357
43850.028278 3 0.678192 19.794739 2.032513 3.620994
43850.356083 3 0.677986 19.947908 2.037751 3.620630
43850.680610 3 0.677778 20.102360 2.042989 3.620264
43851.001892 3 0.677567 20.258107 2.048227 3.619898
43851.319961 3 0.677355 20.415159 2.053464 3.619530
43851.634849 3 0.677140 20.573529 2.058702 3.619162
43851.946588 3 0.676923 20.733229 2.063940 3.618792
43852.255210 3 0.676704 20.894270 2.069178 3.618421
43852.560746 3 0.676483 21.056664 2.074415 3.618050
43852.863226 3 0.676259 21.220423 2.079653 3.617677
43853.162682 3 0.676034 21.385561 2.084891 3.617303
43853.459143 3 0.675805 21.552088 2.090129 3.616928
43853.752639 3 0.675575 21.720018 2.095366 3.616552
43854.043200 3 0.675342 21.889364 2.100604 3.616175
43854.330856 3 0.675107 22.060137 2.105842 3.615797
43854.615635 3 0.674870 22.232351 2.111080 3.615418
43854.897567 3 0.674630 22.406019 2.116318 3.615038
43855.176679 3 0.674388 22.581154 2.121555 3.614656
43855.453000 3 0.674143 22.757769 2.126793 3.614274
43855.726558 3 0.673895 22.935878 2.132031 3.613891
43855.997380 3 0.673646 23.115494 2.137269 3.613506
43856.265494 3 0.673393 23.296630 2.142506 3.613121
43856.530927 3 0.673138 23.479301 2.147744 3.612734
43856.793706 3 0.672881 23.663520 2.152982 3.612346
43857.053856 3 0.672620 23.849301 2.158220 3.611958
43857.311406 3 0.672358 24.036660 2.163457 3.611568
43857.566379 3 0.672092 24.225609 2.168695 3.611177
43857.818803 3 0.671824 24.416163 2.173933 3.610785
43858.068703 3 0.671552 24.608338 2.179171 3.610392
43858.316104 3 0.671279 24.802147 2.184409 3.609998
43858.561031 3 0.671002 24.997606 2.189646 3.609603
43858.803508 3 0.670722 25.194729 2.194884 3.609207
43859.043561 3 0.670440 25.393532 2.200122 3.608809
43859.281213 3 0.670154 25.594031 2.205360 3.608411
43859.516489 3 0.669866 25.796240 2.210597 3.608012
43859.749412 3 0.669575 26.000176 2.215835 3.607611
43859.980005 3 0.669280 26.205854 2.221073 3.607210
43860.208293 3 0.668983 26.413290 2.226311 3.606807
43860.434298 3 0.668682 26.622500 2.231548 3.606403
43860.658043 3 0.668379 26.833501 2.236786 3.605998
43860.879550 3 0.668072 27.046309 2.242024 3.605593
43861.098843 3 0.667762 27.260941 2.247262 3.605186
43861.315942 3 0.667449 27.477413 2.252499 3.604778
43861.530870 3 0.667132 27.695743 2.257737 3.604368
43861.743649 3 0.666812 27.915947 2.262975 3.603958
43861.954301 3 0.666489 28.138044 2.268213 3.603547
43862.162846 3 0.666163 28.362050 2.273451 3.603134
43862.369305 3 0.665833 28.587983 2.278688 3.602721
43862.573700 3 0.665499 28.815861 2.283926 3.602306
43862.776051 3 0.665162 29.045702 2.289164 3.601891
43862.976378 3 0.664822 29.277524 2.294402 3.601474
43863.174702 3 0.664478 29.511346 2.299639 3.601056
43863.371043 3 0.664130 29.747186 2.304877 3.600637
43863.565420 3 0.663779 29.985064 2.310115 3.600217
43863.757854 3 0.663424 30.224997 2.315353 3.599796
43863.948363 3 0.663065 30.467006 2.320590 3.599373
43864.136967 3 0.662702 30.711109 2.325828 3.598950
43864.323685 3 0.662336 30.957327 2.331066 3.598525
43864.508536 3 0.661965 31.205679 2.336304 3.598100
43864.691539 3 0.661591 31.456185 2.341542 3.597673
43864.872711 3 0.661213 31.708865 2.346779 3.597245
43865.052072 3 0.660831 31.963740 2.352017 3.596816
43865.229639 3 0.660444 32.220830 2.357255 3.596386
43865.405430 3 0.660054 32.480157 2.362493 3.595955
43865.579464 3 0.659659 32.741741 2.367730 3.595522
43865.751757 3 0.659260 33.005604 2.372968 3.595089
43865.922327 3 0.658857 33.271767 2.378206 3.594654
43866.091192 3 0.658450 33.540253 2.383444 3.594218
43866.258368 3 0.658038 33.811082 2.388681 3.593781
43866.423872 3 0.657622 34.084277 2.393919 3.593343
43866.587721 3 0.657201 34.359862 2.399157 3.592904
43866.749932 3 0.656776 34.637858 2.404395 3.592464
43866.910520 3 0.656346 34.918288 2.409632 3.592022
43867.069503 3 0.655912 35.201177 2.414870 3.591580
43867.226895 3 0.655472 35.486546 2.420108 3.591136
43867.382714 3 0.655029 35.774421 2.425346 3.590691
43867.536975 3 0.654580 36.064824 2.430584 3.590245
43867.689693 3 0.654126 36.357781 2.435821 3.589797
43867.840884 3 0.653668 36.653316 2.441059 3.589349
43867.990563 3 0.653204 36.951453 2.446297 3.588899
43868.138745 3 0.652736 37.252219 2.451535 3.588448
43868.285445 3 0.652262 37.555637 2.456772 3.587996
43868.430679 3 0.651784 37.861734 2.462010 3.587543
43868.574460 3 0.651300 38.170536 2.467248 3.587088
43868.716803 3 0.650810 38.482069 2.472486 3.586633
43868.857723 3 0.650316 38.796359 2.477723 3.586176
43868.997233 3 0.649816 39.113433 2.482961 3.585718
43869.135349 3 0.649310 39.433319 2.488199 3.585259
43869.272083 3 0.648799 39.756044 2.493437 3.584798
43869.407450 3 0.648282 40.081636 2.498674 3.584336
43869.541463 3 0.647760 40.410122 2.503912 3.583874
43869.674137 3 0.647231 40.741531 2.509150 3.583409
43869.805483 3 0.646697 41.075893 2.514388 3.582944
43869.935516 3 0.646157 41.413235 2.519626 3.582477
43870.064249 3 0.645612 41.753588 2.524863 3.582009
43870.191694 3 0.645060 42.096980 2.530101 3.581540
43870.317865 3 0.644501 42.443443 2.535339 3.581070
43870.442774 3 0.643937 42.793007 2.540577 3.580598
43870.566434 3 0.643366 43.145702 2.545814 3.580125
43870.688858 3 0.642789 43.501560 2.551052 3.579651
43870.810057 3 0.642206 43.860612 2.556290 3.579176
43870.930044 3 0.641616 44.222890 2.561528 3.578699
43871.048831 3 0.641019 44.588427 2.566765 3.578221
43871.166431 3 0.640416 44.957255 2.572003 3.577741
43871.282854 3 0.639806 45.329407 2.577241 3.577261
43871.398114 3 0.639189 45.704917 2.582479 3.576779
43871.512220 3 0.638565 46.083819 2.587717 3.576295
43871.625186 3 0.637934 46.466147 2.592954 3.575811
43871.737022 3 0.637296 46.851935 2.598192 3.575325
43871.847740 3 0.636650 47.241220 2.603430 3.574837
43871.957350 3 0.635998 47.634037 2.608668 3.574349
43872.065864 3 0.635337 48.030421 2.613905 3.573859
43872.173293 3 0.634670 48.430409 2.619143 3.573367
43872.279648 3 0.633994 48.834039 2.624381 3.572874
43872.384940 3 0.633311 49.241348 2.629619 3.572380
43872.489178 3 0.632621 49.652373 2.634856 3.571885
43872.592374 3 0.631922 50.067154 2.640094 3.571388
43872.694538 3 0.631215 50.485728 2.645332 3.570889
43872.795681 3 0.630500 50.908136 2.650570 3.570389
43872.895812 3 0.629777 51.334418 2.655807 3.569888
43872.995812 3 0.629045 51.764613 2.661045 3.569385
43873.095812 3 0.628305 52.198764 2.666283 3.568881
43873.195812 3 0.627556 52.636911 2.671521 3.568376
43873.295812 3 0.626799 53.079097 2.676759 3.567868
43873.395812 3 0.626033 53.525364 2.681996 3.567360
43873.495812 3 0.625258 53.975756 2.687234 3.566850
43873.595812 3 0.624474 54.430316 2.692472 3.566338
43873.695812 3 0.623680 54.889089 2.697710 3.565825
43873.795812 3 0.622878 55.352121 2.702947 3.565310
43873.895812 3 0.622065 55.819455 2.708185 3.564794
43873.995812 3 0.621244 56.291140 2.713423 3.564276
43874.095812 3 0.620412 56.767221 2.718661 3.563757
43874.195812 3 0.619571 57.247748 2.723898 3.563236
43874.295812 3 0.618720 57.732767 2.729136 3.562713
43874.395812 3 0.617858 58.222327 2.734374 3.562189
43874.495812 3 0.616987 58.716480 2.739612 3.561663
43874.595812 3 0.616105 59.215274 2.744850 3.561136
43874.695812 3 0.615212 59.718762 2.750087 3.560607
43874.795812 3 0.614309 60.226994 2.755325 3.560076
43874.895812 3 0.613395 60.740024 2.760563 3.559544
43874.995812 3 0.612469 61.257906 2.765801 3.559010
43875.095812 3 0.611533 61.780693 2.771038 3.558474
43875.195812 3 0.610585 62.308440 2.776276 3.557936
43875.295812 3 0.609626 62.841204 2.781514 3.557397
43875.395812 3 0.608655 63.379041 2.786752 3.556856
43875.495812 3 0.607672 63.922010 2.791989 3.556313
43875.595812 3 0.606678 64.470167 2.797227 3.555768
43875.695812 3 0.605671 65.023574 2.802465 3.555221
43875.795812 3 0.604651 65.582290 2.807703 3.554673
43875.895812 3 0.603620 66.146377 2.812940 3.554123
43875.995812 3 0.602575 66.715898 2.818178 3.553570
43876.095812 3 0.601517 67.290915 2.823416 3.553016
43876.195812 3 0.600447 67.871493 2.828654 3.552460
43876.295812 3 0.599362 68.457698 2.833892 3.551902
43876.395812 3 0.598265 69.049597 2.839129 3.551342
43876.495812 3 0.597153 69.647257 2.844367 3.550780
43876.595812 3 0.596028 70.250746 2.849605 3.550216
43876.695812 3 0.594889 70.860136 2.854843 3.549650
43876.795812 3 0.593735 71.475497 2.860080 3.549082
43876.895812 3 0.592566 72.096903 2.865318 3.548512
43876.995812 3 0.591383 72.724426 2.870556 3.547939
43877.095812 3 0.590184 73.358142 2.875794 3.547365
43877.195812 3 0.588970 73.998128 2.881031 3.546788
43877.295812 3 0.587741 74.644462 2.886269 3.546209
43877.395812 3 0.586496 75.297223 2.891507 3.545628
43877.495812 3 0.585234 75.956491 2.896745 3.545044
43877.595812 3 0.583956 76.622350 2.901983 3.544458
43877.695812 3 0.582662 77.294883 2.907220 3.543870
43877.795812 3 0.581351 77.974176 2.912458 3.543280
43877.895812 3 0.580023 78.660316 2.917696 3.542687
43877.995812 3 0.578677 79.353392 2.922934 3.542091
43878.095812 3 0.577313 80.053495 2.928171 3.541493
43878.195812 3 0.575931 80.760718 2.933409 3.540893
43878.295812 3 0.574531 81.475154 2.938647 3.540290
43878.395812 3 0.573113 82.196901 2.943885 3.539684
43878.495812 3 0.571675 82.926057 2.949122 3.539076
43878.595812 3 0.570218 83.662722 2.954360 3.538465
43878.695812 3 0.568741 84.406999 2.959598 3.537851
43878.795812 3 0.567245 85.158994 2.964836 3.537234
43878.895812 3 0.565727 85.918813 2.970073 3.536615
43878.995812 3 0.564190 86.686566 2.975311 3.535992
43879.095812 3 0.562631 87.462365 2.980549 3.535367
43879.195812 3 0.561050 88.246326 2.985787 3.534739
43879.295812 3 0.559448 89.038565 2.991025 3.534108
43879.395812 3 0.557824 89.839202 2.996262 3.533473
43879.495812 3 0.556176 90.648362 3.001500 3.532836
43879.595812 3 0.554506 91.466169 3.006738 3.532195
43879.695812 3 0.552812 92.292753 3.011976 3.531551
43879.795812 3 0.551094 93.128246 3.017213 3.530903
43879.895812 3 0.549352 93.972785 3.022451 3.530252
43879.995812 3 0.547585 94.826508 3.027689 3.529598
43880.095812 3 0.545792 95.689558 3.032927 3.528940
43880.195812 3 0.543973 96.562082 3.038164 3.528278
43880.295812 3 0.542128 97.444231 3.043402 3.527613
43880.395812 3 0.540256 98.336160 3.048640 3.526944
43880.495812 3 0.538357 99.238027 3.053878 3.526271
43880.595812 3 0.536430 100.149996 3.059116 3.525594
43880.695812 3 0.534473 101.072236 3.064353 3.524913
43880.795812 3 0.532488 102.004921 3.069591 3.524228
43880.895812 3 0.530473 102.948228 3.074829 3.523538
43880.995812 3 0.528427 103.902341 3.080067 3.522845
43881.095812 3 0.526350 104.867450 3.085304 3.522146
43881.195812 3 0.524242 105.763419 3.090542 3.521608
43881.295812 3 0.522102 106.481865 3.095780 3.521448
43881.395812 3 0.519935 107.195271 3.101017 3.521307
43881.495812 3 0.517740 107.902558 3.106255 3.521188
43881.595812 3 0.515517 108.602505 3.111493 3.521094
43881.695812 3 0.513264 109.293734 3.116731 3.521026
43881.795812 3 0.510983 109.974682 3.121968 3.520986
43881.895812 3 0.508673 110.643564 3.127206 3.520979
43881.995812 3 0.506334 111.298336 3.132443 3.521007
43882.095812 3 0.503965 111.936641 3.137681 3.521075
43882.195812 3 0.501567 112.555748 3.142918 3.521186
43882.295812 3 0.499139 113.152462 3.148156 3.521348
43882.395812 3 0.496681 113.723017 3.153393 3.521565
43882.495812 3 0.494194 114.262929 3.158630 3.521845
43882.595812 3 0.491677 114.766794 3.163867 3.522199
43882.695812 3 0.489131 115.228009 3.169104 3.522638
43882.795812 3 0.486556 115.638369 3.174341 3.523175
43882.895812 3 0.483953 115.987470 3.179577 3.523829
43882.995812 3 0.481324 116.261795 3.184813 3.524625
43883.095812 3 0.478668 116.443256 3.190048 3.525595
43883.195812 3 0.475988 116.506736 3.195282 3.526786
43883.295812 3 0.473286 116.415765 3.200514 3.528263
43883.395812 3 0.470565 116.114369 3.205744 3.530133
43883.495812 3 0.467830 115.510609 3.210968 3.532572
43883.595812 3 0.465088 114.440470 3.216182 3.535896
43883.695812 3 0.463719 113.641111 3.218776 3.538067
43883.795812 3 0.462354 112.584562 3.221364 3.540742
43883.895812 3 0.461676 111.931572 3.222652 3.542327
43883.995812 3 0.460999 111.173772 3.223937 3.544124
43884.095812 3 0.460327 110.290145 3.225219 3.546177
43884.195812 3 0.459658 109.254247 3.226495 3.548545
43884.295812 3 0.459326 108.670242 3.227130 3.549868
43884.395812 3 0.458996 108.035307 3.227764 3.551299
43884.495812 3 0.458667 107.343927 3.228396 3.552851
43884.595812 3 0.458340 106.589899 3.229025 3.554539
43884.695812 3 0.458015 105.766251 3.229651 3.556380
43884.795812 3 0.457693 104.865156 3.230275 3.558394
43884.895812 3 0.457372 103.877845 3.230895 3.560603
43884.995812 3 0.457214 103.349866 3.231203 3.561786
43885.095812 3 0.457056 102.796727 3.231511 3.563029
43885.195812 3 0.456898 102.217049 3.231817 3.564333
43885.295812 3 0.456742 101.609386 3.232122 3.565704
43885.395812 3 0.456586 100.972218 3.232426 3.567146
43885.495812 3 0.456432 100.303958 3.232728 3.568664
43885.595812 3 0.456278 99.602945 3.233029 3.570262
43885.695812 3 0.456125 98.867450 3.233329 3.571946
43885.795812 3 0.455974 98.095679 3.233626 3.573722
43885.895812 3 0.455823 97.285776 3.233922 3.575596
43885.995812 3 0.455674 96.435830 3.234216 3.577575
43886.095812 3 0.455526 95.543879 3.234507 3.579666
43886.195812 3 0.455379 94.607929 3.234796 3.581876
43886.295812 3 0.455307 94.123747 3.234940 3.583026
43886.395812 3 0.455234 93.627876 3.235083 3.584209
43886.495812 3 0.455162 93.120066 3.235225 3.585425
43886.595812 3 0.455091 92.600066 3.235367 3.586677
43886.695812 3 0.455020 92.067631 3.235508 3.587964
43886.795812 3 0.454949 91.522513 3.235648 3.589289
43886.895812 3 0.454878 90.964470 3.235788 3.590652
43886.995812 3 0.454808 90.393263 3.235927 3.592054
43887.095812 3 0.454739 89.808659 3.236065 3.593498
43887.195812 3 0.454670 89.210427 3.236202 3.594983
43887.295812 3 0.454601 88.598348 3.236338 3.596512
43887.395812 3 0.454533 87.972205 3.236473 3.598086
43887.495812 3 0.454465 87.331795 3.236607 3.599706
43887.595812 3 0.454398 86.676922 3.236741 3.601374
43887.695812 3 0.454331 86.007404 3.236873 3.603091
43887.795812 3 0.454265 85.323068 3.237004 3.604858
43887.895812 3 0.454199 84.623760 3.237134 3.606678
43887.995812 3 0.454134 83.909339 3.237264 3.608551
43888.095812 3 0.454070 83.179680 3.237392 3.610480
43888.195812 3 0.454006 82.434680 3.237518 3.612465
43888.295812 3 0.453942 81.674255 3.237644 3.614509
43888.395812 3 0.453879 80.898342 3.237768 3.616613
43888.495812 3 0.453817 80.106903 3.237891 3.618778
43888.595812 3 0.453786 79.706067 3.237952 3.619883
43888.695812 3 0.453755 79.301369 3.238013 3.621003
43888.795812 3 0.453725 78.892813 3.238073 3.622140
43888.895812 3 0.453694 78.480403 3.238133 3.623293
43888.995812 3 0.453664 78.064145 3.238192 3.624463
43889.095812 3 0.453634 77.644048 3.238252 3.625649
43889.195812 3 0.453604 77.220122 3.238310 3.626853
43889.295812 3 0.453574 76.792379 3.238369 3.628074
43889.395812 3 0.453545 76.360835 3.238427 3.629312
43889.495812 3 0.453515 75.925504 3.238485 3.630568
43889.595812 3 0.453486 75.486406 3.238542 3.631842
43889.695812 3 0.453457 75.043561 3.238599 3.633134
43889.795812 3 0.453428 74.596992 3.238655 3.634444
43889.895812 3 0.453399 74.146724 3.238711 3.635772
43889.995812 3 0.453370 73.692784 3.238767 3.637120
43890.095812 3 0.453342 73.235202 3.238822 3.638486
43890.195812 3 0.453314 72.774010 3.238877 3.639872
43890.295812 3 0.453286 72.309242 3.238931 3.641277
43890.395812 3 0.453258 71.840934 3.238985 3.642701
43890.495812 3 0.453230 71.369127 3.239039 3.644145
43890.595812 3 0.453203 70.893861 3.239092 3.645609
43890.695812 3 0.453175 70.415181 3.239144 3.647094
43890.795812 3 0.453148 69.933133 3.239196 3.648598
43890.895812 3 0.453121 69.447766 3.239248 3.650123
43890.995812 3 0.453094 68.959131 3.239299 3.651669
43891.095812 3 0.453068 68.467284 3.239350 3.653236
43891.195812 3 0.453041 67.972280 3.239400 3.654825
43891.295812 3 0.453015 67.474179 3.239450 3.656434
43891.395812 3 0.452989 66.973042 3.239499 3.658065
43891.495812 3 0.452963 66.468934 3.239547 3.659718
43891.595812 3 0.452938 65.961921 3.239595 3.661393
43891.695812 3 0.452912 65.452073 3.239643 3.663090
43891.795812 3 0.452887 64.939461 3.239690 3.664809
43891.895812 3 0.452862 64.424160 3.239737 3.666550
43891.995812 3 0.452837 63.906246 3.239783 3.668315
43892.095812 3 0.452812 63.385798 3.239828 3.670102
43892.195812 3 0.452788 62.862898 3.239873 3.671912
43892.295812 3 0.452764 62.337630 3.239917 3.673745
43892.395812 3 0.452740 61.810079 3.239961 3.675601
43892.495812 3 0.452716 61.280335 3.240004 3.677481
43892.595812 3 0.452692 60.748487 3.240046 3.679384
43892.695812 3 0.452669 60.214628 3.240088 3.681312
43892.795812 3 0.452645 59.678854 3.240130 3.683263
43892.895812 3 0.452622 59.141260 3.240170 3.685238
43892.995812 3 0.452600 58.601947 3.240210 3.687237
43893.095812 3 0.452577 58.061013 3.240250 3.689261
43893.195812 3 0.452555 57.518562 3.240289 3.691309
43893.295812 3 0.452532 56.974698 3.240327 3.693381
43893.395812 3 0.452510 56.429527 3.240365 3.695479
43893.495812 3 0.452489 55.883156 3.240402 3.697600
43893.595812 3 0.452467 55.335694 3.240438 3.699747
43893.695812 3 0.452446 54.787251 3.240474 3.701919
43893.795812 3 0.452425 54.237939 3.240508 3.704116
43893.895812 3 0.452404 53.687870 3.240543 3.706338
43893.995812 3 0.452383 53.137158 3.240576 3.708585
43894.095812 3 0.452363 52.585918 3.240609 3.710858
43894.195812 3 0.452342 52.034265 3.240642 3.713156
43894.295812 3 0.452322 51.482316 3.240673 3.715480
43894.395812 3 0.452302 50.930187 3.240704 3.717829
43894.495812 3 0.452283 50.377996 3.240734 3.720204
43894.595812 3 0.452263 49.825860 3.240763 3.722604
43894.695812 3 0.452244 49.273899 3.240792 3.725030
43894.795812 3 0.452225 48.722230 3.240820 3.727482
43894.895812 3 0.452206 48.170972 3.240847 3.729960
43894.995812 3 0.452188 47.620242 3.240874 3.732463
43895.095812 3 0.452169 47.070160 3.240899 3.734993
43895.195812 3 0.452151 46.520843 3.240924 3.737548
43895.295812 3 0.452133 45.972408 3.240949 3.740129
43895.395812 3 0.452116 45.424973 3.240972 3.742736
43895.495812 3 0.452098 44.878653 3.240995 3.745369
43895.595812 3 0.452081 44.333564 3.241017 3.748028
43895.695812 3 0.452064 43.789822 3.241038 3.750713
43895.795812 3 0.452047 43.247539 3.241058 3.753424
43895.895812 3 0.452030 42.706829 3.241077 3.756161
43895.995812 3 0.452014 42.167802 3.241096 3.758924
43896.095812 3 0.451997 41.630569 3.241114 3.761713
43896.195812 3 0.451981 41.095238 3.241131 3.764528
43896.295812 3 0.451966 40.561918 3.241147 3.767368
43896.395812 3 0.451950 40.030713 3.241163 3.770235
43896.495812 3 0.451935 39.501728 3.241177 3.773127
43896.595812 3 0.451919 38.975065 3.241191 3.776045
43896.695812 3 0.451904 38.450825 3.241204 3.778989
43896.795812 3 0.451890 37.929105 3.241216 3.781958
43896.895812 3 0.451875 37.410002 3.241227 3.784953
43896.995812 3 0.451861 36.893612 3.241237 3.787974
43897.095812 3 0.451846 36.380025 3.241246 3.791021
43897.195812 3 0.451832 35.869333 3.241255 3.794093
43897.295812 3 0.451819 35.361623 3.241263 3.797190
43897.395812 3 0.451805 34.856981 3.241269 3.800313
43897.495812 3 0.451792 34.355489 3.241275 3.803461
43897.595812 3 0.451778 33.857229 3.241280 3.806635
43897.695812 3 0.451765 33.362279 3.241284 3.809834
43897.795812 3 0.451752 32.870715 3.241287 3.813058
43897.895812 3 0.451740 32.382610 3.241289 3.816307
43897.995812 3 0.451727 31.898035 3.241290 3.819581
43898.095812 3 0.451715 31.417057 3.241290 3.822880
43898.195812 3 0.451703 30.939743 3.241290 3.826205
43898.295812 3 0.451691 30.466156 3.241288 3.829554
43898.395812 3 0.451679 29.996355 3.241285 3.832928
43898.495812 3 0.451668 29.530399 3.241282 3.836326
43898.595812 3 0.451657 29.068343 3.241277 3.839750
43898.695812 3 0.451645 28.610239 3.241271 3.843198
43898.795812 3 0.451634 28.156137 3.241265 3.846670
43898.895812 3 0.451624 27.706085 3.241257 3.850167
43898.995812 3 0.451613 27.260126 3.241248 3.853689
43899.095812 3 0.451602 26.818303 3.241239 3.857235
43899.195812 3 0.451592 26.380655 3.241228 3.860805
43899.295812 3 0.451582 25.947220 3.241216 3.864399
43899.395812 3 0.451572 25.518031 3.241203 3.868018
43899.495812 3 0.451562 25.093120 3.241189 3.871661
43899.595812 3 0.451553 24.672518 3.241174 3.875327
43899.695812 3 0.451543 24.256250 3.241158 3.879018
43899.795812 3 0.451534 23.844342 3.241141 3.882733
43899.895812 3 0.451525 23.436816 3.241123 3.886472
43899.995812 3 0.451516 23.033691 3.241103 3.890235
43900.095812 3 0.451507 22.634985 3.241083 3.894021
43900.195812 3 0.451498 22.240713 3.241061 3.897831
43900.295812 3 0.451490 21.850889 3.241038 3.901666
43900.395812 3 0.451481 21.465524 3.241014 3.905523
43900.495812 3 0.451473 21.084626 3.240989 3.909405
43900.595812 3 0.451465 20.708202 3.240963 3.913310
43900.695812 3 0.451457 20.336257 3.240935 3.917239
43900.795812 3 0.451449 19.968793 3.240906 3.921191
43900.895812 3 0.451442 19.605813 3.240876 3.925167
43900.995812 3 0.451434 19.247315 3.240845 3.929167
43901.095812 3 0.451427 18.893295 3.240813 3.933190
43901.195812 3 0.451420 18.543750 3.240779 3.937236
43901.295812 3 0.451413 18.198674 3.240744 3.941307
43901.395812 3 0.451406 17.858058 3.240707 3.945400
43901.495812 3 0.451399 17.521893 3.240670 3.949518
43901.595812 3 0.451392 17.190168 3.240631 3.953658
43901.695812 3 0.451386 16.862871 3.240590 3.957822
43901.795812 3 0.451379 16.539987 3.240549 3.962010
43901.895812 3 0.451373 16.221502 3.240506 3.966221
43901.995812 3 0.451367 15.907399 3.240461 3.970456
43902.095812 3 0.451361 15.597659 3.240415 3.974715
43902.195812 3 0.451355 15.292264 3.240368 3.978997
43902.295812 3 0.451349 14.991193 3.240319 3.983302
43902.395812 3 0.451343 14.694425 3.240269 3.987632
43902.495812 3 0.451337 14.401937 3.240217 3.991984
43902.595812 3 0.451332 14.113705 3.240164 3.996361
43902.695812 3 0.451327 13.829706 3.240109 4.000761
43902.795812 3 0.451321 13.549912 3.240053 4.005186
43902.895812 3 0.451316 13.274299 3.239995 4.009634
43902.995812 3 0.451311 13.002838 3.239936 4.014105
43903.095812 3 0.451306 12.735501 3.239875 4.018601
43903.195812 3 0.451301 12.472260 3.239812 4.023121
43903.295812 3 0.451297 12.213084 3.239747 4.027665
43903.395812 3 0.451292 11.957944 3.239681 4.032233
43903.495812 3 0.451287 11.706808 3.239614 4.036825
43903.595812 3 0.451283 11.459644 3.239544 4.041441
43903.695812 3 0.451279 11.216421 3.239473 4.046082
43903.795812 3 0.451274 10.977106 3.239400 4.050747
43903.895812 3 0.451270 10.741665 3.239325 4.055436
43903.995812 3 0.451266 10.510065 3.239248 4.060150
43904.095812 3 0.451262 10.282272 3.239170 4.064888
43904.195812 3 0.451258 10.058250 3.239089 4.069652
43904.295812 3 0.451254 9.837966 3.239007 4.074440
43904.395812 3 0.451251 9.621382 3.238922 4.079252
43904.495812 3 0.451247 9.408465 3.238836 4.084090
43904.595812 3 0.451243 9.199178 3.238748 4.088953
43904.695812 3 0.451240 8.993485 3.238657 4.093841
43904.795812 3 0.451236 8.791349 3.238565 4.098754
43904.895812 3 0.451232 8.581344 3.238460 4.103978
43904.995812 3 0.451228 8.373678 3.238351 4.109270
43905.095812 3 0.451223 8.168377 3.238238 4.114632
43905.195812 3 0.451219 7.965466 3.238122 4.120065
43905.295812 3 0.451214 7.764973 3.238001 4.125571
43905.395812 3 0.451210 7.566921 3.237875 4.131150
43905.495812 3 0.451205 7.371335 3.237746 4.136804
43905.595812 3 0.451200 7.178239 3.237611 4.142534
43905.695812 3 0.451196 6.987656 3.237472 4.148343
43905.795812 3 0.451191 6.799609 3.237328 4.154231
43905.895812 3 0.451186 6.614119 3.237179 4.160199
43905.995812 3 0.451181 6.431206 3.237024 4.166250
43906.095812 3 0.451176 6.250892 3.236864 4.172386
43906.195812 3 0.451171 6.073195 3.236699 4.178607
43906.295812 3 0.451165 5.898133 3.236527 4.184915
43906.395812 3 0.451160 5.725725 3.236350 4.191313
43906.495812 3 0.451155 5.555987 3.236166 4.197801
43906.595812 3 0.451149 5.388935 3.235976 4.204383
43906.695812 3 0.451144 5.224584 3.235779 4.211059
43906.795812 3 0.451138 5.062948 3.235575 4.217833
43906.895812 3 0.451133 4.904040 3.235364 4.224705
43906.995812 3 0.451127 4.747871 3.235146 4.231678
43907.095812 3 0.451121 4.594454 3.234919 4.238753
43907.195812 3 0.451115 4.443798 3.234685 4.245935
43907.295812 3 0.451109 4.295911 3.234442 4.253223
43907.395812 3 0.451103 4.150802 3.234191 4.260622
43907.495812 3 0.451096 4.008478 3.233930 4.268133
43907.595812 3 0.451090 3.868945 3.233660 4.275759
43907.695812 3 0.451084 3.732206 3.233380 4.283503
43907.795812 3 0.451077 3.598265 3.233090 4.291367
43907.895812 3 0.451070 3.467125 3.232790 4.299353
43907.995812 3 0.451063 3.338787 3.232478 4.307466
43908.095812 3 0.451056 3.213251 3.232154 4.315707
43908.195812 3 0.451049 3.090515 3.231818 4.324080
43908.295812 3 0.451042 2.970577 3.231470 4.332588
43908.395812 3 0.451035 2.853433 3.231108 4.341234
43908.495812 3 0.451027 2.739079 3.230732 4.350021
43908.595812 3 0.451019 2.627508 3.230341 4.358954
43908.695812 3 0.451012 2.519348 3.229938 4.367981
43908.795812 3 0.451004 2.414752 3.229523 4.377085
43908.895812 3 0.450996 2.313654 3.229096 4.386265
43908.995812 3 0.450989 2.215988 3.228656 4.395521
43909.095812 3 0.450981 2.121687 3.228204 4.404851
43909.195812 3 0.450980 2.058945 3.227911 4.411296
43909.295812 3 0.450979 1.997696 3.227611 4.417779
43909.395812 3 0.450979 1.937921 3.227304 4.424299
43909.495812 3 0.450978 1.879598 3.226990 4.430856
43909.595812 3 0.450977 1.822705 3.226670 4.437450
43909.695812 3 0.450976 1.767223 3.226342 4.444080
43909.795812 3 0.450975 1.712982 3.226006 4.450766
43909.895812 3 0.450974 1.659907 3.225660 4.457514
43909.995812 3 0.450973 1.607986 3.225305 4.464326
43910.095812 3 0.450972 1.557206 3.224940 4.471202
43910.195812 3 0.450971 1.507554 3.224564 4.478145
43910.295812 3 0.450970 1.459020 3.224178 4.485155
43910.395812 3 0.450969 1.411592 3.223781 4.492231
43910.495812 3 0.450968 1.365260 3.223373 4.499376
43910.595812 3 0.450966 1.320015 3.222953 4.506589
43910.695812 3 0.450965 1.275849 3.222521 4.513871
43910.795812 3 0.450963 1.232753 3.222076 4.521222
43910.895812 3 0.450962 1.190720 3.221618 4.528640
43910.995812 3 0.450960 1.149743 3.221148 4.536127
43911.095812 3 0.450958 1.109815 3.220663 4.543681
43911.195812 3 0.450957 1.070932 3.220165 4.551301
43911.295812 3 0.450955 1.033086 3.219653 4.558986
43911.395812 3 0.450953 0.996272 3.219126 4.566733
43911.495812 3 0.450951 0.960486 3.218583 4.574541
43911.595812 3 0.450949 0.925720 3.218026 4.582407
43911.695812 3 0.450947 0.891969 3.217453 4.590329
43911.795812 3 0.450945 0.859226 3.216865 4.598303
43911.895812 3 0.450943 0.827485 3.216260 4.606325
43911.995812 3 0.450940 0.796737 3.215639 4.614393
43912.095812 3 0.450938 0.766974 3.215002 4.622501
43912.195812 3 0.450936 0.738186 3.214348 4.630645
43912.295812 3 0.450934 0.710362 3.213678 4.638820
43912.395812 3 0.450932 0.683489 3.212991 4.647022
43912.495812 3 0.450929 0.657555 3.212286 4.655246
43912.595812 3 0.450927 0.632544 3.211565 4.663487
43912.695812 3 0.450925 0.608440 3.210827 4.671738
43912.795812 3 0.450923 0.585226 3.210072 4.679997
43912.895812 3 0.450921 0.562883 3.209300 4.688257
43912.995812 3 0.450919 0.541390 3.208511 4.696513
43913.095812 3 0.450917 0.520727 3.207705 4.704762
43913.195812 3 0.450915 0.500831 3.206879 4.713015
43913.295812 3 0.450913 0.481662 3.206034 4.721278
43913.395812 3 0.450911 0.463197 3.205167 4.729550
43913.495812 3 0.450909 0.445415 3.204280 4.737828
43913.595812 3 0.450907 0.428294 3.203370 4.746112
43913.695812 3 0.450905 0.411813 3.202438 4.754400
43913.795812 3 0.450903 0.395951 3.201483 4.762690
43913.895812 3 0.450901 0.380689 3.200504 4.770981
43913.995812 3 0.450899 0.366006 3.199501 4.779271
43914.095812 3 0.450897 0.351884 3.198473 4.787559
43914.195812 3 0.450895 0.338303 3.197419 4.795842
43914.295812 3 0.450893 0.325246 3.196339 4.804119
43914.395812 3 0.450891 0.312694 3.195232 4.812389
43914.495812 3 0.450890 0.300630 3.194097 4.820649
43914.595812 3 0.450888 0.289036 3.192934 4.828898
43914.695812 3 0.450886 0.277898 3.191742 4.837134
43914.795812 3 0.450884 0.267197 3.190519 4.845355
43914.895812 3 0.450882 0.256919 3.189266 4.853559
43914.995812 3 0.450880 0.247049 3.187981 4.861744
43915.095812 3 0.450879 0.237571 3.186663 4.869910
43915.195812 3 0.450877 0.228472 3.185312 4.878052
43915.295812 3 0.450875 0.219737 3.183927 4.886171
43915.395812 3 0.450873 0.211353 3.182506 4.894263
43915.495812 3 0.450872 0.203306 3.181049 4.902328
43915.595812 3 0.450870 0.195585 3.179555 4.910362
43915.695812 3 0.450868 0.188176 3.178023 4.918364
43915.795812 3 0.450866 0.181068 3.176451 4.926332
43915.895812 3 0.450865 0.174250 3.174839 4.934264
43915.995812 3 0.450863 0.167710 3.173186 4.942158
43916.095812 3 0.450861 0.161437 3.171490 4.950012
43916.195812 3 0.450860 0.155421 3.169750 4.957824
43916.295812 3 0.450858 0.149651 3.167966 4.965592
43916.395812 3 0.450856 0.144119 3.166135 4.973314
43916.495812 3 0.450855 0.138814 3.164256 4.980987
43916.595812 3 0.450853 0.133729 3.162329 4.988611
43916.695812 3 0.450852 0.128852 3.160352 4.996182
43916.795812 3 0.450850 0.124178 3.158323 5.003699
43916.895812 3 0.450849 0.119696 3.156241 5.011161
43916.995812 3 0.450847 0.115400 3.154105 5.018563
43917.095812 3 0.450846 0.111282 3.151914 5.025906
43917.195812 3 0.450844 0.107335 3.149665 5.033187
43917.295812 3 0.450843 0.103551 3.147357 5.040403
43917.395812 3 0.450841 0.099924 3.144988 5.047553
43917.495812 3 0.450840 0.096447 3.142557 5.054635
43917.595812 3 0.450838 0.093115 3.140063 5.061647
43917.695812 3 0.450837 0.089921 3.137503 5.068587
43917.795812 3 0.450835 0.086859 3.134876 5.075452
43917.895812 3 0.450834 0.083924 3.132179 5.082242
43917.995812 3 0.450833 0.081111 3.129412 5.088955
43918.095812 3 0.450831 0.078414 3.126572 5.095587
43918.195812 3 0.450830 0.075829 3.123656 5.102138
43918.295812 3 0.450829 0.073350 3.120664 5.108606
43918.395812 3 0.450827 0.070974 3.117594 5.114989
43918.495812 3 0.450826 0.068696 3.114442 5.121284
43918.595812 3 0.450825 0.066512 3.111207 5.127492
43918.695812 3 0.450824 0.064418 3.107888 5.133608
43918.795812 3 0.450823 0.062410 3.104480 5.139633
43918.895812 3 0.450821 0.060485 3.100983 5.145563
43918.995812 3 0.450820 0.058638 3.097395 5.151399
43919.095812 3 0.450819 0.056867 3.093712 5.157137
43919.195812 3 0.450818 0.055169 3.089932 5.162777
43919.295812 3 0.450817 0.053540 3.086053 5.168316
43919.395812 3 0.450816 0.051977 3.082073 5.173754
43919.495812 3 0.450815 0.050478 3.077989 5.179089
43919.595812 3 0.450814 0.049039 3.073798 5.184319
43919.695812 3 0.450813 0.047659 3.069498 5.189443
43919.795812 3 0.450812 0.046335 3.065087 5.194459
43919.895812 3 0.450811 0.045064 3.060561 5.199367
43919.995812 3 0.450810 0.043844 3.055919 5.204165
43920.095812 3 0.450809 0.042673 3.051157 5.208851
43920.195812 3 0.450808 0.041550 3.046272 5.213425
43920.295812 3 0.450807 0.040471 3.041263 5.217886
43920.395812 3 0.450806 0.039435 3.036126 5.222232
43920.495812 3 0.450806 0.038440 3.030859 5.226461
43920.595812 3 0.450805 0.037485 3.025459 5.230574
43920.695812 3 0.450804 0.036568 3.019923 5.234569
43920.795812 3 0.450803 0.035687 3.014248 5.238446
43920.895812 3 0.450802 0.034841 3.008432 5.242202
43920.995812 3 0.450802 0.034028 3.002473 5.245838
43921.095812 3 0.450801 0.033247 2.996367 5.249353
43921.195812 3 0.450800 0.032497 2.990113 5.252746
43921.295812 3 0.450800 0.031776 2.983706 5.256016
43921.395812 3 0.450799 0.031083 2.977146 5.259162
43921.495812 3 0.450798 0.030418 2.970430 5.262185
43921.595812 3 0.450798 0.029778 2.963555 5.265084
43921.695812 3 0.450797 0.029163 2.956520 5.267858
43921.795812 3 0.450797 0.028571 2.949322 5.270506
43921.895812 3 0.450796 0.028003 2.941959 5.273029
43921.995812 3 0.450796 0.027456 2.934429 5.275427
43922.095812 3 0.450795 0.026931 2.926732 5.277699
43922.195812 3 0.450795 0.026426 2.918865 5.279845
43922.295812 3 0.450794 0.025940 2.910827 5.281865
43922.395812 3 0.450794 0.025473 2.902618 5.283759
43922.495812 3 0.450793 0.025023 2.894236 5.285528
43922.595812 3 0.450793 0.024591 2.885682 5.287172
43922.695812 3 0.450793 0.024176 2.876954 5.288691
43922.795812 3 0.450792 0.023776 2.868053 5.290086
43922.895812 3 0.450792 0.023391 2.858979 5.291357
43922.995812 3 0.450792 0.023022 2.849733 5.292505
43923.095812 3 0.450791 0.022666 2.840317 5.293531
43923.195812 3 0.450791 0.022324 2.830732 5.294436
43923.295812 3 0.450791 0.021995 2.820979 5.295221
43923.395812 3 0.450790 0.021679 2.811062 5.295887
43923.495812 3 0.450790 0.021375 2.800983 5.296436
43923.595812 3 0.450790 0.021082 2.790746 5.296869
43923.695812 3 0.450790 0.020801 2.780355 5.297188
43923.795812 3 0.450789 0.020530 2.769814 5.297395
43923.895812 3 0.450789 0.020270 2.759129 5.297492
43923.995812 3 0.450789 0.020020 2.748306 5.297480
43924.095812 3 0.450789 0.019780 2.737350 5.297363
43924.195812 3 0.450789 0.019549 2.726269 5.297142
43924.295812 3 0.450788 0.019327 2.715071 5.296821
43924.395812 3 0.450788 0.019114 2.703763 5.296402
