t Ka M R logL logTeff
0.100000 1 29.995557 6.585166 5.053485 4.615228
0.200000 1 29.990986 6.614665 5.055518 4.614766
0.300000 1 29.986369 6.644322 5.057583 4.614311
0.400000 1 29.981705 6.674155 5.059681 4.613863
0.500000 1 29.976993 6.704179 5.061810 4.613420
0.600000 1 29.972232 6.734413 5.063971 4.612983
0.700000 1 29.967421 6.764874 5.066164 4.612552
0.800000 1 29.962557 6.795580 5.068389 4.612124
0.900000 1 29.957640 6.826549 5.070645 4.611701
1.000000 1 29.952669 6.857800 5.072933 4.611282
1.100000 1 29.947641 6.889352 5.075253 4.610865
1.200000 1 29.942556 6.921224 5.077605 4.610450
1.300000 1 29.937412 6.953435 5.079988 4.610038
1.400000 1 29.932207 6.986005 5.082403 4.609627
1.500000 1 29.926941 7.018955 5.084850 4.609217
1.600000 1 29.921610 7.052305 5.087328 4.608807
1.700000 1 29.916214 7.086075 5.089837 4.608397
1.800000 1 29.910752 7.120288 5.092378 4.607986
1.900000 1 29.905221 7.154964 5.094950 4.607574
2.000000 1 29.899619 7.190126 5.097553 4.607161
2.100000 1 29.893945 7.225797 5.100188 4.606745
2.200000 1 29.888198 7.261999 5.102854 4.606326
2.300000 1 29.882375 7.298755 5.105550 4.605904
2.400000 1 29.876474 7.336089 5.108278 4.605478
2.500000 1 29.870494 7.374026 5.111038 4.605048
2.600000 1 29.864432 7.412590 5.113828 4.604612
2.700000 1 29.858287 7.451807 5.116648 4.604172
2.800000 1 29.852057 7.491702 5.119500 4.603725
2.900000 1 29.845739 7.532302 5.122383 4.603272
3.000000 1 29.839331 7.573634 5.125296 4.602812
3.100000 1 29.832832 7.615726 5.128240 4.602345
3.200000 1 29.826238 7.658605 5.131215 4.601869
3.300000 1 29.819549 7.702302 5.134220 4.601385
3.400000 1 29.812761 7.746846 5.137255 4.600892
3.500000 1 29.805872 7.792267 5.140321 4.600389
3.600000 1 29.798879 7.838598 5.143418 4.599876
3.700000 1 29.791781 7.885871 5.146544 4.599352
3.800000 1 29.784575 7.934121 5.149701 4.598816
3.900000 1 29.777258 7.983381 5.152888 4.598269
4.000000 1 29.769828 8.033690 5.156105 4.597709
4.100000 1 29.762282 8.085083 5.159352 4.597136
4.200000 1 29.754617 8.137602 5.162629 4.596550
4.300000 1 29.746831 8.191286 5.165936 4.595948
4.400000 1 29.738921 8.246179 5.169272 4.595332
4.500000 1 29.730884 8.302327 5.172638 4.594700
4.600000 1 29.722717 8.359776 5.176034 4.594052
4.700000 1 29.714417 8.418577 5.179459 4.593386
4.800000 1 29.705982 8.478784 5.182914 4.592702
4.900000 1 29.697409 8.540452 5.186398 4.592000
5.000000 1 29.688693 8.603642 5.189911 4.591277
5.100000 1 29.679833 8.668419 5.193454 4.590534
5.200000 1 29.670826 8.734851 5.197025 4.589769
5.300000 1 29.661667 8.803011 5.200626 4.588981
5.400000 1 29.652354 8.872980 5.204255 4.588170
5.500000 1 29.642885 8.944844 5.207913 4.587332
5.600000 1 29.633255 9.018695 5.211600 4.586469
5.700000 1 29.623461 9.094634 5.215316 4.585577
5.800000 1 29.613502 9.172773 5.219060 4.584655
5.900000 1 29.603372 9.253230 5.222833 4.583702
6.000000 1 29.593070 9.336136 5.226634 4.582715
6.100000 1 29.582592 9.421635 5.230464 4.581693
6.200000 1 29.571935 9.509885 5.234321 4.580633
6.300000 1 29.561097 9.601059 5.238207 4.579533
6.400000 1 29.550075 9.695346 5.242121 4.578389
6.500000 1 29.544470 9.743717 5.244088 4.577800
6.600000 1 29.538818 9.792947 5.246062 4.577199
6.700000 1 29.533119 9.843066 5.248043 4.576586
6.800000 1 29.527372 9.894104 5.250031 4.575960
6.900000 1 29.521577 9.946094 5.252025 4.575321
7.000000 1 29.515734 9.999072 5.254027 4.574667
7.100000 1 29.509843 10.053073 5.256036 4.574000
7.200000 1 29.503902 10.108136 5.258052 4.573318
7.300000 1 29.497913 10.164300 5.260074 4.572620
7.400000 1 29.491875 10.221609 5.262104 4.571907
7.500000 1 29.485788 10.280107 5.264141 4.571177
7.600000 1 29.479652 10.339841 5.266184 4.570430
7.700000 1 29.473466 10.400861 5.268235 4.569665
7.800000 1 29.467231 10.463219 5.270292 4.568881
7.900000 1 29.460947 10.526971 5.272357 4.568078
8.000000 1 29.454613 10.592174 5.274428 4.567255
8.100000 1 29.448230 10.658891 5.276507 4.566411
8.200000 1 29.441798 10.727186 5.278593 4.565546
8.300000 1 29.435317 10.797128 5.280685 4.564658
8.400000 1 29.428787 10.868790 5.282785 4.563746
8.500000 1 29.422209 10.942247 5.284891 4.562810
8.600000 1 29.415582 11.017580 5.287005 4.561849
8.700000 1 29.408908 11.094876 5.289126 4.560861
8.800000 1 29.402186 11.174225 5.291253 4.559845
8.900000 1 29.395418 11.255722 5.293388 4.558801
9.000000 1 29.388603 11.339468 5.295530 4.557727
9.100000 1 29.381743 11.425571 5.297680 4.556621
9.200000 1 29.374838 11.514144 5.299836 4.555484
9.300000 1 29.367889 11.605307 5.302000 4.554312
9.400000 1 29.360897 11.699188 5.304170 4.553105
9.500000 1 29.353863 11.795921 5.306349 4.551862
9.600000 1 29.346789 11.895649 5.308534 4.550580
9.700000 1 29.339675 11.998525 5.310727 4.549258
9.800000 1 29.332524 12.104710 5.312927 4.547895
9.900000 1 29.325336 12.214374 5.315135 4.546489
10.000000 1 29.318114 12.327699 5.317351 4.545037
10.100000 1 29.310859 12.444878 5.319574 4.543539
10.200000 1 29.303574 12.566117 5.321805 4.541991
10.300000 1 29.296260 12.691635 5.324043 4.540393
10.400000 1 29.292590 12.756068 5.325165 4.539573
10.500000 1 29.288915 12.821660 5.326289 4.538741
10.600000 1 29.285233 12.888441 5.327416 4.537894
10.700000 1 29.281546 12.956444 5.328544 4.537034
10.800000 1 29.277855 13.025702 5.329674 4.536158
10.900000 1 29.274159 13.096250 5.330806 4.535269
11.000000 1 29.270458 13.168123 5.331940 4.534364
11.100000 1 29.266754 13.241359 5.333076 4.533443
11.200000 1 29.263047 13.315995 5.334215 4.532507
11.300000 1 29.259337 13.392071 5.335355 4.531556
11.400000 1 29.255624 13.469627 5.336498 4.530587
11.500000 1 29.251910 13.548706 5.337643 4.529602
11.600000 1 29.248194 13.629351 5.338789 4.528600
11.700000 1 29.244477 13.711607 5.339938 4.527581
11.800000 1 29.240760 13.795520 5.341090 4.526544
11.900000 1 29.237043 13.881138 5.342243 4.525489
12.000000 1 29.233327 13.968511 5.343399 4.524415
12.100000 1 29.229612 14.057691 5.344556 4.523323
12.200000 1 29.225899 14.148730 5.345716 4.522211
12.300000 1 29.222188 14.241684 5.346879 4.521080
12.400000 1 29.218481 14.336609 5.348043 4.519928
12.500000 1 29.214777 14.433565 5.349210 4.518756
12.600000 1 29.211078 14.532612 5.350380 4.517564
12.700000 1 29.207385 14.633814 5.351551 4.516350
12.800000 1 29.203697 14.737237 5.352725 4.515114
12.900000 1 29.200015 14.842948 5.353902 4.513856
13.000000 1 29.196342 14.951017 5.355081 4.512575
13.100000 1 29.192676 15.061518 5.356262 4.511272
13.200000 1 29.189019 15.174526 5.357446 4.509945
13.300000 1 29.185373 15.290120 5.358633 4.508593
13.400000 1 29.181737 15.408381 5.359822 4.507217
13.500000 1 29.178112 15.529392 5.361013 4.505817
13.600000 1 29.174500 15.653243 5.362207 4.504390
13.700000 1 29.170902 15.780023 5.363404 4.502938
13.800000 1 29.167317 15.909828 5.364603 4.501459
13.900000 1 29.163748 16.042754 5.365806 4.499953
14.000000 1 29.160196 16.178904 5.367011 4.498419
14.100000 1 29.156660 16.318384 5.368218 4.496857
14.200000 1 29.153143 16.461303 5.369429 4.495266
14.300000 1 29.149645 16.607775 5.370642 4.493645
14.400000 1 29.146168 16.757920 5.371858 4.491995
14.500000 1 29.142712 16.911861 5.373077 4.490314
14.600000 1 29.139279 17.069725 5.374299 4.488602
14.700000 1 29.135869 17.231648 5.375524 4.486858
14.800000 1 29.132485 17.397768 5.376753 4.485082
14.900000 1 29.129126 17.568229 5.377984 4.483272
15.000000 1 29.125795 17.743182 5.379218 4.481429
15.100000 1 29.124143 17.832395 5.379836 4.480495
15.200000 1 29.122499 17.922790 5.380455 4.479552
15.300000 1 29.120863 18.014388 5.381075 4.478600
15.400000 1 29.119234 18.107210 5.381696 4.477639
15.500000 1 29.117612 18.201279 5.382318 4.476669
15.600000 1 29.115999 18.296615 5.382940 4.475690
15.700000 1 29.114394 18.393241 5.383563 4.474702
15.800000 1 29.112797 18.491181 5.384188 4.473705
15.900000 1 29.111209 18.590458 5.384812 4.472699
16.000000 1 29.109629 18.691095 5.385438 4.471683
16.100000 1 29.108057 18.793117 5.386065 4.470657
16.200000 1 29.106495 18.896550 5.386692 4.469622
16.300000 1 29.104942 19.001417 5.387320 4.468578
16.400000 1 29.103398 19.107746 5.387949 4.467523
16.500000 1 29.101863 19.215564 5.388579 4.466459
16.600000 1 29.100338 19.324897 5.389210 4.465385
16.700000 1 29.098822 19.435772 5.389842 4.464300
16.800000 1 29.097316 19.548220 5.390474 4.463206
16.900000 1 29.095820 19.662268 5.391108 4.462101
17.000000 1 29.094335 19.777946 5.391742 4.460986
17.100000 1 29.092860 19.895284 5.392377 4.459860
17.200000 1 29.091395 20.014315 5.393013 4.458724
17.300000 1 29.089940 20.135068 5.393650 4.457577
17.400000 1 29.088497 20.257577 5.394288 4.456419
17.500000 1 29.087064 20.381874 5.394927 4.455250
17.600000 1 29.085643 20.507995 5.395567 4.454071
17.700000 1 29.084233 20.635972 5.396208 4.452880
17.800000 1 29.082834 20.765842 5.396849 4.451678
17.900000 1 29.081447 20.897641 5.397492 4.450465
18.000000 1 29.080071 21.031407 5.398135 4.449240
18.100000 1 29.074616 20.834100 5.410612 4.454406
18.200000 1 29.074234 20.721441 5.412048 4.455943
18.300000 1 29.073868 20.599915 5.413464 4.457574
18.400000 1 29.073517 20.471457 5.414854 4.459280
18.500000 1 29.073181 20.337851 5.416210 4.461041
18.600000 1 29.072857 20.200716 5.417529 4.462839
18.700000 1 29.072547 20.061495 5.418808 4.464661
18.800000 1 29.072250 19.921453 5.420043 4.466491
18.900000 1 29.071965 19.781689 5.421233 4.468317
19.000000 1 29.071691 19.643141 5.422377 4.470129
19.100000 1 29.071429 19.506596 5.423474 4.471918
19.200000 1 29.071178 19.372708 5.424525 4.473677
19.300000 1 29.070938 19.242008 5.425529 4.475398
19.400000 1 29.070709 19.114920 5.426487 4.477076
19.500000 1 29.070489 18.991770 5.427400 4.478708
19.600000 1 29.070280 18.872801 5.428269 4.480290
19.700000 1 29.070080 18.758186 5.429096 4.481819
19.800000 1 29.069889 18.648034 5.429880 4.483294
19.900000 1 29.069708 18.542402 5.430625 4.484714
20.000000 1 29.069535 18.441302 5.431330 4.486077
20.100000 1 29.069371 18.344710 5.431998 4.487385
20.200000 1 29.069215 18.252572 5.432631 4.488636
20.300000 1 29.068918 18.075712 5.433833 4.491051
20.400000 1 29.068651 17.916612 5.434901 4.493238
20.500000 1 29.068413 17.774107 5.435848 4.495209
20.600000 1 29.068201 17.646923 5.436687 4.496978
20.700000 1 29.068011 17.533749 5.437428 4.498560
20.800000 1 29.067843 17.433292 5.438082 4.499971
20.900000 1 29.067694 17.344307 5.438659 4.501227
21.000000 1 29.067430 17.186175 5.439679 4.503471
21.100000 1 29.067227 17.065590 5.440452 4.505193
21.200000 1 29.067073 16.974050 5.441036 4.506507
21.300000 1 29.066839 16.834993 5.441920 4.508514
21.400000 2 29.066600 16.375788 5.442813 4.514743
21.500000 2 29.066597 16.419741 5.442863 4.514173
21.600000 2 29.066590 16.537099 5.442998 4.512660
21.700000 2 29.066582 16.655296 5.443132 4.511147
21.800000 2 29.066574 16.774337 5.443267 4.509635
21.900000 2 29.066567 16.894229 5.443402 4.508122
22.000000 2 29.066559 17.014978 5.443536 4.506609
22.100000 2 29.066552 17.136590 5.443671 4.505096
22.200000 2 29.066544 17.259071 5.443805 4.503583
22.300000 2 29.066537 17.382427 5.443940 4.502070
22.400000 2 29.066530 17.506666 5.444075 4.500558
22.500000 2 29.066523 17.631792 5.444209 4.499045
22.600000 2 29.066516 17.757812 5.444344 4.497532
22.700000 2 29.066509 17.884733 5.444479 4.496019
22.800000 2 29.066502 18.012561 5.444613 4.494506
22.900000 2 29.066495 18.141303 5.444748 4.492993
23.000000 2 29.066488 18.270965 5.444882 4.491480
23.100000 2 29.066481 18.401554 5.445017 4.489968
23.200000 2 29.066475 18.533076 5.445152 4.488455
23.300000 2 29.066468 18.665538 5.445286 4.486942
23.400000 2 29.066462 18.798947 5.445421 4.485429
23.500000 2 29.066455 18.933309 5.445556 4.483916
23.600000 2 29.066449 19.068632 5.445690 4.482403
23.700000 2 29.066443 19.204921 5.445825 4.480891
23.800000 2 29.066437 19.342185 5.445960 4.479378
23.900000 2 29.066431 19.480430 5.446094 4.477865
24.000000 2 29.066424 19.619663 5.446229 4.476352
24.100000 2 29.066419 19.759891 5.446363 4.474839
24.200000 2 29.066413 19.901122 5.446498 4.473326
24.300000 2 29.066407 20.043362 5.446633 4.471813
24.400000 2 29.066401 20.186618 5.446767 4.470301
24.500000 2 29.066395 20.330898 5.446902 4.468788
24.600000 2 29.066390 20.476210 5.447037 4.467275
24.700000 2 29.066384 20.622560 5.447171 4.465762
24.800000 2 29.066379 20.769956 5.447306 4.464249
24.900000 2 29.066373 20.918406 5.447441 4.462736
25.000000 2 29.066368 21.067917 5.447575 4.461224
25.100000 2 29.066363 21.218496 5.447710 4.459711
25.200000 2 29.066358 21.370151 5.447845 4.458198
25.300000 2 29.066353 21.522891 5.447980 4.456685
25.400000 2 29.066347 21.676722 5.448114 4.455172
25.500000 2 29.066343 21.831653 5.448249 4.453659
25.600000 2 29.066338 21.987690 5.448384 4.452147
25.700000 2 29.066333 22.144844 5.448518 4.450634
25.800000 2 29.066328 22.303120 5.448653 4.449121
25.900000 2 29.066323 22.462528 5.448788 4.447608
26.000000 2 29.066319 22.623075 5.448922 4.446095
26.100000 2 29.066314 22.784770 5.449057 4.444583
26.200000 2 29.066310 22.947620 5.449192 4.443070
26.300000 2 29.066305 23.111634 5.449326 4.441557
26.400000 2 29.066301 23.276821 5.449461 4.440044
26.500000 2 29.066296 23.443188 5.449596 4.438531
26.600000 2 29.066292 23.610744 5.449731 4.437018
26.700000 2 29.066288 23.779498 5.449865 4.435506
26.800000 2 29.066284 23.949458 5.450000 4.433993
26.900000 2 29.066279 24.120632 5.450135 4.432480
27.000000 2 29.066275 24.293030 5.450269 4.430967
27.100000 2 29.066271 24.466660 5.450404 4.429454
27.200000 2 29.066266 24.641531 5.450539 4.427941
27.300000 2 29.066262 24.817652 5.450674 4.426429
27.400000 2 29.066258 24.995031 5.450808 4.424916
27.500000 2 29.066253 25.173679 5.450943 4.423403
27.600000 2 29.066249 25.353603 5.451078 4.421890
27.700000 2 29.066245 25.534813 5.451212 4.420377
27.800000 2 29.066241 25.717318 5.451347 4.418865
27.900000 2 29.066236 25.901127 5.451482 4.417352
28.000000 2 29.066232 26.086250 5.451617 4.415839
28.100000 2 29.066228 26.272697 5.451751 4.414326
28.200000 2 29.066223 26.460475 5.451886 4.412813
28.300000 2 29.066219 26.649596 5.452021 4.411300
28.400000 2 29.066215 26.840068 5.452155 4.409788
28.500000 2 29.066210 27.031902 5.452290 4.408275
28.600000 2 29.066206 27.225107 5.452425 4.406762
28.700000 2 29.066202 27.419692 5.452559 4.405249
28.800000 2 29.066197 27.615669 5.452694 4.403736
28.900000 2 29.066193 27.813046 5.452829 4.402224
29.000000 2 29.066188 28.011833 5.452964 4.400711
29.100000 2 29.066184 28.212041 5.453098 4.399198
29.200000 2 29.066180 28.413680 5.453233 4.397685
29.300000 2 29.066141 28.616710 5.453367 4.396172
29.400000 2 29.066102 28.821189 5.453500 4.394660
29.500000 2 29.066063 29.027129 5.453634 4.393147
29.600000 2 29.066024 29.234539 5.453767 4.391634
29.700000 2 29.065984 29.443431 5.453901 4.390122
29.800000 2 29.065945 29.653815 5.454035 4.388609
29.900000 2 29.065906 29.865702 5.454168 4.387096
30.000000 2 29.065867 30.079101 5.454302 4.385584
30.100000 2 29.065828 30.294025 5.454435 4.384071
30.200000 2 29.065788 30.510484 5.454569 4.382558
30.300000 2 29.065749 30.728488 5.454703 4.381046
30.400000 2 29.065710 30.948050 5.454836 4.379533
30.500000 2 29.065670 31.169179 5.454970 4.378020
30.600000 2 29.065631 31.391888 5.455104 4.376508
30.700000 2 29.065592 31.616188 5.455237 4.374995
30.800000 2 29.065552 31.842089 5.455371 4.373482
30.900000 2 29.065513 32.069604 5.455504 4.371970
31.000000 2 29.065473 32.298743 5.455638 4.370457
31.100000 2 29.065434 32.529519 5.455772 4.368945
31.200000 2 29.065394 32.761943 5.455905 4.367432
31.300000 2 29.065355 32.996027 5.456039 4.365919
31.400000 2 29.065315 33.231782 5.456172 4.364407
31.500000 2 29.065276 33.469221 5.456306 4.362894
31.600000 2 29.065236 33.708356 5.456440 4.361382
31.700000 2 29.065196 33.949199 5.456573 4.359869
31.800000 2 29.065157 34.191762 5.456707 4.358357
31.900000 2 29.065117 34.436057 5.456840 4.356844
32.000000 2 29.065077 34.682096 5.456974 4.355331
32.100000 2 29.065037 34.929892 5.457107 4.353819
32.200000 2 29.064998 35.179459 5.457241 4.352306
32.300000 2 29.064958 35.430807 5.457375 4.350794
32.400000 2 29.064918 35.683951 5.457508 4.349281
32.500000 2 29.064878 35.938902 5.457642 4.347769
32.600000 2 29.064839 36.195675 5.457775 4.346256
32.700000 2 29.064800 36.454281 5.457909 4.344744
32.800000 2 29.064760 36.714735 5.458043 4.343231
32.900000 2 29.064721 36.977049 5.458176 4.341719
33.000000 2 29.064682 37.241237 5.458310 4.340206
33.100000 2 29.064643 37.507312 5.458444 4.338693
33.200000 2 29.064605 37.775287 5.458577 4.337181
33.300000 2 29.064566 38.045176 5.458711 4.335668
33.400000 2 29.064527 38.316992 5.458844 4.334156
33.500000 2 29.064489 38.590750 5.458978 4.332643
33.600000 2 29.064451 38.866464 5.459112 4.331131
33.700000 2 29.064412 39.144147 5.459245 4.329619
33.800000 2 29.064374 39.423813 5.459379 4.328106
33.900000 2 29.064336 39.705476 5.459513 4.326594
34.000000 2 29.064299 39.989152 5.459646 4.325081
34.100000 2 29.064261 40.274853 5.459780 4.323569
34.200000 2 29.064223 40.562595 5.459914 4.322056
34.300000 2 29.064186 40.852393 5.460047 4.320544
34.400000 2 29.064148 41.144260 5.460181 4.319031
34.500000 2 29.064111 41.438212 5.460315 4.317519
34.600000 2 29.064074 41.734263 5.460448 4.316006
34.700000 2 29.064037 42.032429 5.460582 4.314494
34.800000 2 29.064000 42.332725 5.460716 4.312981
34.900000 2 29.063963 42.635165 5.460850 4.311469
35.000000 2 29.063927 42.939765 5.460983 4.309957
35.100000 2 29.063890 43.246542 5.461117 4.308444
35.200000 2 29.063854 43.555509 5.461251 4.306932
35.300000 2 29.063817 43.866683 5.461384 4.305419
35.400000 2 29.063781 44.180079 5.461518 4.303907
35.500000 2 29.063745 44.495714 5.461652 4.302394
35.600000 2 29.063709 44.813604 5.461786 4.300882
35.700000 2 29.063673 45.133764 5.461919 4.299370
35.800000 2 29.063637 45.456210 5.462053 4.297857
35.900000 2 29.063601 45.780960 5.462187 4.296345
36.000000 2 29.063566 46.108029 5.462320 4.294832
36.100000 2 29.063530 46.437434 5.462454 4.293320
36.200000 2 29.063495 46.769192 5.462588 4.291808
36.300000 2 29.063460 47.103319 5.462722 4.290295
36.400000 2 29.063424 47.439833 5.462855 4.288783
36.500000 2 29.063389 47.778751 5.462989 4.287270
36.600000 2 29.063354 48.120089 5.463123 4.285758
36.700000 2 29.063320 48.463865 5.463257 4.284246
36.800000 2 29.063285 48.810096 5.463391 4.282733
36.900000 2 29.063250 49.158801 5.463524 4.281221
37.000000 2 29.063216 49.509996 5.463658 4.279709
37.100000 2 29.063181 49.863699 5.463792 4.278196
37.200000 2 29.063147 50.219928 5.463926 4.276684
37.300000 2 29.063113 50.578702 5.464059 4.275172
37.400000 2 29.063079 50.940039 5.464193 4.273659
37.500000 2 29.063045 51.303956 5.464327 4.272147
37.600000 2 29.063011 51.670472 5.464461 4.270635
37.700000 2 29.062977 52.039606 5.464595 4.269122
37.800000 2 29.062943 52.411377 5.464728 4.267610
37.900000 2 29.062910 52.785803 5.464862 4.266098
38.000000 2 29.062876 53.162903 5.464996 4.264585
38.100000 2 29.062843 53.542697 5.465130 4.263073
38.200000 2 29.062809 53.925203 5.465264 4.261561
38.300000 2 29.062776 54.310442 5.465398 4.260048
38.400000 2 29.062743 54.698431 5.465531 4.258536
38.500000 2 29.062710 55.089192 5.465665 4.257024
38.600000 2 29.062677 55.482744 5.465799 4.255511
38.700000 2 29.062644 55.879107 5.465933 4.253999
38.800000 2 29.062612 56.278301 5.466067 4.252487
38.900000 2 29.062579 56.680345 5.466201 4.250974
39.000000 2 29.062547 57.085262 5.466334 4.249462
39.100000 2 29.062514 57.493070 5.466468 4.247950
39.200000 2 29.062482 57.903791 5.466602 4.246438
39.300000 2 29.062450 58.317446 5.466736 4.244925
39.400000 2 29.062418 58.734055 5.466870 4.243413
39.500000 2 29.062386 59.153640 5.467004 4.241901
39.600000 2 29.062354 59.576221 5.467138 4.240388
39.700000 2 29.062322 60.001821 5.467271 4.238876
39.800000 2 29.062290 60.430460 5.467405 4.237364
39.900000 2 29.062259 60.862161 5.467539 4.235852
40.000000 2 29.062227 61.296945 5.467673 4.234339
40.100000 2 29.062196 61.734835 5.467807 4.232827
40.200000 2 29.062164 62.175852 5.467941 4.231315
40.300000 2 29.062133 62.620019 5.468075 4.229803
40.400000 2 29.062102 63.067358 5.468209 4.228290
40.500000 2 29.062071 63.517892 5.468342 4.226778
40.600000 2 29.062040 63.971645 5.468476 4.225266
40.700000 2 29.062009 64.428638 5.468610 4.223754
40.800000 2 29.061978 64.888895 5.468744 4.222241
40.900000 2 29.061948 65.352439 5.468878 4.220729
41.000000 2 29.061917 65.819294 5.469012 4.219217
41.100000 2 29.061887 66.289483 5.469146 4.217705
41.200000 2 29.061856 66.763031 5.469280 4.216193
41.300000 2 29.061826 67.239961 5.469414 4.214680
41.400000 2 29.061796 67.720297 5.469548 4.213168
41.500000 2 29.061766 68.204064 5.469682 4.211656
41.600000 2 29.061736 68.691286 5.469816 4.210144
41.700000 2 29.061706 69.181988 5.469950 4.208631
41.800000 2 29.061676 69.676195 5.470083 4.207119
41.900000 2 29.061646 70.173931 5.470217 4.205607
42.000000 2 29.061616 70.675223 5.470351 4.204095
42.100000 2 29.061587 71.180095 5.470485 4.202583
42.200000 2 29.061557 71.688572 5.470619 4.201070
42.300000 2 29.061528 72.200682 5.470753 4.199558
42.400000 2 29.061499 72.716449 5.470887 4.198046
42.500000 2 29.061469 73.235899 5.471021 4.196534
42.600000 2 29.061440 73.759060 5.471155 4.195022
42.700000 2 29.061411 74.285957 5.471289 4.193509
42.800000 2 29.061382 74.816618 5.471423 4.191997
42.900000 2 29.061353 75.351069 5.471557 4.190485
43.000000 2 29.061325 75.889337 5.471691 4.188973
43.100000 2 29.061296 76.431449 5.471825 4.187461
43.200000 2 29.061267 76.977433 5.471959 4.185949
43.300000 2 29.061239 77.527317 5.472093 4.184436
43.400000 2 29.061210 78.081128 5.472227 4.182924
43.500000 2 29.061182 78.638894 5.472361 4.181412
43.600000 2 29.061154 79.200645 5.472495 4.179900
43.700000 2 29.061126 79.766407 5.472629 4.178388
43.800000 2 29.061098 80.336210 5.472763 4.176876
43.900000 2 29.061070 80.910083 5.472897 4.175363
44.000000 2 29.061042 81.488055 5.473031 4.173851
44.100000 2 29.061014 82.070155 5.473165 4.172339
44.200000 2 29.060986 82.656412 5.473299 4.170827
44.300000 2 29.060959 83.246856 5.473433 4.169315
44.400000 2 29.060931 83.841517 5.473567 4.167803
44.500000 2 29.060903 84.440426 5.473701 4.166291
44.600000 2 29.060876 85.043612 5.473835 4.164778
44.700000 2 29.060849 85.651106 5.473969 4.163266
44.800000 2 29.060821 86.262940 5.474103 4.161754
44.900000 2 29.060794 86.879142 5.474237 4.160242
45.000000 2 29.060767 87.499746 5.474371 4.158730
45.100000 2 29.060740 88.124783 5.474505 4.157218
45.200000 2 29.060713 88.754284 5.474639 4.155706
45.300000 2 29.060687 89.388280 5.474773 4.154194
45.400000 2 29.060660 90.026805 5.474907 4.152681
45.500000 2 29.060633 90.669890 5.475041 4.151169
45.600000 2 29.060607 91.317569 5.475175 4.149657
45.700000 2 29.060580 91.969873 5.475309 4.148145
45.800000 2 29.060554 92.626836 5.475443 4.146633
45.900000 2 29.060527 93.288491 5.475577 4.145121
46.000000 2 29.060501 93.954872 5.475712 4.143609
46.100000 2 29.060475 94.626012 5.475846 4.142097
46.200000 2 29.060449 95.301946 5.475980 4.140585
46.300000 2 29.060423 95.982708 5.476114 4.139072
46.400000 2 29.060397 96.668331 5.476248 4.137560
46.500000 2 29.060371 97.358852 5.476382 4.136048
46.600000 2 29.060345 98.054304 5.476516 4.134536
46.700000 2 29.060319 98.754723 5.476650 4.133024
46.800000 2 29.060294 99.460145 5.476784 4.131512
46.900000 2 29.060268 100.170605 5.476918 4.130000
47.000000 2 29.060243 100.886140 5.477052 4.128488
47.100000 2 29.060217 101.606785 5.477186 4.126976
47.200000 2 29.060192 102.332576 5.477320 4.125464
47.300000 2 29.060167 103.063552 5.477455 4.123952
47.400000 2 29.060142 103.799748 5.477589 4.122440
47.500000 2 29.060116 104.541203 5.477723 4.120928
47.600000 2 29.060091 105.287953 5.477857 4.119415
47.700000 2 29.060067 106.040036 5.477991 4.117903
47.800000 2 29.060042 106.797491 5.478125 4.116391
47.900000 2 29.060017 107.560356 5.478259 4.114879
48.000000 2 29.059992 108.328670 5.478393 4.113367
48.100000 2 29.059968 109.102471 5.478527 4.111855
48.200000 2 29.059943 109.881798 5.478662 4.110343
48.300000 2 29.059918 110.666692 5.478796 4.108831
48.400000 2 29.059894 111.457191 5.478930 4.107319
48.500000 2 29.059870 112.253337 5.479064 4.105807
48.600000 2 29.059845 113.055168 5.479198 4.104295
48.700000 2 29.059821 113.862727 5.479332 4.102783
48.800000 2 29.059797 114.676053 5.479466 4.101271
48.900000 2 29.059773 115.495188 5.479600 4.099759
49.000000 2 29.059749 116.320173 5.479735 4.098247
49.100000 2 29.059725 117.151051 5.479869 4.096735
49.200000 2 29.059675 117.987523 5.480002 4.095223
49.300000 2 29.059624 118.829959 5.480135 4.093711
49.400000 2 29.059574 119.678402 5.480269 4.092200
49.500000 2 29.059522 120.532895 5.480402 4.090688
49.600000 2 29.059471 121.393482 5.480535 4.089177
49.700000 2 29.059419 122.260205 5.480669 4.087665
49.800000 2 29.059367 123.133108 5.480802 4.086154
49.900000 2 29.059315 124.012235 5.480935 4.084642
50.000000 2 29.059262 124.897631 5.481068 4.083131
50.100000 2 29.059209 125.789340 5.481202 4.081619
50.200000 2 29.059155 126.687406 5.481335 4.080108
50.300000 2 29.059102 127.591875 5.481468 4.078596
50.400000 2 29.059048 128.502793 5.481601 4.077085
50.500000 2 29.058993 129.420206 5.481734 4.075573
50.600000 2 29.058939 130.344159 5.481868 4.074062
50.700000 2 29.058883 131.274698 5.482001 4.072550
50.800000 2 29.058828 132.211872 5.482134 4.071039
50.900000 2 29.058772 133.155727 5.482267 4.069527
51.000000 2 29.058716 134.106310 5.482400 4.068016
51.100000 2 29.058660 135.063670 5.482534 4.066505
51.200000 2 29.058603 136.027854 5.482667 4.064993
51.300000 2 29.058546 136.998911 5.482800 4.063482
51.400000 2 29.058488 137.976890 5.482933 4.061971
51.500000 2 29.058430 138.961840 5.483066 4.060459
51.600000 2 29.058372 139.953810 5.483199 4.058948
51.700000 2 29.058314 140.952851 5.483332 4.057437
51.800000 2 29.058255 141.959013 5.483465 4.055925
51.900000 2 29.058196 142.972346 5.483598 4.054414
52.000000 2 29.058136 143.992901 5.483731 4.052903
52.100000 2 29.058076 145.020730 5.483864 4.051392
52.200000 2 29.058015 146.055884 5.483997 4.049880
52.300000 2 29.057955 147.098415 5.484130 4.048369
52.400000 2 29.057894 148.148376 5.484263 4.046858
52.500000 2 29.057832 149.205819 5.484396 4.045347
52.600000 2 29.057770 150.270798 5.484529 4.043836
52.700000 2 29.057708 151.343366 5.484662 4.042324
52.800000 2 29.057645 152.423577 5.484795 4.040813
52.900000 2 29.057582 153.511485 5.484928 4.039302
53.000000 2 29.057519 154.607145 5.485061 4.037791
53.100000 2 29.057455 155.710612 5.485194 4.036280
53.200000 2 29.057391 156.821942 5.485327 4.034769
53.300000 2 29.057326 157.941190 5.485460 4.033258
53.400000 2 29.057261 159.068412 5.485593 4.031747
53.500000 2 29.057196 160.203665 5.485726 4.030236
53.600000 2 29.057130 161.347006 5.485859 4.028725
53.700000 2 29.057064 162.498493 5.485992 4.027214
53.800000 2 29.056997 163.658184 5.486124 4.025703
53.900000 2 29.056930 164.826135 5.486257 4.024192
54.000000 2 29.056863 166.002407 5.486390 4.022681
54.100000 2 29.056795 167.187058 5.486523 4.021170
54.200000 2 29.056726 168.380148 5.486656 4.019659
54.300000 2 29.056658 169.581737 5.486789 4.018148
54.400000 2 29.056589 170.791884 5.486921 4.016637
54.500000 2 29.056519 172.010651 5.487054 4.015126
54.600000 2 29.056449 173.238099 5.487187 4.013616
54.700000 2 29.056379 174.474289 5.487320 4.012105
54.800000 2 29.056308 175.719284 5.487452 4.010594
54.900000 2 29.056237 176.973145 5.487585 4.009083
55.000000 2 29.056165 178.235936 5.487718 4.007572
55.100000 2 29.056093 179.507721 5.487850 4.006062
55.200000 2 29.056020 180.788562 5.487983 4.004551
55.300000 2 29.055947 182.078524 5.488116 4.003040
55.400000 2 29.055874 183.377673 5.488248 4.001529
55.500000 2 29.055800 184.686072 5.488381 4.000019
55.600000 2 29.055725 186.003787 5.488514 3.998508
55.700000 2 29.055650 187.330886 5.488646 3.996997
55.800000 2 29.055575 188.667433 5.488779 3.995487
55.900000 2 29.055499 190.013497 5.488911 3.993976
56.000000 2 29.055423 191.369144 5.489044 3.992466
56.100000 2 29.055346 192.734443 5.489177 3.990955
56.200000 2 29.055269 194.109462 5.489309 3.989444
56.300000 2 29.055191 195.494270 5.489442 3.987934
56.400000 2 29.055113 196.888935 5.489574 3.986423
56.500000 2 29.055034 198.293530 5.489707 3.984913
56.600000 2 29.054955 199.708122 5.489839 3.983402
56.700000 2 29.054876 201.132784 5.489972 3.981892
56.800000 2 29.054796 202.567586 5.490104 3.980382
56.900000 2 29.054715 204.012601 5.490237 3.978871
57.000000 2 29.054634 205.467901 5.490369 3.977361
57.100000 2 29.054552 206.933559 5.490501 3.975850
57.200000 2 29.054470 208.409648 5.490634 3.974340
57.300000 2 29.054388 209.896242 5.490766 3.972830
57.400000 2 29.054305 211.393415 5.490899 3.971319
57.500000 2 29.054221 212.901243 5.491031 3.969809
57.600000 2 29.054137 214.419800 5.491163 3.968299
57.700000 2 29.054052 215.949164 5.491296 3.966789
57.800000 2 29.053967 217.489409 5.491428 3.965278
57.900000 2 29.053881 219.040614 5.491560 3.963768
58.000000 2 29.053795 220.602856 5.491692 3.962258
58.100000 2 29.053708 222.176213 5.491825 3.960748
58.200000 2 29.053621 223.760764 5.491957 3.959238
58.300000 2 29.053533 225.356588 5.492089 3.957728
58.400000 2 29.053445 226.963764 5.492221 3.956218
58.500000 2 29.053356 228.582374 5.492354 3.954708
58.600000 2 29.053266 230.212498 5.492486 3.953198
58.700000 2 29.053176 231.854217 5.492618 3.951688
58.800000 2 29.053086 233.507615 5.492750 3.950178
58.900000 2 29.052995 235.172772 5.492882 3.948668
59.000000 2 29.052903 236.849773 5.493014 3.947158
59.100000 2 29.052811 238.538701 5.493147 3.945648
59.200000 2 29.052718 240.239640 5.493279 3.944138
59.300000 2 29.052625 241.952676 5.493411 3.942628
59.400000 2 29.052531 243.677894 5.493543 3.941118
59.500000 2 29.052436 245.415381 5.493675 3.939608
59.600000 2 29.052341 247.165222 5.493807 3.938099
59.700000 2 29.052245 248.927506 5.493939 3.936589
59.800000 2 29.052149 250.702321 5.494071 3.935079
59.900000 2 29.052052 252.489754 5.494203 3.933569
60.000000 2 29.051955 254.289895 5.494335 3.932060
60.100000 2 29.051856 256.102834 5.494467 3.930550
60.200000 2 29.051758 257.928662 5.494599 3.929040
60.300000 2 29.051658 259.767469 5.494731 3.927531
60.400000 2 29.051559 261.619348 5.494862 3.926021
60.500000 2 29.051458 263.484390 5.494994 3.924512
60.600000 2 29.051357 265.362689 5.495126 3.923002
60.700000 2 29.051255 267.254338 5.495258 3.921493
60.800000 2 29.051153 269.159431 5.495390 3.919983
60.900000 2 29.051050 271.078065 5.495522 3.918474
61.000000 2 29.050946 273.010333 5.495653 3.916964
61.100000 2 29.050842 274.956333 5.495785 3.915455
61.200000 2 29.050747 276.731245 5.495904 3.914088
61.300000 2 29.050603 279.415059 5.496084 3.912037
61.400000 4 29.050459 282.130673 5.496267 3.909982
61.500000 4 29.050418 282.130611 5.496268 3.909982
61.600000 4 29.018117 282.130291 5.497120 3.910196
61.700000 4 28.985743 282.423957 5.497972 3.910183
61.800000 4 28.953269 283.307772 5.498824 3.909717
61.900000 4 28.920639 285.084902 5.499676 3.908572
62.000000 4 28.904204 286.406973 5.500102 3.907674
62.100000 4 28.887689 288.073389 5.500528 3.906521
62.200000 4 28.871077 290.128122 5.500954 3.905084
62.300000 4 28.854351 292.617737 5.501380 3.903335
62.400000 4 28.845920 294.041027 5.501593 3.902335
62.500000 4 28.837452 295.591984 5.501806 3.901246
62.600000 4 28.828942 297.277444 5.502019 3.900064
62.700000 4 28.820389 299.104533 5.502232 3.898787
62.800000 4 28.811788 301.080699 5.502445 3.897410
62.900000 4 28.803136 303.213740 5.502658 3.895931
63.000000 4 28.794429 305.511838 5.502871 3.894344
63.100000 4 28.785665 307.983591 5.503084 3.892648
63.200000 4 28.776837 310.638055 5.503297 3.890838
63.300000 4 28.767944 313.484779 5.503510 3.888910
63.400000 4 28.758979 316.533853 5.503723 3.886861
63.500000 4 28.754459 318.137583 5.503830 3.885790
63.600000 4 28.749919 319.795954 5.503936 3.884688
63.700000 4 28.745359 321.510400 5.504043 3.883554
63.800000 4 28.740778 323.282398 5.504149 3.882387
63.900000 4 28.736175 325.113473 5.504256 3.881187
64.000000 4 28.731549 327.005195 5.504362 3.879954
64.100000 4 28.726901 328.959181 5.504469 3.878687
64.200000 4 28.722228 330.977104 5.504575 3.877385
64.300000 4 28.717531 333.060686 5.504682 3.876049
64.400000 4 28.712809 335.211707 5.504788 3.874678
64.500000 4 28.708061 337.432003 5.504895 3.873271
64.600000 4 28.703286 339.723472 5.505001 3.871828
64.700000 4 28.698484 342.088075 5.505108 3.870349
64.800000 4 28.693653 344.527837 5.505214 3.868832
64.900000 4 28.688793 347.044852 5.505321 3.867278
65.000000 4 28.683902 349.641287 5.505427 3.865686
65.100000 4 28.678981 352.319380 5.505534 3.864056
65.200000 4 28.674028 355.081449 5.505640 3.862387
65.300000 4 28.669042 357.929893 5.505747 3.860678
65.400000 4 28.664023 360.867194 5.505853 3.858930
65.500000 4 28.658968 363.895922 5.505960 3.857142
65.600000 4 28.653878 367.018739 5.506066 3.855313
65.700000 4 28.648751 370.238403 5.506173 3.853443
65.800000 4 28.643586 373.557772 5.506279 3.851531
65.900000 4 28.638383 376.979808 5.506386 3.849578
66.000000 4 28.633139 380.507581 5.506492 3.847582
66.100000 4 28.627854 384.144276 5.506599 3.845543
66.200000 4 28.622527 387.893195 5.506705 3.843461
66.300000 4 28.617157 391.757764 5.506812 3.841335
66.400000 4 28.614449 393.734530 5.506865 3.840255
66.500000 4 28.611730 395.741553 5.506918 3.839164
66.600000 4 28.608999 397.779299 5.506971 3.838062
66.700000 4 28.606256 399.848242 5.507025 3.836949
66.800000 4 28.603502 401.948865 5.507078 3.835825
66.900000 4 28.600735 404.081661 5.507131 3.834689
67.000000 4 28.597957 406.247132 5.507184 3.833542
67.100000 4 28.595165 408.445789 5.507238 3.832383
67.200000 4 28.592361 410.678155 5.507291 3.831213
67.300000 4 28.589545 412.944761 5.507344 3.830031
67.400000 4 28.586715 415.246148 5.507397 3.828837
67.500000 4 28.583872 417.582869 5.507451 3.827632
67.600000 4 28.581016 419.955488 5.507504 3.826415
67.700000 4 28.578147 422.364577 5.507557 3.825186
67.800000 4 28.575263 424.810723 5.507610 3.823945
67.900000 4 28.572366 427.294522 5.507664 3.822693
68.000000 4 28.569455 429.816584 5.507717 3.821428
68.100000 4 28.566529 432.377527 5.507770 3.820152
68.200000 4 28.563589 434.977986 5.507823 3.818863
68.300000 4 28.560634 437.618606 5.507877 3.817562
68.400000 4 28.557664 440.300045 5.507930 3.816249
68.500000 4 28.554679 443.022974 5.507983 3.814923
68.600000 4 28.551679 445.788080 5.508036 3.813585
68.700000 4 28.548663 448.596059 5.508090 3.812235
68.800000 4 28.545631 451.447626 5.508143 3.810873
68.900000 4 28.542583 454.343507 5.508196 3.809497
69.000000 4 28.539520 457.284445 5.508250 3.808110
69.100000 4 28.536439 460.271196 5.508303 3.806709
69.200000 4 28.533342 463.304533 5.508356 3.805296
69.300000 4 28.530228 466.385245 5.508409 3.803870
69.400000 4 28.527097 469.514136 5.508463 3.802432
69.500000 4 28.523948 472.692027 5.508516 3.800980
69.600000 4 28.520782 475.919755 5.508569 3.799516
69.700000 4 28.517598 479.198178 5.508622 3.798039
69.800000 4 28.514395 482.528167 5.508676 3.796548
69.900000 4 28.511174 485.910614 5.508729 3.795045
70.000000 4 28.507935 489.346429 5.508782 3.793528
70.100000 4 28.504676 492.836541 5.508835 3.791998
70.200000 4 28.501398 496.381899 5.508889 3.790455
70.300000 4 28.498101 499.983471 5.508942 3.788898
70.400000 4 28.494784 503.642246 5.508995 3.787328
70.500000 4 28.491446 507.359235 5.509048 3.785745
70.600000 4 28.488089 511.135468 5.509102 3.784148
70.700000 4 28.484710 514.971998 5.509155 3.782537
70.800000 4 28.481311 518.869903 5.509208 3.780913
70.900000 4 28.477891 522.830281 5.509261 3.779276
71.000000 4 28.474448 526.854254 5.509315 3.777624
71.100000 4 28.470984 530.942969 5.509368 3.775959
71.200000 4 28.467498 535.097599 5.509421 3.774279
71.300000 4 28.463989 539.319340 5.509474 3.772586
71.400000 4 28.460457 543.609415 5.509528 3.770879
71.500000 4 28.456902 547.969073 5.509581 3.769158
71.600000 4 28.453324 552.399593 5.509634 3.767422
71.700000 4 28.449722 556.902280 5.509687 3.765673
71.800000 4 28.446095 561.478466 5.509741 3.763909
71.900000 4 28.442444 566.129516 5.509794 3.762131
72.000000 4 28.438768 570.856822 5.509847 3.760339
72.100000 4 28.435066 575.661810 5.509900 3.758532
72.200000 4 28.431339 580.545936 5.509954 3.756711
72.300000 4 28.427586 585.510687 5.510007 3.754875
72.400000 4 28.423806 590.557587 5.510060 3.753024
72.500000 4 28.419999 595.688191 5.510113 3.751159
72.600000 4 28.416165 600.904091 5.510167 3.749280
72.700000 4 28.412304 606.206914 5.510220 3.747385
72.800000 4 28.408414 611.598323 5.510273 3.745476
72.900000 4 28.404496 617.080022 5.510326 3.743551
73.000000 4 28.400549 622.653750 5.510380 3.741612
73.100000 4 28.396572 628.321288 5.510433 3.739658
73.200000 4 28.392566 634.084458 5.510486 3.737689
73.300000 4 28.388530 639.945122 5.510539 3.735704
73.400000 4 28.384462 645.905187 5.510593 3.733704
73.500000 4 28.380364 651.966603 5.510646 3.731689
73.600000 4 28.376234 658.131366 5.510699 3.729659
73.700000 4 28.372072 664.401517 5.510752 3.727613
73.800000 4 28.367877 670.779147 5.510806 3.725552
73.900000 4 28.363649 677.266395 5.510859 3.723476
74.000000 4 28.359387 683.865448 5.510912 3.721383
74.100000 4 28.355091 690.578548 5.510965 3.719275
74.200000 4 28.350761 697.407987 5.511019 3.717152
74.300000 4 28.346395 704.356114 5.511072 3.715012
74.400000 4 28.344194 707.875470 5.511098 3.713937
74.500000 4 28.341985 711.425404 5.511125 3.712857
74.600000 4 28.339766 715.006227 5.511152 3.711774
74.700000 4 28.337538 718.618251 5.511178 3.710686
74.800000 4 28.335300 722.261794 5.511205 3.709594
74.900000 4 28.333054 725.937174 5.511232 3.708499
75.000000 4 28.330798 729.644719 5.511258 3.707399
75.100000 4 28.328532 733.384754 5.511285 3.706296
75.200000 4 28.326257 737.157614 5.511311 3.705188
75.300000 4 28.323972 740.963633 5.511338 3.704077
75.400000 4 28.321678 744.803153 5.511365 3.702961
75.500000 4 28.319374 748.676517 5.511391 3.701841
75.600000 4 28.317060 752.584075 5.511418 3.700718
75.700000 4 28.314736 756.526178 5.511445 3.699590
75.800000 4 28.312402 760.503185 5.511471 3.698458
75.900000 4 28.310058 764.515456 5.511498 3.697322
76.000000 4 28.307704 768.563357 5.511524 3.696182
76.100000 4 28.305339 772.647258 5.511551 3.695038
76.200000 4 28.302965 776.767534 5.511578 3.693889
76.300000 4 28.300580 780.924564 5.511604 3.692737
76.400000 4 28.298184 785.118732 5.511631 3.691581
76.500000 4 28.295778 789.350426 5.511658 3.690420
76.600000 4 28.293361 793.620040 5.511684 3.689255
76.700000 4 28.290933 797.927972 5.511711 3.688086
76.800000 4 28.288495 802.274625 5.511737 3.686913
76.900000 4 28.286046 806.660407 5.511764 3.685736
77.000000 4 28.283585 811.085730 5.511791 3.684555
77.100000 4 28.281114 815.551013 5.511817 3.683369
77.200000 4 28.278632 820.056680 5.511844 3.682180
77.300000 4 28.276138 824.603157 5.511871 3.680986
77.400000 4 28.273633 829.190881 5.511897 3.679788
77.500000 4 28.271116 833.820288 5.511924 3.678585
77.600000 4 28.268588 838.491825 5.511950 3.677379
77.700000 4 28.266048 843.205942 5.511977 3.676168
77.800000 4 28.263497 847.963093 5.512004 3.674953
77.900000 4 28.260934 852.763741 5.512030 3.673734
78.000000 4 28.258358 857.608353 5.512057 3.672510
78.100000 4 28.255771 862.497402 5.512084 3.671283
78.200000 4 28.253172 867.431367 5.512110 3.670051
78.300000 4 28.250561 872.410733 5.512137 3.668814
78.400000 4 28.247937 877.435991 5.512163 3.667574
78.500000 4 28.245301 882.507639 5.512190 3.666329
78.600000 4 28.242652 887.626180 5.512217 3.665080
78.700000 4 28.239991 892.792124 5.512243 3.663826
78.800000 4 28.237317 898.005989 5.512270 3.662568
78.900000 4 28.234630 903.268295 5.512297 3.661306
79.000000 4 28.231930 908.579575 5.512323 3.660040
79.100000 4 28.229218 913.940363 5.512350 3.658769
79.200000 4 28.226492 919.351203 5.512376 3.657494
79.300000 4 28.223753 924.812646 5.512403 3.656214
79.400000 4 28.221001 930.325248 5.512430 3.654931
79.500000 4 28.218235 935.889574 5.512456 3.653642
79.600000 4 28.215455 941.506196 5.512483 3.652350
79.700000 4 28.212662 947.175692 5.512510 3.651053
79.800000 4 28.209855 952.898650 5.512536 3.649751
79.900000 4 28.207035 958.675662 5.512563 3.648445
80.000000 4 28.204200 964.507331 5.512589 3.647135
80.100000 4 28.201351 970.394266 5.512616 3.645820
80.200000 4 28.198488 976.337085 5.512643 3.644501
80.300000 4 28.195610 982.336412 5.512669 3.643178
80.400000 4 28.192719 988.392882 5.512696 3.641850
80.500000 4 28.189812 994.507135 5.512723 3.640517
80.600000 4 28.166441 1003.994181 5.512936 3.638509
80.700000 4 28.072193 1006.835342 5.513788 3.638108
80.800000 4 27.977549 1009.693759 5.514640 3.637706
80.900000 4 27.882508 1012.569604 5.515492 3.637301
81.000000 4 27.787068 1015.463048 5.516344 3.636894
81.100000 4 27.691226 1018.374267 5.517196 3.636486
81.200000 4 27.594981 1021.303435 5.518048 3.636075
81.300000 4 27.498331 1024.250731 5.518900 3.635662
81.400000 4 27.401274 1027.216334 5.519752 3.635248
81.500000 4 27.303807 1030.200425 5.520604 3.634831
81.600000 4 27.205929 1033.203186 5.521456 3.634412
81.700000 4 27.107637 1036.224802 5.522308 3.633991
81.800000 4 27.008930 1039.265459 5.523160 3.633567
81.900000 4 26.909805 1042.325343 5.524012 3.633142
82.000000 4 26.810260 1045.404644 5.524864 3.632714
82.100000 4 26.710293 1048.503552 5.525716 3.632285
82.200000 4 26.609903 1051.622258 5.526568 3.631853
82.300000 4 26.509086 1054.760957 5.527420 3.631419
82.400000 4 26.407841 1057.919841 5.528272 3.630982
82.500000 4 26.306165 1061.099107 5.529124 3.630544
82.600000 4 26.204057 1064.298952 5.529976 3.630103
82.700000 4 26.101514 1067.519572 5.530828 3.629660
82.800000 4 25.998534 1070.761168 5.531680 3.629214
82.900000 4 25.895115 1074.023938 5.532532 3.628767
83.000000 4 25.791254 1077.308082 5.533384 3.628317
83.100000 4 25.686950 1080.613802 5.534236 3.627864
83.200000 4 25.582200 1083.941299 5.535088 3.627410
83.300000 4 25.477001 1087.290774 5.535940 3.626953
83.400000 4 25.371353 1090.662430 5.536792 3.626493
83.500000 4 25.265251 1094.056469 5.537644 3.626032
83.600000 4 25.158695 1097.473092 5.538496 3.625568
83.700000 4 25.051681 1100.912500 5.539348 3.625101
83.800000 4 24.944207 1104.374895 5.540200 3.624632
83.900000 4 24.836272 1107.860475 5.541052 3.624161
84.000000 4 24.727873 1111.369441 5.541904 3.623687
84.100000 4 24.619007 1114.901988 5.542756 3.623211
84.200000 4 24.509672 1118.458312 5.543608 3.622733
84.300000 4 24.399866 1122.038608 5.544461 3.622252
84.400000 4 24.289587 1125.643065 5.545313 3.621768
84.500000 4 24.178832 1129.271872 5.546165 3.621282
84.600000 4 24.067598 1132.925213 5.547017 3.620794
84.700000 4 23.955884 1136.603271 5.547869 3.620303
84.800000 4 23.843687 1140.306220 5.548721 3.619810
84.900000 4 23.731005 1144.034234 5.549573 3.619314
85.000000 4 23.617835 1147.787478 5.550425 3.618816
85.100000 4 23.504175 1151.566114 5.551277 3.618315
85.200000 4 23.390022 1155.370293 5.552129 3.617812
85.300000 4 23.275375 1159.200164 5.552981 3.617307
85.400000 4 23.160231 1163.055862 5.553833 3.616798
85.500000 4 23.044587 1166.937516 5.554685 3.616288
85.600000 4 22.928441 1170.845244 5.555537 3.615775
85.700000 4 22.811791 1174.779152 5.556389 3.615260
85.800000 4 22.694634 1178.739334 5.557241 3.614742
85.900000 4 22.576968 1182.725871 5.558093 3.614222
86.000000 4 22.458791 1186.738826 5.558945 3.613699
86.100000 4 22.340101 1190.778248 5.559797 3.613174
86.200000 4 22.220894 1194.844167 5.560649 3.612647
86.300000 4 22.101170 1198.936592 5.561501 3.612118
86.400000 4 21.980925 1203.055512 5.562353 3.611586
86.500000 4 21.860157 1207.200888 5.563205 3.611052
86.600000 4 21.738864 1211.372659 5.564057 3.610516
86.700000 4 21.617044 1215.570732 5.564909 3.609978
86.800000 4 21.494694 1219.794984 5.565761 3.609437
86.900000 4 21.371814 1224.045256 5.566613 3.608895
87.000000 4 21.248399 1228.321351 5.567465 3.608351
87.100000 4 21.124449 1232.623032 5.568317 3.607805
87.200000 4 20.999961 1236.950016 5.569169 3.607257
87.300000 4 20.874934 1241.301968 5.570021 3.606707
87.400000 4 20.749365 1245.678501 5.570873 3.606156
87.500000 4 20.623253 1250.079168 5.571725 3.605603
87.600000 4 20.496595 1254.503455 5.572577 3.605049
87.700000 4 20.369391 1258.950778 5.573429 3.604494
87.800000 4 20.241638 1263.420473 5.574281 3.603937
87.900000 4 20.113335 1267.911792 5.575133 3.603379
88.000000 4 19.984480 1272.423889 5.575985 3.602821
88.100000 4 19.855073 1276.955816 5.576837 3.602262
88.200000 4 19.725111 1281.506512 5.577689 3.601703
88.300000 4 19.594594 1286.074786 5.578541 3.601143
88.400000 4 19.463521 1290.659313 5.579393 3.600583
88.500000 4 19.331891 1295.258612 5.580246 3.600024
88.600000 4 19.199703 1299.871035 5.581098 3.599465
