t Ka M R logL logTeff
500.000000 0 0.400084 0.370535 -1.594096 3.578202
1000.000000 0 0.400084 0.371392 -1.591828 3.578267
1500.000000 0 0.400084 0.372252 -1.589509 3.578345
2000.000000 0 0.400084 0.373115 -1.587137 3.578435
2500.000000 0 0.400084 0.373982 -1.584712 3.578537
3000.000000 0 0.400084 0.374852 -1.582236 3.578652
3500.000000 0 0.400084 0.375726 -1.579707 3.578778
4000.000000 0 0.400084 0.376604 -1.577125 3.578917
4500.000000 0 0.400084 0.377488 -1.574491 3.579066
5000.000000 0 0.400084 0.378376 -1.571805 3.579227
5500.000000 0 0.400084 0.379270 -1.569067 3.579399
6000.000000 0 0.400084 0.380170 -1.566276 3.579583
6500.000000 0 0.400084 0.381076 -1.563433 3.579776
7000.000000 0 0.400084 0.381989 -1.560537 3.579981
7500.000000 0 0.400084 0.382909 -1.557590 3.580195
8000.000000 0 0.400084 0.383836 -1.554589 3.580420
8500.000000 0 0.400084 0.384771 -1.551537 3.580655
9000.000000 0 0.400084 0.385714 -1.548432 3.580900
9500.000000 0 0.400084 0.386666 -1.545275 3.581154
10000.000000 0 0.400084 0.387627 -1.542065 3.581417
10500.000000 0 0.400084 0.388597 -1.538803 3.581690
11000.000000 0 0.400084 0.389577 -1.535489 3.581972
11500.000000 0 0.400084 0.390567 -1.532122 3.582262
12000.000000 0 0.400084 0.391568 -1.528703 3.582561
12500.000000 0 0.400084 0.392580 -1.525232 3.582868
13000.000000 0 0.400084 0.393604 -1.521708 3.583184
13500.000000 0 0.400084 0.394639 -1.518132 3.583507
14000.000000 0 0.400084 0.395687 -1.514503 3.583839
14500.000000 0 0.400084 0.396748 -1.510822 3.584178
15000.000000 0 0.400084 0.397822 -1.507088 3.584524
15500.000000 0 0.400084 0.398910 -1.503301 3.584878
16000.000000 0 0.400084 0.400012 -1.499462 3.585239
16500.000000 0 0.400084 0.401128 -1.495570 3.585606
17000.000000 0 0.400084 0.402260 -1.491625 3.585981
17500.000000 0 0.400084 0.403408 -1.487627 3.586362
18000.000000 0 0.400084 0.404571 -1.483576 3.586749
18500.000000 0 0.400084 0.405752 -1.479471 3.587143
19000.000000 0 0.400084 0.406949 -1.475312 3.587542
19500.000000 0 0.400084 0.408165 -1.471100 3.587948
20000.000000 0 0.400084 0.409398 -1.466832 3.588360
20500.000000 0 0.400084 0.410651 -1.462510 3.588777
21000.000000 0 0.400084 0.411923 -1.458132 3.589200
21500.000000 0 0.400084 0.413215 -1.453697 3.589628
22000.000000 0 0.400084 0.414528 -1.449205 3.590062
22500.000000 0 0.400084 0.415862 -1.444655 3.590502
23000.000000 0 0.400084 0.417219 -1.440046 3.590947
23500.000000 0 0.400084 0.418598 -1.435375 3.591398
24000.000000 0 0.400084 0.420001 -1.430643 3.591855
24500.000000 0 0.400084 0.421428 -1.425846 3.592317
25000.000000 0 0.400084 0.422881 -1.420983 3.592786
25500.000000 0 0.400084 0.424360 -1.416051 3.593260
26000.000000 0 0.400084 0.425866 -1.411048 3.593742
26500.000000 0 0.400084 0.427401 -1.405970 3.594230
27000.000000 0 0.400084 0.428965 -1.400814 3.594726
27500.000000 0 0.400084 0.430559 -1.395575 3.595230
28000.000000 0 0.400084 0.432185 -1.390249 3.595743
28500.000000 0 0.400084 0.433845 -1.384829 3.596266
29000.000000 0 0.400084 0.435540 -1.379311 3.596799
29500.000000 0 0.400084 0.437271 -1.373687 3.597344
30000.000000 0 0.400084 0.439040 -1.367949 3.597901
30500.000000 0 0.400084 0.440849 -1.362088 3.598473
31000.000000 0 0.400084 0.442701 -1.356095 3.599061
31500.000000 0 0.400084 0.444598 -1.349958 3.599667
32000.000000 0 0.400084 0.446542 -1.343665 3.600293
32500.000000 0 0.400084 0.448536 -1.337202 3.600941
33000.000000 0 0.400084 0.450584 -1.330553 3.601615
33500.000000 0 0.400084 0.452688 -1.323701 3.602316
34000.000000 0 0.400084 0.454852 -1.316627 3.603049
34500.000000 0 0.400084 0.457081 -1.309309 3.603817
35000.000000 0 0.400084 0.459379 -1.301723 3.604624
35500.000000 0 0.400084 0.461750 -1.293845 3.605476
36000.000000 0 0.400084 0.464201 -1.285643 3.606377
36500.000000 0 0.400084 0.466738 -1.277087 3.607332
37000.000000 0 0.400084 0.469366 -1.268142 3.608349
37500.000000 0 0.400084 0.472094 -1.258768 3.609435
38000.000000 0 0.400084 0.474929 -1.248922 3.610596
38500.000000 0 0.400084 0.477880 -1.238559 3.611841
39000.000000 0 0.400084 0.480958 -1.227626 3.613180
39500.000000 0 0.400084 0.484174 -1.216068 3.614623
40000.000000 0 0.400084 0.487540 -1.203823 3.616180
40500.000000 0 0.400084 0.491070 -1.190823 3.617863
41000.000000 0 0.400084 0.494782 -1.176996 3.619685
41500.000000 0 0.400084 0.498693 -1.162262 3.621658
42000.000000 0 0.400084 0.502828 -1.146533 3.623798
42500.000000 0 0.400084 0.507212 -1.129715 3.626117
43000.000000 0 0.400084 0.511881 -1.111704 3.628630
43500.000000 0 0.400084 0.516877 -1.092390 3.631350
44000.000000 0 0.400084 0.519515 -1.082206 3.632790
44500.000000 0 0.400084 0.522258 -1.071651 3.634286
45000.000000 0 0.400084 0.525116 -1.060706 3.635837
45500.000000 0 0.400084 0.528101 -1.049354 3.637444
46000.000000 0 0.400084 0.531227 -1.037579 3.639106
46500.000000 0 0.400084 0.534512 -1.025359 3.640822
47000.000000 0 0.400084 0.537975 -1.012677 3.642590
47500.000000 0 0.400084 0.541642 -0.999512 3.644406
48000.000000 0 0.400084 0.545541 -0.985841 3.646266
48500.000000 0 0.400084 0.549708 -0.971644 3.648163
49000.000000 0 0.400084 0.554186 -0.956898 3.650088
49500.000000 0 0.400084 0.559028 -0.941578 3.652029
50000.000000 0 0.400084 0.564297 -0.925661 3.653971
50434.779233 0 0.400084 0.567116 -0.917470 3.654937
50869.558466 0 0.400084 0.570072 -0.909120 3.655896
51304.337699 0 0.400084 0.573179 -0.900607 3.656844
51739.116931 0 0.400084 0.576450 -0.891928 3.657778
52173.896164 0 0.400084 0.579901 -0.883080 3.658693
52608.675397 0 0.400084 0.583550 -0.874059 3.659587
53043.454630 0 0.400084 0.587415 -0.864861 3.660453
53478.233863 0 0.400084 0.591519 -0.855483 3.661285
53913.013096 0 0.400084 0.595885 -0.845921 3.662079
54347.792328 0 0.400084 0.600541 -0.836171 3.662826
54782.571561 0 0.400084 0.605517 -0.826230 3.663520
55217.350794 0 0.400084 0.610846 -0.816092 3.664152
55652.130027 0 0.400084 0.616567 -0.805755 3.664712
56086.909260 0 0.400084 0.622722 -0.795214 3.665190
56304.298876 0 0.400084 0.625977 -0.789866 3.665395
56521.688493 0 0.400084 0.629359 -0.784465 3.665575
56739.078109 0 0.400084 0.632876 -0.779011 3.665729
56956.467725 0 0.400084 0.636533 -0.773504 3.665854
57173.857342 0 0.400084 0.640341 -0.767942 3.665949
57391.246958 0 0.400084 0.644306 -0.762326 3.666013
57608.636575 0 0.400084 0.648438 -0.756654 3.666043
57826.026191 0 0.400084 0.652746 -0.750926 3.666037
58043.415807 0 0.400084 0.657241 -0.745143 3.665993
58260.805424 0 0.400084 0.661933 -0.739302 3.665908
58478.195040 0 0.400084 0.666835 -0.733404 3.665781
58695.584657 0 0.400084 0.671957 -0.727447 3.665608
58912.974273 0 0.400084 0.677315 -0.721432 3.665387
59130.363890 0 0.400084 0.682921 -0.715358 3.665116
59347.753506 0 0.400084 0.688792 -0.709223 3.664791
59565.143122 0 0.400084 0.694942 -0.703029 3.664409
59782.532739 0 0.400084 0.701391 -0.696773 3.663967
59972.748653 0 0.400084 0.707293 -0.691248 3.663529
60139.187578 0 0.400084 0.712666 -0.686375 3.663104
60284.821638 0 0.400084 0.717536 -0.682081 3.662698
60412.251440 0 0.400084 0.721931 -0.678301 3.662318
60523.752516 0 0.400084 0.725884 -0.674975 3.661963
60718.879401 0 0.400084 0.733051 -0.669114 3.661295
60865.224564 0 0.400084 0.738645 -0.664685 3.660752
60974.983436 0 0.400084 0.742968 -0.661343 3.660320
61139.621745 0 0.400084 0.749669 -0.656300 3.659631
61304.260054 2 0.400084 0.756640 -0.651219 3.658891
61350.819784 2 0.400080 0.756776 -0.650572 3.659014
61421.177911 2 0.400074 0.756981 -0.649594 3.659200
61491.538552 2 0.400068 0.757185 -0.648616 3.659386
61561.901713 2 0.400062 0.757390 -0.647638 3.659571
61632.267402 2 0.400056 0.757594 -0.646660 3.659757
61702.635625 2 0.400050 0.757798 -0.645683 3.659943
61773.006389 2 0.400044 0.758001 -0.644706 3.660129
61843.379699 2 0.400038 0.758205 -0.643730 3.660315
61913.755564 2 0.400032 0.758408 -0.642753 3.660501
61984.133989 2 0.400026 0.758611 -0.641777 3.660687
62054.514981 2 0.400020 0.758813 -0.640801 3.660873
62124.898547 2 0.400014 0.759016 -0.639825 3.661059
62195.284694 2 0.400008 0.759218 -0.638849 3.661245
62265.673428 2 0.400002 0.759420 -0.637874 3.661431
62336.064756 2 0.399995 0.759621 -0.636899 3.661617
62406.458685 2 0.399989 0.759823 -0.635924 3.661803
62476.855222 2 0.399983 0.760024 -0.634949 3.661990
62547.254373 2 0.399977 0.760225 -0.633975 3.662176
62617.656145 2 0.399971 0.760425 -0.633001 3.662362
62688.060546 2 0.399964 0.760626 -0.632027 3.662548
62758.467581 2 0.399958 0.760826 -0.631053 3.662735
62828.877258 2 0.399952 0.761025 -0.630080 3.662921
62899.289584 2 0.399946 0.761225 -0.629106 3.663107
62969.704565 2 0.399939 0.761424 -0.628133 3.663294
63040.122209 2 0.399933 0.761623 -0.627161 3.663480
63110.542522 2 0.399927 0.761822 -0.626188 3.663667
63180.965511 2 0.399920 0.762020 -0.625216 3.663853
63251.391184 2 0.399914 0.762218 -0.624244 3.664040
63321.819546 2 0.399908 0.762416 -0.623272 3.664226
63392.250607 2 0.399901 0.762614 -0.622301 3.664413
63462.684371 2 0.399895 0.762811 -0.621330 3.664600
63533.120846 2 0.399888 0.763008 -0.620359 3.664786
63603.560040 2 0.399882 0.763205 -0.619388 3.664973
63674.001959 2 0.399875 0.763402 -0.618417 3.665160
63744.446611 2 0.399869 0.763598 -0.617447 3.665346
63814.894002 2 0.399862 0.763794 -0.616477 3.665533
63885.344140 2 0.399856 0.763989 -0.615507 3.665720
63955.797031 2 0.399849 0.764185 -0.614538 3.665907
64026.252683 2 0.399843 0.764380 -0.613569 3.666094
64096.711103 2 0.399836 0.764574 -0.612600 3.666281
64167.172299 2 0.399830 0.764769 -0.611631 3.666468
64237.636276 2 0.399823 0.764963 -0.610663 3.666655
64308.103043 2 0.399817 0.765157 -0.609695 3.666842
64378.572607 2 0.399810 0.765350 -0.608727 3.667029
64449.044975 2 0.399803 0.765544 -0.607759 3.667216
64519.520154 2 0.399797 0.765737 -0.606792 3.667403
64589.998152 2 0.399790 0.765929 -0.605825 3.667590
64660.478975 2 0.399783 0.766122 -0.604858 3.667777
64730.962631 2 0.399777 0.766314 -0.603891 3.667964
64801.449128 2 0.399770 0.766505 -0.602925 3.668152
64871.938472 2 0.399763 0.766697 -0.601959 3.668339
64942.430672 2 0.399756 0.766888 -0.600993 3.668526
65012.925734 2 0.399750 0.767079 -0.600028 3.668714
65083.423665 2 0.399743 0.767269 -0.599062 3.668901
65153.924474 2 0.399736 0.767460 -0.598097 3.669088
65224.428168 2 0.399729 0.767649 -0.597133 3.669276
65294.934753 2 0.399722 0.767839 -0.596168 3.669463
65365.444238 2 0.399715 0.768028 -0.595204 3.669651
65435.956630 2 0.399708 0.768217 -0.594240 3.669839
65506.471937 2 0.399702 0.768406 -0.593277 3.670026
65576.990165 2 0.399695 0.768594 -0.592313 3.670214
65647.511323 2 0.399688 0.768782 -0.591350 3.670401
65718.035417 2 0.399681 0.768969 -0.590388 3.670589
65788.562456 2 0.399674 0.769157 -0.589425 3.670777
65859.092448 2 0.399667 0.769344 -0.588463 3.670965
65929.625399 2 0.399660 0.769530 -0.587501 3.671152
66000.161317 2 0.399653 0.769716 -0.586539 3.671340
66070.700210 2 0.399646 0.769902 -0.585578 3.671528
66141.242085 2 0.399639 0.770088 -0.584617 3.671716
66211.786951 2 0.399632 0.770273 -0.583656 3.671904
66282.334814 2 0.399625 0.770458 -0.582696 3.672092
66352.885683 2 0.399617 0.770643 -0.581736 3.672280
66423.439565 2 0.399610 0.770827 -0.580776 3.672468
66493.996469 2 0.399603 0.771011 -0.579816 3.672656
66564.556400 2 0.399596 0.771194 -0.578857 3.672845
66635.119368 2 0.399589 0.771377 -0.577898 3.673033
66705.685381 2 0.399582 0.771560 -0.576939 3.673221
66776.254445 2 0.399574 0.771743 -0.575980 3.673409
66846.826569 2 0.399567 0.771925 -0.575022 3.673597
66917.401760 2 0.399560 0.772107 -0.574064 3.673786
66987.980027 2 0.399553 0.772288 -0.573107 3.673974
67058.561377 2 0.399545 0.772469 -0.572150 3.674163
67129.145819 2 0.399538 0.772650 -0.571193 3.674351
67199.733359 2 0.399531 0.772830 -0.570236 3.674540
67270.324006 2 0.399523 0.773010 -0.569280 3.674728
67340.917768 2 0.399516 0.773189 -0.568324 3.674917
67411.514653 2 0.399509 0.773369 -0.567368 3.675105
67482.114668 2 0.399501 0.773548 -0.566412 3.675294
67552.717823 2 0.399494 0.773726 -0.565457 3.675483
67623.324124 2 0.399486 0.773904 -0.564502 3.675671
67693.933579 2 0.399479 0.774082 -0.563548 3.675860
67764.546198 2 0.399471 0.774259 -0.562593 3.676049
67835.161987 2 0.399464 0.774436 -0.561640 3.676238
67905.780955 2 0.399456 0.774613 -0.560686 3.676427
67976.403110 2 0.399449 0.774789 -0.559733 3.676616
68047.028460 2 0.399441 0.774965 -0.558780 3.676805
68117.657013 2 0.399434 0.775140 -0.557827 3.676994
68188.288777 2 0.399426 0.775315 -0.556875 3.677183
68258.923761 2 0.399419 0.775490 -0.555922 3.677372
68329.561972 2 0.399411 0.775664 -0.554971 3.677561
68353.455098 3 0.399408 0.775734 -0.554636 3.677625
68401.687444 3 0.399403 0.780240 -0.549399 3.677677
68401.900369 3 0.399403 0.780260 -0.549375 3.677677
68449.648263 3 0.399398 0.784795 -0.544138 3.677728
68496.918678 3 0.399393 0.789357 -0.538900 3.677779
68543.716388 3 0.399387 0.793946 -0.533662 3.677829
68590.046122 3 0.399382 0.798564 -0.528424 3.677880
68635.912558 3 0.399376 0.803210 -0.523186 3.677929
68681.320330 3 0.399371 0.807885 -0.517949 3.677979
68726.274025 3 0.399365 0.812588 -0.512711 3.678028
68770.778182 3 0.399360 0.817319 -0.507473 3.678076
68814.837297 3 0.399354 0.822080 -0.502235 3.678125
68858.455822 3 0.399349 0.826870 -0.496998 3.678173
68901.638161 3 0.399343 0.831689 -0.491760 3.678220
68944.388677 3 0.399337 0.836538 -0.486522 3.678267
68986.711688 3 0.399331 0.841416 -0.481284 3.678314
69028.611468 3 0.399325 0.846325 -0.476047 3.678360
69070.092251 3 0.399320 0.851263 -0.470809 3.678406
69111.158226 3 0.399314 0.856232 -0.465571 3.678452
69151.813542 3 0.399308 0.861231 -0.460333 3.678497
69192.062304 3 0.399302 0.866261 -0.455096 3.678542
69231.908578 3 0.399296 0.871322 -0.449858 3.678587
69271.356390 3 0.399290 0.876414 -0.444620 3.678631
69310.409723 3 0.399283 0.881538 -0.439382 3.678675
69349.072524 3 0.399277 0.886693 -0.434144 3.678718
69387.348696 3 0.399271 0.891879 -0.428907 3.678761
69425.242106 3 0.399265 0.897098 -0.423669 3.678803
69462.756583 3 0.399258 0.902349 -0.418431 3.678846
69499.895915 3 0.399252 0.907632 -0.413193 3.678887
69536.663853 3 0.399245 0.912947 -0.407956 3.678929
69573.064112 3 0.399239 0.918296 -0.402718 3.678970
69609.100368 3 0.399232 0.923677 -0.397480 3.679010
69644.776262 3 0.399226 0.929092 -0.392242 3.679051
69680.095397 3 0.399219 0.934540 -0.387005 3.679090
69715.061340 3 0.399212 0.940022 -0.381767 3.679130
69749.677625 3 0.399206 0.945538 -0.376529 3.679169
69783.947746 3 0.399199 0.951087 -0.371291 3.679208
69817.875166 3 0.399192 0.956672 -0.366053 3.679246
69851.463312 3 0.399185 0.962290 -0.360816 3.679284
69884.715576 3 0.399178 0.967944 -0.355578 3.679321
69917.635318 3 0.399171 0.973632 -0.350340 3.679358
69950.225862 3 0.399164 0.979356 -0.345102 3.679395
69982.490501 3 0.399157 0.985116 -0.339865 3.679431
70014.432494 3 0.399149 0.990911 -0.334627 3.679467
70046.055066 3 0.399142 0.996742 -0.329389 3.679502
70077.361413 3 0.399135 1.002609 -0.324151 3.679537
70108.354696 3 0.399127 1.008513 -0.318914 3.679571
70139.038047 3 0.399120 1.014453 -0.313676 3.679606
70169.414564 3 0.399113 1.020431 -0.308438 3.679639
70199.487316 3 0.399105 1.026445 -0.303200 3.679673
70229.259340 3 0.399097 1.032497 -0.297963 3.679706
70258.733644 3 0.399090 1.038587 -0.292725 3.679738
70287.913205 3 0.399082 1.044714 -0.287487 3.679770
70316.800971 3 0.399074 1.050880 -0.282249 3.679802
70345.399858 3 0.399066 1.057084 -0.277011 3.679833
70373.712757 3 0.399058 1.063327 -0.271774 3.679864
70401.742527 3 0.399050 1.069609 -0.266536 3.679894
70429.492000 3 0.399042 1.075931 -0.261298 3.679924
70456.963977 3 0.399034 1.082291 -0.256060 3.679953
70484.161235 3 0.399026 1.088692 -0.250823 3.679982
70511.086520 3 0.399018 1.095132 -0.245585 3.680011
70537.742552 3 0.399009 1.101613 -0.240347 3.680039
70564.132024 3 0.399001 1.108134 -0.235109 3.680067
70590.257601 3 0.398993 1.114696 -0.229872 3.680094
70616.121923 3 0.398984 1.121299 -0.224634 3.680121
70641.727601 3 0.398976 1.127944 -0.219396 3.680148
70667.077223 3 0.398967 1.134630 -0.214158 3.680174
70692.173348 3 0.398958 1.141359 -0.208920 3.680199
70717.018512 3 0.398949 1.148129 -0.203683 3.680225
70741.615224 3 0.398941 1.154942 -0.198445 3.680249
70765.965970 3 0.398932 1.161798 -0.193207 3.680273
70790.073207 3 0.398923 1.168697 -0.187969 3.680297
70813.939373 3 0.398914 1.175639 -0.182732 3.680321
70837.566877 3 0.398904 1.182625 -0.177494 3.680344
70860.958105 3 0.398895 1.189655 -0.172256 3.680366
70884.115422 3 0.398886 1.196729 -0.167018 3.680388
70907.041165 3 0.398877 1.203848 -0.161781 3.680410
70929.737651 3 0.398867 1.211012 -0.156543 3.680431
70952.207172 3 0.398858 1.218221 -0.151305 3.680451
70974.451998 3 0.398848 1.225475 -0.146067 3.680472
70996.474375 3 0.398838 1.232775 -0.140830 3.680491
71018.276529 3 0.398829 1.240121 -0.135592 3.680511
71039.860661 3 0.398819 1.247514 -0.130354 3.680529
71061.228952 3 0.398809 1.254953 -0.125116 3.680548
71082.383560 3 0.398799 1.262440 -0.119878 3.680566
71103.326622 3 0.398789 1.269973 -0.114641 3.680583
71124.060253 3 0.398779 1.277555 -0.109403 3.680600
71144.586548 3 0.398768 1.285184 -0.104165 3.680617
71164.907580 3 0.398758 1.292862 -0.098927 3.680633
71185.025402 3 0.398748 1.300589 -0.093690 3.680648
71204.942045 3 0.398737 1.308364 -0.088452 3.680663
71224.659522 3 0.398727 1.316189 -0.083214 3.680678
71244.179825 3 0.398716 1.324064 -0.077976 3.680692
71263.504924 3 0.398705 1.331988 -0.072739 3.680706
71282.636772 3 0.398695 1.339963 -0.067501 3.680719
71301.577302 3 0.398684 1.347989 -0.062263 3.680732
71320.328427 3 0.398673 1.356066 -0.057025 3.680744
71338.892040 3 0.398662 1.364194 -0.051788 3.680756
71357.270017 3 0.398650 1.372374 -0.046550 3.680767
71375.464214 3 0.398639 1.380606 -0.041312 3.680778
71393.476470 3 0.398628 1.388891 -0.036074 3.680788
71411.308602 3 0.398616 1.397228 -0.030836 3.680798
71428.962414 3 0.398605 1.405619 -0.025599 3.680807
71446.439687 3 0.398593 1.414063 -0.020361 3.680816
71463.742188 3 0.398582 1.422561 -0.015123 3.680824
71480.871663 3 0.398570 1.431113 -0.009885 3.680832
71497.829844 3 0.398558 1.439720 -0.004648 3.680840
71514.618443 3 0.398546 1.448383 0.000590 3.680846
71531.239156 3 0.398534 1.457100 0.005828 3.680853
71547.693662 3 0.398521 1.465874 0.011066 3.680859
71563.983623 3 0.398509 1.474703 0.016303 3.680864
71580.110684 3 0.398497 1.483589 0.021541 3.680869
71596.076475 3 0.398484 1.492533 0.026779 3.680873
71611.882608 3 0.398472 1.501533 0.032017 3.680877
71627.530679 3 0.398459 1.510592 0.037255 3.680881
71643.022270 3 0.398446 1.519708 0.042492 3.680884
71658.358945 3 0.398433 1.528884 0.047730 3.680886
71673.542253 3 0.398420 1.538118 0.052968 3.680888
71688.573728 3 0.398407 1.547411 0.058206 3.680889
71703.454888 3 0.398394 1.556765 0.063443 3.680890
71718.187237 3 0.398381 1.566178 0.068681 3.680890
71732.772262 3 0.398367 1.575653 0.073919 3.680890
71747.211437 3 0.398354 1.585188 0.079157 3.680889
71761.506220 3 0.398340 1.594785 0.084394 3.680888
71775.658055 3 0.398326 1.604444 0.089632 3.680886
71789.668372 3 0.398312 1.614165 0.094870 3.680884
71803.538586 3 0.398298 1.623949 0.100108 3.680881
71817.270098 3 0.398284 1.633796 0.105345 3.680878
71830.864294 3 0.398270 1.643707 0.110583 3.680874
71844.322549 3 0.398256 1.653682 0.115821 3.680870
71857.646221 3 0.398241 1.663722 0.121059 3.680865
71870.836656 3 0.398227 1.673826 0.126297 3.680860
71883.895187 3 0.398212 1.683996 0.131534 3.680854
71896.823132 3 0.398197 1.694232 0.136772 3.680847
71909.621799 3 0.398182 1.704535 0.142010 3.680840
71922.292478 3 0.398167 1.714904 0.147248 3.680833
71934.836451 3 0.398152 1.725341 0.152485 3.680824
71947.254984 3 0.398137 1.735845 0.157723 3.680816
71959.549332 3 0.398121 1.746418 0.162961 3.680807
71971.720736 3 0.398106 1.757060 0.168199 3.680797
71983.770426 3 0.398090 1.767771 0.173436 3.680787
71995.699619 3 0.398074 1.778551 0.178674 3.680776
72007.509520 3 0.398059 1.789402 0.183912 3.680765
72019.201323 3 0.398042 1.800323 0.189150 3.680753
72030.776207 3 0.398026 1.811316 0.194388 3.680740
72042.235342 3 0.398010 1.822381 0.199625 3.680727
72053.579886 3 0.397994 1.833517 0.204863 3.680714
72064.810985 3 0.397977 1.844727 0.210101 3.680700
72075.929773 3 0.397960 1.856009 0.215339 3.680685
72086.937373 3 0.397943 1.867366 0.220576 3.680670
72097.834896 3 0.397926 1.878797 0.225814 3.680654
72108.623445 3 0.397909 1.890302 0.231052 3.680638
72119.304108 3 0.397892 1.901883 0.236290 3.680621
72129.877964 3 0.397875 1.913540 0.241527 3.680604
72140.346082 3 0.397857 1.925274 0.246765 3.680586
72150.709519 3 0.397839 1.937084 0.252003 3.680567
72160.969321 3 0.397821 1.948972 0.257241 3.680548
72171.126525 3 0.397803 1.960938 0.262478 3.680528
72181.182158 3 0.397785 1.972982 0.267716 3.680508
72191.137234 3 0.397767 1.985106 0.272954 3.680487
72200.992759 3 0.397749 1.997310 0.278192 3.680466
72210.749729 3 0.397730 2.009593 0.283430 3.680444
72220.409129 3 0.397711 2.021958 0.288667 3.680421
72229.971935 3 0.397692 2.034404 0.293905 3.680398
72239.439113 3 0.397673 2.046933 0.299143 3.680375
72248.811620 3 0.397654 2.059544 0.304381 3.680350
72258.090401 3 0.397635 2.072238 0.309618 3.680325
72267.276394 3 0.397615 2.085016 0.314856 3.680300
72276.370528 3 0.397595 2.097878 0.320094 3.680274
72285.373720 3 0.397576 2.110826 0.325332 3.680247
72294.286881 3 0.397556 2.123859 0.330569 3.680220
72303.110909 3 0.397535 2.136978 0.335807 3.680192
72311.846698 3 0.397515 2.150185 0.341045 3.680164
72320.495128 3 0.397495 2.163478 0.346283 3.680135
72329.057074 3 0.397474 2.176860 0.351521 3.680105
72337.533401 3 0.397453 2.190331 0.356758 3.680075
72345.924965 3 0.397432 2.203891 0.361996 3.680045
72354.232612 3 0.397411 2.217541 0.367234 3.680013
72362.457184 3 0.397389 2.231282 0.372472 3.679981
72370.599509 3 0.397368 2.245114 0.377709 3.679949
72378.660412 3 0.397346 2.259039 0.382947 3.679916
72386.640705 3 0.397324 2.273055 0.388185 3.679882
72394.541196 3 0.397302 2.287166 0.393423 3.679847
72402.362681 3 0.397280 2.301370 0.398660 3.679812
72410.105952 3 0.397257 2.315669 0.403898 3.679777
72417.771790 3 0.397235 2.330064 0.409136 3.679741
72425.360970 3 0.397212 2.344554 0.414374 3.679704
72432.874257 3 0.397189 2.359141 0.419611 3.679666
72440.312412 3 0.397166 2.373826 0.424849 3.679628
72447.676186 3 0.397142 2.388609 0.430087 3.679590
72454.966321 3 0.397119 2.403491 0.435325 3.679551
72462.183556 3 0.397095 2.418472 0.440563 3.679511
72469.328618 3 0.397071 2.433554 0.445800 3.679470
72476.402229 3 0.397047 2.448737 0.451038 3.679429
72483.405104 3 0.397022 2.464022 0.456276 3.679387
72490.337951 3 0.396998 2.479409 0.461514 3.679345
72497.201469 3 0.396973 2.494899 0.466751 3.679302
72503.996351 3 0.396948 2.510494 0.471989 3.679258
72510.723285 3 0.396922 2.526193 0.477227 3.679214
72517.382950 3 0.396897 2.541998 0.482465 3.679169
72523.976018 3 0.396871 2.557910 0.487702 3.679124
72530.503155 3 0.396846 2.573928 0.492940 3.679077
72536.965021 3 0.396819 2.590055 0.498178 3.679031
72543.362269 3 0.396793 2.606290 0.503416 3.678983
72549.695543 3 0.396767 2.622634 0.508654 3.678935
72555.965485 3 0.396740 2.639089 0.513891 3.678886
72562.172728 3 0.396713 2.655655 0.519129 3.678837
72568.317898 3 0.396686 2.672333 0.524367 3.678787
72574.401617 3 0.396658 2.689124 0.529605 3.678736
72580.424498 3 0.396631 2.706028 0.534842 3.678685
72586.387151 3 0.396603 2.723047 0.540080 3.678633
72592.290177 3 0.396575 2.740180 0.545318 3.678580
72598.134172 3 0.396546 2.757430 0.550556 3.678527
72603.919728 3 0.396518 2.774797 0.555793 3.678473
72609.647428 3 0.396489 2.792282 0.561031 3.678419
72615.317852 3 0.396460 2.809886 0.566269 3.678363
72620.931571 3 0.396431 2.827609 0.571507 3.678308
72626.489152 3 0.396401 2.845452 0.576744 3.678251
72631.991158 3 0.396371 2.863417 0.581982 3.678194
72637.438144 3 0.396341 2.881504 0.587220 3.678136
72642.830660 3 0.396311 2.899714 0.592458 3.678077
72648.169251 3 0.396280 2.918048 0.597696 3.678018
72653.454456 3 0.396249 2.936508 0.602933 3.677958
72658.686809 3 0.396218 2.955093 0.608171 3.677898
72663.866839 3 0.396187 2.973805 0.613409 3.677837
72668.995068 3 0.396155 2.992644 0.618647 3.677775
72674.072014 3 0.396124 3.011613 0.623884 3.677712
72679.098192 3 0.396091 3.030711 0.629122 3.677649
72684.074107 3 0.396059 3.049940 0.634360 3.677585
72689.000264 3 0.396026 3.069300 0.639598 3.677520
72693.877159 3 0.395993 3.088793 0.644835 3.677455
72698.705285 3 0.395960 3.108420 0.650073 3.677389
72703.485129 3 0.395927 3.128181 0.655311 3.677322
72708.217175 3 0.395893 3.148078 0.660549 3.677255
72712.901901 3 0.395859 3.168111 0.665787 3.677187
72717.539780 3 0.395824 3.188282 0.671024 3.677118
72722.131279 3 0.395790 3.208591 0.676262 3.677049
72726.676864 3 0.395755 3.229041 0.681500 3.676979
72731.176993 3 0.395719 3.249631 0.686738 3.676908
72735.632121 3 0.395684 3.270363 0.691975 3.676836
72740.042697 3 0.395648 3.291237 0.697213 3.676764
72744.409167 3 0.395612 3.312256 0.702451 3.676691
72748.731973 3 0.395575 3.333419 0.707689 3.676618
72753.011551 3 0.395538 3.354729 0.712926 3.676543
72757.248333 3 0.395501 3.376186 0.718164 3.676468
72761.442747 3 0.395464 3.397791 0.723402 3.676393
72765.595217 3 0.395426 3.419546 0.728640 3.676316
72769.706162 3 0.395388 3.441451 0.733877 3.676239
72773.775998 3 0.395350 3.463508 0.739115 3.676161
72777.805136 3 0.395311 3.485717 0.744353 3.676083
72781.793982 3 0.395272 3.508081 0.749591 3.676003
72785.742940 3 0.395233 3.530599 0.754829 3.675923
72789.652408 3 0.395193 3.553274 0.760066 3.675843
72793.522781 3 0.395153 3.576107 0.765304 3.675761
72797.354451 3 0.395112 3.599098 0.770542 3.675679
72801.147804 3 0.395072 3.622249 0.775780 3.675596
72804.903223 3 0.395031 3.645561 0.781017 3.675513
72808.621089 3 0.394989 3.669036 0.786255 3.675428
72812.301775 3 0.394947 3.692674 0.791493 3.675343
72815.945655 3 0.394905 3.716477 0.796731 3.675258
72819.553096 3 0.394863 3.740445 0.801968 3.675171
72823.124462 3 0.394820 3.764582 0.807206 3.675084
72826.660115 3 0.394776 3.788886 0.812444 3.674996
72830.160412 3 0.394733 3.813361 0.817682 3.674907
72833.625705 3 0.394689 3.838006 0.822920 3.674818
72837.056346 3 0.394644 3.862825 0.828157 3.674727
72840.452680 3 0.394600 3.887816 0.833395 3.674636
72843.815050 3 0.394555 3.912983 0.838633 3.674545
72847.143797 3 0.394509 3.938327 0.843871 3.674452
72850.439257 3 0.394463 3.963848 0.849108 3.674359
72853.701762 3 0.394417 3.989548 0.854346 3.674265
72856.931642 3 0.394370 4.015429 0.859584 3.674171
72860.129223 3 0.394323 4.041492 0.864822 3.674075
72863.294828 3 0.394275 4.067738 0.870059 3.673979
72866.428777 3 0.394227 4.094169 0.875297 3.673882
72869.531387 3 0.394179 4.120786 0.880535 3.673784
72872.602971 3 0.394130 4.147590 0.885773 3.673686
72875.643838 3 0.394081 4.174583 0.891010 3.673587
72878.654297 3 0.394031 4.201767 0.896248 3.673487
72881.634652 3 0.393981 4.229143 0.901486 3.673386
72884.585203 3 0.393931 4.256712 0.906724 3.673284
72887.506248 3 0.393880 4.284476 0.911962 3.673182
72890.398083 3 0.393829 4.312436 0.917199 3.673079
72893.261000 3 0.393777 4.340594 0.922437 3.672975
72896.095288 3 0.393725 4.368952 0.927675 3.672871
72898.901232 3 0.393672 4.397510 0.932913 3.672765
72901.679117 3 0.393619 4.426271 0.938150 3.672659
72904.429224 3 0.393565 4.455236 0.943388 3.672552
72907.151829 3 0.393511 4.484407 0.948626 3.672445
72909.847208 3 0.393456 4.513785 0.953864 3.672336
72912.515634 3 0.393401 4.543372 0.959101 3.672227
72915.157375 3 0.393346 4.573169 0.964339 3.672117
72917.772699 3 0.393290 4.603178 0.969577 3.672006
72920.361869 3 0.393233 4.633401 0.974815 3.671894
72922.925148 3 0.393176 4.663840 0.980052 3.671782
72925.462794 3 0.393119 4.694495 0.985290 3.671669
72927.975063 3 0.393061 4.725370 0.990528 3.671555
72930.462210 3 0.393002 4.756464 0.995766 3.671440
72932.924486 3 0.392943 4.787781 1.001004 3.671324
72935.362138 3 0.392884 4.819322 1.006241 3.671208
72937.775414 3 0.392824 4.851089 1.011479 3.671091
72940.164558 3 0.392763 4.883083 1.016717 3.670973
72942.529810 3 0.392702 4.915306 1.021955 3.670854
72944.871409 3 0.392640 4.947760 1.027192 3.670734
72947.189593 3 0.392578 4.980447 1.032430 3.670614
72949.484594 3 0.392515 5.013369 1.037668 3.670493
72951.756646 3 0.392452 5.046527 1.042906 3.670371
72954.005977 3 0.392388 5.079924 1.048143 3.670248
72956.232814 3 0.392324 5.113560 1.053381 3.670124
72958.437384 3 0.392259 5.147439 1.058619 3.670000
72960.619907 3 0.392193 5.181562 1.063857 3.669874
72962.780606 3 0.392127 5.215931 1.069095 3.669748
72964.919697 3 0.392060 5.250547 1.074332 3.669621
72967.037398 3 0.391993 5.285413 1.079570 3.669494
72969.133921 3 0.391925 5.320532 1.084808 3.669365
72971.209480 3 0.391857 5.355903 1.090046 3.669236
72973.264282 3 0.391787 5.391531 1.095283 3.669105
72975.298537 3 0.391718 5.427416 1.100521 3.668974
72977.312449 3 0.391647 5.463561 1.105759 3.668842
72979.306222 3 0.391576 5.499968 1.110997 3.668710
72981.280057 3 0.391505 5.536639 1.116234 3.668576
72983.234154 3 0.391433 5.573576 1.121472 3.668442
72985.168710 3 0.391360 5.610781 1.126710 3.668306
72987.083921 3 0.391286 5.648257 1.131948 3.668170
72988.979979 3 0.391212 5.686005 1.137185 3.668033
72990.857077 3 0.391137 5.724027 1.142423 3.667896
72992.715403 3 0.391062 5.762326 1.147661 3.667757
72994.555147 3 0.390986 5.800904 1.152899 3.667617
72996.376493 3 0.390909 5.839763 1.158137 3.667477
72998.179626 3 0.390831 5.878906 1.163374 3.667336
72999.964727 3 0.390753 5.918334 1.168612 3.667194
73001.731977 3 0.390674 5.958051 1.173850 3.667051
73003.481555 3 0.390594 5.998057 1.179088 3.666907
73005.213637 3 0.390514 6.038356 1.184325 3.666763
73006.928398 3 0.390433 6.078950 1.189563 3.666617
73008.626011 3 0.390351 6.119842 1.194801 3.666471
73010.306649 3 0.390269 6.161033 1.200039 3.666323
73011.970480 3 0.390185 6.202526 1.205276 3.666175
73013.617672 3 0.390101 6.244323 1.210514 3.666026
73015.248393 3 0.390017 6.286427 1.215752 3.665877
73016.862807 3 0.389931 6.328841 1.220990 3.665726
73018.461076 3 0.389845 6.371567 1.226228 3.665574
73020.043363 3 0.389758 6.414607 1.231465 3.665422
73021.609827 3 0.389670 6.457964 1.236703 3.665269
73023.160626 3 0.389581 6.501640 1.241941 3.665114
73024.695917 3 0.389492 6.545639 1.247179 3.664959
73026.215856 3 0.389401 6.589962 1.252416 3.664803
73027.720595 3 0.389310 6.634612 1.257654 3.664646
73029.210286 3 0.389218 6.679593 1.262892 3.664489
73030.685081 3 0.389126 6.724905 1.268130 3.664330
73032.145127 3 0.389032 6.770553 1.273367 3.664170
73033.590574 3 0.388938 6.816540 1.278605 3.664010
73035.021565 3 0.388842 6.862866 1.283843 3.663849
73036.438247 3 0.388746 6.909537 1.289081 3.663686
73037.840762 3 0.388649 6.956553 1.294318 3.663523
73039.229252 3 0.388551 7.003919 1.299556 3.663359
73040.603857 3 0.388453 7.051636 1.304794 3.663194
73041.964716 3 0.388353 7.099709 1.310032 3.663028
73043.311966 3 0.388252 7.148139 1.315270 3.662861
73044.645744 3 0.388151 7.196929 1.320507 3.662694
73045.966184 3 0.388049 7.246084 1.325745 3.662525
73047.273420 3 0.387945 7.295604 1.330983 3.662356
73048.567583 3 0.387841 7.345494 1.336221 3.662185
73049.848805 3 0.387736 7.395757 1.341458 3.662014
73051.117214 3 0.387629 7.446395 1.346696 3.661842
73052.372940 3 0.387522 7.497412 1.351934 3.661668
73053.616108 3 0.387414 7.548811 1.357172 3.661494
73054.846844 3 0.387305 7.600594 1.362409 3.661319
73056.065273 3 0.387195 7.652766 1.367647 3.661143
73057.271518 3 0.387084 7.705329 1.372885 3.660966
73058.465700 3 0.386971 7.758286 1.378123 3.660788
73059.647941 3 0.386858 7.811641 1.383361 3.660610
73060.818359 3 0.386744 7.865397 1.388598 3.660430
73061.977073 3 0.386629 7.919557 1.393836 3.660249
73063.124200 3 0.386512 7.974125 1.399074 3.660068
73064.259855 3 0.386395 8.029103 1.404312 3.659885
73065.384154 3 0.386276 8.084496 1.409549 3.659701
73066.497210 3 0.386156 8.140307 1.414787 3.659517
73067.599136 3 0.386036 8.196539 1.420025 3.659332
73068.690042 3 0.385914 8.253196 1.425263 3.659145
73069.770039 3 0.385791 8.310281 1.430500 3.658958
73070.839236 3 0.385667 8.367798 1.435738 3.658770
73071.897741 3 0.385542 8.425751 1.440976 3.658580
73072.945661 3 0.385415 8.484142 1.446214 3.658390
73073.983102 3 0.385287 8.542976 1.451451 3.658199
73075.010168 3 0.385159 8.602256 1.456689 3.658007
73076.026964 3 0.385029 8.661987 1.461927 3.657814
73077.033592 3 0.384897 8.722171 1.467165 3.657619
73078.030154 3 0.384765 8.782813 1.472403 3.657424
73079.016750 3 0.384631 8.843917 1.477640 3.657228
73079.993480 3 0.384496 8.905485 1.482878 3.657031
73080.960442 3 0.384360 8.967523 1.488116 3.656833
73081.917735 3 0.384223 9.030034 1.493354 3.656634
73082.865456 3 0.384084 9.093023 1.498591 3.656434
73083.803699 3 0.383944 9.156492 1.503829 3.656233
73084.732559 3 0.383803 9.220446 1.509067 3.656031
73085.652131 3 0.383660 9.284890 1.514305 3.655828
73086.562507 3 0.383516 9.349827 1.519542 3.655624
73087.463780 3 0.383371 9.415262 1.524780 3.655419
73088.356039 3 0.383224 9.481198 1.530018 3.655213
73089.239376 3 0.383076 9.547641 1.535256 3.655006
73090.113880 3 0.382926 9.614593 1.540494 3.654798
73090.979639 3 0.382775 9.682060 1.545731 3.654589
73091.836740 3 0.382623 9.750046 1.550969 3.654379
73092.685270 3 0.382469 9.818555 1.556207 3.654168
73093.525315 3 0.382314 9.887592 1.561445 3.653956
73094.356959 3 0.382157 9.957162 1.566682 3.653743
73095.180287 3 0.381999 10.027268 1.571920 3.653529
73095.995382 3 0.381840 10.097915 1.577158 3.653314
73096.802325 3 0.381678 10.169108 1.582396 3.653098
73097.601200 3 0.381516 10.240852 1.587633 3.652881
73098.392085 3 0.381351 10.313151 1.592871 3.652663
73099.175062 3 0.381185 10.386010 1.598109 3.652443
73099.950209 3 0.381018 10.459434 1.603347 3.652223
73100.717604 3 0.380849 10.533427 1.608584 3.652002
73101.477326 3 0.380678 10.607995 1.613822 3.651779
73102.229450 3 0.380506 10.683143 1.619060 3.651556
73102.974053 3 0.380332 10.758874 1.624298 3.651332
73103.711210 3 0.380157 10.835196 1.629536 3.651106
73104.440995 3 0.379979 10.912112 1.634773 3.650879
73105.163483 3 0.379800 10.989627 1.640011 3.650652
73105.878745 3 0.379620 11.067747 1.645249 3.650423
73106.586855 3 0.379437 11.146478 1.650487 3.650193
73107.287884 3 0.379253 11.225823 1.655724 3.649963
73107.981903 3 0.379067 11.305789 1.660962 3.649731
73108.668982 3 0.378879 11.386381 1.666200 3.649498
73109.349189 3 0.378690 11.467605 1.671438 3.649264
73110.022595 3 0.378498 11.549466 1.676675 3.649028
73110.689266 3 0.378305 11.631969 1.681913 3.648792
73111.349271 3 0.378110 11.715120 1.687151 3.648555
73112.002676 3 0.377913 11.798924 1.692389 3.648317
73112.649547 3 0.377714 11.883388 1.697627 3.648077
73113.289949 3 0.377513 11.968517 1.702864 3.647836
73113.923947 3 0.377310 12.054317 1.708102 3.647595
73114.551605 3 0.377106 12.140794 1.713340 3.647352
73115.172986 3 0.376899 12.227954 1.718578 3.647108
73115.788154 3 0.376690 12.315802 1.723815 3.646863
73116.397170 3 0.376479 12.404345 1.729053 3.646617
73117.000096 3 0.376266 12.493589 1.734291 3.646370
73117.596992 3 0.376051 12.583540 1.739529 3.646121
73118.187920 3 0.375834 12.674204 1.744766 3.645872
73118.772938 3 0.375615 12.765588 1.750004 3.645621
73119.352106 3 0.375394 12.857697 1.755242 3.645369
73119.925483 3 0.375170 12.950540 1.760480 3.645117
73120.493125 3 0.374944 13.044120 1.765717 3.644863
73121.055092 3 0.374716 13.138447 1.770955 3.644607
73121.611438 3 0.374486 13.233525 1.776193 3.644351
73122.162221 3 0.374254 13.329362 1.781431 3.644094
73122.707497 3 0.374019 13.425964 1.786669 3.643835
73123.247319 3 0.373782 13.523338 1.791906 3.643575
73123.781743 3 0.373542 13.621492 1.797144 3.643314
73124.310823 3 0.373300 13.720432 1.802382 3.643052
73124.834613 3 0.373056 13.820165 1.807620 3.642789
73125.353164 3 0.372809 13.920698 1.812857 3.642524
73125.866530 3 0.372560 14.022039 1.818095 3.642259
73126.374762 3 0.372308 14.124194 1.823333 3.641992
73126.877912 3 0.372054 14.227171 1.828571 3.641724
73127.376030 3 0.371798 14.330978 1.833808 3.641455
73127.869168 3 0.371538 14.435622 1.839046 3.641184
73128.357373 3 0.371276 14.541110 1.844284 3.640913
73128.840697 3 0.371012 14.647450 1.849522 3.640640
73129.319188 3 0.370745 14.754651 1.854759 3.640366
73129.792893 3 0.370475 14.862718 1.859997 3.640091
73130.261862 3 0.370202 14.971662 1.865235 3.639814
73130.726141 3 0.369927 15.081489 1.870473 3.639537
73131.185777 3 0.369649 15.192207 1.875711 3.639258
73131.640817 3 0.369368 15.303825 1.880948 3.638978
73132.091306 3 0.369084 15.416351 1.886186 3.638696
73132.537290 3 0.368797 15.529793 1.891424 3.638414
73132.978815 3 0.368508 15.644161 1.896662 3.638130
73133.415924 3 0.368215 15.759461 1.901899 3.637845
73133.848663 3 0.367920 15.875703 1.907137 3.637558
73134.277073 3 0.367621 15.992895 1.912375 3.637271
73134.701200 3 0.367320 16.111047 1.917613 3.636982
73135.121086 3 0.367015 16.230167 1.922850 3.636692
73135.536772 3 0.366707 16.350263 1.928088 3.636400
73135.948302 3 0.366396 16.471346 1.933326 3.636108
73136.355717 3 0.366082 16.593425 1.938564 3.635813
73136.759057 3 0.365764 16.716508 1.943802 3.635518
73137.158364 3 0.365444 16.840605 1.949039 3.635222
73137.553678 3 0.365120 16.965725 1.954277 3.634924
73137.945038 3 0.364792 17.091879 1.959515 3.634624
73138.332486 3 0.364462 17.219075 1.964753 3.634324
73138.716058 3 0.364127 17.347324 1.969990 3.634022
73139.095795 3 0.363790 17.476635 1.975228 3.633719
73139.471735 3 0.363449 17.607019 1.980466 3.633414
73139.843915 3 0.363104 17.738485 1.985704 3.633108
73140.212373 3 0.362756 17.871045 1.990941 3.632801
73140.577147 3 0.362404 18.004708 1.996179 3.632492
73140.938273 3 0.362048 18.139484 2.001417 3.632182
73141.295788 3 0.361688 18.275385 2.006655 3.631871
73141.649727 3 0.361325 18.412421 2.011892 3.631558
73142.000128 3 0.360958 18.550603 2.017130 3.631244
73142.347024 3 0.360587 18.689942 2.022368 3.630929
73142.690451 3 0.360213 18.830450 2.027606 3.630612
73143.030444 3 0.359834 18.972136 2.032844 3.630293
73143.367037 3 0.359451 19.095922 2.038081 3.630191
73143.700264 3 0.359064 19.215255 2.043319 3.630147
73144.030159 3 0.358674 19.334957 2.048557 3.630108
73144.356755 3 0.358281 19.455006 2.053795 3.630074
73144.680085 3 0.357883 19.575380 2.059032 3.630044
73145.000182 3 0.357482 19.696055 2.064270 3.630018
73145.317077 3 0.357077 19.817005 2.069508 3.629998
73145.630804 3 0.356668 19.938202 2.074745 3.629984
73145.941394 3 0.356256 20.059618 2.079983 3.629975
73146.248877 3 0.355840 20.181220 2.085221 3.629972
73146.553286 3 0.355419 20.302972 2.090459 3.629975
73146.854650 3 0.354995 20.424839 2.095696 3.629985
73147.153001 3 0.354567 20.546779 2.100934 3.630002
73147.448369 3 0.354136 20.668750 2.106172 3.630026
73147.740783 3 0.353700 20.790703 2.111409 3.630058
73148.030272 3 0.353260 20.912589 2.116647 3.630098
73148.316867 3 0.352816 21.034352 2.121885 3.630147
73148.600596 3 0.352368 21.155933 2.127123 3.630205
73148.881488 3 0.351916 21.277265 2.132360 3.630273
73149.159570 3 0.351460 21.398279 2.137598 3.630351
73149.434872 3 0.351000 21.518896 2.142835 3.630439
73149.707421 3 0.350536 21.639033 2.148073 3.630540
73149.977244 3 0.350067 21.758596 2.153311 3.630653
73150.244369 3 0.349594 21.877484 2.158548 3.630779
73150.508823 3 0.349118 21.995584 2.163786 3.630919
73150.770632 3 0.348637 22.112774 2.169023 3.631075
73151.029823 3 0.348151 22.228915 2.174261 3.631247
73151.286423 3 0.347662 22.343856 2.179498 3.631436
73151.540456 3 0.347168 22.457427 2.184736 3.631645
73151.791949 3 0.346670 22.569438 2.189973 3.631873
73152.040927 3 0.346168 22.679675 2.195211 3.632125
73152.287415 3 0.345662 22.787895 2.200448 3.632400
73152.531438 3 0.345152 22.893827 2.205685 3.632703
73152.773022 3 0.344637 22.997155 2.210922 3.633034
73153.012189 3 0.344118 23.097520 2.216159 3.633398
73153.248964 3 0.343595 23.194506 2.221396 3.633797
73153.483372 3 0.343068 23.287630 2.226633 3.634236
73153.715436 3 0.342537 23.376323 2.231870 3.634720
73153.945179 3 0.342003 23.459913 2.237106 3.635254
73154.172625 3 0.341464 23.537597 2.242342 3.635845
73154.397796 3 0.340922 23.608408 2.247578 3.636502
73154.620716 3 0.340376 23.671169 2.252814 3.637234
73154.841406 3 0.339826 23.724426 2.258049 3.638055
73155.059890 3 0.339274 23.766371 2.263284 3.638980
73155.276188 3 0.338718 23.794716 2.268518 3.640030
73155.490324 3 0.338160 23.806529 2.273751 3.641230
73155.702318 3 0.337599 23.797999 2.278982 3.642616
73155.912192 3 0.337037 23.764089 2.284213 3.644233
73156.119968 3 0.336473 23.698030 2.289441 3.646145
73156.325666 3 0.335909 23.590567 2.294666 3.648438
73156.529307 3 0.335345 23.428815 2.299887 3.651237
73156.630109 3 0.335064 23.322317 2.302489 3.652877
73156.730407 3 0.334784 23.194979 2.305089 3.654716
73156.830407 3 0.334505 23.043286 2.307687 3.656790
73156.930407 3 0.334227 22.862996 2.310283 3.659145
73157.030407 3 0.333951 22.648981 2.312875 3.661835
73157.130407 3 0.333813 22.527659 2.314169 3.663325
73157.230407 3 0.333677 22.395537 2.315461 3.664925
73157.330407 3 0.333541 22.251644 2.316752 3.666648
73157.430407 3 0.333406 22.094911 2.318042 3.668505
73157.530407 3 0.333272 21.924168 2.319330 3.670512
73157.630407 3 0.333139 21.738132 2.320617 3.672684
73157.730407 3 0.333007 21.535403 2.321902 3.675039
73157.830407 3 0.332941 21.427469 2.322543 3.676291
73157.930407 3 0.332876 21.314797 2.323184 3.677596
73158.030407 3 0.332811 21.197180 2.323824 3.678957
73158.130407 3 0.332746 21.074399 2.324463 3.680379
73158.230407 3 0.332682 20.946227 2.325102 3.681863
73158.330407 3 0.332618 20.812431 2.325740 3.683414
73158.430407 3 0.332555 20.672768 2.326378 3.685036
73158.530407 3 0.332492 20.526988 2.327015 3.686732
73158.630407 3 0.332429 20.374833 2.327650 3.688506
73158.730407 3 0.332367 20.216037 2.328285 3.690364
73158.830407 3 0.332305 20.050329 2.328919 3.692310
73158.930407 3 0.332244 19.877432 2.329552 3.694349
73159.030407 3 0.332183 19.697061 2.330184 3.696486
73159.130407 3 0.332123 19.508931 2.330815 3.698728
73159.230407 3 0.332093 19.411989 2.331130 3.699888
73159.330407 3 0.332063 19.313006 2.331445 3.701077
73159.430407 3 0.332033 19.211946 2.331759 3.702295
73159.530407 3 0.332004 19.108773 2.332073 3.703542
73159.630407 3 0.331975 19.003451 2.332386 3.704821
73159.730407 3 0.331946 18.895944 2.332699 3.706131
73159.830407 3 0.331917 18.786217 2.333012 3.707474
73159.930407 3 0.331888 18.674234 2.333325 3.708850
73160.030407 3 0.331859 18.559962 2.333637 3.710261
73160.130407 3 0.331831 18.443364 2.333948 3.711708
73160.230407 3 0.331803 18.324409 2.334260 3.713190
73160.330407 3 0.331774 18.203063 2.334570 3.714711
73160.430407 3 0.331747 18.079294 2.334881 3.716270
73160.530407 3 0.331719 17.953069 2.335191 3.717869
73160.630407 3 0.331691 17.824360 2.335500 3.719509
73160.730407 3 0.331664 17.693136 2.335809 3.721190
73160.830407 3 0.331637 17.559370 2.336117 3.722915
73160.930407 3 0.331610 17.423035 2.336425 3.724685
73161.030407 3 0.331583 17.284106 2.336733 3.726500
73161.130407 3 0.331557 17.142560 2.337039 3.728363
73161.230407 3 0.331530 16.998374 2.337346 3.730273
73161.330407 3 0.331504 16.851530 2.337651 3.732234
73161.430407 3 0.331478 16.702010 2.337956 3.734245
73161.530407 3 0.331453 16.549798 2.338260 3.736309
73161.630407 3 0.331427 16.394882 2.338564 3.738427
73161.730407 3 0.331402 16.237251 2.338867 3.740601
73161.830407 3 0.331377 16.076899 2.339169 3.742832
73161.930407 3 0.331365 15.995788 2.339320 3.743968
73162.030407 3 0.331352 15.913998 2.339471 3.745119
73162.130407 3 0.331340 15.831528 2.339621 3.746284
73162.230407 3 0.331328 15.748379 2.339772 3.747466
73162.330407 3 0.331316 15.664550 2.339922 3.748662
73162.430407 3 0.331304 15.580044 2.340071 3.749874
73162.530407 3 0.331292 15.494859 2.340221 3.751102
73162.630407 3 0.331280 15.408999 2.340371 3.752346
73162.730407 3 0.331268 15.322463 2.340520 3.753606
73162.830407 3 0.331256 15.235254 2.340669 3.754883
73162.930407 3 0.331244 15.147374 2.340818 3.756176
73163.030407 3 0.331233 15.058823 2.340966 3.757487
73163.130407 3 0.331221 14.969606 2.341115 3.758814
73163.230407 3 0.331210 14.879723 2.341263 3.760159
73163.330407 3 0.331198 14.789179 2.341411 3.761521
73163.430407 3 0.331187 14.697977 2.341558 3.762901
73163.530407 3 0.331176 14.606119 2.341706 3.764300
73163.630407 3 0.331164 14.513610 2.341853 3.765716
73163.730407 3 0.331153 14.420453 2.342000 3.767151
73163.830407 3 0.331142 14.326654 2.342147 3.768605
73163.930407 3 0.331131 14.232216 2.342293 3.770078
73164.030407 3 0.331120 14.137144 2.342439 3.771570
73164.130407 3 0.331109 14.041444 2.342585 3.773081
73164.230407 3 0.331098 13.945122 2.342731 3.774612
73164.330407 3 0.331088 13.848183 2.342876 3.776163
73164.430407 3 0.331077 13.750633 2.343021 3.777735
73164.530407 3 0.331066 13.652479 2.343166 3.779326
73164.630407 3 0.331056 13.553728 2.343311 3.780939
73164.730407 3 0.331045 13.454388 2.343455 3.782572
73164.830407 3 0.331035 13.354465 2.343599 3.784227
73164.930407 3 0.331025 13.253967 2.343743 3.785903
73165.030407 3 0.331015 13.152904 2.343886 3.787601
73165.130407 3 0.331004 13.051284 2.344029 3.789321
73165.230407 3 0.330994 12.949115 2.344172 3.791063
73165.330407 3 0.330984 12.846406 2.344314 3.792828
73165.430407 3 0.330974 12.743169 2.344456 3.794616
73165.530407 3 0.330965 12.639412 2.344598 3.796427
73165.630407 3 0.330955 12.535147 2.344739 3.798261
73165.730407 3 0.330945 12.430383 2.344880 3.800118
73165.830407 3 0.330936 12.325132 2.345021 3.802000
73165.930407 3 0.330926 12.219407 2.345161 3.803906
73166.030407 3 0.330917 12.113217 2.345301 3.805836
73166.130407 3 0.330907 12.006577 2.345440 3.807791
73166.230407 3 0.330898 11.899498 2.345580 3.809771
73166.330407 3 0.330889 11.791993 2.345718 3.811777
73166.430407 3 0.330880 11.684076 2.345857 3.813808
73166.530407 3 0.330871 11.575761 2.345995 3.815865
73166.630407 3 0.330862 11.467061 2.346132 3.817948
73166.730407 3 0.330853 11.357991 2.346270 3.820057
73166.830407 3 0.330844 11.248566 2.346406 3.822194
73166.930407 3 0.330836 11.138801 2.346543 3.824357
73167.030407 3 0.330827 11.028712 2.346679 3.826548
73167.130407 3 0.330823 10.973594 2.346746 3.827653
73167.230407 3 0.330819 10.918402 2.346814 3.828765
73167.330407 3 0.330814 10.863137 2.346882 3.829883
73167.430407 3 0.330810 10.807801 2.346949 3.831009
73167.530407 3 0.330806 10.752397 2.347017 3.832142
73167.630407 3 0.330802 10.696925 2.347084 3.833282
73167.730407 3 0.330798 10.641389 2.347151 3.834429
73167.830407 3 0.330794 10.585791 2.347218 3.835583
73167.930407 3 0.330790 10.530132 2.347285 3.836745
73168.030407 3 0.330786 10.474415 2.347352 3.837914
73168.130407 3 0.330782 10.418642 2.347418 3.839090
73168.230407 3 0.330778 10.362815 2.347485 3.840273
73168.330407 3 0.330774 10.306936 2.347551 3.841464
73168.430407 3 0.330770 10.251009 2.347617 3.842662
73168.530407 3 0.330766 10.195034 2.347684 3.843867
73168.630407 3 0.330762 10.139014 2.347750 3.845080
73168.730407 3 0.330758 10.082952 2.347815 3.846301
73168.830407 3 0.330754 10.026850 2.347881 3.847529
73168.930407 3 0.330750 9.970710 2.347947 3.848764
73169.030407 3 0.330746 9.914535 2.348012 3.850007
73169.130407 3 0.330742 9.858326 2.348078 3.851258
73169.230407 3 0.330739 9.802087 2.348143 3.852517
73169.330407 3 0.330735 9.745819 2.348208 3.853783
73169.430407 3 0.330731 9.689526 2.348273 3.855058
73169.530407 3 0.330727 9.633209 2.348338 3.856340
73169.630407 3 0.330724 9.576871 2.348403 3.857629
73169.730407 3 0.330720 9.520514 2.348467 3.858927
73169.830407 3 0.330716 9.464142 2.348532 3.860233
73169.930407 3 0.330713 9.407756 2.348596 3.861547
73170.030407 3 0.330709 9.351358 2.348660 3.862868
73170.130407 3 0.330705 9.294952 2.348724 3.864198
73170.230407 3 0.330702 9.238540 2.348788 3.865536
73170.330407 3 0.330698 9.182125 2.348852 3.866882
73170.430407 3 0.330695 9.125709 2.348915 3.868236
73170.530407 3 0.330691 9.069294 2.348979 3.869598
73170.630407 3 0.330688 9.012883 2.349042 3.870969
73170.730407 3 0.330684 8.956480 2.349105 3.872348
73170.830407 3 0.330681 8.900086 2.349168 3.873735
73170.930407 3 0.330677 8.843703 2.349231 3.875131
73171.030407 3 0.330674 8.787336 2.349294 3.876535
73171.130407 3 0.330670 8.730986 2.349356 3.877948
73171.230407 3 0.330667 8.674655 2.349418 3.879369
73171.330407 3 0.330664 8.618348 2.349481 3.880799
73171.430407 3 0.330660 8.562065 2.349543 3.882237
73171.530407 3 0.330657 8.505811 2.349605 3.883684
73171.630407 3 0.330654 8.449587 2.349666 3.885139
73171.730407 3 0.330651 8.393397 2.349728 3.886604
73171.830407 3 0.330647 8.337242 2.349789 3.888077
73171.930407 3 0.330644 8.281127 2.349850 3.889558
73172.030407 3 0.330641 8.225052 2.349911 3.891049
73172.130407 3 0.330638 8.169022 2.349972 3.892549
73172.230407 3 0.330635 8.113039 2.350033 3.894057
73172.330407 3 0.330632 8.057105 2.350093 3.895574
73172.430407 3 0.330628 8.001224 2.350154 3.897101
73172.530407 3 0.330625 7.945398 2.350214 3.898636
73172.630407 3 0.330622 7.889630 2.350274 3.900181
73172.730407 3 0.330619 7.833922 2.350334 3.901734
73172.830407 3 0.330616 7.778277 2.350393 3.903297
73172.930407 3 0.330613 7.722699 2.350453 3.904869
73173.030407 3 0.330610 7.667189 2.350512 3.906450
73173.130407 3 0.330607 7.611751 2.350571 3.908041
73173.230407 3 0.330604 7.556387 2.350630 3.909641
73173.330407 3 0.330601 7.501100 2.350689 3.911250
73173.430407 3 0.330599 7.445893 2.350747 3.912869
73173.530407 3 0.330596 7.390769 2.350806 3.914497
73173.630407 3 0.330593 7.335730 2.350864 3.916135
73173.730407 3 0.330590 7.280779 2.350922 3.917782
73173.830407 3 0.330587 7.225918 2.350979 3.919439
73173.930407 3 0.330584 7.171152 2.351037 3.921105
73174.030407 3 0.330582 7.116481 2.351094 3.922781
73174.130407 3 0.330579 7.061910 2.351151 3.924467
73174.230407 3 0.330576 7.007440 2.351208 3.926163
73174.330407 3 0.330573 6.953075 2.351265 3.927868
73174.430407 3 0.330571 6.898817 2.351321 3.929584
73174.530407 3 0.330568 6.844668 2.351377 3.931309
73174.630407 3 0.330566 6.790633 2.351433 3.933044
73174.730407 3 0.330563 6.736713 2.351489 3.934789
73174.830407 3 0.330560 6.682911 2.351545 3.936544
73174.930407 3 0.330558 6.629229 2.351600 3.938309
73175.030407 3 0.330555 6.575671 2.351655 3.940084
73175.130407 3 0.330553 6.522239 2.351710 3.941870
73175.230407 3 0.330550 6.468936 2.351765 3.943665
73175.330407 3 0.330548 6.415764 2.351819 3.945471
73175.430407 3 0.330545 6.362726 2.351874 3.947287
73175.530407 3 0.330543 6.309825 2.351928 3.949114
73175.630407 3 0.330540 6.257063 2.351981 3.950951
73175.730407 3 0.330538 6.204443 2.352035 3.952798
73175.830407 3 0.330535 6.151968 2.352088 3.954656
73175.930407 3 0.330533 6.099640 2.352141 3.956524
73176.030407 3 0.330531 6.047461 2.352194 3.958403
73176.130407 3 0.330528 5.995435 2.352247 3.960292
73176.230407 3 0.330526 5.943563 2.352299 3.962192
73176.330407 3 0.330524 5.891849 2.352351 3.964102
73176.430407 3 0.330522 5.840294 2.352403 3.966024
73176.530407 3 0.330519 5.788902 2.352454 3.967956
73176.630407 3 0.330517 5.737675 2.352505 3.969899
73176.730407 3 0.330515 5.686615 2.352556 3.971853
73176.830407 3 0.330513 5.635725 2.352607 3.973817
73176.930407 3 0.330510 5.585007 2.352657 3.975793
73177.030407 3 0.330508 5.534463 2.352708 3.977780
73177.130407 3 0.330506 5.484097 2.352757 3.979777
73177.230407 3 0.330504 5.433910 2.352807 3.981786
73177.330407 3 0.330502 5.383904 2.352856 3.983806
73177.430407 3 0.330500 5.334083 2.352905 3.985837
73177.530407 3 0.330498 5.284448 2.352954 3.987879
73177.630407 3 0.330496 5.235002 2.353003 3.989933
73177.730407 3 0.330494 5.185747 2.353051 3.991998
73177.830407 3 0.330492 5.136685 2.353099 3.994074
73177.930407 3 0.330490 5.087819 2.353146 3.996161
73178.030407 3 0.330488 5.039150 2.353193 3.998260
73178.130407 3 0.330486 4.990682 2.353240 4.000371
73178.230407 3 0.330484 4.942415 2.353287 4.002493
73178.330407 3 0.330482 4.894353 2.353333 4.004626
73178.430407 3 0.330480 4.846497 2.353379 4.006771
73178.530407 3 0.330478 4.798849 2.353425 4.008928
73178.630407 3 0.330477 4.751412 2.353470 4.011097
73178.730407 3 0.330475 4.704188 2.353516 4.013277
73178.830407 3 0.330473 4.657178 2.353560 4.015469
73178.930407 3 0.330471 4.610385 2.353605 4.017673
73179.030407 3 0.330469 4.563810 2.353649 4.019889
73179.130407 3 0.330468 4.517457 2.353692 4.022117
73179.230407 3 0.330466 4.471325 2.353736 4.024356
73179.330407 3 0.330464 4.425418 2.353779 4.026608
73179.430407 3 0.330462 4.379737 2.353821 4.028872
73179.530407 3 0.330461 4.334284 2.353864 4.031148
73179.630407 3 0.330459 4.289061 2.353906 4.033436
73179.730407 3 0.330457 4.244070 2.353947 4.035736
73179.830407 3 0.330456 4.199312 2.353988 4.038049
73179.930407 3 0.330454 4.154789 2.354029 4.040373
73180.030407 3 0.330453 4.110504 2.354070 4.042710
73180.130407 3 0.330451 4.066456 2.354110 4.045060
73180.230407 3 0.330449 4.022649 2.354149 4.047422
73180.330407 3 0.330448 3.979084 2.354189 4.049796
73180.430407 3 0.330446 3.935762 2.354228 4.052183
73180.530407 3 0.330445 3.892684 2.354266 4.054583
73180.630407 3 0.330443 3.849854 2.354304 4.056995
73180.730407 3 0.330442 3.807271 2.354342 4.059419
73180.830407 3 0.330440 3.764937 2.354379 4.061857
73180.930407 3 0.330439 3.722854 2.354416 4.064307
73181.030407 3 0.330438 3.681023 2.354453 4.066769
73181.130407 3 0.330436 3.639446 2.354489 4.069245
73181.230407 3 0.330435 3.598124 2.354524 4.071734
73181.330407 3 0.330433 3.557057 2.354559 4.074235
73181.430407 3 0.330432 3.516248 2.354594 4.076749
73181.530407 3 0.330431 3.475698 2.354628 4.079277
73181.630407 3 0.330429 3.435407 2.354662 4.081817
73181.730407 3 0.330428 3.395378 2.354695 4.084370
73181.830407 3 0.330427 3.355610 2.354728 4.086937
73181.930407 3 0.330425 3.316105 2.354761 4.089517
73182.030407 3 0.330424 3.276865 2.354793 4.092109
73182.130407 3 0.330423 3.237890 2.354824 4.094716
73182.230407 3 0.330422 3.199181 2.354855 4.097335
73182.330407 3 0.330421 3.164384 2.354890 4.099719
73182.430407 3 0.330421 3.129763 2.354925 4.102116
73182.530407 3 0.330421 3.095318 2.354960 4.104528
73182.630407 3 0.330421 3.061051 2.354993 4.106954
73182.730407 3 0.330421 3.026964 2.355027 4.109394
73182.830407 3 0.330421 2.993058 2.355060 4.111848
73182.930407 3 0.330421 2.959335 2.355092 4.114316
73183.030407 3 0.330420 2.925796 2.355124 4.116799
73183.130407 3 0.330420 2.892443 2.355155 4.119297
73183.230407 3 0.330420 2.859278 2.355186 4.121809
73183.330407 3 0.330420 2.826301 2.355216 4.124335
73183.430407 3 0.330420 2.793514 2.355246 4.126877
73183.530407 3 0.330420 2.760918 2.355275 4.129433
73183.630407 3 0.330419 2.728515 2.355304 4.132003
73183.730407 3 0.330419 2.696307 2.355332 4.134589
73183.830407 3 0.330419 2.664294 2.355360 4.137189
73183.930407 3 0.330419 2.632478 2.355387 4.139805
73184.030407 3 0.330419 2.600860 2.355413 4.142435
73184.130407 3 0.330419 2.569442 2.355439 4.145081
73184.230407 3 0.330418 2.538224 2.355464 4.147742
73184.330407 3 0.330418 2.507208 2.355489 4.150418
73184.430407 3 0.330418 2.476395 2.355513 4.153109
73184.530407 3 0.330418 2.445786 2.355537 4.155815
73184.630407 3 0.330418 2.415383 2.355559 4.158537
73184.730407 3 0.330418 2.385186 2.355582 4.161275
73184.830407 3 0.330417 2.355196 2.355603 4.164028
73184.930407 3 0.330417 2.325415 2.355624 4.166796
73185.030407 3 0.330417 2.295844 2.355644 4.169581
73185.130407 3 0.330417 2.266483 2.355664 4.172380
73185.230407 3 0.330417 2.237334 2.355683 4.175196
73185.330407 3 0.330417 2.208397 2.355701 4.178027
73185.430407 3 0.330416 2.179674 2.355719 4.180875
73185.530407 3 0.330416 2.151165 2.355736 4.183738
73185.630407 3 0.330416 2.122871 2.355752 4.186617
73185.730407 3 0.330416 2.094794 2.355768 4.189512
73185.830407 3 0.330416 2.066933 2.355782 4.192423
73185.930407 3 0.330415 2.039289 2.355796 4.195350
73186.030407 3 0.330415 2.011864 2.355809 4.198294
73186.130407 3 0.330415 1.984658 2.355822 4.201253
73186.230407 3 0.330415 1.957671 2.355834 4.204229
73186.330407 3 0.330415 1.930904 2.355845 4.207221
73186.430407 3 0.330414 1.904359 2.355855 4.210230
73186.530407 3 0.330414 1.878035 2.355864 4.213255
73186.630407 3 0.330414 1.851933 2.355873 4.216296
73186.730407 3 0.330414 1.826053 2.355880 4.219354
73186.830407 3 0.330414 1.800396 2.355887 4.222428
73186.930407 3 0.330413 1.774963 2.355893 4.225519
73187.030407 3 0.330413 1.749753 2.355898 4.228627
73187.130407 3 0.330413 1.724768 2.355903 4.231751
73187.230407 3 0.330413 1.700007 2.355906 4.234892
73187.330407 3 0.330413 1.675471 2.355909 4.238049
73187.430407 3 0.330412 1.651160 2.355910 4.241224
73187.530407 3 0.330412 1.627074 2.355911 4.244415
73187.630407 3 0.330412 1.603214 2.355911 4.247622
73187.730407 3 0.330412 1.579579 2.355909 4.250847
73187.830407 3 0.330412 1.556170 2.355907 4.254089
73187.930407 3 0.330411 1.532987 2.355904 4.257347
73188.030407 3 0.330411 1.510030 2.355900 4.260623
73188.130407 3 0.330411 1.487299 2.355895 4.263915
73188.230407 3 0.330411 1.464794 2.355888 4.267224
73188.330407 3 0.330410 1.442515 2.355881 4.270551
73188.430407 3 0.330410 1.420462 2.355873 4.273894
73188.530407 3 0.330410 1.398634 2.355864 4.277254
73188.630407 3 0.330410 1.377032 2.355853 4.280632
73188.730407 3 0.330410 1.355656 2.355842 4.284026
73188.830407 3 0.330409 1.334504 2.355829 4.287438
73188.930407 3 0.330409 1.313578 2.355815 4.290866
73189.030407 3 0.330409 1.292876 2.355800 4.294312
73189.130407 3 0.330409 1.272399 2.355784 4.297775
73189.230407 3 0.330408 1.252145 2.355767 4.301255
73189.330407 3 0.330408 1.232115 2.355748 4.304752
73189.430407 3 0.330408 1.212308 2.355728 4.308266
73189.530407 3 0.330408 1.192724 2.355707 4.311797
73189.630407 3 0.330407 1.173362 2.355685 4.315346
73189.730407 3 0.330407 1.154222 2.355661 4.318911
73189.830407 3 0.330407 1.135303 2.355637 4.322494
73189.930407 3 0.330407 1.116604 2.355610 4.326094
73190.030407 3 0.330406 1.098125 2.355583 4.329710
73190.130407 3 0.330406 1.079866 2.355554 4.333344
73190.230407 3 0.330406 1.061825 2.355524 4.336995
73190.330407 3 0.330406 1.044001 2.355492 4.340663
73190.430407 3 0.330405 1.026395 2.355459 4.344348
73190.530407 3 0.330405 1.009006 2.355424 4.348050
73190.630407 3 0.330405 0.991831 2.355388 4.351769
73190.730407 3 0.330404 0.974871 2.355351 4.355505
73190.830407 3 0.330404 0.958129 2.355311 4.359256
73190.930407 3 0.330404 0.941603 2.355271 4.363024
73191.030407 3 0.330404 0.925293 2.355229 4.366808
73191.130407 3 0.330403 0.909198 2.355185 4.370608
73191.230407 3 0.330403 0.893316 2.355140 4.374423
73191.330407 3 0.330403 0.877647 2.355093 4.378254
73191.430407 3 0.330403 0.862189 2.355044 4.382100
73191.530407 3 0.330402 0.846941 2.354994 4.385962
73191.630407 3 0.330402 0.831902 2.354942 4.389840
73191.730407 3 0.330402 0.817070 2.354888 4.393733
73191.830407 3 0.330401 0.802445 2.354833 4.397641
73191.930407 3 0.330401 0.788025 2.354776 4.401565
73192.030407 3 0.330401 0.774137 2.354720 4.405412
73192.130407 3 0.330401 0.760442 2.354663 4.409273
73192.230407 3 0.330401 0.746939 2.354603 4.413149
73192.330407 3 0.330401 0.733627 2.354542 4.417039
73192.430407 3 0.330401 0.720503 2.354479 4.420943
73192.530407 3 0.330401 0.707567 2.354415 4.424861
73192.630407 3 0.330401 0.694817 2.354348 4.428792
73192.730407 3 0.330401 0.682252 2.354279 4.432738
73192.830407 3 0.330401 0.669871 2.354209 4.436697
73192.930407 3 0.330401 0.657672 2.354136 4.440670
73193.030407 3 0.330401 0.645653 2.354062 4.444656
73193.130407 3 0.330401 0.633812 2.353985 4.448657
73193.230407 3 0.330401 0.622147 2.353907 4.452671
73193.330407 3 0.330401 0.610658 2.353826 4.456698
73193.430407 3 0.330401 0.599341 2.353743 4.460739
73193.530407 3 0.330401 0.588197 2.353657 4.464793
73193.630407 3 0.330401 0.577224 2.353570 4.468861
73193.730407 3 0.330401 0.566419 2.353480 4.472942
73193.830407 3 0.330400 0.555782 2.353388 4.477035
73193.930407 3 0.330400 0.545312 2.353294 4.481142
73194.030407 3 0.330400 0.535005 2.353197 4.485261
73194.130407 3 0.330400 0.524862 2.353098 4.489392
73194.230407 3 0.330400 0.514880 2.352996 4.493536
73194.330407 3 0.330400 0.505058 2.352891 4.497693
73194.430407 3 0.330400 0.495395 2.352785 4.501861
73194.530407 3 0.330400 0.485888 2.352675 4.506041
73194.630407 3 0.330400 0.476537 2.352563 4.510233
73194.730407 3 0.330400 0.467339 2.352448 4.514437
73194.830407 3 0.330400 0.458293 2.352331 4.518651
73194.930407 3 0.330400 0.449398 2.352210 4.522877
73195.030407 3 0.330400 0.440652 2.352087 4.527114
73195.130407 3 0.330400 0.432053 2.351961 4.531362
73195.230407 3 0.330400 0.423600 2.351832 4.535621
73195.330407 3 0.330400 0.415291 2.351700 4.539889
73195.430407 3 0.330400 0.407124 2.351565 4.544168
73195.530407 3 0.330400 0.399099 2.351427 4.548457
73195.630407 3 0.330399 0.391212 2.351286 4.552756
73195.730407 3 0.330399 0.383464 2.351141 4.557064
73195.830407 3 0.330399 0.375851 2.350993 4.561381
73195.930407 3 0.330399 0.368373 2.350842 4.565707
73196.030407 3 0.330399 0.361028 2.350688 4.570042
73196.130407 3 0.330399 0.353814 2.350530 4.574385
73196.230407 3 0.330399 0.346730 2.350369 4.578737
73196.330407 3 0.330399 0.339774 2.350204 4.583097
73196.430407 3 0.330399 0.332944 2.350036 4.587464
73196.530407 3 0.330399 0.326239 2.349863 4.591838
73196.630407 3 0.330399 0.319658 2.349688 4.596220
73196.730407 3 0.330399 0.313198 2.349508 4.600608
73196.830407 3 0.330399 0.306858 2.349324 4.605003
73196.930407 3 0.330398 0.300636 2.349137 4.609404
73197.030407 3 0.330398 0.294531 2.348946 4.613811
73197.130407 3 0.330398 0.288542 2.348750 4.618224
73197.230407 3 0.330398 0.282666 2.348550 4.622642
73197.330407 3 0.330398 0.276902 2.348347 4.627064
73197.430407 3 0.330398 0.271249 2.348138 4.631491
73197.530407 3 0.330398 0.265704 2.347926 4.635923
73197.630407 3 0.330398 0.260267 2.347709 4.640358
73197.730407 3 0.330398 0.254936 2.347487 4.644797
73197.830407 3 0.330398 0.249708 2.347261 4.649239
73197.930407 3 0.330398 0.244584 2.347031 4.653684
73198.030407 3 0.330398 0.239560 2.346795 4.658132
73198.130407 3 0.330397 0.234637 2.346555 4.662581
73198.230407 3 0.330397 0.229811 2.346310 4.667033
73198.330407 3 0.330397 0.225081 2.346059 4.671486
73198.430407 3 0.330397 0.220447 2.345804 4.675939
73198.530407 3 0.330397 0.215906 2.345543 4.680394
73198.630407 3 0.330397 0.211457 2.345277 4.684848
73198.730407 3 0.330397 0.207099 2.345006 4.689303
73198.830407 3 0.330397 0.202830 2.344729 4.693757
73198.930407 3 0.330397 0.198648 2.344447 4.698210
73199.030407 3 0.330397 0.194552 2.344159 4.702662
73199.130407 3 0.330397 0.190541 2.343865 4.707113
73199.230407 3 0.330397 0.186612 2.343565 4.711562
73199.330407 3 0.330397 0.182765 2.343260 4.716009
73199.430407 3 0.330396 0.178998 2.342948 4.720453
73199.530407 3 0.330396 0.175310 2.342629 4.724895
73199.630407 3 0.330396 0.171698 2.342305 4.729334
73199.730407 3 0.330396 0.168163 2.341974 4.733769
73199.830407 3 0.330396 0.164702 2.341636 4.738200
73199.930407 3 0.330396 0.161314 2.341291 4.742627
73200.030407 3 0.330396 0.157998 2.340940 4.747050
73200.130407 3 0.330396 0.154752 2.340581 4.751467
73200.230407 3 0.330396 0.151576 2.340216 4.755879
73200.330407 3 0.330396 0.148468 2.339843 4.760285
73200.430407 3 0.330396 0.145427 2.339462 4.764684
73200.530407 3 0.330396 0.142450 2.339075 4.769077
73200.630407 3 0.330396 0.139539 2.338679 4.773463
73200.730407 3 0.330395 0.136690 2.338275 4.777841
73200.830407 3 0.330395 0.133903 2.337864 4.782212
73200.930407 3 0.330395 0.131176 2.337444 4.786574
73201.030407 3 0.330395 0.128510 2.337016 4.790927
73201.130407 3 0.330395 0.125901 2.336579 4.795271
73201.230407 3 0.330395 0.123350 2.336134 4.799605
73201.330407 3 0.330395 0.120854 2.335680 4.803929
73201.430407 3 0.330395 0.118414 2.335217 4.808243
73201.530407 3 0.330395 0.116028 2.334745 4.812546
73201.630407 3 0.330395 0.113694 2.334263 4.816837
73201.730407 3 0.330395 0.111412 2.333772 4.821117
73201.830407 3 0.330395 0.109181 2.333271 4.825385
73201.930407 3 0.330395 0.107000 2.332760 4.829639
73202.030407 3 0.330395 0.104867 2.332239 4.833881
73202.130407 3 0.330394 0.102782 2.331707 4.838109
73202.230407 3 0.330394 0.100744 2.331165 4.842323
73202.330407 3 0.330394 0.098751 2.330613 4.846523
73202.430407 3 0.330394 0.096803 2.330049 4.850708
73202.530407 3 0.330394 0.094899 2.329474 4.854877
73202.630407 3 0.330394 0.093039 2.328888 4.859031
73202.730407 3 0.330394 0.091220 2.328290 4.863168
73202.830407 3 0.330394 0.089442 2.327680 4.867289
73202.930407 3 0.330394 0.087705 2.327059 4.871393
73203.030407 3 0.330394 0.086007 2.326425 4.875479
73203.130407 3 0.330394 0.084348 2.325778 4.879547
73203.230407 3 0.330394 0.082727 2.325118 4.883597
73203.330407 3 0.330394 0.081143 2.324446 4.887627
73203.430407 3 0.330394 0.079595 2.323760 4.891639
73203.530407 3 0.330393 0.078082 2.323060 4.895630
73203.630407 3 0.330393 0.076604 2.322347 4.899602
73203.730407 3 0.330393 0.075160 2.321619 4.903552
73203.830407 3 0.330393 0.073749 2.320877 4.907482
73203.930407 3 0.330393 0.072371 2.320120 4.911389
73204.030407 3 0.330393 0.071024 2.319348 4.915275
73204.130407 3 0.330393 0.069708 2.318561 4.919138
73204.230407 3 0.330393 0.068423 2.317758 4.922978
73204.330407 3 0.330393 0.067168 2.316939 4.926795
73204.430407 3 0.330393 0.065941 2.316104 4.930588
73204.530407 3 0.330393 0.064743 2.315253 4.934357
73204.630407 3 0.330393 0.063573 2.314384 4.938101
73204.730407 3 0.330393 0.062430 2.313498 4.941820
73204.830407 3 0.330393 0.061313 2.312595 4.945513
73204.930407 3 0.330393 0.060222 2.311673 4.949181
73205.030407 3 0.330392 0.059157 2.310734 4.952822
73205.130407 3 0.330392 0.058116 2.309775 4.956435
73205.230407 3 0.330392 0.057100 2.308798 4.960022
73205.330407 3 0.330392 0.056107 2.307801 4.963581
73205.430407 3 0.330392 0.055138 2.306784 4.967112
73205.530407 3 0.330392 0.054191 2.305748 4.970614
73205.630407 3 0.330392 0.053266 2.304690 4.974087
73205.730407 3 0.330392 0.052363 2.303612 4.977531
73205.830407 3 0.330392 0.051481 2.302512 4.980945
73205.930407 3 0.330392 0.050620 2.301391 4.984328
73206.030407 3 0.330392 0.049779 2.300247 4.987681
73206.130407 3 0.330392 0.048957 2.299081 4.991003
73206.230407 3 0.330392 0.048155 2.297891 4.994294
73206.330407 3 0.330392 0.047371 2.296678 4.997552
73206.430407 3 0.330392 0.046606 2.295441 5.000779
73206.530407 3 0.330392 0.045859 2.294180 5.003972
73206.630407 3 0.330391 0.045130 2.292894 5.007133
73206.730407 3 0.330391 0.044417 2.291582 5.010260
73206.830407 3 0.330391 0.043722 2.290245 5.013354
73206.930407 3 0.330391 0.043042 2.288882 5.016413
73207.030407 3 0.330391 0.042379 2.287491 5.019438
73207.130407 3 0.330391 0.041731 2.286074 5.022428
73207.230407 3 0.330391 0.041099 2.284629 5.025383
73207.330407 3 0.330391 0.040481 2.283155 5.028303
73207.430407 3 0.330391 0.039878 2.281653 5.031186
73207.530407 3 0.330391 0.039289 2.280122 5.034033
73207.630407 3 0.330391 0.038715 2.278561 5.036843
73207.730407 3 0.330391 0.038153 2.276969 5.039617
73207.830407 3 0.330391 0.037605 2.275347 5.042353
73207.930407 3 0.330391 0.037070 2.273694 5.045052
73208.030407 3 0.330391 0.036548 2.272009 5.047713
73208.130407 3 0.330391 0.036038 2.270292 5.050335
73208.230407 3 0.330391 0.035540 2.268542 5.052919
73208.330407 3 0.330391 0.035053 2.266758 5.055465
73208.430407 3 0.330390 0.034579 2.264941 5.057971
73208.530407 3 0.330390 0.034115 2.263090 5.060438
73208.630407 3 0.330390 0.033663 2.261203 5.062865
73208.730407 3 0.330390 0.033221 2.259282 5.065252
73208.830407 3 0.330390 0.032790 2.257324 5.067600
73208.930407 3 0.330390 0.032369 2.255330 5.069906
73209.030407 3 0.330390 0.031958 2.253299 5.072173
73209.130407 3 0.330390 0.031557 2.251231 5.074398
73209.230407 3 0.330390 0.031166 2.249125 5.076582
73209.330407 3 0.330390 0.030784 2.246981 5.078725
73209.430407 3 0.330390 0.030411 2.244798 5.080827
73209.530407 3 0.330390 0.030047 2.242575 5.082887
73209.630407 3 0.330390 0.029691 2.240313 5.084905
73209.730407 3 0.330390 0.029344 2.238011 5.086881
73209.830407 3 0.330390 0.029006 2.235669 5.088814
73209.930407 3 0.330390 0.028676 2.233286 5.090706
73210.030407 3 0.330390 0.028353 2.230861 5.092555
73210.130407 3 0.330390 0.028039 2.228395 5.094362
73210.230407 3 0.330390 0.027732 2.225887 5.096125
73210.330407 3 0.330390 0.027432 2.223336 5.097846
73210.430407 3 0.330390 0.027140 2.220744 5.099525
73210.530407 3 0.330389 0.026854 2.218108 5.101160
73210.630407 3 0.330389 0.026576 2.215430 5.102752
73210.730407 3 0.330389 0.026305 2.212708 5.104302
73210.830407 3 0.330389 0.026040 2.209943 5.105808
73210.930407 3 0.330389 0.025781 2.207135 5.107271
73211.030407 3 0.330389 0.025529 2.204283 5.108692
73211.130407 3 0.330389 0.025283 2.201387 5.110069
73211.230407 3 0.330389 0.025044 2.198449 5.111404
73211.330407 3 0.330389 0.024810 2.195466 5.112695
73211.430407 3 0.330389 0.024582 2.192441 5.113944
73211.530407 3 0.330389 0.024359 2.189372 5.115151
73211.630407 3 0.330389 0.024143 2.186261 5.116314
73211.730407 3 0.330389 0.023931 2.183106 5.117436
73211.830407 3 0.330389 0.023725 2.179910 5.118515
73211.930407 3 0.330389 0.023524 2.176671 5.119552
73212.030407 3 0.330389 0.023328 2.173391 5.120548
73212.130407 3 0.330389 0.023137 2.170070 5.121502
73212.230407 3 0.330389 0.022951 2.166709 5.122415
73212.330407 3 0.330389 0.022770 2.163308 5.123286
73212.430407 3 0.330389 0.022593 2.159868 5.124117
73212.530407 3 0.330389 0.022421 2.156391 5.124908
73212.630407 3 0.330389 0.022254 2.152876 5.125659
73212.730407 3 0.330389 0.022090 2.149325 5.126371
73212.830407 3 0.330389 0.021931 2.145738 5.127043
73212.930407 3 0.330389 0.021776 2.142118 5.127677
73213.030407 3 0.330389 0.021626 2.138465 5.128272
73213.130407 3 0.330389 0.021479 2.134781 5.128830
73213.230407 3 0.330389 0.021336 2.131067 5.129351
73213.330407 3 0.330389 0.021197 2.127325 5.129836
73213.430407 3 0.330389 0.021062 2.123556 5.130284
73213.530407 3 0.330389 0.020930 2.119762 5.130697
73213.630407 3 0.330389 0.020802 2.115944 5.131075
73213.730407 3 0.330388 0.020677 2.112105 5.131420
73213.830407 3 0.330388 0.020556 2.108247 5.131731
73213.930407 3 0.330388 0.020438 2.104372 5.132009
73214.030407 3 0.330388 0.020324 2.100482 5.132256
73214.130407 3 0.330388 0.020213 2.096578 5.132472
73214.230407 3 0.330388 0.020105 2.092665 5.132658
73214.330407 3 0.330388 0.020000 2.088743 5.132814
73214.430407 3 0.330388 0.019898 2.084816 5.132942
73214.530407 3 0.330388 0.019703 2.076954 5.133117
73214.630407 3 0.330388 0.019519 2.069103 5.133189
73214.730407 3 0.330388 0.019346 2.061284 5.133166
73214.830407 3 0.330388 0.019184 2.053521 5.133056
73214.930407 3 0.330388 0.019031 2.045839 5.132868
73215.030407 3 0.330388 0.018888 2.038261 5.132610
73215.130407 3 0.330388 0.018755 2.030813 5.132290
