t Ka M R logL logTeff
0.100000 1 79.978402 10.286370 5.923116 4.735788
0.200000 1 79.956541 10.315564 5.924688 4.735566
0.300000 1 79.934496 10.344934 5.926296 4.735351
0.400000 1 79.912261 10.374529 5.927939 4.735141
0.500000 1 79.889830 10.404399 5.929618 4.734937
0.600000 1 79.867198 10.434596 5.931333 4.734736
0.700000 1 79.844358 10.465169 5.933083 4.734538
0.800000 1 79.821305 10.496171 5.934868 4.734342
0.900000 1 79.798032 10.527653 5.936689 4.734147
1.000000 1 79.774532 10.559669 5.938545 4.733952
1.100000 1 79.750799 10.592272 5.940436 4.733755
1.200000 1 79.726827 10.625515 5.942363 4.733556
1.300000 1 79.702609 10.659454 5.944324 4.733354
1.400000 1 79.678137 10.694145 5.946320 4.733148
1.500000 1 79.653405 10.729642 5.948351 4.732936
1.600000 1 79.628404 10.766003 5.950417 4.732717
1.700000 1 79.603129 10.803287 5.952517 4.732492
1.800000 1 79.577570 10.841550 5.954652 4.732258
1.900000 1 79.551721 10.880854 5.956821 4.732014
2.000000 1 79.525573 10.921258 5.959025 4.731760
2.100000 1 79.499117 10.962824 5.961263 4.731495
2.200000 1 79.472347 11.005614 5.963535 4.731217
2.300000 1 79.445252 11.049692 5.965841 4.730926
2.400000 1 79.417824 11.095122 5.968181 4.730620
2.500000 1 79.390054 11.141972 5.970555 4.730298
2.600000 1 79.361933 11.190308 5.972963 4.729960
2.700000 1 79.333452 11.240199 5.975404 4.729605
2.800000 1 79.304599 11.291716 5.977879 4.729230
2.900000 1 79.275367 11.344930 5.980387 4.728836
3.000000 1 79.245743 11.399916 5.982929 4.728422
3.100000 1 79.215718 11.456748 5.985503 4.727986
3.200000 1 79.185282 11.515505 5.988111 4.727527
3.300000 1 79.154422 11.576267 5.990751 4.727044
3.400000 1 79.123127 11.639114 5.993424 4.726537
3.500000 1 79.091386 11.704132 5.996130 4.726003
3.600000 1 79.059188 11.771407 5.998868 4.725443
3.700000 1 79.026518 11.841030 6.001638 4.724855
3.800000 1 78.993366 11.913094 6.004440 4.724238
3.900000 1 78.959718 11.987694 6.007275 4.723591
4.000000 1 78.925561 12.064931 6.010141 4.722913
4.100000 1 78.890880 12.144909 6.013039 4.722203
4.200000 1 78.855663 12.227735 6.015968 4.721460
4.300000 1 78.819894 12.313523 6.018929 4.720682
4.400000 1 78.783559 12.402390 6.021920 4.719868
4.500000 1 78.746643 12.494459 6.024943 4.719018
4.600000 1 78.709129 12.589861 6.027996 4.718129
4.700000 1 78.671003 12.688731 6.031080 4.717201
4.800000 1 78.632246 12.791212 6.034194 4.716233
4.900000 1 78.592844 12.897456 6.037338 4.715223
5.000000 1 78.552777 13.007623 6.040512 4.714170
5.100000 1 78.512028 13.121884 6.043716 4.713071
5.200000 1 78.470579 13.240418 6.046949 4.711927
5.300000 1 78.428411 13.363420 6.050211 4.710734
5.400000 1 78.385504 13.491094 6.053502 4.709492
5.500000 1 78.341838 13.623661 6.056822 4.708199
5.600000 1 78.319615 13.691844 6.058491 4.707532
5.700000 1 78.297193 13.761340 6.060168 4.706852
5.800000 1 78.274571 13.832182 6.061852 4.706158
5.900000 1 78.251743 13.904403 6.063542 4.705450
6.000000 1 78.228710 13.978039 6.065240 4.704727
6.100000 1 78.205466 14.053125 6.066944 4.703990
6.200000 1 78.182010 14.129699 6.068656 4.703238
6.300000 1 78.158338 14.207801 6.070374 4.702471
6.400000 1 78.134448 14.287472 6.072099 4.701688
6.500000 1 78.110337 14.368754 6.073831 4.700889
6.600000 1 78.086001 14.451693 6.075569 4.700073
6.700000 1 78.061438 14.536334 6.077314 4.699242
6.800000 1 78.036645 14.622725 6.079066 4.698393
6.900000 1 78.011579 14.710915 6.080824 4.697527
7.000000 1 77.986217 14.800952 6.082588 4.696643
7.100000 1 77.960555 14.892893 6.084358 4.695741
7.200000 1 77.934588 14.986794 6.086134 4.694820
7.300000 1 77.908311 15.082716 6.087916 4.693880
7.400000 1 77.881719 15.180722 6.089703 4.692920
7.500000 1 77.854808 15.280877 6.091496 4.691940
7.600000 1 77.827572 15.383251 6.093294 4.690940
7.700000 1 77.800008 15.487915 6.095099 4.689919
7.800000 1 77.772109 15.594946 6.096908 4.688876
7.900000 1 77.743872 15.704423 6.098723 4.687810
8.000000 1 77.715290 15.816431 6.100544 4.686722
8.100000 1 77.686360 15.931056 6.102369 4.685611
8.200000 1 77.657076 16.048391 6.104200 4.684475
8.300000 1 77.627433 16.168532 6.106036 4.683314
8.400000 1 77.597427 16.291583 6.107878 4.682128
8.500000 1 77.567052 16.417650 6.109724 4.680916
8.600000 1 77.536304 16.546845 6.111575 4.679677
8.700000 1 77.505178 16.679289 6.113431 4.678410
8.800000 1 77.473669 16.815105 6.115292 4.677114
8.900000 1 77.441772 16.954427 6.117158 4.675789
9.000000 1 77.409483 17.097393 6.119029 4.674433
9.100000 1 77.376797 17.244150 6.120904 4.673046
9.200000 1 77.343711 17.394853 6.122784 4.671626
9.300000 1 77.310219 17.549666 6.124668 4.670173
9.400000 1 77.276318 17.708762 6.126557 4.668686
9.500000 1 77.242004 17.872322 6.128450 4.667163
9.600000 1 77.207273 18.040541 6.130347 4.665603
9.700000 1 77.172122 18.213623 6.132249 4.664005
9.800000 1 77.136547 18.391783 6.134155 4.662367
9.900000 1 77.100547 18.575250 6.136066 4.660690
10.000000 1 77.082332 18.669041 6.137022 4.659835
10.100000 1 77.064010 18.764251 6.137979 4.658970
10.200000 1 77.045579 18.860912 6.138937 4.658094
10.300000 1 77.027041 18.959057 6.139897 4.657206
10.400000 1 77.008395 19.058722 6.140857 4.656308
10.500000 1 76.989640 19.159942 6.141818 4.655398
10.600000 1 76.970777 19.262754 6.142780 4.654476
10.700000 1 76.951805 19.367195 6.143744 4.653543
10.800000 1 76.932725 19.473304 6.144708 4.652598
10.900000 1 76.913536 19.581121 6.145673 4.651640
11.000000 1 76.894238 19.690689 6.146640 4.650670
11.100000 1 76.874832 19.802048 6.147607 4.649687
11.200000 1 76.855317 19.915243 6.148575 4.648692
11.300000 1 76.835694 20.030320 6.149545 4.647683
11.400000 1 76.815963 20.147325 6.150515 4.646661
11.500000 1 76.796124 20.266306 6.151486 4.645625
11.600000 1 76.776178 20.387313 6.152459 4.644575
11.700000 1 76.756124 20.510398 6.153432 4.643511
11.800000 1 76.735964 20.635612 6.154406 4.642433
11.900000 1 76.715697 20.763011 6.155381 4.641341
12.000000 1 76.695324 20.892651 6.156358 4.640233
12.100000 1 76.674846 21.024590 6.157335 4.639111
12.200000 1 76.654264 21.158888 6.158313 4.637972
12.300000 1 76.633578 21.295607 6.159293 4.636819
12.400000 1 76.612788 21.434811 6.160273 4.635649
12.500000 1 76.591897 21.576566 6.161254 4.634463
12.600000 1 76.570904 21.720941 6.162237 4.633260
12.700000 1 76.549812 21.868006 6.163220 4.632041
12.800000 1 76.528620 22.017835 6.164205 4.630804
12.900000 1 76.507330 22.170502 6.165190 4.629550
13.000000 1 76.485944 22.326085 6.166177 4.628279
13.100000 1 76.464463 22.484665 6.167165 4.626989
13.200000 1 76.442889 22.646327 6.168154 4.625680
13.300000 1 76.421223 22.811154 6.169143 4.624353
13.400000 1 76.399466 22.979238 6.170135 4.623006
13.500000 1 76.377621 23.150671 6.171127 4.621640
13.600000 1 76.355690 23.325547 6.172120 4.620255
13.700000 1 76.333674 23.503966 6.173115 4.618849
13.800000 1 76.311576 23.686031 6.174110 4.617422
13.900000 1 76.289399 23.871847 6.175107 4.615974
14.000000 1 76.267144 24.061525 6.176106 4.614505
14.100000 1 76.244815 24.255177 6.177105 4.613015
14.200000 1 76.222414 24.452923 6.178106 4.611502
14.300000 1 76.199944 24.654884 6.179108 4.609966
14.400000 1 76.177409 24.861188 6.180112 4.608408
14.500000 1 76.154810 25.071965 6.181117 4.606826
14.600000 1 76.132153 25.287352 6.182123 4.605220
14.700000 1 76.109440 25.507490 6.183131 4.603589
14.800000 1 76.086675 25.732527 6.184140 4.601934
14.900000 1 76.063862 25.962613 6.185151 4.600254
15.000000 1 76.041006 26.197908 6.186163 4.598548
15.100000 1 76.018110 26.438575 6.187177 4.596816
15.200000 1 75.995180 26.684785 6.188193 4.595057
15.300000 1 75.972219 26.936715 6.189211 4.593271
15.400000 1 75.949233 27.194549 6.190230 4.591457
15.500000 1 75.926227 27.458477 6.191251 4.589615
15.600000 1 75.903206 27.728699 6.192274 4.587744
15.700000 1 75.880176 28.005421 6.193299 4.585844
15.800000 1 75.868660 28.146287 6.193812 4.584883
15.900000 1 75.857143 28.288859 6.194326 4.583914
16.000000 1 75.845628 28.433165 6.194840 4.582938
16.100000 1 75.834115 28.579235 6.195355 4.581954
16.200000 1 75.822604 28.727098 6.195870 4.580962
16.300000 1 75.811097 28.876783 6.196386 4.579963
16.400000 1 75.799594 29.028322 6.196902 4.578955
16.500000 1 75.788096 29.181745 6.197419 4.577940
16.600000 1 75.776604 29.337085 6.197937 4.576916
16.700000 1 75.765120 29.494373 6.198455 4.575885
16.800000 1 75.753643 29.653644 6.198974 4.574845
16.900000 1 75.742174 29.814930 6.199493 4.573797
17.000000 1 75.730715 29.978267 6.200013 4.572741
17.100000 1 75.719267 30.143689 6.200533 4.571676
17.200000 1 75.707830 30.311232 6.201055 4.570602
17.300000 1 75.696406 30.480935 6.201576 4.569521
17.400000 1 75.684995 30.652833 6.202099 4.568430
17.500000 1 75.673599 30.826965 6.202622 4.567331
17.600000 1 75.662218 31.003370 6.203146 4.566223
17.700000 1 75.650853 31.182089 6.203670 4.565106
17.800000 1 75.639506 31.363161 6.204196 4.563980
17.900000 1 75.628178 31.546629 6.204721 4.562844
18.000000 1 75.616869 31.732536 6.205248 4.561700
18.100000 1 75.605581 31.920924 6.205775 4.560547
18.200000 1 75.594315 32.111838 6.206304 4.559384
18.300000 1 75.583072 32.305324 6.206832 4.558212
18.400000 1 75.571853 32.501427 6.207362 4.557030
18.500000 1 75.560659 32.700196 6.207893 4.555839
18.600000 1 75.549492 32.901678 6.208424 4.554637
18.700000 1 75.538353 33.105924 6.208956 4.553427
18.800000 1 75.527242 33.312983 6.209489 4.552206
18.900000 1 75.516161 33.522907 6.210022 4.550975
19.000000 1 75.505112 33.735749 6.210557 4.549735
19.100000 1 75.494095 33.951564 6.211092 4.548484
19.200000 1 75.483112 34.170406 6.211628 4.547223
19.300000 1 75.472164 34.392331 6.212166 4.545951
19.400000 1 75.461252 34.617399 6.212704 4.544669
19.500000 1 75.450378 34.845666 6.213243 4.543377
19.600000 1 75.439543 35.077195 6.213783 4.542074
19.700000 1 75.428748 35.312046 6.214323 4.540760
19.800000 1 75.417994 35.550283 6.214865 4.539435
19.900000 1 75.407284 35.791970 6.215408 4.538100
20.000000 1 75.396617 36.037174 6.215952 4.536753
20.100000 1 75.385997 36.285961 6.216497 4.535395
20.200000 1 75.375423 36.538402 6.217042 4.534026
20.300000 1 75.364898 36.794567 6.217589 4.532646
20.400000 1 75.354422 37.054528 6.218137 4.531254
20.500000 1 75.343998 37.318360 6.218686 4.529851
20.600000 1 75.333626 37.586138 6.219236 4.528436
20.700000 1 75.323309 37.857940 6.219787 4.527009
20.800000 1 75.313046 38.133845 6.220339 4.525570
20.900000 1 75.302841 38.413936 6.220893 4.524119
21.000000 1 75.292694 38.698295 6.221447 4.522657
21.100000 1 75.282606 38.987007 6.222003 4.521181
21.200000 1 75.272580 39.280160 6.222560 4.519694
21.300000 1 75.262616 39.577843 6.223118 4.518194
21.400000 1 75.252717 39.880149 6.223677 4.516682
21.500000 1 75.242883 40.187170 6.224238 4.515156
21.600000 1 75.233116 40.499004 6.224800 4.513618
21.700000 1 75.223417 40.815748 6.225363 4.512067
21.800000 1 75.213788 41.109147 6.226273 4.510739
21.900000 1 75.197007 41.119016 6.229531 4.511502
22.000000 1 75.190574 40.805497 6.231297 4.513606
22.100000 1 75.187694 40.594667 6.232163 4.514947
22.200000 1 75.184958 40.352072 6.233026 4.516464
22.300000 1 75.182356 40.082913 6.233881 4.518131
22.400000 1 75.179880 39.792247 6.234721 4.519922
22.500000 1 75.177522 39.484842 6.235544 4.521811
22.600000 1 75.175276 39.165103 6.236346 4.523778
22.700000 1 75.173136 38.837009 6.237125 4.525799
22.800000 1 75.171097 38.504104 6.237879 4.527857
22.900000 1 75.169154 38.169488 6.238606 4.529934
23.000000 1 75.167304 37.835834 6.239306 4.532015
23.100000 1 75.165542 37.505416 6.239978 4.534088
23.200000 1 75.163865 37.180135 6.240622 4.536141
23.300000 1 75.162270 36.861553 6.241238 4.538163
23.400000 1 75.160754 36.550931 6.241826 4.540148
23.500000 1 75.159312 36.249263 6.242387 4.542088
23.600000 1 75.157944 35.957304 6.242922 4.543977
23.700000 1 75.156644 35.675609 6.243430 4.545812
23.800000 1 75.155412 35.404554 6.243913 4.547589
23.900000 1 75.154243 35.144371 6.244371 4.549306
24.000000 1 75.153136 34.895159 6.244806 4.550959
24.100000 1 75.152088 34.656919 6.245218 4.552550
24.200000 1 75.151095 34.429560 6.245608 4.554077
24.300000 1 75.150156 34.212921 6.245977 4.555540
24.400000 1 75.149269 34.006787 6.246326 4.556939
24.500000 1 75.148430 33.810894 6.246655 4.558276
24.600000 1 75.147637 33.624945 6.246966 4.559551
24.700000 1 75.146889 33.448617 6.247260 4.560767
24.800000 1 75.146183 33.281569 6.247538 4.561923
24.900000 1 75.144851 32.963869 6.248062 4.564137
25.000000 1 75.143671 32.681157 6.248526 4.566123
25.100000 1 75.142628 32.430230 6.248935 4.567899
25.200000 1 75.141708 32.207995 6.249297 4.569483
25.300000 1 75.140896 32.011522 6.249615 4.570891
25.400000 1 75.140180 31.838087 6.249895 4.572141
25.500000 1 75.138920 31.531216 6.250389 4.574367
25.600000 1 75.137966 31.298308 6.250763 4.576071
25.700000 1 75.137244 31.122107 6.251045 4.577367
25.800000 1 75.136155 30.855409 6.251471 4.579343
25.900000 2 75.135056 29.420068 6.251900 4.589794
26.000000 2 75.135054 29.455401 6.251914 4.589536
26.100000 2 75.135043 29.625332 6.251977 4.588303
26.200000 2 75.135032 29.796242 6.252040 4.587070
26.300000 2 75.135021 29.968139 6.252103 4.585836
26.400000 2 75.135010 30.141028 6.252166 4.584603
26.500000 2 75.134999 30.314914 6.252229 4.583370
26.600000 2 75.134988 30.489803 6.252292 4.582136
26.700000 2 75.134977 30.665702 6.252355 4.580903
26.800000 2 75.134966 30.842615 6.252419 4.579670
26.900000 2 75.134955 31.020548 6.252482 4.578436
27.000000 2 75.134945 31.199509 6.252545 4.577203
27.100000 2 75.134934 31.379502 6.252608 4.575970
27.200000 2 75.134923 31.560533 6.252671 4.574736
27.300000 2 75.134912 31.742608 6.252734 4.573503
27.400000 2 75.134902 31.925735 6.252797 4.572269
27.500000 2 75.134891 32.109917 6.252861 4.571036
27.600000 2 75.134881 32.295163 6.252924 4.569803
27.700000 2 75.134870 32.481477 6.252987 4.568569
27.800000 2 75.134860 32.668866 6.253050 4.567336
27.900000 2 75.134850 32.857336 6.253113 4.566103
28.000000 2 75.134839 33.046893 6.253176 4.564869
28.100000 2 75.134829 33.237544 6.253239 4.563636
28.200000 2 75.134819 33.429295 6.253303 4.562403
28.300000 2 75.134809 33.622152 6.253366 4.561169
28.400000 2 75.134798 33.816122 6.253429 4.559936
28.500000 2 75.134788 34.011211 6.253492 4.558703
28.600000 2 75.134778 34.207426 6.253555 4.557469
28.700000 2 75.134768 34.404772 6.253618 4.556236
28.800000 2 75.134758 34.603257 6.253681 4.555002
28.900000 2 75.134748 34.802888 6.253745 4.553769
29.000000 2 75.134739 35.003670 6.253808 4.552536
29.100000 2 75.134729 35.205610 6.253871 4.551302
29.200000 2 75.134719 35.408716 6.253934 4.550069
29.300000 2 75.134709 35.612993 6.253997 4.548836
29.400000 2 75.134700 35.818449 6.254060 4.547602
29.500000 2 75.134690 36.025090 6.254123 4.546369
29.600000 2 75.134681 36.232923 6.254187 4.545136
29.700000 2 75.134671 36.441956 6.254250 4.543902
29.800000 2 75.134662 36.652194 6.254313 4.542669
29.900000 2 75.134653 36.863646 6.254376 4.541435
30.000000 2 75.134643 37.076317 6.254439 4.540202
30.100000 2 75.134634 37.290215 6.254502 4.538969
30.200000 2 75.134625 37.505348 6.254565 4.537735
30.300000 2 75.134616 37.721721 6.254629 4.536502
30.400000 2 75.134607 37.939343 6.254692 4.535269
30.500000 2 75.134598 38.158221 6.254755 4.534035
30.600000 2 75.134589 38.378361 6.254818 4.532802
30.700000 2 75.134580 38.599771 6.254881 4.531569
30.800000 2 75.134571 38.822459 6.254944 4.530335
30.900000 2 75.134562 39.046432 6.255008 4.529102
31.000000 2 75.134554 39.271696 6.255071 4.527868
31.100000 2 75.134545 39.498261 6.255134 4.526635
31.200000 2 75.134536 39.726132 6.255197 4.525402
31.300000 2 75.134528 39.955319 6.255260 4.524168
31.400000 2 75.134519 40.185827 6.255323 4.522935
31.500000 2 75.134511 40.417666 6.255386 4.521702
31.600000 2 75.134503 40.650842 6.255450 4.520468
31.700000 2 75.134494 40.885363 6.255513 4.519235
31.800000 2 75.134486 41.121237 6.255576 4.518001
31.900000 2 75.134478 41.358472 6.255639 4.516768
32.000000 2 75.134470 41.597076 6.255702 4.515535
32.100000 2 75.134462 41.837057 6.255765 4.514301
32.200000 2 75.134454 42.078422 6.255829 4.513068
32.300000 2 75.134446 42.321180 6.255892 4.511835
32.400000 2 75.134438 42.565338 6.255955 4.510601
32.500000 2 75.134430 42.810905 6.256018 4.509368
32.600000 2 75.134423 43.057888 6.256081 4.508135
32.700000 2 75.134415 43.306297 6.256144 4.506901
32.800000 2 75.134407 43.556139 6.256208 4.505668
32.900000 2 75.134400 43.807422 6.256271 4.504434
33.000000 2 75.134392 44.060155 6.256334 4.503201
33.100000 2 75.134385 44.314346 6.256397 4.501968
33.200000 2 75.134378 44.570004 6.256460 4.500734
33.300000 2 75.134370 44.827137 6.256523 4.499501
33.400000 2 75.134363 45.085753 6.256587 4.498268
33.500000 2 75.134356 45.345861 6.256650 4.497034
33.600000 2 75.134349 45.607470 6.256713 4.495801
33.700000 2 75.134342 45.870589 6.256776 4.494567
33.800000 2 75.134335 46.135225 6.256839 4.493334
33.900000 2 75.134328 46.401389 6.256903 4.492101
34.000000 2 75.134321 46.669087 6.256966 4.490867
34.100000 2 75.134314 46.938331 6.257029 4.489634
34.200000 2 75.134308 47.209128 6.257092 4.488401
34.300000 2 75.134301 47.481487 6.257155 4.487167
34.400000 2 75.134294 47.755417 6.257218 4.485934
34.500000 2 75.134288 48.030928 6.257282 4.484700
34.600000 2 75.134281 48.308029 6.257345 4.483467
34.700000 2 75.134275 48.586728 6.257408 4.482234
34.800000 2 75.134269 48.867035 6.257471 4.481000
34.900000 2 75.134262 49.148959 6.257534 4.479767
35.000000 2 75.134256 49.432510 6.257598 4.478534
35.100000 2 75.134250 49.717697 6.257661 4.477300
35.200000 2 75.134244 50.004530 6.257724 4.476067
35.300000 2 75.134238 50.293017 6.257787 4.474833
35.400000 2 75.134232 50.583169 6.257850 4.473600
35.500000 2 75.134226 50.874994 6.257913 4.472367
35.600000 2 75.134220 51.168504 6.257977 4.471133
35.700000 2 75.134214 51.463706 6.258040 4.469900
35.800000 2 75.134208 51.760612 6.258103 4.468667
35.900000 2 75.134203 52.059231 6.258166 4.467433
36.000000 2 75.134197 52.359573 6.258229 4.466200
36.100000 2 75.134192 52.661648 6.258293 4.464966
36.200000 2 75.134186 52.965465 6.258356 4.463733
36.300000 2 75.134181 53.271036 6.258419 4.462500
36.400000 2 75.134175 53.578369 6.258482 4.461266
36.500000 2 75.134170 53.887476 6.258545 4.460033
36.600000 2 75.134165 54.198366 6.258609 4.458800
36.700000 2 75.134159 54.511049 6.258672 4.457566
36.800000 2 75.134154 54.825537 6.258735 4.456333
36.900000 2 75.134149 55.141839 6.258798 4.455099
37.000000 2 75.134144 55.459966 6.258861 4.453866
37.100000 2 75.134139 55.779929 6.258925 4.452633
37.200000 2 75.134134 56.101737 6.258988 4.451399
37.300000 2 75.134130 56.425402 6.259051 4.450166
37.400000 2 75.134125 56.750935 6.259114 4.448933
37.500000 2 75.134120 57.078346 6.259177 4.447699
37.600000 2 75.134115 57.407646 6.259240 4.446466
37.700000 2 75.134111 57.738845 6.259304 4.445232
37.800000 2 75.134106 58.071956 6.259367 4.443999
37.900000 2 75.134102 58.406989 6.259430 4.442766
38.000000 2 75.134097 58.743954 6.259493 4.441532
38.100000 2 75.134093 59.082864 6.259557 4.440299
38.200000 2 75.134088 59.423729 6.259620 4.439066
38.300000 2 75.134084 59.766560 6.259683 4.437832
38.400000 2 75.134080 60.111370 6.259746 4.436599
38.500000 2 75.134075 60.458169 6.259809 4.435365
38.600000 2 75.134071 60.806968 6.259873 4.434132
38.700000 2 75.134067 61.157780 6.259936 4.432899
38.800000 2 75.134062 61.510616 6.259999 4.431665
38.900000 2 75.134058 61.865488 6.260062 4.430432
39.000000 2 75.134054 62.222407 6.260125 4.429198
39.100000 2 75.134049 62.581385 6.260189 4.427965
39.200000 2 75.134045 62.942435 6.260252 4.426732
39.300000 2 75.134041 63.305567 6.260315 4.425498
39.400000 2 75.134036 63.670794 6.260378 4.424265
39.500000 2 75.134032 64.038129 6.260441 4.423032
39.600000 2 75.134028 64.407583 6.260505 4.421798
39.700000 2 75.134023 64.779168 6.260568 4.420565
39.800000 2 75.134019 65.152897 6.260631 4.419331
39.900000 2 75.134015 65.528783 6.260694 4.418098
40.000000 2 75.134010 65.906837 6.260757 4.416865
40.100000 2 75.134006 66.287072 6.260821 4.415631
40.200000 2 75.134002 66.669501 6.260884 4.414398
40.300000 2 75.133997 67.054136 6.260947 4.413165
40.400000 2 75.133993 67.440990 6.261010 4.411931
40.500000 2 75.133989 67.830076 6.261073 4.410698
40.600000 2 75.133984 68.221407 6.261137 4.409464
40.700000 2 75.133980 68.614996 6.261200 4.408231
40.800000 2 75.133976 69.010856 6.261263 4.406998
40.900000 2 75.133971 69.408999 6.261326 4.405764
41.000000 2 75.133967 69.809439 6.261389 4.404531
41.100000 2 75.133963 70.212190 6.261453 4.403297
41.200000 2 75.133958 70.617264 6.261516 4.402064
41.300000 2 75.133954 71.024676 6.261579 4.400831
41.400000 2 75.133950 71.434437 6.261642 4.399597
41.500000 2 75.133945 71.846563 6.261705 4.398364
41.600000 2 75.133941 72.261067 6.261769 4.397131
41.700000 2 75.133902 72.677912 6.261831 4.395897
41.800000 2 75.133862 73.097162 6.261894 4.394664
41.900000 2 75.133823 73.518829 6.261957 4.393431
42.000000 2 75.133784 73.942929 6.262020 4.392197
42.100000 2 75.133745 74.369476 6.262083 4.390964
42.200000 2 75.133245 74.797796 6.262141 4.389731
42.300000 2 75.132745 75.228579 6.262199 4.388499
42.400000 2 75.132245 75.661840 6.262256 4.387266
42.500000 2 75.131746 76.097591 6.262314 4.386034
42.600000 2 75.131246 76.535849 6.262372 4.384801
42.700000 2 75.130746 76.976627 6.262430 4.383569
42.800000 2 75.130246 77.419939 6.262488 4.382336
42.900000 2 75.129747 77.865800 6.262546 4.381104
43.000000 2 75.129247 78.314225 6.262604 4.379871
43.100000 2 75.128747 78.765228 6.262662 4.378639
43.200000 2 75.128248 79.218825 6.262720 4.377406
43.300000 2 75.127748 79.675030 6.262777 4.376174
43.400000 2 75.127248 80.133858 6.262835 4.374941
43.500000 2 75.126748 80.595324 6.262893 4.373709
43.600000 2 75.126248 81.059443 6.262951 4.372477
43.700000 2 75.125749 81.526231 6.263009 4.371244
43.800000 2 75.125249 81.995703 6.263067 4.370012
43.900000 2 75.124749 82.467874 6.263125 4.368779
44.000000 2 75.124249 82.942760 6.263183 4.367547
44.100000 2 75.123750 83.420376 6.263240 4.366315
44.200000 2 75.123250 83.900738 6.263298 4.365082
44.300000 2 75.122750 84.383862 6.263356 4.363850
44.400000 2 75.122250 84.869764 6.263414 4.362618
44.500000 2 75.121750 85.358459 6.263472 4.361385
44.600000 2 75.121251 85.849964 6.263530 4.360153
44.700000 2 75.120751 86.344295 6.263588 4.358921
44.800000 2 75.120251 86.841467 6.263646 4.357688
44.900000 2 75.119751 87.341498 6.263704 4.356456
45.000000 2 75.119251 87.844403 6.263761 4.355224
45.100000 2 75.118752 88.350200 6.263819 4.353992
45.200000 2 75.118252 88.858905 6.263877 4.352759
45.300000 2 75.117752 89.370534 6.263935 4.351527
45.400000 2 75.117252 89.885104 6.263993 4.350295
45.500000 2 75.116752 90.402632 6.264051 4.349063
45.600000 2 75.116253 90.923136 6.264109 4.347831
45.700000 2 75.115753 91.446631 6.264167 4.346598
45.800000 2 75.115253 91.973136 6.264225 4.345366
45.900000 2 75.114753 92.502668 6.264282 4.344134
46.000000 2 75.114253 93.035243 6.264340 4.342902
46.100000 2 75.113753 93.570881 6.264398 4.341670
46.200000 2 75.113253 94.109597 6.264456 4.340438
46.300000 2 75.112754 94.651410 6.264514 4.339206
46.400000 2 75.112254 95.196337 6.264572 4.337973
46.500000 2 75.111754 95.744397 6.264630 4.336741
46.600000 2 75.111254 96.295607 6.264688 4.335509
46.700000 2 75.110754 96.849985 6.264746 4.334277
46.800000 2 75.110254 97.407551 6.264803 4.333045
46.900000 2 75.109754 97.968321 6.264861 4.331813
47.000000 2 75.109255 98.532314 6.264919 4.330581
47.100000 2 75.108755 99.099549 6.264977 4.329349
47.200000 2 75.108255 99.670045 6.265035 4.328117
47.300000 2 75.107755 100.243819 6.265093 4.326885
47.400000 2 75.107255 100.820892 6.265151 4.325653
47.500000 2 75.106755 101.401281 6.265209 4.324421
47.600000 2 75.106255 101.985006 6.265267 4.323189
47.700000 2 75.105755 102.572087 6.265324 4.321957
47.800000 2 75.105255 103.162541 6.265382 4.320725
47.900000 2 75.104756 103.756389 6.265440 4.319493
48.000000 2 75.104256 104.353651 6.265498 4.318261
48.100000 2 75.103756 104.954345 6.265556 4.317029
48.200000 2 75.103256 105.558491 6.265614 4.315797
48.300000 2 75.102756 106.166110 6.265672 4.314566
48.400000 2 75.102256 106.777220 6.265730 4.313334
48.500000 2 75.101756 107.391843 6.265788 4.312102
48.600000 2 75.101256 108.009998 6.265845 4.310870
48.700000 2 75.100756 108.631706 6.265903 4.309638
48.800000 2 75.100256 109.256987 6.265961 4.308406
48.900000 2 75.099756 109.885861 6.266019 4.307174
49.000000 2 75.099256 110.518350 6.266077 4.305943
49.100000 2 75.098756 111.154473 6.266135 4.304711
49.200000 2 75.098256 111.794252 6.266193 4.303479
49.300000 2 75.097757 112.437707 6.266251 4.302247
49.400000 2 75.097257 113.084860 6.266309 4.301015
49.500000 2 75.096757 113.735733 6.266366 4.299784
49.600000 2 75.096257 114.390345 6.266424 4.298552
49.700000 2 75.095757 115.048719 6.266482 4.297320
49.800000 2 75.095257 115.710877 6.266540 4.296089
49.900000 2 75.094757 116.376840 6.266598 4.294857
50.000000 2 75.094257 117.046629 6.266656 4.293625
50.100000 2 75.093757 117.720268 6.266714 4.292393
50.200000 2 75.093257 118.397777 6.266772 4.291162
50.300000 2 75.092757 119.079180 6.266830 4.289930
50.400000 2 75.092257 119.764498 6.266888 4.288698
50.500000 2 75.091757 120.453754 6.266945 4.287467
50.600000 2 75.091257 121.146970 6.267003 4.286235
50.700000 2 75.090757 121.844170 6.267061 4.285003
50.800000 2 75.090257 122.545376 6.267119 4.283772
50.900000 2 75.089757 123.250611 6.267177 4.282540
51.000000 2 75.089257 123.959898 6.267235 4.281309
51.100000 2 75.088757 124.673260 6.267293 4.280077
51.200000 2 75.088257 125.390722 6.267351 4.278846
51.300000 2 75.087757 126.112305 6.267409 4.277614
51.400000 2 75.087257 126.838035 6.267466 4.276382
51.500000 2 75.086757 127.567934 6.267524 4.275151
51.600000 2 75.086257 128.302027 6.267582 4.273919
51.700000 2 75.085757 129.040338 6.267640 4.272688
51.800000 2 75.085257 129.782891 6.267698 4.271456
51.900000 2 75.084757 130.529710 6.267756 4.270225
52.000000 2 75.084257 131.280820 6.267814 4.268993
52.100000 2 75.083757 132.036245 6.267872 4.267762
52.200000 2 75.083257 132.796010 6.267930 4.266530
52.300000 2 75.082756 133.560141 6.267987 4.265299
52.400000 2 75.082256 134.328661 6.268045 4.264068
52.500000 2 75.081756 135.101596 6.268103 4.262836
52.600000 2 75.081256 135.878972 6.268161 4.261605
52.700000 2 75.080756 136.660815 6.268219 4.260373
52.800000 2 75.080256 137.447148 6.268277 4.259142
52.900000 2 75.079756 138.237999 6.268335 4.257911
53.000000 2 75.079256 139.033394 6.268393 4.256679
53.100000 2 75.078756 139.833358 6.268451 4.255448
53.200000 2 75.078256 140.637917 6.268509 4.254216
53.300000 2 75.077756 141.447098 6.268566 4.252985
53.400000 2 75.077256 142.260928 6.268624 4.251754
53.500000 2 75.076756 143.079433 6.268682 4.250523
53.600000 2 75.076256 143.902640 6.268740 4.249291
53.700000 2 75.075755 144.730575 6.268798 4.248060
53.800000 2 75.075255 145.563267 6.268856 4.246829
53.900000 2 75.074755 146.400742 6.268914 4.245597
54.000000 2 75.074255 147.243028 6.268972 4.244366
54.100000 2 75.073755 148.090152 6.269030 4.243135
54.200000 2 75.073255 148.942142 6.269087 4.241904
54.300000 2 75.072755 149.799026 6.269145 4.240672
54.400000 2 75.072255 150.660832 6.269203 4.239441
54.500000 2 75.071755 151.527588 6.269261 4.238210
54.600000 2 75.071254 152.399323 6.269319 4.236979
54.700000 2 75.070754 153.276065 6.269377 4.235748
54.800000 2 75.070254 154.157843 6.269435 4.234516
54.900000 2 75.069754 155.044686 6.269493 4.233285
55.000000 2 75.069254 155.936622 6.269551 4.232054
55.100000 2 75.068754 156.833682 6.269609 4.230823
55.200000 2 75.068254 157.735894 6.269666 4.229592
55.300000 2 75.067753 158.643288 6.269724 4.228361
55.400000 2 75.067253 159.555894 6.269782 4.227130
55.500000 2 75.066753 160.473741 6.269840 4.225899
55.600000 2 75.066253 161.396860 6.269898 4.224668
55.700000 2 75.065753 162.325281 6.269956 4.223436
55.800000 2 75.065253 163.259034 6.270014 4.222205
55.900000 2 75.064753 164.198150 6.270072 4.220974
56.000000 2 75.064252 165.142660 6.270130 4.219743
56.100000 2 75.063752 166.092594 6.270187 4.218512
56.200000 2 75.063252 167.047983 6.270245 4.217281
56.300000 2 75.062752 168.008860 6.270303 4.216050
56.400000 2 75.062252 168.975255 6.270361 4.214819
56.500000 2 75.061751 169.947200 6.270419 4.213588
56.600000 2 75.061251 170.924727 6.270477 4.212357
56.700000 2 75.060751 171.907867 6.270535 4.211126
56.800000 2 75.060251 172.896654 6.270593 4.209895
56.900000 2 75.059751 173.891119 6.270651 4.208665
57.000000 2 75.059250 174.891295 6.270709 4.207434
57.100000 2 75.058750 175.897215 6.270766 4.206203
57.200000 2 75.058250 176.908911 6.270824 4.204972
57.300000 2 75.057750 177.926417 6.270882 4.203741
57.400000 2 75.057250 178.949766 6.270940 4.202510
57.500000 2 75.056749 179.978992 6.270998 4.201279
57.600000 2 75.056249 181.014128 6.271056 4.200048
57.700000 2 75.055749 182.055208 6.271114 4.198817
57.800000 2 75.055249 183.102266 6.271172 4.197587
57.900000 2 75.054748 184.155337 6.271230 4.196356
58.000000 2 75.054248 185.214455 6.271288 4.195125
58.100000 2 75.053748 186.279654 6.271345 4.193894
58.200000 2 75.053248 187.350970 6.271403 4.192663
58.300000 2 75.052748 188.428438 6.271461 4.191433
58.400000 2 75.052247 189.512092 6.271519 4.190202
58.500000 2 75.051747 190.601969 6.271577 4.188971
58.600000 2 75.051247 191.698103 6.271635 4.187740
58.700000 2 75.050747 192.800531 6.271693 4.186510
58.800000 2 75.050246 193.909290 6.271751 4.185279
58.900000 2 75.049746 195.024414 6.271809 4.184048
59.000000 2 75.049246 196.145941 6.271867 4.182818
59.100000 2 75.048745 197.273908 6.271924 4.181587
59.200000 2 75.048245 198.408351 6.271982 4.180356
59.300000 2 75.047745 199.549307 6.272040 4.179126
59.400000 2 75.047245 200.696814 6.272098 4.177895
59.500000 2 75.046744 201.850910 6.272156 4.176664
59.600000 2 75.046244 203.011631 6.272214 4.175434
59.700000 2 75.045744 204.179017 6.272272 4.174203
59.800000 2 75.045243 205.353105 6.272330 4.172972
59.900000 2 75.044743 206.533934 6.272388 4.171742
60.000000 2 75.044243 207.721542 6.272446 4.170511
60.100000 2 75.043743 208.915968 6.272503 4.169281
60.200000 2 75.043242 210.117251 6.272561 4.168050
60.300000 2 75.042742 211.325431 6.272619 4.166819
60.400000 2 75.042242 212.540548 6.272677 4.165589
60.500000 2 75.041741 213.762640 6.272735 4.164358
60.600000 2 75.041241 214.991747 6.272793 4.163128
60.700000 2 75.040741 216.227911 6.272851 4.161897
60.800000 2 75.040240 217.471172 6.272909 4.160667
60.900000 2 75.039740 218.721569 6.272967 4.159436
61.000000 2 75.039240 219.979145 6.273025 4.158206
61.100000 2 75.038739 221.243940 6.273082 4.156975
61.200000 2 75.038239 222.515996 6.273140 4.155745
61.300000 2 75.037739 223.795353 6.273198 4.154515
61.400000 2 75.037238 225.082055 6.273256 4.153284
61.500000 2 75.036738 226.376143 6.273314 4.152054
61.600000 2 75.036238 227.677660 6.273372 4.150823
61.700000 2 75.035737 228.986647 6.273430 4.149593
61.800000 2 75.035237 230.303149 6.273488 4.148363
61.900000 2 75.034736 231.627207 6.273546 4.147132
62.000000 2 75.034236 232.958866 6.273604 4.145902
62.100000 2 75.033736 234.298168 6.273661 4.144671
62.200000 2 75.033235 235.645158 6.273719 4.143441
62.300000 2 75.032735 236.999880 6.273777 4.142211
62.400000 2 75.032235 238.362378 6.273835 4.140980
62.500000 2 75.031734 239.732696 6.273893 4.139750
62.600000 2 75.031234 241.110880 6.273951 4.138520
62.700000 2 75.030733 242.496974 6.274009 4.137290
62.800000 2 75.030233 243.891023 6.274067 4.136059
62.900000 2 75.029733 245.293075 6.274125 4.134829
63.000000 2 75.029232 246.703173 6.274183 4.133599
63.100000 2 75.028732 248.121365 6.274240 4.132369
63.200000 2 75.028231 249.547696 6.274298 4.131138
63.300000 2 75.027731 250.982214 6.274356 4.129908
63.400000 2 75.027231 252.424965 6.274414 4.128678
63.500000 2 75.026730 253.875996 6.274472 4.127448
63.600000 2 75.026230 255.335356 6.274530 4.126218
63.700000 2 75.025729 256.803091 6.274588 4.124987
63.800000 2 75.025229 258.279249 6.274646 4.123757
63.900000 2 75.024728 259.763879 6.274704 4.122527
64.000000 2 75.024228 261.257030 6.274762 4.121297
64.100000 2 75.023728 262.758750 6.274819 4.120067
64.200000 2 75.023227 264.269088 6.274877 4.118837
64.300000 2 75.022727 265.788094 6.274935 4.117607
64.400000 2 75.022226 267.315818 6.274993 4.116377
64.500000 2 75.021726 268.852308 6.275051 4.115146
64.600000 2 75.021225 270.397617 6.275109 4.113916
64.700000 2 75.020725 271.951793 6.275167 4.112686
64.800000 2 75.020224 273.514888 6.275225 4.111456
64.900000 2 75.019724 275.086953 6.275283 4.110226
65.000000 2 75.019224 276.668040 6.275341 4.108996
65.100000 2 75.018723 278.258199 6.275398 4.107766
65.200000 2 75.018223 279.857484 6.275456 4.106536
65.300000 2 75.017722 281.465946 6.275514 4.105306
65.400000 2 75.017222 283.083638 6.275572 4.104076
65.500000 2 75.016721 284.710612 6.275630 4.102846
65.600000 2 75.016221 286.346923 6.275688 4.101616
65.700000 2 75.015720 287.992623 6.275746 4.100386
65.800000 2 75.015220 289.647766 6.275804 4.099156
65.900000 2 75.014719 291.312407 6.275862 4.097927
66.000000 2 75.014219 292.986599 6.275920 4.096697
66.100000 2 75.013718 294.670398 6.275978 4.095467
66.200000 2 75.013218 296.363858 6.276035 4.094237
66.300000 2 75.012717 298.067035 6.276093 4.093007
66.400000 2 75.012217 299.779985 6.276151 4.091777
66.500000 2 75.011716 301.502763 6.276209 4.090547
66.600000 2 75.011216 303.235426 6.276267 4.089317
66.700000 2 75.010715 304.978030 6.276325 4.088088
66.800000 2 75.010215 306.730633 6.276383 4.086858
66.900000 2 75.009714 308.493292 6.276441 4.085628
67.000000 2 75.009214 310.266063 6.276499 4.084398
67.100000 2 75.008713 312.049006 6.276557 4.083168
67.200000 2 75.008212 313.842178 6.276614 4.081939
67.300000 2 75.007712 315.645639 6.276672 4.080709
67.400000 2 75.007211 317.459446 6.276730 4.079479
67.500000 2 75.006711 319.283659 6.276788 4.078249
67.600000 2 75.006210 321.118339 6.276846 4.077020
67.700000 2 75.005710 322.963544 6.276904 4.075790
67.800000 2 75.005209 324.819335 6.276962 4.074560
67.900000 2 75.004709 326.685773 6.277020 4.073330
68.000000 2 75.004208 328.562919 6.277078 4.072101
68.100000 2 75.003707 330.450833 6.277136 4.070871
68.200000 2 75.003207 332.349579 6.277194 4.069641
68.300000 2 75.002706 334.259217 6.277251 4.068412
68.400000 2 75.002206 336.179810 6.277309 4.067182
68.500000 2 75.001705 338.111421 6.277367 4.065952
68.600000 2 75.001205 340.054113 6.277425 4.064723
68.700000 2 75.000704 342.007950 6.277483 4.063493
68.800000 2 75.000203 343.972995 6.277541 4.062264
68.900000 2 74.999703 345.949312 6.277599 4.061034
69.000000 2 74.999202 347.936967 6.277657 4.059804
69.100000 2 74.998702 349.936023 6.277715 4.058575
69.200000 2 74.998201 351.946547 6.277773 4.057345
69.300000 2 74.997700 353.968603 6.277831 4.056116
69.400000 2 74.997200 356.002259 6.277888 4.054886
69.500000 2 74.996699 358.047580 6.277946 4.053657
69.600000 2 74.996199 360.104633 6.278004 4.052427
69.700000 2 74.995698 362.173486 6.278062 4.051198
69.800000 2 74.995197 364.254206 6.278120 4.049968
69.900000 2 74.994697 366.346860 6.278178 4.048739
70.000000 2 74.994196 368.451518 6.278236 4.047509
70.100000 2 74.993695 370.568248 6.278294 4.046280
70.200000 2 74.993195 372.697120 6.278352 4.045050
70.300000 2 74.992694 374.838201 6.278410 4.043821
70.400000 2 74.992193 376.991564 6.278468 4.042592
70.500000 2 74.991693 379.157277 6.278525 4.041362
70.600000 2 74.991192 381.335412 6.278583 4.040133
70.700000 2 74.990691 383.526040 6.278641 4.038903
70.800000 2 74.990191 385.729233 6.278699 4.037674
70.900000 2 74.989690 387.945061 6.278757 4.036445
71.000000 2 74.989190 390.173599 6.278815 4.035215
71.100000 2 74.988689 392.414917 6.278873 4.033986
71.200000 2 74.988188 394.669090 6.278931 4.032757
71.300000 2 74.987687 396.936192 6.278989 4.031527
71.400000 2 74.987187 399.216296 6.279047 4.030298
71.500000 2 74.986686 401.509476 6.279105 4.029069
71.600000 2 74.986185 403.815808 6.279162 4.027840
71.700000 2 74.985685 406.135367 6.279220 4.026610
71.800000 2 74.985184 408.468229 6.279278 4.025381
71.900000 2 74.984683 410.814469 6.279336 4.024152
72.000000 2 74.984183 413.174165 6.279394 4.022923
72.100000 2 74.983682 415.547393 6.279452 4.021693
72.200000 2 74.983181 417.934231 6.279510 4.020464
72.300000 2 74.982681 420.334757 6.279568 4.019235
72.400000 2 74.982180 422.749049 6.279626 4.018006
72.500000 2 74.981679 425.177186 6.279684 4.016776
72.600000 2 74.981178 427.619247 6.279742 4.015547
72.700000 2 74.980678 430.075313 6.279799 4.014318
72.800000 2 74.980177 432.545462 6.279857 4.013089
72.900000 2 74.979676 435.029777 6.279915 4.011860
73.000000 2 74.979176 437.528337 6.279973 4.010631
73.100000 2 74.978675 440.041225 6.280031 4.009402
73.200000 2 74.978174 442.568522 6.280089 4.008173
73.300000 2 74.977673 445.110311 6.280147 4.006943
73.400000 2 74.977173 447.666676 6.280205 4.005714
73.500000 2 74.976672 450.237698 6.280263 4.004485
73.600000 2 74.976171 452.823463 6.280321 4.003256
73.700000 2 74.975670 455.424055 6.280379 4.002027
73.800000 2 74.975170 458.039558 6.280436 4.000798
73.900000 2 74.974669 460.670058 6.280494 3.999569
74.000000 2 74.974168 463.315641 6.280552 3.998340
74.100000 2 74.973667 465.976394 6.280610 3.997111
74.200000 2 74.973167 468.652402 6.280668 3.995882
74.300000 2 74.972666 471.343753 6.280726 3.994653
74.400000 2 74.972165 474.050536 6.280784 3.993424
74.500000 2 74.971664 476.772838 6.280842 3.992195
74.600000 2 74.971163 479.510749 6.280900 3.990966
74.700000 2 74.970663 482.264357 6.280958 3.989737
74.800000 2 74.970162 485.033753 6.281016 3.988508
74.900000 2 74.969661 487.819026 6.281073 3.987280
75.000000 2 74.969160 490.620269 6.281131 3.986051
75.100000 2 74.968659 493.437571 6.281189 3.984822
75.200000 2 74.968159 496.271026 6.281247 3.983593
75.300000 2 74.967658 499.120725 6.281305 3.982364
75.400000 2 74.967157 501.986762 6.281363 3.981135
75.500000 2 74.966656 504.869230 6.281421 3.979906
75.600000 2 74.966155 507.768223 6.281479 3.978678
75.700000 2 74.965655 510.683836 6.281537 3.977449
75.800000 2 74.965154 513.616164 6.281595 3.976220
75.900000 2 74.964653 516.565302 6.281653 3.974991
76.000000 2 74.964152 519.531347 6.281711 3.973762
76.100000 2 74.963651 522.514395 6.281768 3.972534
76.200000 2 74.963150 525.514544 6.281826 3.971305
76.300000 2 74.962650 528.531892 6.281884 3.970076
76.400000 2 74.962149 531.566537 6.281942 3.968847
76.500000 2 74.961648 534.618578 6.282000 3.967619
76.600000 2 74.961147 537.688115 6.282058 3.966390
76.700000 2 74.960646 540.775247 6.282116 3.965161
76.800000 2 74.960145 543.880076 6.282174 3.963932
76.900000 2 74.959644 547.002703 6.282232 3.962704
77.000000 2 74.959144 550.143230 6.282290 3.961475
77.100000 2 74.958643 553.301758 6.282348 3.960246
77.200000 2 74.958142 556.478392 6.282405 3.959018
77.300000 2 74.957641 559.673235 6.282463 3.957789
77.400000 2 74.957140 562.886390 6.282521 3.956561
77.500000 2 74.956639 566.117963 6.282579 3.955332
77.600000 2 74.956138 569.368059 6.282637 3.954103
77.700000 2 74.955637 572.636785 6.282695 3.952875
77.800000 2 74.955137 575.924246 6.282753 3.951646
77.900000 2 74.954636 579.230550 6.282811 3.950418
78.000000 2 74.954135 582.555805 6.282869 3.949189
78.100000 2 74.953634 585.900119 6.282927 3.947960
78.200000 2 74.953133 589.263601 6.282985 3.946732
78.300000 2 74.952632 592.646362 6.283043 3.945503
78.400000 2 74.952131 596.048511 6.283100 3.944275
78.500000 2 74.951630 599.470159 6.283158 3.943046
78.600000 2 74.951129 602.911417 6.283216 3.941818
78.700000 2 74.950628 606.372399 6.283274 3.940589
78.800000 2 74.950128 609.853217 6.283332 3.939361
78.900000 2 74.949627 613.353984 6.283390 3.938132
79.000000 2 74.949126 616.874815 6.283448 3.936904
79.100000 2 74.948625 620.415824 6.283506 3.935676
79.200000 2 74.948124 623.977127 6.283564 3.934447
79.300000 2 74.947623 627.558840 6.283622 3.933219
79.400000 2 74.947122 631.161079 6.283680 3.931990
79.500000 2 74.946621 634.783963 6.283738 3.930762
79.600000 2 74.946120 638.427609 6.283795 3.929534
79.700000 2 74.945619 642.092136 6.283853 3.928305
79.800000 2 74.945118 645.777664 6.283911 3.927077
79.900000 2 74.944617 649.484312 6.283969 3.925849
80.000000 2 74.944116 653.212202 6.284027 3.924620
80.100000 2 74.943615 656.961455 6.284085 3.923392
80.200000 2 74.943114 660.732193 6.284143 3.922164
80.300000 2 74.942613 664.524539 6.284201 3.920935
80.400000 2 74.942112 668.338618 6.284259 3.919707
80.500000 2 74.941611 672.174552 6.284317 3.918479
80.600000 2 74.941110 676.032468 6.284375 3.917250
80.700000 2 74.940609 679.912491 6.284433 3.916022
80.800000 2 74.940108 683.814747 6.284490 3.914794
80.900000 2 74.939607 687.739364 6.284548 3.913566
81.000000 2 74.939106 691.686469 6.284606 3.912337
81.100000 2 74.938605 695.656192 6.284664 3.911109
81.200000 2 74.938104 699.648661 6.284722 3.909881
81.300000 2 74.937603 703.664007 6.284780 3.908653
81.400000 2 74.937102 707.702361 6.284838 3.907425
81.500000 2 74.936601 711.763854 6.284896 3.906197
81.600000 2 74.936100 715.848618 6.284954 3.904968
81.700000 2 74.935599 719.956788 6.285012 3.903740
81.800000 2 74.935098 724.088496 6.285070 3.902512
81.900000 2 74.934597 728.243877 6.285128 3.901284
82.000000 2 74.934096 732.423067 6.285185 3.900056
82.100000 2 74.933595 736.626202 6.285243 3.898828
82.200000 2 74.933094 740.853418 6.285301 3.897600
82.300000 2 74.932593 745.104855 6.285359 3.896372
82.400000 2 74.932092 749.380649 6.285417 3.895144
82.500000 2 74.931591 753.680941 6.285475 3.893916
82.600000 2 74.931090 758.005871 6.285533 3.892688
82.700000 2 74.930589 762.355579 6.285591 3.891459
82.800000 2 74.930088 766.730207 6.285649 3.890231
82.900000 2 74.929587 771.129899 6.285707 3.889003
83.000000 2 74.929086 775.554796 6.285765 3.887775
83.100000 2 74.928585 780.005044 6.285823 3.886547
83.200000 2 74.928084 784.480787 6.285880 3.885320
83.300000 2 74.927583 788.982171 6.285938 3.884092
83.400000 2 74.927082 793.509344 6.285996 3.882864
83.500000 2 74.926580 798.062451 6.286054 3.881636
83.600000 2 74.926079 802.641642 6.286112 3.880408
83.700000 2 74.925578 807.247067 6.286170 3.879180
83.800000 2 74.925077 811.878874 6.286228 3.877952
83.900000 2 74.924576 816.537214 6.286286 3.876724
84.000000 2 74.924075 821.222241 6.286344 3.875496
84.100000 2 74.923574 825.934105 6.286402 3.874268
84.200000 2 74.923073 830.672962 6.286460 3.873040
84.300000 2 74.922572 835.438964 6.286518 3.871813
84.400000 2 74.922071 840.232267 6.286575 3.870585
84.500000 2 74.921570 845.053028 6.286633 3.869357
84.600000 2 74.921068 849.901404 6.286691 3.868129
84.700000 2 74.920567 854.777552 6.286749 3.866901
84.800000 2 74.920066 859.681631 6.286807 3.865674
84.900000 2 74.919565 864.613801 6.286865 3.864446
85.000000 2 74.919064 869.574222 6.286923 3.863218
85.100000 2 74.918563 874.563057 6.286981 3.861990
85.200000 2 74.918062 879.580467 6.287039 3.860762
85.300000 2 74.917561 884.626617 6.287097 3.859535
85.400000 2 74.917059 889.701670 6.287155 3.858307
85.500000 2 74.916558 894.805791 6.287213 3.857079
85.600000 2 74.916057 899.939148 6.287271 3.855852
85.700000 2 74.915556 905.101907 6.287328 3.854624
85.800000 2 74.915055 910.294235 6.287386 3.853396
85.900000 2 74.914554 915.516304 6.287444 3.852169
86.000000 2 74.914052 920.768281 6.287502 3.850941
86.100000 2 74.913551 926.050339 6.287560 3.849713
86.200000 2 74.913050 931.362650 6.287618 3.848486
86.300000 2 74.912549 936.705385 6.287676 3.847258
86.400000 2 74.912048 942.078721 6.287734 3.846030
86.500000 2 74.911547 947.482830 6.287792 3.844803
86.600000 2 74.911045 952.917890 6.287850 3.843575
86.700000 2 74.910544 958.384077 6.287908 3.842348
86.800000 2 74.910043 963.881570 6.287966 3.841120
86.900000 2 74.909542 969.410546 6.288024 3.839893
87.000000 2 74.909041 974.971187 6.288081 3.838665
87.100000 2 74.908539 980.563674 6.288139 3.837438
87.200000 2 74.908038 986.188188 6.288197 3.836210
87.300000 2 74.907537 991.844912 6.288255 3.834982
87.400000 2 74.907036 997.534031 6.288313 3.833755
87.500000 2 74.906535 1003.255730 6.288371 3.832527
87.600000 2 74.906033 1009.010195 6.288429 3.831300
87.700000 2 74.905532 1014.797614 6.288487 3.830073
87.800000 2 74.905031 1020.618174 6.288545 3.828845
87.900000 2 74.904530 1026.472066 6.288603 3.827618
88.000000 2 74.904029 1032.359480 6.288661 3.826390
88.100000 2 74.903527 1038.280608 6.288719 3.825163
88.200000 2 74.903026 1044.235642 6.288777 3.823935
88.300000 2 74.902525 1050.224776 6.288834 3.822708
88.400000 2 74.902024 1056.248205 6.288892 3.821481
88.500000 2 74.901522 1062.306126 6.288950 3.820253
88.600000 2 74.901021 1068.398735 6.289008 3.819026
88.700000 2 74.900520 1074.526231 6.289066 3.817799
88.800000 2 74.900019 1080.688813 6.289124 3.816571
88.900000 2 74.899517 1086.886682 6.289182 3.815344
89.000000 2 74.899016 1093.120039 6.289240 3.814117
89.100000 2 74.898515 1099.389087 6.289298 3.812889
89.200000 2 74.898014 1105.694031 6.289356 3.811662
89.300000 2 74.897512 1112.035076 6.289414 3.810435
89.400000 2 74.897011 1118.412427 6.289472 3.809207
89.500000 2 74.896510 1124.826293 6.289530 3.807980
89.600000 2 74.896008 1131.276882 6.289587 3.806753
89.700000 2 74.895507 1137.764405 6.289645 3.805526
89.800000 2 74.895006 1144.289071 6.289703 3.804299
89.900000 2 74.894505 1150.851094 6.289761 3.803071
90.000000 2 74.894003 1157.450688 6.289819 3.801844
90.100000 2 74.893502 1164.088066 6.289877 3.800617
90.200000 2 74.893001 1170.763445 6.289935 3.799390
90.300000 2 74.892499 1177.477042 6.289993 3.798163
90.400000 2 74.891998 1184.229076 6.290051 3.796935
90.500000 2 74.891497 1191.019765 6.290109 3.795708
90.600000 2 74.890996 1197.849332 6.290167 3.794481
90.700000 2 74.890494 1204.717999 6.290225 3.793254
90.800000 2 74.889993 1211.625988 6.290283 3.792027
90.900000 2 74.889492 1218.573525 6.290340 3.790800
91.000000 2 74.888990 1225.560836 6.290398 3.789573
91.100000 2 74.888489 1232.588147 6.290456 3.788346
91.200000 2 74.887988 1239.655689 6.290514 3.787119
91.300000 2 74.887486 1246.763689 6.290572 3.785892
91.400000 2 74.886985 1253.912381 6.290630 3.784664
91.500000 2 74.886484 1261.101996 6.290688 3.783437
91.600000 2 74.885982 1268.332768 6.290746 3.782210
91.700000 2 74.885481 1275.604933 6.290804 3.780983
91.800000 2 74.884980 1282.918727 6.290862 3.779756
91.900000 2 74.884478 1290.274388 6.290920 3.778529
92.000000 2 74.883977 1297.672155 6.290978 3.777302
92.100000 2 74.883475 1305.112268 6.291036 3.776076
92.200000 2 74.882974 1312.594971 6.291093 3.774849
92.300000 2 74.882473 1320.120506 6.291151 3.773622
92.400000 2 74.881971 1327.689118 6.291209 3.772395
92.500000 2 74.881470 1335.301054 6.291267 3.771168
92.600000 2 74.880969 1342.956560 6.291325 3.769941
92.700000 2 74.880467 1350.655886 6.291383 3.768714
92.800000 2 74.879966 1358.399282 6.291441 3.767487
92.900000 2 74.879464 1366.187000 6.291499 3.766260
93.000000 2 74.878963 1374.019294 6.291557 3.765033
93.100000 2 74.878462 1381.896418 6.291615 3.763807
93.200000 2 74.877960 1389.818628 6.291673 3.762580
93.300000 2 74.877459 1397.786182 6.291731 3.761353
93.400000 2 74.876957 1405.799339 6.291789 3.760126
93.500000 2 74.876456 1413.858359 6.291847 3.758899
93.600000 2 74.875955 1421.963506 6.291904 3.757672
93.700000 2 74.875453 1430.115041 6.291962 3.756446
93.800000 2 74.874952 1438.313231 6.292020 3.755219
93.900000 2 74.874450 1446.558342 6.292078 3.753992
94.000000 2 74.873949 1454.850642 6.292136 3.752765
94.100000 2 74.873448 1463.190400 6.292194 3.751539
94.200000 2 74.872946 1471.577888 6.292252 3.750312
94.300000 2 74.872445 1480.013379 6.292310 3.749085
94.400000 2 74.871943 1488.497147 6.292368 3.747859
94.500000 2 74.871442 1497.029468 6.292426 3.746632
94.600000 2 74.870940 1505.610618 6.292484 3.745405
94.700000 2 74.870439 1514.240878 6.292542 3.744178
94.800000 2 74.869937 1522.920527 6.292600 3.742952
94.900000 2 74.869436 1531.649848 6.292658 3.741725
95.000000 2 74.868935 1540.429125 6.292715 3.740499
95.100000 2 74.868433 1549.258643 6.292773 3.739272
95.200000 2 74.867932 1558.138690 6.292831 3.738045
95.300000 2 74.867430 1567.069553 6.292889 3.736819
95.400000 2 74.866929 1576.051523 6.292947 3.735592
95.500000 2 74.866427 1585.084892 6.293005 3.734366
95.600000 2 74.865926 1594.169954 6.293063 3.733139
95.700000 2 74.865424 1603.307005 6.293121 3.731912
95.800000 2 74.864923 1612.496340 6.293179 3.730686
95.900000 2 74.864421 1621.738259 6.293237 3.729459
96.000000 2 74.863920 1631.033063 6.293295 3.728233
96.100000 2 74.863418 1640.381053 6.293353 3.727006
96.200000 2 74.862917 1649.782533 6.293411 3.725780
96.300000 2 74.862415 1659.237809 6.293469 3.724553
96.400000 2 74.861914 1668.747188 6.293526 3.723327
96.500000 2 74.861412 1678.310980 6.293584 3.722100
96.600000 2 74.860911 1687.929494 6.293642 3.720874
96.700000 2 74.860409 1697.603044 6.293700 3.719648
96.800000 2 74.859908 1707.331945 6.293758 3.718421
96.900000 2 74.859406 1717.116511 6.293816 3.717195
97.000000 2 74.858905 1726.957062 6.293874 3.715968
97.100000 2 74.858403 1736.853916 6.293932 3.714742
97.200000 2 74.857902 1746.807397 6.293990 3.713516
97.300000 2 74.857400 1756.817826 6.294048 3.712289
97.400000 2 74.856899 1766.885530 6.294106 3.711063
97.500000 2 74.856397 1777.010836 6.294164 3.709836
97.600000 2 74.855895 1787.194072 6.294222 3.708610
97.700000 2 74.855394 1797.435570 6.294280 3.707384
97.800000 2 74.854892 1807.735662 6.294337 3.706157
97.900000 2 74.854391 1818.094683 6.294395 3.704931
98.000000 2 74.853889 1828.512969 6.294453 3.703705
98.100000 2 74.853388 1838.990860 6.294511 3.702479
98.200000 2 74.852886 1849.528696 6.294569 3.701252
98.300000 2 74.852385 1860.126818 6.294627 3.700026
98.400000 2 74.851883 1870.785571 6.294685 3.698800
98.500000 2 74.851381 1881.505303 6.294743 3.697574
98.600000 2 74.850880 1892.286360 6.294801 3.696347
98.700000 2 74.850378 1903.129093 6.294859 3.695121
98.800000 2 74.849877 1914.033855 6.294917 3.693895
98.900000 2 74.849375 1925.000999 6.294975 3.692669
99.000000 2 74.848873 1936.030882 6.295033 3.691443
99.100000 2 74.848372 1947.123863 6.295091 3.690216
99.200000 2 74.847870 1958.280301 6.295149 3.688990
99.300000 2 74.847369 1969.500560 6.295206 3.687764
99.400000 2 74.846867 1980.785003 6.295264 3.686538
99.500000 2 74.846365 1992.133997 6.295322 3.685312
99.600000 2 74.845864 2003.547911 6.295380 3.684086
99.700000 2 74.845362 2015.027115 6.295438 3.682860
99.800000 2 74.844861 2026.571983 6.295496 3.681634
99.900000 2 74.844359 2038.182889 6.295554 3.680408
100.000000 2 74.843857 2049.860211 6.295612 3.679181
100.100000 2 74.843356 2061.604328 6.295670 3.677955
100.200000 2 74.842854 2073.415621 6.295728 3.676729
100.300000 2 74.842352 2085.294474 6.295786 3.675503
100.400000 2 74.841851 2097.241272 6.295844 3.674277
100.500000 2 74.841349 2109.256405 6.295902 3.673051
100.600000 2 74.840848 2121.340261 6.295960 3.671825
100.700000 2 74.840346 2133.493234 6.296018 3.670599
100.800000 2 74.839844 2145.715717 6.296075 3.669373
100.900000 2 74.839343 2158.008109 6.296133 3.668147
101.000000 2 74.838841 2170.370808 6.296191 3.666921
101.100000 2 74.838339 2182.804216 6.296249 3.665695
101.200000 2 74.837838 2195.308736 6.296307 3.664470
101.300000 2 74.837336 2207.884775 6.296365 3.663244
101.400000 2 74.836834 2220.532740 6.296423 3.662018
101.500000 2 74.836333 2233.253043 6.296481 3.660792
101.600000 2 74.835831 2246.046097 6.296539 3.659566
101.700000 2 74.835329 2258.912317 6.296597 3.658340
101.800000 2 74.834828 2271.852120 6.296655 3.657114
101.900000 2 74.834326 2284.865928 6.296713 3.655888
102.000000 2 74.833824 2297.954162 6.296771 3.654663
102.100000 2 74.833322 2311.117248 6.296829 3.653437
102.200000 2 74.832821 2324.355612 6.296887 3.652211
102.300000 2 74.832319 2337.669685 6.296944 3.650985
102.400000 2 74.831817 2351.059899 6.297002 3.649759
102.500000 2 74.831316 2364.526689 6.297060 3.648534
102.600000 2 74.830814 2378.070491 6.297118 3.647308
102.700000 2 74.830312 2391.691746 6.297176 3.646082
102.800000 2 74.829811 2405.390896 6.297234 3.644856
102.900000 2 74.829309 2419.168385 6.297292 3.643631
103.000000 2 74.828807 2433.024661 6.297350 3.642405
103.100000 2 74.828305 2446.960174 6.297408 3.641179
103.200000 2 74.827804 2460.975375 6.297466 3.639953
103.300000 2 74.827302 2475.070721 6.297524 3.638728
103.400000 2 74.826800 2489.246667 6.297582 3.637502
103.500000 2 74.826298 2503.503676 6.297640 3.636276
103.600000 2 74.825797 2517.842208 6.297698 3.635051
103.700000 2 74.825295 2532.262731 6.297756 3.633825
103.800000 2 74.824793 2546.765711 6.297814 3.632599
103.900000 2 74.824291 2561.351620 6.297871 3.631374
104.000000 2 74.823790 2576.020931 6.297929 3.630148
104.100000 2 74.823288 2590.774120 6.297987 3.628923
104.200000 2 74.822786 2605.611666 6.298045 3.627697
104.300000 2 74.822284 2620.534050 6.298103 3.626471
104.400000 2 74.821783 2635.541757 6.298161 3.625246
104.500000 2 74.821281 2650.635274 6.298219 3.624020
104.600000 2 74.820779 2665.815090 6.298277 3.622795
104.700000 2 74.820277 2681.081699 6.298335 3.621569
104.800000 2 74.819776 2696.435596 6.298393 3.620344
104.900000 2 74.819274 2711.877278 6.298451 3.619118
105.000000 2 74.818772 2727.407248 6.298509 3.617893
105.100000 2 74.814758 2747.403416 6.298972 3.616422
105.200000 4 74.813859 2747.403416 6.299086 3.616451
105.300000 4 74.813754 2747.403416 6.299086 3.616451
105.400000 4 74.253857 2747.403416 6.299703 3.616605
105.500000 4 73.693961 2747.403416 6.300320 3.616759
105.600000 4 73.134065 2747.403416 6.300937 3.616914
105.700000 4 72.574168 2747.403416 6.301554 3.617068
105.800000 4 72.014272 2747.403416 6.302171 3.617222
105.900000 4 71.454376 2747.403416 6.302788 3.617376
106.000000 4 70.894479 2747.403416 6.303405 3.617530
106.100000 4 70.334583 2747.403416 6.304022 3.617685
106.200000 4 69.774687 2747.403416 6.304638 3.617839
106.300000 4 69.214790 2747.403416 6.305255 3.617993
106.400000 4 68.654894 2747.403416 6.305872 3.618147
106.500000 4 68.094998 2747.403416 6.306489 3.618302
106.600000 4 67.535102 2747.403416 6.307106 3.618456
106.700000 4 66.975205 2747.403416 6.307723 3.618610
106.800000 4 66.415309 2747.403416 6.308340 3.618764
106.900000 4 65.855413 2747.403416 6.308957 3.618919
107.000000 4 65.295516 2747.403416 6.309574 3.619073
107.100000 4 64.735620 2747.403416 6.310191 3.619227
107.200000 4 64.175724 2747.403416 6.310808 3.619381
107.300000 4 63.615827 2747.403416 6.311425 3.619536
107.400000 4 63.055931 2747.403416 6.312042 3.619690
107.500000 4 62.496035 2747.403416 6.312659 3.619844
107.600000 4 61.936138 2747.403416 6.313276 3.619998
107.700000 4 61.376242 2747.403416 6.313893 3.620153
107.800000 4 60.816346 2747.403416 6.314510 3.620307
107.900000 4 60.256449 2747.403416 6.315127 3.620461
108.000000 4 59.696553 2747.403416 6.315744 3.620615
108.100000 4 59.136657 2747.403416 6.316361 3.620770
108.200000 4 58.576760 2747.403416 6.316978 3.620924
108.300000 4 58.016864 2747.403416 6.317595 3.621078
108.400000 4 57.456968 2747.403416 6.318212 3.621232
108.500000 4 56.897071 2747.403416 6.318829 3.621387
108.600000 4 56.337175 2747.403416 6.319446 3.621541
108.700000 4 55.777279 2747.403416 6.320063 3.621695
108.800000 4 55.219506 2747.403416 6.320677 3.621849
108.900000 4 54.667312 2747.403416 6.321286 3.622001
109.000000 4 54.120639 2747.403416 6.321888 3.622151
109.100000 4 53.579433 2747.403416 6.322485 3.622301
109.200000 4 53.043639 2747.403416 6.323075 3.622448
109.300000 4 52.513203 2747.403416 6.323660 3.622594
109.400000 4 51.988071 2747.403416 6.324238 3.622739
109.500000 4 51.468191 2747.403416 6.324811 3.622882
109.600000 4 50.953509 2747.403416 6.325378 3.623024
109.700000 4 50.443975 2747.403416 6.325940 3.623164
109.800000 4 49.939535 2747.403416 6.326496 3.623303
109.900000 4 49.440140 2747.403416 6.327046 3.623441
110.000000 4 48.945739 2747.403416 6.327591 3.623577
110.100000 4 48.456282 2747.403416 6.328130 3.623712
110.200000 4 47.971720 2747.403416 6.328664 3.623845
110.300000 4 47.492003 2747.403416 6.329193 3.623977
110.400000 4 47.017083 2747.403416 6.329716 3.624108
110.500000 4 46.546913 2747.403416 6.330234 3.624238
110.600000 4 46.081444 2747.403416 6.330747 3.624366
110.700000 4 45.620630 2747.403416 6.331255 3.624493
110.800000 4 45.164424 2747.403416 6.331757 3.624619
110.900000 4 44.712780 2747.403416 6.332255 3.624743
111.000000 4 44.265653 2747.403416 6.332748 3.624866
111.100000 4 43.822997 2747.403416 6.333236 3.624988
111.200000 4 43.384767 2747.403416 6.333718 3.625109
111.300000 4 42.950920 2747.403416 6.334197 3.625228
111.400000 4 42.521411 2747.403416 6.334670 3.625347
111.500000 4 42.096197 2747.403416 6.335138 3.625464
111.600000 4 41.675236 2747.403416 6.335602 3.625580
111.700000 4 41.258484 2747.403416 6.336061 3.625695
111.800000 4 40.845899 2747.403416 6.336516 3.625808
111.900000 4 40.437441 2747.403416 6.336966 3.625921
112.000000 4 40.033067 2747.403416 6.337412 3.626032
112.100000 4 39.632736 2747.403416 6.337853 3.626143
112.200000 4 39.236409 2747.403416 6.338289 3.626252
112.300000 4 38.844046 2747.403416 6.338722 3.626360
112.400000 4 38.455605 2747.403416 6.339149 3.626467
112.500000 4 38.071050 2747.403416 6.339573 3.626573
112.600000 4 37.690340 2747.403416 6.339992 3.626677
112.700000 4 37.313437 2747.403416 6.340407 3.626781
112.800000 4 36.940303 2747.403416 6.340817 3.626883
112.900000 4 36.570900 2747.403416 6.341221 3.626985
113.000000 4 36.205191 2747.403416 6.341619 3.627084
113.100000 4 35.843140 2747.403416 6.342005 3.627181
113.200000 4 35.484709 2747.403416 6.342350 3.627267
113.300000 4 35.129862 2747.403416 6.342335 3.627263
113.400000 4 35.107906 2747.403416 6.342273 3.627247
113.500000 4 35.102420 2747.403416 6.342254 3.627243
113.600000 4 35.099678 2747.284041 6.342244 3.627250
113.700000 4 35.098307 2727.584653 6.342239 3.628811
113.800000 4 35.096936 2707.784366 6.342233 3.630392
113.900000 4 35.095565 2687.883852 6.342228 3.631992
114.000000 4 35.094194 2667.883826 6.342223 3.633613
114.100000 4 35.092823 2647.785050 6.342217 3.635253
114.200000 4 35.091452 2627.588328 6.342211 3.636915
114.300000 4 35.090082 2607.294513 6.342206 3.638597
114.400000 4 35.088711 2586.904505 6.342200 3.640300
114.500000 4 35.087340 2566.419252 6.342194 3.642025
114.600000 4 35.085970 2545.839753 6.342188 3.643772
114.700000 4 35.084599 2525.167057 6.342181 3.645541
114.800000 4 35.083229 2504.402264 6.342175 3.647332
114.900000 4 35.081858 2483.546529 6.342169 3.649147
115.000000 4 35.080488 2462.601061 6.342162 3.650984
115.100000 4 35.079117 2441.567121 6.342155 3.652845
