t Ka M R logL logTeff
240.350065 1 0.700084 0.646920 -0.612645 3.702554
480.700224 1 0.700084 0.647741 -0.609542 3.703054
721.050477 1 0.700084 0.648566 -0.606370 3.703571
961.400825 1 0.700084 0.649396 -0.603128 3.704104
1201.751269 1 0.700084 0.650233 -0.599818 3.704651
1442.101810 1 0.700084 0.651078 -0.596439 3.705214
1682.452449 1 0.700084 0.651932 -0.592990 3.705792
1922.803187 1 0.700083 0.652797 -0.589473 3.706383
2163.154025 1 0.700083 0.653675 -0.585886 3.706988
2403.504965 1 0.700083 0.654566 -0.582230 3.707606
2643.856007 1 0.700083 0.655472 -0.578506 3.708237
2884.207152 1 0.700083 0.656395 -0.574712 3.708880
3124.558403 1 0.700083 0.657336 -0.570849 3.709534
3364.909760 1 0.700083 0.658297 -0.566917 3.710200
3605.261224 1 0.700083 0.659279 -0.562916 3.710877
3845.612797 1 0.700083 0.660283 -0.558846 3.711564
4085.964480 1 0.700083 0.661312 -0.554707 3.712261
4326.316275 1 0.700083 0.662366 -0.550499 3.712967
4566.668183 1 0.700083 0.663447 -0.546222 3.713682
4807.020205 1 0.700082 0.664557 -0.541876 3.714405
5047.372344 1 0.700082 0.665697 -0.537461 3.715137
5287.724600 1 0.700082 0.666869 -0.532976 3.715876
5528.076976 1 0.700082 0.668075 -0.528423 3.716622
5768.429473 1 0.700082 0.669315 -0.523800 3.717375
6008.782093 1 0.700082 0.670592 -0.519109 3.718134
6249.134838 1 0.700082 0.671907 -0.514348 3.718899
6489.487709 1 0.700082 0.673263 -0.509518 3.719669
6729.840708 1 0.700082 0.674660 -0.504619 3.720443
6970.193839 1 0.700082 0.676100 -0.499651 3.721222
7210.547101 1 0.700082 0.677585 -0.494614 3.722005
7450.900499 1 0.700081 0.679117 -0.489507 3.722791
7691.254033 1 0.700081 0.680698 -0.484332 3.723581
7931.607707 1 0.700081 0.682328 -0.479087 3.724372
8171.961522 1 0.700081 0.684011 -0.473772 3.725166
8412.315481 1 0.700081 0.685748 -0.468388 3.725961
8652.669587 1 0.700081 0.687541 -0.462935 3.726757
8893.023841 1 0.700081 0.689392 -0.457412 3.727554
9133.378247 1 0.700081 0.691303 -0.451819 3.728352
9373.732808 1 0.700081 0.693275 -0.446155 3.729149
9614.087525 1 0.700080 0.695312 -0.440422 3.729945
9854.442403 1 0.700080 0.697414 -0.434618 3.730741
10094.797444 1 0.700080 0.699585 -0.428743 3.731535
10335.152652 1 0.700080 0.701826 -0.422797 3.732327
10575.508029 1 0.700080 0.704140 -0.416779 3.733116
10815.863579 1 0.700080 0.706529 -0.410688 3.733903
11056.219305 1 0.700080 0.708996 -0.404525 3.734688
11296.575211 1 0.700079 0.711543 -0.398287 3.735468
11536.931301 1 0.700079 0.714173 -0.391976 3.736245
11777.287579 1 0.700079 0.716888 -0.385588 3.737018
12017.644048 1 0.700079 0.719692 -0.379124 3.737786
12258.000713 1 0.700079 0.722587 -0.372581 3.738550
12498.357577 1 0.700079 0.725577 -0.365959 3.739309
12738.714646 1 0.700079 0.728666 -0.359255 3.740063
12979.071924 1 0.700078 0.731855 -0.352468 3.740811
13219.429416 1 0.700078 0.735150 -0.345594 3.741554
13459.787126 1 0.700078 0.738554 -0.338632 3.742291
13700.145060 1 0.700078 0.742072 -0.331578 3.743023
13940.503224 1 0.700078 0.745707 -0.324429 3.743749
14180.861622 1 0.700078 0.749464 -0.317181 3.744470
14421.220261 1 0.700077 0.753350 -0.309830 3.745185
14661.579146 1 0.700077 0.757368 -0.302370 3.745895
14901.938284 1 0.700077 0.761524 -0.294796 3.746600
15142.297681 1 0.700077 0.765826 -0.287103 3.747300
15382.657345 1 0.700077 0.770279 -0.279282 3.747996
15623.017282 1 0.700076 0.774891 -0.271326 3.748689
15863.377500 1 0.700076 0.779669 -0.263226 3.749379
16103.738007 1 0.700076 0.784623 -0.254974 3.750067
16344.098811 1 0.700076 0.789760 -0.246557 3.750754
16584.459921 1 0.700075 0.795092 -0.237964 3.751441
16824.821345 1 0.700075 0.800629 -0.229182 3.752129
17065.183093 1 0.700075 0.806383 -0.220196 3.752821
17305.545176 1 0.700075 0.812366 -0.210990 3.753517
17545.907604 1 0.700074 0.818594 -0.201546 3.754220
17786.270389 1 0.700074 0.825080 -0.191844 3.754932
18026.633542 1 0.700074 0.831842 -0.181863 3.755654
18266.997076 1 0.700074 0.838899 -0.171579 3.756391
18507.361005 1 0.700073 0.846271 -0.160965 3.757145
18747.725344 1 0.700073 0.853980 -0.149993 3.757919
18988.090107 1 0.700073 0.862052 -0.138631 3.758716
19228.455312 1 0.700072 0.870514 -0.126846 3.759541
19348.638145 1 0.700072 0.874901 -0.120783 3.759965
19468.821097 1 0.700072 0.879398 -0.114599 3.760398
19589.004172 1 0.700072 0.884010 -0.108290 3.760839
19709.187372 1 0.700072 0.888741 -0.101850 3.761291
19829.370700 1 0.700071 0.893596 -0.095273 3.761752
19949.554159 1 0.700071 0.898582 -0.088554 3.762223
20069.737752 1 0.700071 0.903704 -0.081685 3.762706
20189.921481 1 0.700071 0.908970 -0.074662 3.763200
20310.105352 1 0.700070 0.914387 -0.067476 3.763707
20430.289366 1 0.700070 0.919963 -0.060121 3.764225
20550.473529 1 0.700070 0.925708 -0.052589 3.764756
20670.657842 1 0.700070 0.931632 -0.044874 3.765300
20790.842312 1 0.700070 0.937746 -0.036966 3.765857
20911.026941 1 0.700069 0.944063 -0.028858 3.766426
21031.211736 1 0.700069 0.950599 -0.020540 3.767007
21151.396699 1 0.700069 0.957372 -0.012005 3.767599
21271.581837 1 0.700069 0.964400 -0.003242 3.768201
21391.767154 1 0.700068 0.971709 0.005758 3.768812
21511.952657 1 0.700068 0.979325 0.015005 3.769429
21632.138351 1 0.700068 0.987280 0.024510 3.770048
21752.324242 1 0.700067 0.995615 0.034284 3.770666
21872.510338 1 0.700067 1.004375 0.044338 3.771277
21992.696646 1 0.700067 1.013615 0.054685 3.771875
22112.883173 1 0.700066 1.023404 0.065335 3.772451
22172.976551 1 0.700066 1.028528 0.070779 3.772727
22233.069987 1 0.700066 1.033821 0.076303 3.772994
22293.163484 1 0.700066 1.039296 0.081910 3.773248
22353.257043 1 0.700066 1.044966 0.087601 3.773490
22413.350664 1 0.700065 1.050848 0.093379 3.773715
22473.444349 1 0.700065 1.056959 0.099244 3.773922
22533.538099 1 0.700065 1.063318 0.105199 3.774109
22593.631917 1 0.700065 1.069947 0.111245 3.774271
22653.725803 1 0.700065 1.076869 0.117385 3.774405
22713.819759 1 0.700064 1.084110 0.123620 3.774509
22773.913786 1 0.700064 1.091701 0.129952 3.774577
22834.007886 1 0.700064 1.099673 0.136383 3.774604
22894.102061 1 0.700064 1.108063 0.142916 3.774587
22954.196314 1 0.700063 1.116912 0.149552 3.774519
23014.290644 1 0.700063 1.126263 0.156293 3.774394
23074.385056 1 0.700063 1.136169 0.163142 3.774204
23134.479550 1 0.700063 1.146685 0.170100 3.773943
23194.574130 1 0.700062 1.157875 0.177170 3.773602
23224.621463 1 0.700062 1.163744 0.180748 3.773399
23254.668819 1 0.700062 1.169809 0.184355 3.773172
23284.716198 1 0.700062 1.176081 0.187991 3.772920
23314.763600 1 0.700062 1.182569 0.191656 3.772641
23344.811025 1 0.700062 1.189285 0.195351 3.772335
23374.858474 1 0.700062 1.196243 0.199076 3.772000
23404.905948 1 0.700061 1.203454 0.202831 3.771634
23434.953445 1 0.700061 1.210933 0.206617 3.771235
23465.000968 1 0.700061 1.218694 0.210433 3.770802
23495.048517 1 0.700061 1.226754 0.214281 3.770332
23525.096091 1 0.700061 1.235128 0.218161 3.769825
23555.143691 1 0.700061 1.243835 0.222072 3.769277
23585.191318 1 0.700061 1.252894 0.226015 3.768687
23615.238972 1 0.700060 1.262325 0.229991 3.768053
23645.286653 1 0.700060 1.272150 0.234000 3.767371
23675.334363 1 0.700060 1.282392 0.238041 3.766641
23705.382101 1 0.700060 1.293075 0.242117 3.765858
23735.429868 1 0.700060 1.304226 0.246226 3.765021
23765.477665 1 0.700059 1.315873 0.250369 3.764126
23795.525492 1 0.700059 1.328047 0.254546 3.763170
23825.573349 1 0.700059 1.340780 0.258758 3.762151
23851.865252 1 0.700059 1.352407 0.262473 3.761205
23874.870689 1 0.700059 1.362974 0.265745 3.760333
23895.000462 1 0.700059 1.372534 0.268626 3.759535
23912.614027 1 0.700059 1.381152 0.271159 3.758810
23928.025906 1 0.700058 1.388892 0.273387 3.758153
23941.511309 1 0.700058 1.395822 0.275343 3.757561
23965.110775 1 0.700058 1.408319 0.278785 3.756486
23982.810390 1 0.700058 1.418012 0.281381 3.755646
23996.085111 1 0.700058 1.425468 0.283337 3.754996
24015.997202 1 0.700058 1.436964 0.286284 3.753988
24035.909310 2 0.700058 1.448849 0.289247 3.752941
24041.823732 2 0.700053 1.454801 0.291025 3.752495
24047.878582 2 0.700048 1.460920 0.292844 3.752039
24053.933597 2 0.700043 1.467064 0.294664 3.751582
24059.988778 2 0.700038 1.473233 0.296484 3.751126
24066.044125 2 0.700033 1.479429 0.298304 3.750669
24072.099642 2 0.700028 1.485651 0.300123 3.750213
24078.155328 2 0.700023 1.491898 0.301943 3.749757
24084.211186 2 0.700018 1.498172 0.303763 3.749300
24090.267217 2 0.700012 1.504472 0.305582 3.748844
24096.323422 2 0.700007 1.510799 0.307402 3.748388
24102.379803 2 0.700002 1.517152 0.309221 3.747931
24108.436361 2 0.699996 1.523532 0.311041 3.747475
24114.493099 2 0.699991 1.529938 0.312860 3.747019
24120.550016 2 0.699986 1.536372 0.314680 3.746562
24126.607116 2 0.699980 1.542832 0.316499 3.746106
24132.664399 2 0.699975 1.549320 0.318318 3.745650
24138.721867 2 0.699969 1.555834 0.320138 3.745193
24144.779522 2 0.699963 1.562376 0.321957 3.744737
24150.837364 2 0.699958 1.568946 0.323776 3.744281
24156.895397 2 0.699952 1.575542 0.325595 3.743824
24162.953621 2 0.699946 1.582167 0.327414 3.743368
24169.012038 2 0.699940 1.588819 0.329233 3.742912
24175.070650 2 0.699935 1.595499 0.331052 3.742455
24181.129458 2 0.699929 1.602208 0.332872 3.741999
24187.188464 2 0.699923 1.608944 0.334690 3.741543
24193.247669 2 0.699917 1.615708 0.336509 3.741086
24199.307077 2 0.699911 1.622501 0.338328 3.740630
24205.366687 2 0.699904 1.629323 0.340147 3.740174
24211.426502 2 0.699898 1.636173 0.341966 3.739718
24217.486523 2 0.699892 1.643051 0.343785 3.739261
24223.546753 2 0.699886 1.649959 0.345604 3.738805
24229.607193 2 0.699879 1.656895 0.347422 3.738349
24235.667844 2 0.699873 1.663861 0.349241 3.737892
24241.728710 2 0.699867 1.670855 0.351060 3.737436
24247.789791 2 0.699860 1.677879 0.352878 3.736980
24253.851089 2 0.699854 1.684932 0.354697 3.736524
24259.912606 2 0.699847 1.692015 0.356515 3.736067
24265.974344 2 0.699840 1.699128 0.358334 3.735611
24272.036306 2 0.699834 1.706270 0.360152 3.735155
24278.098492 2 0.699827 1.713443 0.361971 3.734698
24284.160905 2 0.699820 1.720645 0.363789 3.734242
24290.223546 2 0.699813 1.727877 0.365607 3.733786
24296.286418 2 0.699806 1.735140 0.367426 3.733330
24302.349523 2 0.699799 1.742433 0.369244 3.732873
24308.412862 2 0.699792 1.749757 0.371062 3.732417
24314.476437 2 0.699785 1.757112 0.372880 3.731961
24320.540252 2 0.699778 1.764497 0.374698 3.731505
24326.604306 2 0.699770 1.771913 0.376516 3.731048
24332.668604 2 0.699763 1.779360 0.378334 3.730592
24338.733146 2 0.699756 1.786839 0.380152 3.730136
24344.797935 2 0.699748 1.794348 0.381970 3.729680
24350.862973 2 0.699741 1.801889 0.383788 3.729224
24356.928261 2 0.699733 1.809462 0.385606 3.728767
24362.993803 2 0.699726 1.817067 0.387424 3.728311
24369.059601 2 0.699718 1.824703 0.389242 3.727855
24375.125655 2 0.699710 1.832371 0.391060 3.727399
24381.191970 2 0.699702 1.840071 0.392877 3.726943
24387.258546 2 0.699695 1.847804 0.394695 3.726486
24393.325386 2 0.699687 1.855569 0.396513 3.726030
24399.392493 2 0.699679 1.863366 0.398330 3.725574
24405.459868 2 0.699670 1.871196 0.400148 3.725118
24411.527514 2 0.699662 1.879059 0.401965 3.724662
24417.595434 2 0.699654 1.886955 0.403783 3.724205
24423.663629 2 0.699646 1.894884 0.405600 3.723749
24429.732102 2 0.699637 1.902846 0.407418 3.723293
24435.800855 2 0.699629 1.910841 0.409235 3.722837
24441.869891 2 0.699621 1.918870 0.411052 3.722381
24447.939212 2 0.699612 1.926932 0.412870 3.721925
24454.008820 2 0.699603 1.935029 0.414687 3.721469
24460.078719 2 0.699595 1.943159 0.416504 3.721012
24466.148909 2 0.699586 1.951323 0.418321 3.720556
24472.219395 2 0.699577 1.959521 0.420138 3.720100
24478.290178 2 0.699568 1.967753 0.421955 3.719644
24484.361262 2 0.699559 1.976020 0.423772 3.719188
24490.432648 2 0.699550 1.984322 0.425589 3.718732
24496.504338 2 0.699541 1.992658 0.427406 3.718276
24502.576337 2 0.699531 2.001029 0.429223 3.717820
24508.648646 2 0.699522 2.009435 0.431040 3.717364
24514.721268 2 0.699513 2.017876 0.432857 3.716908
24520.794206 2 0.699503 2.026353 0.434674 3.716451
24526.867462 2 0.699494 2.034865 0.436491 3.715995
24532.941039 2 0.699484 2.043413 0.438307 3.715539
24539.014940 2 0.699474 2.051996 0.440124 3.715083
24545.089168 2 0.699464 2.060615 0.441941 3.714627
24551.163725 2 0.699454 2.069271 0.443757 3.714171
24557.238614 2 0.699444 2.077962 0.445574 3.713715
24563.313839 2 0.699434 2.086690 0.447390 3.713259
24569.389401 2 0.699424 2.095455 0.449207 3.712803
24575.465304 2 0.699414 2.104256 0.451023 3.712347
24581.541551 2 0.699404 2.113094 0.452840 3.711891
24587.618145 2 0.699393 2.121968 0.454656 3.711435
24593.695088 2 0.699383 2.130880 0.456472 3.710979
24599.772384 2 0.699372 2.139829 0.458288 3.710523
24605.850035 2 0.699361 2.148816 0.460105 3.710067
24611.928045 2 0.699351 2.157840 0.461921 3.709611
24618.006417 2 0.699340 2.166902 0.463737 3.709155
24624.085154 2 0.699329 2.176002 0.465553 3.708699
24630.164258 2 0.699318 2.185140 0.467369 3.708243
24636.243734 2 0.699307 2.194316 0.469185 3.707787
24642.323584 2 0.699295 2.203530 0.471001 3.707331
24642.464445 3 0.699295 2.203744 0.471043 3.707321
24648.528211 3 0.699284 2.216926 0.475638 3.707175
24655.375386 3 0.699271 2.232051 0.480876 3.707008
24662.154089 3 0.699258 2.247283 0.486114 3.706840
24668.865005 3 0.699245 2.262621 0.491352 3.706673
24675.508812 3 0.699231 2.278068 0.496589 3.706505
24682.086181 3 0.699218 2.293623 0.501827 3.706336
24688.597776 3 0.699204 2.309287 0.507065 3.706168
24695.044255 3 0.699191 2.325062 0.512303 3.705999
24701.426269 3 0.699177 2.340948 0.517540 3.705830
24707.744464 3 0.699163 2.356946 0.522778 3.705660
24713.999476 3 0.699149 2.373057 0.528016 3.705490
24720.191938 3 0.699135 2.389281 0.533254 3.705320
24726.322476 3 0.699120 2.405620 0.538492 3.705150
24732.391708 3 0.699106 2.422073 0.543729 3.704979
24738.400248 3 0.699091 2.438643 0.548967 3.704808
24744.348702 3 0.699077 2.455330 0.554205 3.704637
24750.237672 3 0.699062 2.472135 0.559443 3.704465
24756.067752 3 0.699047 2.489059 0.564680 3.704293
24761.839532 3 0.699032 2.506102 0.569918 3.704121
24767.553593 3 0.699017 2.523266 0.575156 3.703948
24773.210514 3 0.699001 2.540550 0.580394 3.703775
24778.810866 3 0.698986 2.557958 0.585631 3.703602
24784.355215 3 0.698970 2.575488 0.590869 3.703428
24789.844119 3 0.698954 2.593143 0.596107 3.703254
24795.278135 3 0.698938 2.610922 0.601345 3.703080
24800.657811 3 0.698922 2.628828 0.606582 3.702905
24805.983689 3 0.698906 2.646860 0.611820 3.702730
24811.256310 3 0.698890 2.665020 0.617058 3.702555
24816.476203 3 0.698873 2.683309 0.622296 3.702379
24821.643898 3 0.698857 2.701728 0.627534 3.702203
24826.759916 3 0.698840 2.720278 0.632771 3.702027
24831.824774 3 0.698823 2.738959 0.638009 3.701850
24836.838983 3 0.698806 2.757773 0.643247 3.701673
24841.803050 3 0.698789 2.776720 0.648485 3.701496
24846.717477 3 0.698771 2.795802 0.653722 3.701318
24851.582759 3 0.698754 2.815020 0.658960 3.701140
24856.399388 3 0.698736 2.834375 0.664198 3.700961
24861.167851 3 0.698718 2.853867 0.669436 3.700783
24865.888630 3 0.698700 2.873498 0.674673 3.700603
24870.562200 3 0.698682 2.893269 0.679911 3.700424
24875.189035 3 0.698664 2.913180 0.685149 3.700244
24879.769602 3 0.698645 2.933234 0.690387 3.700064
24884.304363 3 0.698626 2.953430 0.695625 3.699883
24888.793776 3 0.698608 2.973771 0.700862 3.699702
24893.238295 3 0.698589 2.994256 0.706100 3.699521
24897.638369 3 0.698569 3.014888 0.711338 3.699339
24901.994443 3 0.698550 3.035667 0.716576 3.699157
24906.306955 3 0.698531 3.056594 0.721813 3.698975
24910.576342 3 0.698511 3.077671 0.727051 3.698792
24914.803036 3 0.698491 3.098899 0.732289 3.698609
24918.987462 3 0.698471 3.120279 0.737527 3.698426
24923.130045 3 0.698451 3.141811 0.742764 3.698242
24927.231201 3 0.698430 3.163497 0.748002 3.698057
24931.291346 3 0.698410 3.185339 0.753240 3.697873
24935.310890 3 0.698389 3.207337 0.758478 3.697688
24939.290238 3 0.698368 3.229493 0.763715 3.697502
24943.229792 3 0.698347 3.251808 0.768953 3.697316
24947.129951 3 0.698326 3.274282 0.774191 3.697130
24950.991109 3 0.698304 3.296918 0.779429 3.696944
24954.813655 3 0.698282 3.319716 0.784667 3.696757
24958.597975 3 0.698260 3.342678 0.789904 3.696569
24962.344452 3 0.698238 3.365805 0.795142 3.696382
24966.053465 3 0.698216 3.389098 0.800380 3.696193
24969.725387 3 0.698193 3.412559 0.805618 3.696005
24973.360590 3 0.698171 3.436188 0.810855 3.695816
24976.959441 3 0.698148 3.459987 0.816093 3.695627
24980.522304 3 0.698125 3.483957 0.821331 3.695437
24984.049537 3 0.698101 3.508100 0.826569 3.695247
24987.541499 3 0.698078 3.532417 0.831806 3.695056
24990.998541 3 0.698054 3.556909 0.837044 3.694865
24994.421012 3 0.698030 3.581578 0.842282 3.694674
24997.809259 3 0.698006 3.606425 0.847520 3.694482
25001.163624 3 0.697982 3.631450 0.852758 3.694290
25004.484444 3 0.697957 3.656657 0.857995 3.694097
25007.772057 3 0.697932 3.682046 0.863233 3.693904
25011.026793 3 0.697907 3.707617 0.868471 3.693711
25014.248982 3 0.697882 3.733374 0.873709 3.693517
25017.438949 3 0.697856 3.759317 0.878946 3.693323
25020.597017 3 0.697830 3.785448 0.884184 3.693128
25023.723504 3 0.697805 3.811768 0.889422 3.692933
25026.818725 3 0.697778 3.838278 0.894660 3.692737
25029.882995 3 0.697752 3.864980 0.899897 3.692541
25032.916622 3 0.697725 3.891876 0.905135 3.692345
25035.919913 3 0.697698 3.918967 0.910373 3.692148
25038.893171 3 0.697671 3.946254 0.915611 3.691951
25041.836696 3 0.697644 3.973739 0.920848 3.691753
25044.750786 3 0.697616 4.001424 0.926086 3.691555
25047.635735 3 0.697588 4.029310 0.931324 3.691356
25050.491834 3 0.697560 4.057399 0.936562 3.691157
25053.319373 3 0.697531 4.085691 0.941800 3.690958
25056.118636 3 0.697503 4.114190 0.947037 3.690758
25058.889907 3 0.697474 4.142895 0.952275 3.690557
25061.633465 3 0.697445 4.171810 0.957513 3.690357
25064.349587 3 0.697415 4.200935 0.962751 3.690155
25067.038548 3 0.697385 4.230272 0.967988 3.689953
25069.700620 3 0.697355 4.259824 0.973226 3.689751
25072.336070 3 0.697325 4.289590 0.978464 3.689549
25074.945167 3 0.697295 4.319574 0.983702 3.689346
25077.528172 3 0.697264 4.349777 0.988939 3.689142
25080.085347 3 0.697233 4.380200 0.994177 3.688938
25082.616950 3 0.697201 4.410846 0.999415 3.688733
25085.123238 3 0.697170 4.441715 1.004653 3.688528
25087.604462 3 0.697138 4.472810 1.009891 3.688323
25090.060875 3 0.697105 4.504133 1.015128 3.688117
25092.492723 3 0.697073 4.535685 1.020366 3.687911
25094.900253 3 0.697040 4.567468 1.025604 3.687704
25097.283707 3 0.697007 4.599484 1.030842 3.687496
25099.643327 3 0.696973 4.631735 1.036079 3.687289
25101.979351 3 0.696940 4.664222 1.041317 3.687080
25104.292014 3 0.696906 4.696947 1.046555 3.686871
25106.581551 3 0.696871 4.729913 1.051793 3.686662
25108.848192 3 0.696837 4.763120 1.057030 3.686452
25111.092167 3 0.696802 4.796572 1.062268 3.686242
25113.313703 3 0.696766 4.830270 1.067506 3.686031
25115.513022 3 0.696731 4.864215 1.072744 3.685820
25117.690349 3 0.696695 4.898410 1.077981 3.685608
25119.845903 3 0.696659 4.932857 1.083219 3.685396
25121.979901 3 0.696622 4.967558 1.088457 3.685183
25124.092558 3 0.696585 5.002514 1.093695 3.684970
25126.184090 3 0.696548 5.037728 1.098933 3.684756
25128.254706 3 0.696510 5.073202 1.104170 3.684542
25130.304616 3 0.696472 5.108938 1.109408 3.684327
25132.334027 3 0.696434 5.144938 1.114646 3.684112
25134.343143 3 0.696395 5.181203 1.119884 3.683896
25136.332169 3 0.696356 5.217737 1.125121 3.683680
25138.301304 3 0.696317 5.254540 1.130359 3.683463
25140.250748 3 0.696277 5.291616 1.135597 3.683246
25142.180697 3 0.696237 5.328967 1.140835 3.683028
25144.091347 3 0.696197 5.366594 1.146072 3.682809
25145.982891 3 0.696156 5.404500 1.151310 3.682590
25147.855519 3 0.696115 5.442687 1.156548 3.682371
25149.709421 3 0.696073 5.481157 1.161786 3.682151
25151.544783 3 0.696031 5.519912 1.167023 3.681930
25153.361792 3 0.695989 5.558956 1.172261 3.681709
25155.160631 3 0.695946 5.598289 1.177499 3.681488
25156.941482 3 0.695903 5.637915 1.182737 3.681265
25158.704524 3 0.695859 5.677836 1.187975 3.681043
25160.449936 3 0.695815 5.718054 1.193212 3.680820
25162.177893 3 0.695771 5.758571 1.198450 3.680596
25163.888571 3 0.695726 5.799390 1.203688 3.680371
25165.582143 3 0.695681 5.840513 1.208926 3.680146
25167.258778 3 0.695636 5.881942 1.214163 3.679921
25168.918647 3 0.695590 5.923681 1.219401 3.679695
25170.561918 3 0.695543 5.965732 1.224639 3.679468
25172.188756 3 0.695497 6.008096 1.229877 3.679241
25173.799325 3 0.695449 6.050777 1.235114 3.679014
25175.393789 3 0.695402 6.093777 1.240352 3.678785
25176.972308 3 0.695354 6.137099 1.245590 3.678556
25178.535041 3 0.695305 6.180745 1.250828 3.678327
25180.082148 3 0.695256 6.224718 1.256066 3.678097
25181.613783 3 0.695207 6.269021 1.261303 3.677867
25183.130103 3 0.695157 6.313655 1.266541 3.677635
25184.631258 3 0.695106 6.358625 1.271779 3.677404
25186.117403 3 0.695055 6.403932 1.277017 3.677171
25187.588686 3 0.695004 6.449579 1.282254 3.676938
25189.045256 3 0.694952 6.495569 1.287492 3.676705
25190.487260 3 0.694900 6.541905 1.292730 3.676471
25191.914845 3 0.694847 6.588590 1.297968 3.676236
25193.328153 3 0.694794 6.635626 1.303205 3.676001
25194.727328 3 0.694740 6.683016 1.308443 3.675765
25196.112512 3 0.694686 6.730763 1.313681 3.675529
25197.483844 3 0.694631 6.778870 1.318919 3.675292
25198.841462 3 0.694576 6.827340 1.324156 3.675054
25200.185505 3 0.694520 6.876176 1.329394 3.674816
25201.516107 3 0.694464 6.925381 1.334632 3.674577
25202.833402 3 0.694407 6.974957 1.339870 3.674337
25204.137525 3 0.694350 7.024908 1.345108 3.674097
25205.428607 3 0.694292 7.075238 1.350345 3.673856
25206.706778 3 0.694234 7.125948 1.355583 3.673615
25207.972167 3 0.694175 7.177042 1.360821 3.673373
25209.224902 3 0.694116 7.228524 1.366059 3.673130
25210.465110 3 0.694056 7.280396 1.371296 3.672887
25211.692916 3 0.693995 7.332661 1.376534 3.672643
25212.908444 3 0.693934 7.385323 1.381772 3.672399
25214.111816 3 0.693872 7.438385 1.387010 3.672154
25215.303155 3 0.693810 7.491851 1.392247 3.671908
25216.482581 3 0.693747 7.545723 1.397485 3.671661
25217.650212 3 0.693684 7.600005 1.402723 3.671414
25218.806167 3 0.693620 7.654700 1.407961 3.671167
25219.950562 3 0.693555 7.709812 1.413199 3.670918
25221.083513 3 0.693490 7.765345 1.418436 3.670669
25222.205135 3 0.693424 7.821300 1.423674 3.670420
25223.315540 3 0.693358 7.877683 1.428912 3.670169
25224.414842 3 0.693290 7.934497 1.434150 3.669918
25225.503151 3 0.693223 7.991744 1.439387 3.669667
25226.580576 3 0.693154 8.049430 1.444625 3.669414
25227.647227 3 0.693085 8.107556 1.449863 3.669161
25228.703212 3 0.693016 8.166128 1.455101 3.668908
25229.748637 3 0.692946 8.225148 1.460338 3.668653
25230.783607 3 0.692875 8.284621 1.465576 3.668398
25231.808228 3 0.692803 8.344550 1.470814 3.668143
25232.822603 3 0.692731 8.404939 1.476052 3.667886
25233.826834 3 0.692658 8.465791 1.481289 3.667629
25234.821022 3 0.692584 8.527111 1.486527 3.667371
25235.805269 3 0.692510 8.588903 1.491765 3.667113
25236.779673 3 0.692435 8.651170 1.497003 3.666854
25237.744333 3 0.692359 8.713916 1.502241 3.666594
25238.699347 3 0.692283 8.777146 1.507478 3.666333
25239.644810 3 0.692206 8.840863 1.512716 3.666072
25240.580819 3 0.692128 8.905071 1.517954 3.665810
25241.507468 3 0.692049 8.969775 1.523192 3.665548
25242.424850 3 0.691970 9.034979 1.528429 3.665284
25243.333059 3 0.691890 9.100686 1.533667 3.665020
25244.232185 3 0.691809 9.166902 1.538905 3.664755
25245.122320 3 0.691728 9.233630 1.544143 3.664490
25246.003554 3 0.691645 9.300875 1.549380 3.664224
25246.875975 3 0.691562 9.368640 1.554618 3.663957
25247.739673 3 0.691478 9.436931 1.559856 3.663689
25248.594733 3 0.691393 9.505752 1.565094 3.663421
25249.441242 3 0.691308 9.575107 1.570332 3.663152
25250.279287 3 0.691222 9.645000 1.575569 3.662882
25251.108951 3 0.691134 9.715437 1.580807 3.662611
25251.930318 3 0.691047 9.786422 1.586045 3.662340
25252.743472 3 0.690958 9.857959 1.591283 3.662068
25253.548494 3 0.690868 9.930054 1.596520 3.661795
25254.345466 3 0.690778 10.002710 1.601758 3.661521
25255.134469 3 0.690686 10.075933 1.606996 3.661247
25255.915581 3 0.690594 10.149727 1.612234 3.660972
25256.688882 3 0.690501 10.224097 1.617471 3.660696
25257.454450 3 0.690407 10.299048 1.622709 3.660419
25258.212363 3 0.690312 10.374586 1.627947 3.660142
25258.962696 3 0.690216 10.450715 1.633185 3.659864
25259.705526 3 0.690120 10.527439 1.638422 3.659585
25260.440927 3 0.690022 10.604765 1.643660 3.659305
25261.168975 3 0.689924 10.682697 1.648898 3.659025
25261.889742 3 0.689824 10.761240 1.654136 3.658743
25262.603302 3 0.689724 10.840400 1.659374 3.658461
25263.309726 3 0.689622 10.920182 1.664611 3.658178
25264.009085 3 0.689520 11.000591 1.669849 3.657895
25264.701452 3 0.689417 11.081633 1.675087 3.657610
25265.386894 3 0.689313 11.163313 1.680325 3.657325
25266.065482 3 0.689207 11.245636 1.685562 3.657039
25266.737284 3 0.689101 11.328608 1.690800 3.656752
25267.402368 3 0.688994 11.412234 1.696038 3.656465
25268.060801 3 0.688885 11.496521 1.701276 3.656176
25268.712650 3 0.688776 11.581474 1.706513 3.655887
25269.357981 3 0.688666 11.667098 1.711751 3.655597
25269.996858 3 0.688554 11.753399 1.716989 3.655306
25270.629346 3 0.688442 11.840384 1.722227 3.655014
25271.255510 3 0.688328 11.928058 1.727465 3.654722
25271.875412 3 0.688213 12.016426 1.732702 3.654428
25272.489114 3 0.688097 12.105496 1.737940 3.654134
25273.096680 3 0.687981 12.195273 1.743178 3.653839
25273.698170 3 0.687862 12.285763 1.748416 3.653543
25274.293646 3 0.687743 12.376972 1.753653 3.653247
25274.883166 3 0.687623 12.468908 1.758891 3.652949
25275.466791 3 0.687501 12.561575 1.764129 3.652651
25276.044580 3 0.687379 12.654980 1.769367 3.652351
25276.616591 3 0.687255 12.749130 1.774604 3.652051
25277.182883 3 0.687130 12.844031 1.779842 3.651750
25277.743511 3 0.687004 12.939690 1.785080 3.651449
25278.298532 3 0.686876 13.036113 1.790318 3.651146
25278.848004 3 0.686748 13.133307 1.795555 3.650842
25279.391981 3 0.686618 13.231279 1.800793 3.650538
25279.930518 3 0.686486 13.330035 1.806031 3.650233
25280.463670 3 0.686354 13.429583 1.811269 3.649926
25280.991490 3 0.686220 13.529929 1.816507 3.649619
25281.514032 3 0.686085 13.631081 1.821744 3.649311
25282.031349 3 0.685949 13.733044 1.826982 3.649003
25282.543492 3 0.685811 13.835828 1.832220 3.648693
25283.050514 3 0.685672 13.939438 1.837458 3.648382
25283.552466 3 0.685532 14.043882 1.842695 3.648071
25284.049398 3 0.685390 14.149167 1.847933 3.647758
25284.541361 3 0.685247 14.255301 1.853171 3.647445
25285.028405 3 0.685102 14.362291 1.858409 3.647131
25285.510577 3 0.684956 14.470145 1.863646 3.646816
25285.987929 3 0.684809 14.578870 1.868884 3.646500
25286.460506 3 0.684660 14.688475 1.874122 3.646183
25286.928358 3 0.684510 14.798966 1.879360 3.645865
25287.391531 3 0.684358 14.910352 1.884598 3.645546
25287.850073 3 0.684205 15.022641 1.889835 3.645226
25288.304029 3 0.684051 15.135840 1.895073 3.644906
25288.753446 3 0.683894 15.249958 1.900311 3.644584
25289.198368 3 0.683737 15.365003 1.905549 3.644261
25289.638842 3 0.683577 15.480984 1.910786 3.643938
25290.074910 3 0.683416 15.597907 1.916024 3.643613
25290.506618 3 0.683254 15.715783 1.921262 3.643288
25290.934009 3 0.683090 15.834619 1.926500 3.642962
25291.357126 3 0.682924 15.954425 1.931737 3.642634
25291.776011 3 0.682757 16.075207 1.936975 3.642306
25292.190708 3 0.682588 16.196977 1.942213 3.641977
25292.601258 3 0.682418 16.319741 1.947451 3.641647
25293.007702 3 0.682245 16.443510 1.952688 3.641315
25293.410082 3 0.682072 16.568292 1.957926 3.640983
25293.808438 3 0.681896 16.694096 1.963164 3.640650
25294.202811 3 0.681718 16.820932 1.968402 3.640316
25294.593240 3 0.681539 16.948809 1.973640 3.639981
25294.979764 3 0.681358 17.077735 1.978877 3.639645
25295.362424 3 0.681176 17.207722 1.984115 3.639308
25295.741256 3 0.680991 17.338777 1.989353 3.638970
25296.116301 3 0.680805 17.470912 1.994591 3.638630
25296.487595 3 0.680617 17.604135 1.999828 3.638290
25296.855176 3 0.680427 17.738456 2.005066 3.637949
25297.219081 3 0.680235 17.873886 2.010304 3.637607
25297.579347 3 0.680041 18.010434 2.015542 3.637264
25297.936010 3 0.679845 18.148111 2.020779 3.636920
25298.289107 3 0.679647 18.286927 2.026017 3.636574
25298.638673 3 0.679447 18.426892 2.031255 3.636228
25298.984743 3 0.679246 18.568017 2.036493 3.635881
25299.327353 3 0.679042 18.710313 2.041730 3.635533
25299.666536 3 0.678836 18.853789 2.046968 3.635183
25300.002328 3 0.678628 18.998457 2.052206 3.634833
25300.334761 3 0.678418 19.144327 2.057444 3.634481
25300.663871 3 0.678206 19.291412 2.062682 3.634129
25300.989689 3 0.677992 19.439721 2.067919 3.633775
25301.312249 3 0.677776 19.589266 2.073157 3.633421
25301.631583 3 0.677558 19.740059 2.078395 3.633065
25301.947725 3 0.677337 19.892110 2.083633 3.632708
25302.260704 3 0.677114 20.045432 2.088870 3.632350
25302.570554 3 0.676889 20.200036 2.094108 3.631992
25302.877306 3 0.676662 20.355933 2.099346 3.631632
25303.180989 3 0.676432 20.513137 2.104584 3.631270
25303.481637 3 0.676200 20.671659 2.109821 3.630908
25303.779277 3 0.675966 20.831511 2.115059 3.630545
25304.073941 3 0.675729 20.992705 2.120297 3.630181
25304.365659 3 0.675490 21.155254 2.125535 3.629815
25304.654459 3 0.675248 21.319171 2.130773 3.629449
25304.940371 3 0.675004 21.484468 2.136010 3.629081
25305.223425 3 0.674758 21.651157 2.141248 3.628712
25305.503647 3 0.674509 21.819253 2.146486 3.628342
25305.781068 3 0.674257 21.988768 2.151724 3.627971
25306.055714 3 0.674003 22.159715 2.156961 3.627599
25306.327614 3 0.673747 22.332108 2.162199 3.627225
25306.596795 3 0.673487 22.505959 2.167437 3.626851
25306.863284 3 0.673226 22.681284 2.172675 3.626475
25307.127108 3 0.672961 22.858095 2.177912 3.626099
25307.388294 3 0.672694 23.036407 2.183150 3.625721
25307.646868 3 0.672424 23.216234 2.188388 3.625342
25307.902856 3 0.672151 23.397589 2.193626 3.624961
25308.156284 3 0.671875 23.580488 2.198863 3.624580
25308.407178 3 0.671597 23.764944 2.204101 3.624197
25308.655564 3 0.671316 23.950973 2.209339 3.623814
25308.901465 3 0.671032 24.138589 2.214577 3.623429
25309.144907 3 0.670745 24.327808 2.219815 3.623043
25309.385915 3 0.670455 24.518644 2.225052 3.622655
25309.624513 3 0.670162 24.711113 2.230290 3.622267
25309.860725 3 0.669866 24.905230 2.235528 3.621877
25310.094574 3 0.669566 25.101011 2.240766 3.621486
25310.326085 3 0.669264 25.298472 2.246003 3.621094
25310.555282 3 0.668959 25.497628 2.251241 3.620701
25310.782186 3 0.668650 25.698497 2.256479 3.620306
25311.006821 3 0.668339 25.901093 2.261717 3.619911
25311.229209 3 0.668024 26.105435 2.266954 3.619514
25311.449374 3 0.667706 26.311537 2.272192 3.619116
25311.667338 3 0.667384 26.519418 2.277430 3.618716
25311.883121 3 0.667059 26.729094 2.282668 3.618315
25312.096747 3 0.666731 26.940583 2.287906 3.617913
25312.308236 3 0.666400 27.153902 2.293143 3.617510
25312.517611 3 0.666064 27.369068 2.298381 3.617106
25312.724892 3 0.665726 27.586100 2.303619 3.616700
25312.930100 3 0.665384 27.805014 2.308857 3.616293
25313.133256 3 0.665038 28.025831 2.314094 3.615885
25313.334380 3 0.664688 28.248567 2.319332 3.615475
25313.533493 3 0.664335 28.473241 2.324570 3.615065
25313.730615 3 0.663979 28.699873 2.329808 3.614652
25313.925766 3 0.663618 28.928481 2.335045 3.614239
25314.118965 3 0.663254 29.159084 2.340283 3.613824
25314.310233 3 0.662886 29.391702 2.345521 3.613408
25314.499587 3 0.662514 29.626354 2.350759 3.612991
25314.687048 3 0.662138 29.863061 2.355996 3.612573
25314.872635 3 0.661758 30.101842 2.361234 3.612153
25315.056365 3 0.661374 30.342717 2.366472 3.611731
25315.238259 3 0.660986 30.585708 2.371710 3.611309
25315.418333 3 0.660593 30.830834 2.376948 3.610885
25315.596606 3 0.660197 31.078117 2.382185 3.610460
25315.773097 3 0.659796 31.327578 2.387423 3.610033
25315.947823 3 0.659391 31.579238 2.392661 3.609605
25316.120802 3 0.658982 31.833120 2.397899 3.609176
25316.292051 3 0.658569 32.089244 2.403136 3.608745
25316.461587 3 0.658151 32.347634 2.408374 3.608313
25316.629428 3 0.657728 32.608311 2.413612 3.607879
25316.795591 3 0.657301 32.871298 2.418850 3.607445
25316.960092 3 0.656869 33.136618 2.424087 3.607008
25317.122948 3 0.656433 33.404294 2.429325 3.606571
25317.284176 3 0.655992 33.674351 2.434563 3.606132
25317.443791 3 0.655547 33.946810 2.439801 3.605691
25317.601810 3 0.655096 34.221697 2.445039 3.605249
25317.758249 3 0.654641 34.499036 2.450276 3.604806
25317.913123 3 0.654180 34.778851 2.455514 3.604361
25318.066449 3 0.653715 35.061167 2.460752 3.603915
25318.218241 3 0.653244 35.346009 2.465990 3.603468
25318.368516 3 0.652769 35.633402 2.471227 3.603019
25318.517288 3 0.652288 35.923373 2.476465 3.602568
25318.664572 3 0.651802 36.215947 2.481703 3.602116
25318.810383 3 0.651311 36.511150 2.486941 3.601663
25318.954736 3 0.650814 36.809009 2.492178 3.601208
25319.097646 3 0.650312 37.109552 2.497416 3.600752
25319.239126 3 0.649805 37.412804 2.502654 3.600294
25319.379192 3 0.649292 37.718794 2.507892 3.599835
25319.517857 3 0.648773 38.027550 2.513129 3.599374
25319.655135 3 0.648248 38.339099 2.518367 3.598911
25319.791041 3 0.647718 38.653470 2.523605 3.598448
25319.925587 3 0.647182 38.970693 2.528843 3.597982
25320.058788 3 0.646640 39.290796 2.534081 3.597515
25320.190657 3 0.646092 39.613809 2.539318 3.597047
25320.321208 3 0.645537 39.939761 2.544556 3.596577
25320.450453 3 0.644977 40.268684 2.549794 3.596105
25320.578405 3 0.644410 40.600607 2.555032 3.595632
25320.705078 3 0.643837 40.935562 2.560269 3.595158
25320.830484 3 0.643258 41.273580 2.565507 3.594681
25320.954636 3 0.642672 41.614692 2.570745 3.594203
25321.077547 3 0.642080 41.958932 2.575983 3.593724
25321.199228 3 0.641481 42.306331 2.581220 3.593243
25321.319693 3 0.640875 42.656922 2.586458 3.592760
25321.438953 3 0.640262 43.010739 2.591696 3.592276
25321.557020 3 0.639643 43.367815 2.596934 3.591790
25321.673907 3 0.639016 43.728185 2.602172 3.591303
25321.789625 3 0.638383 44.091883 2.607409 3.590814
25321.904186 3 0.637742 44.458944 2.612647 3.590323
25322.017601 3 0.637094 44.829404 2.617885 3.589830
25322.129882 3 0.636438 45.203298 2.623123 3.589336
25322.241040 3 0.635775 45.580663 2.628360 3.588840
25322.351086 3 0.635104 45.961536 2.633598 3.588343
25322.460032 3 0.634426 46.345954 2.638836 3.587844
25322.567889 3 0.633740 46.733954 2.644074 3.587343
25322.674667 3 0.633046 47.125576 2.649311 3.586840
25322.780377 3 0.632344 47.520857 2.654549 3.586336
25322.885030 3 0.631634 47.919836 2.659787 3.585830
25322.988637 3 0.630916 48.322555 2.665025 3.585322
25323.091208 3 0.630190 48.729051 2.670262 3.584812
25323.192752 3 0.629455 49.139368 2.675500 3.584301
25323.293282 3 0.628711 49.553545 2.680738 3.583788
25323.393282 3 0.627959 49.971625 2.685976 3.583273
25323.493282 3 0.627198 50.393650 2.691214 3.582756
25323.593282 3 0.626428 50.819662 2.696451 3.582238
25323.693282 3 0.625649 51.249706 2.701689 3.581717
25323.793282 3 0.624861 51.683826 2.706927 3.581195
25323.893282 3 0.624064 52.122065 2.712165 3.580671
25323.993282 3 0.623257 52.564471 2.717402 3.580145
25324.093282 3 0.622441 53.011087 2.722640 3.579617
25324.193282 3 0.621615 53.461961 2.727878 3.579088
25324.293282 3 0.620779 53.917140 2.733116 3.578556
25324.393282 3 0.619933 54.376672 2.738353 3.578023
25324.493282 3 0.619078 54.840605 2.743591 3.577487
25324.593282 3 0.618212 55.308989 2.748829 3.576950
25324.693282 3 0.617335 55.781872 2.754067 3.576411
25324.793282 3 0.616448 56.259306 2.759305 3.575870
25324.893282 3 0.615551 56.741342 2.764542 3.575326
25324.993282 3 0.614642 57.228031 2.769780 3.574781
25325.093282 3 0.613723 57.719427 2.775018 3.574234
25325.193282 3 0.612792 58.215582 2.780256 3.573685
25325.293282 3 0.611850 58.716552 2.785493 3.573134
25325.393282 3 0.610897 59.222390 2.790731 3.572580
25325.493282 3 0.609932 59.733153 2.795969 3.572025
25325.593282 3 0.608955 60.248898 2.801207 3.571468
25325.693282 3 0.607966 60.769681 2.806444 3.570908
25325.793282 3 0.606965 61.295560 2.811682 3.570347
25325.893282 3 0.605952 61.826596 2.816920 3.569783
25325.993282 3 0.604926 62.362848 2.822158 3.569217
25326.093282 3 0.603887 62.904377 2.827395 3.568649
25326.193282 3 0.602835 63.451245 2.832633 3.568079
25326.293282 3 0.601771 64.003514 2.837871 3.567506
25326.393282 3 0.600693 64.561249 2.843109 3.566932
25326.493282 3 0.599601 65.124513 2.848347 3.566355
25326.593282 3 0.598496 65.693374 2.853584 3.565776
25326.693282 3 0.597376 66.267897 2.858822 3.565194
25326.793282 3 0.596243 66.848150 2.864060 3.564611
25326.893282 3 0.595095 67.434203 2.869298 3.564025
25326.993282 3 0.593932 68.026125 2.874535 3.563437
25327.093282 3 0.592755 68.623988 2.879773 3.562846
25327.193282 3 0.591562 69.227864 2.885011 3.562253
25327.293282 3 0.590354 69.837826 2.890249 3.561657
25327.393282 3 0.589131 70.453949 2.895486 3.561060
25327.493282 3 0.587892 71.076309 2.900724 3.560459
25327.593282 3 0.586636 71.704984 2.905962 3.559856
25327.693282 3 0.585364 72.340052 2.911200 3.559251
25327.793282 3 0.584076 72.981592 2.916438 3.558643
25327.893282 3 0.582771 73.629687 2.921675 3.558033
25327.993282 3 0.581448 74.284419 2.926913 3.557420
25328.093282 3 0.580108 74.945872 2.932151 3.556804
25328.193282 3 0.578750 75.614133 2.937389 3.556186
25328.293282 3 0.577374 76.289287 2.942626 3.555565
25328.393282 3 0.575980 76.971425 2.947864 3.554942
25328.493282 3 0.574567 77.660636 2.953102 3.554316
25328.593282 3 0.573135 78.357013 2.958340 3.553687
25328.693282 3 0.571684 79.060650 2.963577 3.553055
25328.793282 3 0.570213 79.771642 2.968815 3.552420
25328.893282 3 0.568721 80.490087 2.974053 3.551783
25328.993282 3 0.567210 81.216084 2.979291 3.551142
25329.093282 3 0.565678 81.949735 2.984528 3.550499
25329.193282 3 0.564124 82.691144 2.989766 3.549853
25329.293282 3 0.562549 83.440414 2.995004 3.549203
25329.393282 3 0.560952 84.197655 3.000242 3.548551
25329.493282 3 0.559333 84.962977 3.005480 3.547896
25329.593282 3 0.557691 85.736490 3.010717 3.547237
25329.693282 3 0.556026 86.518310 3.015955 3.546575
25329.793282 3 0.554337 87.308554 3.021193 3.545910
25329.893282 3 0.552624 88.107340 3.026431 3.545242
25329.993282 3 0.550887 88.914793 3.031668 3.544571
25330.093282 3 0.549124 89.731035 3.036906 3.543896
25330.193282 3 0.547336 90.556195 3.042144 3.543217
25330.293282 3 0.545522 91.390404 3.047382 3.542536
25330.393282 3 0.543682 92.132236 3.052619 3.542090
25330.493282 3 0.541817 92.774745 3.057857 3.541890
25330.593282 3 0.539928 93.414888 3.063095 3.541706
25330.693282 3 0.538016 94.051989 3.068332 3.541540
25330.793282 3 0.536080 94.685299 3.073570 3.541392
25330.893282 3 0.534121 95.313979 3.078808 3.541264
25330.993282 3 0.532137 95.937093 3.084045 3.541159
25331.093282 3 0.530128 96.553587 3.089283 3.541077
25331.193282 3 0.528095 97.162278 3.094521 3.541022
25331.293282 3 0.526037 97.761825 3.099758 3.540995
25331.393282 3 0.523954 98.350707 3.104996 3.541001
25331.493282 3 0.521846 98.927187 3.110233 3.541041
25331.593282 3 0.519712 99.489270 3.115471 3.541120
25331.693282 3 0.517554 100.034653 3.120708 3.541242
25331.793282 3 0.515370 100.560652 3.125945 3.541413
25331.893282 3 0.513161 101.064118 3.131182 3.541638
25331.993282 3 0.510927 101.541317 3.136419 3.541924
25332.093282 3 0.508668 101.987767 3.141656 3.542281
25332.193282 3 0.506384 102.398019 3.146892 3.542718
25332.293282 3 0.504076 102.765335 3.152129 3.543249
25332.393282 3 0.501745 103.081223 3.157364 3.543892
25332.493282 3 0.499391 103.334729 3.162599 3.544667
25332.593282 3 0.497015 103.511317 3.167833 3.545605
25332.693282 3 0.494619 103.591035 3.173066 3.546746
25332.793282 3 0.492205 103.545340 3.178296 3.548149
25332.893282 3 0.489775 103.331306 3.183522 3.549905
25332.993282 3 0.487334 102.880353 3.188742 3.552160
25333.093282 3 0.484885 102.074681 3.193951 3.555169
25333.193282 3 0.483663 101.476949 3.196541 3.557092
25333.293282 3 0.482442 100.695773 3.199125 3.559416
25333.393282 3 0.481835 100.218226 3.200411 3.560770
25333.493282 3 0.481230 99.669202 3.201694 3.562283
25333.593282 3 0.480626 99.035871 3.202973 3.563987
25333.693282 3 0.480026 98.302389 3.204246 3.565920
25333.793282 3 0.479429 97.449094 3.205514 3.568130
25333.893282 3 0.479132 96.970961 3.206145 3.569356
25333.993282 3 0.478837 96.453465 3.206773 3.570675
25334.093282 3 0.478543 95.892627 3.207399 3.572098
25334.193282 3 0.478251 95.284001 3.208023 3.573636
25334.293282 3 0.477960 94.622622 3.208643 3.575304
25334.393282 3 0.477671 93.902949 3.209260 3.577116
25334.493282 3 0.477384 93.118810 3.209873 3.579090
25334.593282 3 0.477099 92.263337 3.210481 3.581246
25334.693282 3 0.476958 91.807350 3.210783 3.582398
25334.793282 3 0.476818 91.330730 3.211084 3.583603
25334.893282 3 0.476678 90.832415 3.211383 3.584866
25334.993282 3 0.476538 90.311293 3.211681 3.586190
25335.093282 3 0.476400 89.766200 3.211977 3.587578
25335.193282 3 0.476262 89.195922 3.212271 3.589036
25335.293282 3 0.476126 88.599194 3.212564 3.590567
25335.393282 3 0.475990 87.974702 3.212854 3.592175
25335.493282 3 0.475855 87.321085 3.213143 3.593867
25335.593282 3 0.475721 86.636937 3.213429 3.595646
25335.693282 3 0.475588 85.920811 3.213712 3.597519
25335.793282 3 0.475456 85.171224 3.213993 3.599492
25335.893282 3 0.475325 84.386665 3.214271 3.601571
25335.993282 3 0.475195 83.565602 3.214546 3.603763
25336.093282 3 0.475131 83.141676 3.214682 3.604902
25336.193282 3 0.475067 82.708098 3.214817 3.606071
25336.293282 3 0.475003 82.264681 3.214952 3.607272
25336.393282 3 0.474940 81.811234 3.215085 3.608505
25336.493282 3 0.474877 81.347571 3.215218 3.609773
25336.593282 3 0.474814 80.873505 3.215350 3.611075
25336.693282 3 0.474752 80.388855 3.215481 3.612413
25336.793282 3 0.474690 79.893440 3.215610 3.613788
25336.893282 3 0.474629 79.387084 3.215739 3.615200
25336.993282 3 0.474568 78.869617 3.215867 3.616652
25337.093282 3 0.474507 78.340872 3.215993 3.618145
25337.193282 3 0.474447 77.800690 3.216118 3.619678
25337.293282 3 0.474387 77.248916 3.216242 3.621255
25337.393282 3 0.474327 76.685405 3.216365 3.622876
25337.493282 3 0.474268 76.110021 3.216487 3.624541
25337.593282 3 0.474210 75.522636 3.216607 3.626254
25337.693282 3 0.474152 74.923132 3.216726 3.628014
25337.793282 3 0.474094 74.311405 3.216843 3.629824
25337.893282 3 0.474037 73.687360 3.216959 3.631684
25337.993282 3 0.473980 73.050918 3.217073 3.633596
25338.093282 3 0.473924 72.402015 3.217186 3.635562
25338.193282 3 0.473868 71.740601 3.217297 3.637582
25338.293282 3 0.473813 71.066644 3.217407 3.639659
25338.393282 3 0.473758 70.380129 3.217514 3.641794
25338.493282 3 0.473704 69.681060 3.217620 3.643988
25338.593282 3 0.473677 69.327431 3.217673 3.645106
25338.693282 3 0.473650 68.970691 3.217725 3.646239
25338.793282 3 0.473623 68.610849 3.217776 3.647388
25338.893282 3 0.473597 68.247912 3.217827 3.648553
25338.993282 3 0.473571 67.881889 3.217877 3.649733
25339.093282 3 0.473545 67.512792 3.217927 3.650929
25339.193282 3 0.473518 67.140633 3.217977 3.652142
25339.293282 3 0.473493 66.765426 3.218026 3.653371
25339.393282 3 0.473467 66.387186 3.218074 3.654617
25339.493282 3 0.473441 66.005931 3.218122 3.655880
25339.593282 3 0.473416 65.621678 3.218170 3.657159
25339.693282 3 0.473391 65.234449 3.218216 3.658456
25339.793282 3 0.473365 64.844265 3.218263 3.659770
25339.893282 3 0.473340 64.451150 3.218308 3.661102
25339.993282 3 0.473316 64.055129 3.218354 3.662452
25340.093282 3 0.473291 63.656229 3.218398 3.663820
25340.193282 3 0.473266 63.254479 3.218442 3.665206
25340.293282 3 0.473242 62.849910 3.218486 3.666610
25340.393282 3 0.473218 62.442553 3.218529 3.668032
25340.493282 3 0.473194 62.032444 3.218571 3.669474
25340.593282 3 0.473170 61.619617 3.218613 3.670934
25340.693282 3 0.473146 61.204111 3.218654 3.672414
25340.793282 3 0.473122 60.785965 3.218694 3.673912
25340.893282 3 0.473099 60.365221 3.218734 3.675431
25340.993282 3 0.473076 59.941921 3.218773 3.676969
25341.093282 3 0.473053 59.516111 3.218812 3.678526
25341.193282 3 0.473030 59.087838 3.218850 3.680104
25341.293282 3 0.473007 58.657151 3.218887 3.681702
25341.393282 3 0.472984 58.224099 3.218923 3.683320
25341.493282 3 0.472962 57.788736 3.218959 3.684959
25341.593282 3 0.472940 57.351115 3.218994 3.686618
25341.693282 3 0.472918 56.911293 3.219029 3.688299
25341.793282 3 0.472896 56.469328 3.219062 3.690000
25341.893282 3 0.472874 56.025278 3.219095 3.691722
25341.993282 3 0.472852 55.579206 3.219128 3.693466
25342.093282 3 0.472831 55.131174 3.219159 3.695232
25342.193282 3 0.472810 54.681247 3.219190 3.697019
25342.293282 3 0.472789 54.229492 3.219220 3.698828
25342.393282 3 0.472768 53.775976 3.219250 3.700659
25342.493282 3 0.472747 53.320769 3.219278 3.702512
25342.593282 3 0.472727 52.863943 3.219306 3.704387
25342.693282 3 0.472706 52.405570 3.219333 3.706285
25342.793282 3 0.472686 51.945725 3.219359 3.708205
25342.893282 3 0.472666 51.484482 3.219384 3.710148
25342.993282 3 0.472646 51.021920 3.219409 3.712114
25343.093282 3 0.472626 50.558116 3.219433 3.714103
25343.193282 3 0.472607 50.093150 3.219456 3.716115
25343.293282 3 0.472588 49.627104 3.219478 3.718150
25343.393282 3 0.472569 49.160059 3.219499 3.720209
25343.493282 3 0.472550 48.692099 3.219519 3.722291
25343.593282 3 0.472531 48.223307 3.219539 3.724397
25343.693282 3 0.472512 47.753769 3.219557 3.726526
25343.793282 3 0.472494 47.283572 3.219575 3.728679
25343.893282 3 0.472476 46.812802 3.219592 3.730856
25343.993282 3 0.472458 46.341547 3.219608 3.733057
25344.093282 3 0.472440 45.869895 3.219623 3.735282
25344.193282 3 0.472422 45.397937 3.219637 3.737532
25344.293282 3 0.472405 44.925761 3.219650 3.739805
25344.393282 3 0.472388 44.453458 3.219662 3.742103
25344.493282 3 0.472370 43.981118 3.219673 3.744426
25344.593282 3 0.472354 43.508833 3.219684 3.746773
25344.693282 3 0.472337 43.036694 3.219693 3.749144
25344.793282 3 0.472320 42.564792 3.219701 3.751541
25344.893282 3 0.472304 42.093219 3.219709 3.753962
25344.993282 3 0.472288 41.622065 3.219715 3.756408
25345.093282 3 0.472272 41.151424 3.219720 3.758878
25345.193282 3 0.472256 40.681385 3.219725 3.761374
25345.293282 3 0.472240 40.212041 3.219728 3.763895
25345.393282 3 0.472225 39.743481 3.219730 3.766440
25345.493282 3 0.472210 39.275797 3.219732 3.769011
25345.593282 3 0.472194 38.809079 3.219732 3.771607
25345.693282 3 0.472180 38.343415 3.219731 3.774228
25345.793282 3 0.472165 37.878895 3.219729 3.776874
25345.893282 3 0.472150 37.415606 3.219726 3.779546
25345.993282 3 0.472136 36.953637 3.219722 3.782242
25346.093282 3 0.472122 36.493074 3.219717 3.784964
25346.193282 3 0.472108 36.034002 3.219710 3.787712
25346.293282 3 0.472094 35.576506 3.219703 3.790485
25346.393282 3 0.472080 35.120670 3.219694 3.793283
25346.493282 3 0.472067 34.666576 3.219684 3.796106
25346.593282 3 0.472053 34.214306 3.219673 3.798955
25346.693282 3 0.472040 33.763939 3.219661 3.801829
25346.793282 3 0.472027 33.315555 3.219648 3.804729
25346.893282 3 0.472015 32.869232 3.219634 3.807654
25346.993282 3 0.472002 32.425044 3.219618 3.810605
25347.093282 3 0.471990 31.983067 3.219601 3.813581
25347.193282 3 0.471977 31.543374 3.219583 3.816582
25347.293282 3 0.471965 31.106037 3.219564 3.819609
25347.393282 3 0.471953 30.671126 3.219543 3.822662
25347.493282 3 0.471942 30.238708 3.219522 3.825739
25347.593282 3 0.471930 29.808851 3.219499 3.828843
25347.693282 3 0.471919 29.381620 3.219474 3.831971
25347.793282 3 0.471907 28.957077 3.219449 3.835125
25347.893282 3 0.471896 28.535286 3.219422 3.838305
25347.993282 3 0.471885 28.116304 3.219394 3.841510
25348.093282 3 0.471875 27.700190 3.219364 3.844740
25348.193282 3 0.471864 27.287000 3.219333 3.847996
25348.293282 3 0.471854 26.876789 3.219301 3.851277
25348.393282 3 0.471843 26.469608 3.219268 3.854584
25348.493282 3 0.471833 26.065508 3.219233 3.857916
25348.593282 3 0.471823 25.664538 3.219196 3.861273
25348.693282 3 0.471813 25.266744 3.219159 3.864656
25348.793282 3 0.471804 24.872171 3.219119 3.868064
25348.893282 3 0.471794 24.480861 3.219079 3.871497
25348.993282 3 0.471785 24.092856 3.219037 3.874956
25349.093282 3 0.471776 23.708194 3.218993 3.878440
25349.193282 3 0.471767 23.326913 3.218948 3.881949
25349.293282 3 0.471758 22.949047 3.218902 3.885484
25349.393282 3 0.471749 22.574631 3.218854 3.889044
25349.493282 3 0.471740 22.203695 3.218805 3.892629
25349.593282 3 0.471732 21.836269 3.218754 3.896240
25349.693282 3 0.471724 21.472380 3.218701 3.899876
25349.793282 3 0.471715 21.112055 3.218647 3.903537
25349.893282 3 0.471707 20.755317 3.218591 3.907224
25349.993282 3 0.471699 20.402189 3.218534 3.910936
25350.093282 3 0.471692 20.052691 3.218475 3.914673
25350.193282 3 0.471684 19.706842 3.218414 3.918436
25350.293282 3 0.471676 19.364659 3.218352 3.922224
25350.393282 3 0.471669 19.026156 3.218288 3.926037
25350.493282 3 0.471662 18.691349 3.218223 3.929876
25350.593282 3 0.471655 18.360248 3.218155 3.933740
25350.693282 3 0.471648 18.032864 3.218086 3.937630
25350.793282 3 0.471641 17.709206 3.218015 3.941545
25350.893282 3 0.471634 17.389280 3.217943 3.945485
25350.993282 3 0.471628 17.073094 3.217869 3.949452
25351.093282 3 0.471621 16.760650 3.217792 3.953443
25351.193282 3 0.471615 16.451951 3.217714 3.957460
25351.293282 3 0.471609 16.147000 3.217634 3.961503
25351.393282 3 0.471602 15.845795 3.217552 3.965572
25351.493282 3 0.471596 15.548335 3.217469 3.969666
25351.593282 3 0.471590 15.254619 3.217383 3.973786
25351.693282 3 0.471585 14.964640 3.217295 3.977931
25351.793282 3 0.471579 14.678395 3.217206 3.982103
25351.893282 3 0.471573 14.395876 3.217114 3.986300
25351.993282 3 0.471568 14.117077 3.217020 3.990523
25352.093282 3 0.471563 13.841987 3.216924 3.994772
25352.193282 3 0.471557 13.570598 3.216826 3.999048
25352.293282 3 0.471552 13.302897 3.216726 4.003349
25352.393282 3 0.471547 13.038874 3.216624 4.007677
25352.493282 3 0.471542 12.778515 3.216520 4.012030
25352.593282 3 0.471538 12.521805 3.216413 4.016410
25352.693282 3 0.471533 12.268730 3.216304 4.020817
25352.793282 3 0.471528 12.019275 3.216193 4.025250
25352.893282 3 0.471524 11.773421 3.216079 4.029709
25352.993282 3 0.471519 11.531152 3.215963 4.034195
25353.093282 3 0.471515 11.292448 3.215845 4.038708
25353.193282 3 0.471511 11.057292 3.215724 4.043247
25353.293282 3 0.471506 10.825662 3.215601 4.047814
25353.393282 3 0.471502 10.597538 3.215475 4.052407
25353.493282 3 0.471498 10.372899 3.215347 4.057027
25353.593282 3 0.471494 10.151722 3.215216 4.061675
25353.693282 3 0.471491 9.933985 3.215082 4.066349
25353.793282 3 0.471487 9.719665 3.214946 4.071051
25353.893282 3 0.471483 9.508737 3.214807 4.075781
25353.993282 3 0.471480 9.301178 3.214665 4.080538
25354.093282 3 0.471476 9.096962 3.214520 4.085322
25354.193282 3 0.471473 8.896063 3.214373 4.090135
25354.293282 3 0.471469 8.698456 3.214223 4.094975
25354.393282 3 0.471466 8.504115 3.214069 4.099843
25354.493282 3 0.471466 8.341195 3.213948 4.104013
25354.593282 3 0.471465 8.179981 3.213824 4.108220
25354.693282 3 0.471465 8.020485 3.213697 4.112464
25354.793282 3 0.471464 7.862716 3.213567 4.116746
25354.893282 3 0.471463 7.706685 3.213433 4.121065
25354.993282 3 0.471463 7.552401 3.213296 4.125422
25355.093282 3 0.471462 7.399875 3.213156 4.129817
25355.193282 3 0.471462 7.249113 3.213013 4.134251
25355.293282 3 0.471461 7.100126 3.212866 4.138724
25355.393282 3 0.471460 6.952920 3.212716 4.143236
25355.493282 3 0.471460 6.807503 3.212562 4.147787
25355.593282 3 0.471459 6.663882 3.212404 4.152378
25355.693282 3 0.471458 6.522062 3.212243 4.157009
25355.793282 3 0.471458 6.382049 3.212077 4.161680
25355.893282 3 0.471457 6.243848 3.211908 4.166391
25355.993282 3 0.471457 6.107465 3.211735 4.171144
25356.093282 3 0.471456 5.972902 3.211558 4.175937
25356.193282 3 0.471455 5.840164 3.211377 4.180772
25356.293282 3 0.471455 5.709253 3.211192 4.185649
25356.393282 3 0.471454 5.580171 3.211002 4.190567
25356.493282 3 0.471453 5.452921 3.210808 4.195528
25356.593282 3 0.471453 5.327503 3.210609 4.200531
25356.693282 3 0.471452 5.203919 3.210406 4.205577
25356.793282 3 0.471451 5.082168 3.210198 4.210666
25356.893282 3 0.471450 4.962249 3.209986 4.215798
25356.993282 3 0.471450 4.844162 3.209768 4.220973
25357.093282 3 0.471449 4.727905 3.209546 4.226193
25357.193282 3 0.471448 4.613476 3.209318 4.231456
25357.293282 3 0.471447 4.500871 3.209086 4.236764
25357.393282 3 0.471447 4.390088 3.208848 4.242116
25357.493282 3 0.471446 4.281122 3.208604 4.247513
25357.593282 3 0.471445 4.173970 3.208355 4.252955
25357.693282 3 0.471444 4.068625 3.208101 4.258442
25357.793282 3 0.471444 3.965082 3.207840 4.263975
25357.893282 3 0.471443 3.863335 3.207574 4.269553
25357.993282 3 0.471442 3.763377 3.207302 4.275177
25358.093282 3 0.471441 3.665201 3.207023 4.280847
25358.193282 3 0.471440 3.568798 3.206738 4.286564
25358.293282 3 0.471439 3.474160 3.206447 4.292327
25358.393282 3 0.471439 3.381279 3.206149 4.298137
25358.493282 3 0.471438 3.290144 3.205844 4.303994
25358.593282 3 0.471437 3.200746 3.205532 4.309898
25358.693282 3 0.471436 3.113073 3.205214 4.315849
25358.793282 3 0.471435 3.027115 3.204888 4.321848
25358.893282 3 0.471434 2.942860 3.204554 4.327894
25358.993282 3 0.471433 2.860297 3.204213 4.333988
25359.093282 3 0.471432 2.779411 3.203864 4.340130
25359.193282 3 0.471431 2.700191 3.203507 4.346320
25359.293282 3 0.471430 2.622622 3.203143 4.352558
25359.393282 3 0.471429 2.546696 3.202769 4.358844
25359.493282 3 0.471428 2.472464 3.202388 4.365173
25359.593282 3 0.471427 2.399908 3.201998 4.371543
25359.693282 3 0.471426 2.329009 3.201600 4.377955
25359.793282 3 0.471426 2.259749 3.201193 4.384409
25359.893282 3 0.471425 2.192106 3.200777 4.390904
25359.993282 3 0.471424 2.126062 3.200353 4.397441
25360.093282 3 0.471423 2.061597 3.199919 4.404018
25360.193282 3 0.471423 2.002099 3.199504 4.410274
25360.293282 3 0.471422 1.943967 3.199081 4.416566
25360.393282 3 0.471422 1.887184 3.198649 4.422896
25360.493282 3 0.471422 1.831731 3.198207 4.429262
25360.593282 3 0.471422 1.777591 3.197757 4.435664
25360.693282 3 0.471422 1.724746 3.197297 4.442102
25360.793282 3 0.471422 1.673167 3.196827 4.448578
25360.893282 3 0.471422 1.622822 3.196347 4.455092
25360.993282 3 0.471422 1.573693 3.195857 4.461645
25361.093282 3 0.471422 1.525764 3.195356 4.468236
25361.193282 3 0.471421 1.479016 3.194844 4.474865
25361.293282 3 0.471421 1.433431 3.194321 4.481532
25361.393282 3 0.471421 1.388992 3.193786 4.488237
25361.493282 3 0.471421 1.345681 3.193240 4.494980
25361.593282 3 0.471421 1.303479 3.192682 4.501759
25361.693282 3 0.471421 1.262370 3.192111 4.508575
25361.793282 3 0.471420 1.222335 3.191528 4.515427
25361.893282 3 0.471420 1.183357 3.190932 4.522316
25361.993282 3 0.471420 1.145418 3.190323 4.529239
25362.093282 3 0.471420 1.108500 3.189700 4.536198
25362.193282 3 0.471420 1.072585 3.189064 4.543191
25362.293282 3 0.471419 1.037656 3.188413 4.550217
25362.393282 3 0.471419 1.003695 3.187748 4.557277
25362.493282 3 0.471419 0.970684 3.187068 4.564369
25362.593282 3 0.471419 0.938607 3.186373 4.571492
25362.693282 3 0.471418 0.907445 3.185663 4.578646
25362.793282 3 0.471418 0.877181 3.184937 4.585830
25362.893282 3 0.471418 0.847797 3.184194 4.593043
25362.993282 3 0.471418 0.819277 3.183435 4.600284
25363.093282 3 0.471417 0.791602 3.182659 4.607552
25363.193282 3 0.471417 0.764756 3.181866 4.614845
25363.293282 3 0.471417 0.738721 3.181055 4.622164
25363.393282 3 0.471417 0.713480 3.180225 4.629506
25363.493282 3 0.471416 0.689015 3.179378 4.636871
25363.593282 3 0.471416 0.665310 3.178511 4.644256
25363.693282 3 0.471416 0.642346 3.177625 4.651662
25363.793282 3 0.471416 0.620108 3.176720 4.659087
25363.893282 3 0.471415 0.598578 3.175794 4.666529
25363.993282 3 0.471415 0.577739 3.174847 4.673986
25364.093282 3 0.471415 0.557574 3.173879 4.681459
25364.193282 3 0.471415 0.538067 3.172890 4.688945
25364.293282 3 0.471414 0.519199 3.171879 4.696443
25364.393282 3 0.471414 0.500956 3.170845 4.703952
25364.493282 3 0.471414 0.483317 3.169788 4.711472
25364.593282 3 0.471414 0.466263 3.168707 4.719002
25364.693282 3 0.471413 0.449777 3.167601 4.726542
25364.793282 3 0.471413 0.433846 3.166469 4.734090
25364.893282 3 0.471413 0.418452 3.165312 4.741646
25364.993282 3 0.471413 0.403580 3.164128 4.749208
25365.093282 3 0.471412 0.389217 3.162917 4.756774
25365.193282 3 0.471412 0.375346 3.161678 4.764344
25365.293282 3 0.471412 0.361953 3.160410 4.771917
25365.393282 3 0.471412 0.349025 3.159113 4.779490
25365.493282 3 0.471411 0.336548 3.157785 4.787063
25365.593282 3 0.471411 0.324507 3.156426 4.794635
25365.693282 3 0.471411 0.312890 3.155036 4.802203
25365.793282 3 0.471411 0.301684 3.153612 4.809767
25365.893282 3 0.471411 0.290876 3.152155 4.817326
25365.993282 3 0.471410 0.280453 3.150664 4.824877
25366.093282 3 0.471410 0.270403 3.149137 4.832419
25366.193282 3 0.471410 0.260715 3.147574 4.839951
25366.293282 3 0.471410 0.251376 3.145974 4.847472
25366.393282 3 0.471409 0.242377 3.144335 4.854979
25366.493282 3 0.471409 0.233704 3.142657 4.862472
25366.593282 3 0.471409 0.225349 3.140938 4.869948
25366.693282 3 0.471409 0.217299 3.139178 4.877406
25366.793282 3 0.471409 0.209546 3.137376 4.884845
25366.893282 3 0.471408 0.202079 3.135529 4.892262
25366.993282 3 0.471408 0.194888 3.133637 4.899657
25367.093282 3 0.471408 0.187964 3.131700 4.907028
25367.193282 3 0.471408 0.181298 3.129714 4.914372
25367.293282 3 0.471408 0.174882 3.127680 4.921689
25367.393282 3 0.471407 0.168705 3.125596 4.928976
25367.493282 3 0.471407 0.162760 3.123460 4.936231
25367.593282 3 0.471407 0.157039 3.121271 4.943454
25367.693282 3 0.471407 0.151534 3.119028 4.950642
25367.793282 3 0.471407 0.146238 3.116729 4.957793
25367.893282 3 0.471407 0.141141 3.114372 4.964906
25367.993282 3 0.471406 0.136239 3.111956 4.971979
25368.093282 3 0.471406 0.131523 3.109479 4.979010
25368.193282 3 0.471406 0.126986 3.106939 4.985997
25368.293282 3 0.471406 0.122623 3.104335 4.992938
25368.393282 3 0.471406 0.118427 3.101666 4.999832
25368.493282 3 0.471405 0.114391 3.098928 5.006676
25368.593282 3 0.471405 0.110510 3.096120 5.013469
25368.693282 3 0.471405 0.106778 3.093241 5.020209
25368.793282 3 0.471405 0.103190 3.090287 5.026894
25368.893282 3 0.471405 0.099739 3.087258 5.033522
25368.993282 3 0.471405 0.096422 3.084150 5.040090
25369.093282 3 0.471405 0.093232 3.080962 5.046598
25369.193282 3 0.471404 0.090165 3.077692 5.053044
25369.293282 3 0.471404 0.087217 3.074336 5.059424
25369.393282 3 0.471404 0.084382 3.070893 5.065738
25369.493282 3 0.471404 0.081657 3.067360 5.071983
25369.593282 3 0.471404 0.079037 3.063735 5.078158
25369.693282 3 0.471404 0.076519 3.060015 5.084260
25369.793282 3 0.471404 0.074098 3.056197 5.090288
25369.893282 3 0.471403 0.071770 3.052278 5.096239
25369.993282 3 0.471403 0.069532 3.048256 5.102112
25370.093282 3 0.471403 0.067381 3.044128 5.107904
25370.193282 3 0.471403 0.065313 3.039891 5.113614
25370.293282 3 0.471403 0.063324 3.035542 5.119240
25370.393282 3 0.471403 0.061413 3.031077 5.124780
25370.493282 3 0.471403 0.059575 3.026494 5.130231
25370.593282 3 0.471403 0.057808 3.021788 5.135593
25370.693282 3 0.471402 0.056109 3.016958 5.140862
25370.793282 3 0.471402 0.054476 3.011999 5.146037
25370.893282 3 0.471402 0.052906 3.006907 5.151116
25370.993282 3 0.471402 0.051396 3.001680 5.156097
25371.093282 3 0.471402 0.049944 2.996314 5.160979
25371.193282 3 0.471402 0.048547 2.990804 5.165758
25371.293282 3 0.471402 0.047205 2.985147 5.170434
25371.393282 3 0.471402 0.045914 2.979339 5.175005
25371.493282 3 0.471402 0.044672 2.973377 5.179468
25371.593282 3 0.471402 0.043478 2.967255 5.183822
25371.693282 3 0.471401 0.042329 2.960971 5.188064
25371.793282 3 0.471401 0.041224 2.954520 5.192194
25371.893282 3 0.471401 0.040162 2.947897 5.196209
25371.993282 3 0.471401 0.039140 2.941099 5.200107
25372.093282 3 0.471401 0.038156 2.934121 5.203887
25372.193282 3 0.471401 0.037211 2.926959 5.207547
25372.293282 3 0.471401 0.036301 2.919609 5.211086
25372.393282 3 0.471401 0.035425 2.912066 5.214500
25372.493282 3 0.471401 0.034583 2.904326 5.217790
25372.593282 3 0.471401 0.033773 2.896385 5.220953
25372.693282 3 0.471401 0.032993 2.888238 5.223988
25372.793282 3 0.471401 0.032243 2.879881 5.226893
25372.893282 3 0.471401 0.031521 2.871309 5.229667
25372.993282 3 0.471401 0.030827 2.862520 5.232308
25373.093282 3 0.471401 0.030158 2.853507 5.234814
25373.193282 3 0.471400 0.029515 2.844268 5.237186
25373.293282 3 0.471400 0.028896 2.834799 5.239421
25373.393282 3 0.471400 0.028300 2.825095 5.241518
25373.493282 3 0.471400 0.027727 2.815153 5.243476
25373.593282 3 0.471400 0.027176 2.804970 5.245294
25373.693282 3 0.471400 0.026645 2.794542 5.246971
25373.793282 3 0.471400 0.026134 2.783867 5.248507
25373.893282 3 0.471400 0.025642 2.772942 5.249900
25373.993282 3 0.471400 0.025169 2.761764 5.251150
25374.093282 3 0.471400 0.024714 2.750331 5.252256
25374.193282 3 0.471400 0.024275 2.738643 5.253219
25374.293282 3 0.471400 0.023854 2.726696 5.254037
25374.393282 3 0.471400 0.023448 2.714491 5.254711
25374.493282 3 0.471400 0.023058 2.702028 5.255241
25374.593282 3 0.471400 0.022682 2.689306 5.255627
25374.693282 3 0.471400 0.022321 2.676326 5.255870
25374.793282 3 0.471400 0.021973 2.663091 5.255970
25374.893282 3 0.471400 0.021638 2.649601 5.255928
25374.993282 3 0.471400 0.021317 2.635859 5.255745
25375.093282 3 0.471400 0.021007 2.621870 5.255422
25375.193282 3 0.471400 0.020710 2.607638 5.254960
25375.293282 3 0.471400 0.020424 2.593167 5.254363
25375.393282 3 0.471400 0.020149 2.578465 5.253631
25375.493282 3 0.471400 0.019885 2.563538 5.252766
25375.593282 3 0.471400 0.019631 2.548394 5.251772
25375.693282 3 0.471400 0.019387 2.533042 5.250651
25375.793282 3 0.471400 0.019152 2.517493 5.249406
25375.893282 3 0.471400 0.018927 2.501757 5.248041
