t Ka M R logL logTeff
0.378055 1 8.000077 2.684116 3.463380 4.412585
0.756110 1 8.000070 2.695696 3.465225 4.412111
1.134166 1 8.000064 2.707336 3.467123 4.411650
1.512222 1 8.000057 2.719038 3.469076 4.411202
1.890279 1 8.000050 2.730810 3.471083 4.410766
2.268337 1 8.000043 2.742655 3.473144 4.410341
2.646395 1 8.000036 2.754579 3.475259 4.409928
3.024453 1 8.000028 2.766586 3.477428 4.409525
3.402513 1 8.000021 2.778683 3.479651 4.409134
3.780573 1 8.000014 2.790874 3.481928 4.408753
4.158633 1 8.000006 2.803165 3.484260 4.408381
4.536694 1 7.999999 2.815561 3.486645 4.408019
4.914756 1 7.999991 2.828068 3.489084 4.407667
5.292818 1 7.999983 2.840692 3.491578 4.407323
5.670882 1 7.999975 2.853438 3.494125 4.406988
6.048945 1 7.999967 2.866312 3.496727 4.406661
6.427010 1 7.999959 2.879320 3.499382 4.406341
6.805075 1 7.999951 2.892469 3.502092 4.406029
7.183140 1 7.999943 2.905764 3.504856 4.405724
7.561207 1 7.999935 2.919212 3.507674 4.405426
7.939274 1 7.999926 2.932819 3.510545 4.405134
8.317342 1 7.999917 2.946592 3.513471 4.404848
8.695410 1 7.999909 2.960537 3.516451 4.404568
9.073479 1 7.999900 2.974661 3.519485 4.404293
9.451549 1 7.999891 2.988971 3.522573 4.404023
9.829620 1 7.999882 3.003475 3.525715 4.403757
10.207691 1 7.999872 3.018178 3.528911 4.403496
10.585764 1 7.999863 3.033089 3.532162 4.403238
10.963837 1 7.999853 3.048215 3.535466 4.402984
11.341910 1 7.999843 3.063564 3.538824 4.402733
11.719985 1 7.999834 3.079143 3.542236 4.402485
12.098061 1 7.999823 3.094960 3.545703 4.402239
12.476137 1 7.999813 3.111024 3.549223 4.401995
12.854214 1 7.999803 3.127344 3.552798 4.401752
13.232292 1 7.999792 3.143927 3.556426 4.401511
13.610371 1 7.999781 3.160782 3.560109 4.401270
13.988451 1 7.999770 3.177920 3.563845 4.401030
14.366531 1 7.999759 3.195349 3.567636 4.400790
14.744613 1 7.999747 3.213079 3.571480 4.400550
15.122696 1 7.999735 3.231121 3.575379 4.400309
15.500779 1 7.999723 3.249484 3.579332 4.400066
15.878864 1 7.999711 3.268180 3.583338 4.399822
16.256949 1 7.999699 3.287221 3.587399 4.399576
16.635036 1 7.999686 3.306618 3.591514 4.399327
17.013124 1 7.999673 3.326385 3.595683 4.399075
17.391213 1 7.999660 3.346533 3.599906 4.398819
17.769302 1 7.999646 3.367079 3.604183 4.398560
18.147393 1 7.999632 3.388036 3.608513 4.398295
18.525486 1 7.999618 3.409420 3.612898 4.398025
18.903579 1 7.999604 3.431248 3.617337 4.397749
19.281673 1 7.999476 3.453509 3.621811 4.397463
19.659778 1 7.999345 3.476250 3.626338 4.397170
20.037894 1 7.999211 3.499493 3.630918 4.396868
20.416021 1 7.999074 3.523259 3.635553 4.396556
20.794160 1 7.998934 3.547573 3.640240 4.396235
21.172310 1 7.998790 3.572460 3.644981 4.395902
21.550472 1 7.998643 3.597950 3.649776 4.395557
21.928646 1 7.998492 3.624074 3.654624 4.395198
22.306833 1 7.998337 3.650864 3.659525 4.394824
22.685032 1 7.998179 3.678359 3.664480 4.394434
23.063245 1 7.998016 3.706599 3.669488 4.394025
23.441471 1 7.997849 3.735627 3.674550 4.393596
23.819711 1 7.997678 3.765494 3.679665 4.393146
24.197966 1 7.997502 3.796253 3.684833 4.392671
24.576234 1 7.997322 3.827963 3.690054 4.392170
24.954518 1 7.997136 3.860689 3.695329 4.391640
25.332818 1 7.996946 3.894505 3.700656 4.391078
25.711133 1 7.996750 3.929489 3.706037 4.390482
26.089464 1 7.996549 3.965730 3.711471 4.389847
26.467812 1 7.996343 4.003326 3.716958 4.389170
26.846177 1 7.996130 4.042385 3.722498 4.388446
27.035368 1 7.996021 4.062500 3.725288 4.388066
27.224564 1 7.995910 4.083028 3.728091 4.387672
27.413765 1 7.995797 4.103984 3.730907 4.387265
27.602970 1 7.995683 4.125387 3.733737 4.386842
27.792180 1 7.995567 4.147256 3.736580 4.386405
27.981395 1 7.995450 4.169612 3.739436 4.385952
28.170614 1 7.995331 4.192474 3.742305 4.385482
28.359839 1 7.995210 4.215866 3.745187 4.384994
28.549068 1 7.995087 4.239812 3.748083 4.384488
28.738303 1 7.994962 4.264335 3.750992 4.383963
28.927543 1 7.994836 4.289462 3.753914 4.383418
29.116788 1 7.994707 4.315221 3.756849 4.382851
29.306038 1 7.994577 4.341641 3.759797 4.382263
29.495294 1 7.994445 4.368753 3.762759 4.381651
29.684556 1 7.994311 4.396589 3.765733 4.381016
29.873823 1 7.994174 4.425183 3.768721 4.380355
30.063095 1 7.994036 4.454573 3.771722 4.379668
30.252374 1 7.993895 4.484797 3.774736 4.378953
30.441658 1 7.993752 4.515895 3.777763 4.378210
30.630948 1 7.993608 4.547910 3.780804 4.377436
30.820244 1 7.993460 4.580888 3.783857 4.376630
31.009546 1 7.993311 4.614878 3.786924 4.375791
31.198855 1 7.993159 4.649929 3.790004 4.374918
31.388170 1 7.993004 4.686097 3.793096 4.374009
31.577491 1 7.992848 4.723439 3.796202 4.373062
31.766819 1 7.992688 4.762015 3.799321 4.372076
31.956153 1 7.992526 4.801889 3.802453 4.371048
32.145494 1 7.992362 4.843131 3.805598 4.369977
32.334842 1 7.992195 4.885813 3.808757 4.368861
32.524197 1 7.992025 4.930012 3.811928 4.367699
32.713559 1 7.991852 4.975809 3.815112 4.366487
32.902928 1 7.991677 5.023293 3.818309 4.365224
33.092304 1 7.991499 5.072555 3.821519 4.363907
33.192304 1 7.991408 5.097883 3.823129 4.363228
33.292304 1 7.991316 5.123694 3.824742 4.362535
33.392304 1 7.991224 5.150000 3.826359 4.361827
33.492304 1 7.991131 5.176815 3.827979 4.361104
33.592304 1 7.991038 5.204153 3.829601 4.360366
33.692304 1 7.990943 5.232030 3.831228 4.359612
33.792304 1 7.990848 5.260459 3.832857 4.358843
33.892304 1 7.990752 5.289458 3.834490 4.358057
33.992304 1 7.990655 5.319041 3.836126 4.357255
34.092304 1 7.990557 5.349226 3.837765 4.356436
34.192304 1 7.990459 5.380030 3.839407 4.355600
34.292304 1 7.990360 5.411471 3.841053 4.354746
34.392304 1 7.990259 5.443567 3.842701 4.353874
34.492304 1 7.990158 5.476337 3.844353 4.352984
34.592304 1 7.990056 5.509801 3.846009 4.352075
34.692304 1 7.989954 5.543979 3.847667 4.351147
34.792304 1 7.989850 5.578892 3.849329 4.350199
34.892304 1 7.989746 5.614563 3.850994 4.349231
34.992304 1 7.989642 5.651014 3.852662 4.348243
35.092304 1 7.989537 5.688268 3.854334 4.347234
35.192304 1 7.989431 5.726349 3.856009 4.346204
35.292304 1 7.989324 5.765282 3.857687 4.345152
35.392304 1 7.989217 5.805094 3.859368 4.344078
35.492304 1 7.989109 5.845811 3.861053 4.342981
35.592304 1 7.989001 5.887461 3.862740 4.341862
35.692304 1 7.988891 5.930073 3.864432 4.340718
35.792304 1 7.988782 5.973677 3.866126 4.339551
35.892304 1 7.988671 6.018303 3.867824 4.338359
35.992304 1 7.988560 6.063984 3.869525 4.337143
36.092304 1 7.988449 6.110754 3.871229 4.335900
36.192304 1 7.988336 6.158647 3.872936 4.334632
36.292304 1 7.988223 6.207698 3.874647 4.333337
36.392304 1 7.988110 6.257945 3.876361 4.332015
36.492304 1 7.987996 6.309427 3.878078 4.330665
36.592304 1 7.987881 6.362184 3.879799 4.329287
36.692304 1 7.987766 6.416257 3.881523 4.327880
36.792304 1 7.987649 6.471690 3.883250 4.326444
36.892304 1 7.987533 6.528529 3.884980 4.324978
36.992304 1 7.987416 6.586819 3.886714 4.323481
37.092304 1 7.987298 6.646609 3.888451 4.321953
37.192304 1 7.987179 6.707951 3.890191 4.320393
37.292304 1 7.987060 6.770897 3.891934 4.318801
37.392304 1 7.986940 6.835501 3.893681 4.317176
37.492304 1 7.986820 6.901822 3.895431 4.315516
37.592304 1 7.986699 6.969917 3.897184 4.313823
37.692304 1 7.986639 7.004649 3.898062 4.312963
37.881891 1 7.986395 7.070033 3.910742 4.314115
37.981891 1 7.986354 7.033483 3.915506 4.316432
38.081891 1 7.986318 6.982019 3.920328 4.319232
38.181891 1 7.986285 6.920108 3.925046 4.322346
38.281891 1 7.986255 6.851841 3.929557 4.325626
38.381891 1 7.986241 6.817610 3.931643 4.327235
38.481891 1 7.986228 6.783027 3.933660 4.328844
38.581891 1 7.986216 6.748375 3.935606 4.330442
38.681891 1 7.986205 6.713896 3.937478 4.332023
38.781891 1 7.986193 6.679799 3.939275 4.333578
38.881891 1 7.986183 6.646257 3.940997 4.335101
38.981891 1 7.986173 6.613415 3.942644 4.336589
39.081891 1 7.986154 6.548161 3.945817 4.339535
39.181891 1 7.986137 6.487100 3.948683 4.342286
39.281891 1 7.986122 6.430619 3.951261 4.344830
39.381891 1 7.986109 6.378856 3.953570 4.347162
39.481891 1 7.986097 6.331770 3.955631 4.349286
39.581891 1 7.986086 6.289199 3.957466 4.351209
39.681891 1 7.986077 6.250902 3.959095 4.352943
39.781891 1 7.986068 6.216592 3.960539 4.354499
39.881891 1 7.986053 6.154765 3.963106 4.357311
39.981891 1 7.986042 6.106912 3.965066 4.359496
40.081891 1 7.986034 6.070195 3.966556 4.361178
40.181891 1 7.986021 6.013799 3.968821 4.363771
40.281891 2 7.986008 5.955835 3.971123 4.366450
40.381891 2 7.986007 6.015089 3.970949 4.364257
40.481891 2 7.986006 6.068460 3.970793 4.362300
40.581891 2 7.986006 6.122305 3.970638 4.360342
40.681891 2 7.986005 6.176628 3.970482 4.358385
40.781891 2 7.986004 6.231433 3.970326 4.356428
40.881891 2 7.986004 6.286724 3.970171 4.354471
40.981891 2 7.986003 6.342505 3.970015 4.352514
41.081891 2 7.986002 6.398782 3.969860 4.350557
41.181891 2 7.986002 6.455558 3.969704 4.348600
41.281891 2 7.986001 6.512837 3.969549 4.346643
41.381891 2 7.986000 6.570625 3.969393 4.344686
41.481891 2 7.986000 6.628926 3.969238 4.342728
41.581891 2 7.985999 6.687744 3.969082 4.340771
41.681891 2 7.985998 6.747084 3.968927 4.338814
41.781891 2 7.985998 6.806950 3.968771 4.336857
41.881891 2 7.985997 6.867348 3.968616 4.334900
41.981891 2 7.985996 6.928281 3.968460 4.332943
42.081891 2 7.985996 6.989755 3.968305 4.330986
42.181891 2 7.985995 7.051775 3.968149 4.329029
42.281891 2 7.985995 7.114345 3.967993 4.327071
42.381891 2 7.985994 7.177470 3.967838 4.325114
42.481891 2 7.985993 7.241155 3.967682 4.323157
42.581891 2 7.985993 7.305405 3.967527 4.321200
42.681891 2 7.985992 7.370225 3.967371 4.319243
42.781891 2 7.985991 7.435621 3.967216 4.317286
42.881891 2 7.985991 7.501596 3.967060 4.315329
42.981891 2 7.985990 7.568157 3.966905 4.313372
43.081891 2 7.985990 7.635309 3.966749 4.311415
43.181891 2 7.985989 7.703056 3.966594 4.309457
43.281891 2 7.985988 7.771405 3.966438 4.307500
43.381891 2 7.985988 7.840360 3.966283 4.305543
43.481891 2 7.985987 7.909927 3.966127 4.303586
43.581891 2 7.985987 7.980111 3.965972 4.301629
43.681891 2 7.985986 8.050918 3.965816 4.299672
43.781891 2 7.985986 8.122353 3.965661 4.297715
43.881891 2 7.985985 8.194422 3.965505 4.295758
43.981891 2 7.985984 8.267131 3.965350 4.293801
44.081891 2 7.985984 8.340484 3.965194 4.291843
44.181891 2 7.985983 8.414489 3.965039 4.289886
44.281891 2 7.985983 8.489150 3.964883 4.287929
44.381891 2 7.985982 8.564473 3.964728 4.285972
44.481891 2 7.985982 8.640465 3.964572 4.284015
44.581891 2 7.985981 8.717131 3.964417 4.282058
44.681891 2 7.985980 8.794477 3.964261 4.280101
44.781891 2 7.985980 8.872510 3.964106 4.278144
44.881891 2 7.985979 8.951235 3.963950 4.276187
44.981891 2 7.985979 9.030659 3.963795 4.274229
45.081891 2 7.985978 9.110787 3.963639 4.272272
45.181891 2 7.985978 9.191626 3.963483 4.270315
45.281891 2 7.985977 9.273183 3.963328 4.268358
45.381891 2 7.985977 9.355463 3.963172 4.266401
45.481891 2 7.985976 9.438473 3.963017 4.264444
45.581891 2 7.985976 9.522220 3.962861 4.262487
45.681891 2 7.985975 9.606710 3.962706 4.260530
45.781891 2 7.985975 9.691949 3.962550 4.258573
45.881891 2 7.985974 9.777945 3.962395 4.256615
45.981891 2 7.985974 9.864704 3.962239 4.254658
46.081891 2 7.985973 9.952233 3.962084 4.252701
46.181891 2 7.985973 10.040538 3.961928 4.250744
46.281891 2 7.985972 10.129627 3.961773 4.248787
46.381891 2 7.985972 10.219506 3.961617 4.246830
46.481891 2 7.985971 10.310183 3.961462 4.244873
46.581891 2 7.985971 10.401664 3.961306 4.242916
46.681891 2 7.985970 10.493957 3.961151 4.240959
46.781891 2 7.985970 10.587069 3.960995 4.239002
46.881891 2 7.985969 10.681007 3.960840 4.237044
46.981891 2 7.985969 10.775779 3.960684 4.235087
47.081891 2 7.985968 10.871392 3.960529 4.233130
47.181891 2 7.985968 10.967853 3.960373 4.231173
47.281891 2 7.985967 11.065169 3.960218 4.229216
47.381891 2 7.985967 11.163350 3.960062 4.227259
47.481891 2 7.985966 11.262401 3.959907 4.225302
47.581891 2 7.985966 11.362331 3.959751 4.223345
47.681891 2 7.985965 11.463148 3.959596 4.221388
47.781891 2 7.985965 11.564860 3.959440 4.219430
47.881891 2 7.985964 11.667474 3.959285 4.217473
47.981891 2 7.985964 11.770998 3.959129 4.215516
48.081891 2 7.985963 11.875441 3.958974 4.213559
48.181891 2 7.985963 11.980811 3.958818 4.211602
48.281891 2 7.985963 12.087116 3.958663 4.209645
48.381891 2 7.985962 12.194364 3.958507 4.207688
48.481891 2 7.985962 12.302563 3.958352 4.205731
48.581891 2 7.985961 12.411723 3.958196 4.203774
48.681891 2 7.985961 12.521851 3.958041 4.201817
48.781891 2 7.985960 12.632956 3.957885 4.199859
48.881891 2 7.985960 12.745047 3.957730 4.197902
48.981891 2 7.985959 12.858133 3.957574 4.195945
49.081891 2 7.985959 12.972222 3.957419 4.193988
49.181891 2 7.985959 13.087323 3.957263 4.192031
49.281891 2 7.985958 13.203446 3.957108 4.190074
49.381891 2 7.985958 13.320599 3.956953 4.188117
49.481891 2 7.985957 13.438791 3.956797 4.186160
49.581891 2 7.985957 13.558032 3.956642 4.184203
49.681891 2 7.985957 13.678332 3.956486 4.182246
49.781891 2 7.985956 13.799698 3.956331 4.180288
49.881891 2 7.985956 13.922142 3.956175 4.178331
49.981891 2 7.985955 14.045671 3.956020 4.176374
50.081891 2 7.985955 14.170297 3.955864 4.174417
50.181891 2 7.985954 14.296029 3.955709 4.172460
50.281891 2 7.985954 14.422877 3.955553 4.170503
50.381891 2 7.985954 14.550849 3.955398 4.168546
50.481891 2 7.985953 14.679958 3.955242 4.166589
50.581891 2 7.985953 14.810212 3.955087 4.164632
50.681891 2 7.985952 14.941621 3.954931 4.162674
50.781891 2 7.985952 15.074197 3.954776 4.160717
50.881891 2 7.985952 15.207949 3.954620 4.158760
50.981891 2 7.985951 15.342888 3.954465 4.156803
51.081891 2 7.985951 15.479024 3.954309 4.154846
51.181891 2 7.985951 15.616368 3.954154 4.152889
51.281891 2 7.985950 15.754930 3.953998 4.150932
51.381891 2 7.985950 15.894722 3.953843 4.148975
51.481891 2 7.985949 16.035755 3.953687 4.147018
51.581891 2 7.985949 16.178039 3.953532 4.145061
51.681891 2 7.985949 16.321585 3.953376 4.143103
51.781891 2 7.985948 16.466405 3.953221 4.141146
51.881891 2 7.985948 16.612510 3.953065 4.139189
51.981891 2 7.985948 16.759911 3.952910 4.137232
52.081891 2 7.985947 16.908620 3.952754 4.135275
52.181891 2 7.985947 17.058649 3.952599 4.133318
52.281891 2 7.985946 17.210008 3.952443 4.131361
52.381891 2 7.985946 17.362711 3.952288 4.129404
52.481891 2 7.985946 17.516769 3.952132 4.127447
52.581891 2 7.985945 17.672194 3.951977 4.125490
52.681891 2 7.985945 17.828997 3.951822 4.123532
52.781891 2 7.985945 17.987192 3.951666 4.121575
52.881891 2 7.985944 18.146791 3.951511 4.119618
52.981891 2 7.985944 18.307806 3.951355 4.117661
53.081891 2 7.985944 18.470249 3.951200 4.115704
53.181891 2 7.985943 18.634134 3.951044 4.113747
53.281891 2 7.985943 18.799473 3.950889 4.111790
53.381891 2 7.985943 18.966279 3.950733 4.109833
53.481891 2 7.985942 19.134565 3.950578 4.107876
53.581891 2 7.985942 19.304344 3.950422 4.105919
53.681891 2 7.985942 19.475630 3.950267 4.103961
53.781891 2 7.985941 19.648435 3.950111 4.102004
53.881891 2 7.985941 19.822774 3.949956 4.100047
53.981891 2 7.985941 19.998660 3.949800 4.098090
54.081891 2 7.985940 20.176106 3.949645 4.096133
54.181891 2 7.985939 20.355123 3.949489 4.094176
54.281891 2 7.985937 20.535729 3.949333 4.092219
54.381891 2 7.985936 20.717937 3.949178 4.090262
54.481891 2 7.985934 20.901761 3.949022 4.088305
54.581891 2 7.985933 21.087217 3.948866 4.086348
54.681891 2 7.985931 21.274318 3.948711 4.084390
54.781891 2 7.985930 21.463078 3.948555 4.082433
54.881891 2 7.985928 21.653514 3.948399 4.080476
54.981891 2 7.985927 21.845639 3.948244 4.078519
55.081891 2 7.985925 22.039469 3.948088 4.076562
55.181891 2 7.985923 22.235019 3.947932 4.074605
55.281891 2 7.985922 22.432303 3.947777 4.072648
55.381891 2 7.985920 22.631338 3.947621 4.070691
55.481891 2 7.985918 22.832139 3.947465 4.068734
55.581891 2 7.985917 23.034721 3.947309 4.066776
55.681891 2 7.985915 23.239101 3.947154 4.064819
55.781891 2 7.985913 23.445294 3.946998 4.062862
55.881891 2 7.985912 23.653317 3.946842 4.060905
55.981891 2 7.985910 23.863185 3.946687 4.058948
56.081891 2 7.985908 24.074915 3.946531 4.056991
56.181891 2 7.985906 24.288523 3.946375 4.055034
56.281891 2 7.985905 24.504027 3.946219 4.053077
56.381891 2 7.985903 24.721443 3.946064 4.051120
56.481891 2 7.985901 24.940787 3.945908 4.049162
56.581891 2 7.985899 25.162078 3.945752 4.047205
56.681891 2 7.985897 25.385332 3.945596 4.045248
56.781891 2 7.985895 25.610567 3.945441 4.043291
56.881891 2 7.985894 25.837800 3.945285 4.041334
56.981891 2 7.985892 26.067049 3.945129 4.039377
57.081891 2 7.985890 26.298332 3.944973 4.037420
57.181891 2 7.985888 26.531667 3.944818 4.035463
57.281891 2 7.985886 26.767072 3.944662 4.033506
57.381891 2 7.985884 27.004566 3.944506 4.031549
57.481891 2 7.985882 27.244167 3.944350 4.029591
57.581891 2 7.985880 27.485894 3.944195 4.027634
57.681891 2 7.985878 27.729765 3.944039 4.025677
57.781891 2 7.985876 27.975800 3.943883 4.023720
57.881891 2 7.985874 28.224017 3.943727 4.021763
57.981891 2 7.985872 28.474437 3.943572 4.019806
58.081891 2 7.985870 28.727079 3.943416 4.017849
58.181891 2 7.985868 28.981962 3.943260 4.015892
58.281891 2 7.985866 29.239106 3.943104 4.013935
58.381891 2 7.985864 29.498532 3.942948 4.011977
58.481891 2 7.985862 29.760259 3.942793 4.010020
58.581891 2 7.985859 30.024309 3.942637 4.008063
58.681891 2 7.985857 30.290701 3.942481 4.006106
58.781891 2 7.985855 30.559456 3.942325 4.004149
58.881891 2 7.985853 30.830596 3.942169 4.002192
58.981891 2 7.985851 31.104142 3.942014 4.000235
59.081891 2 7.985848 31.380114 3.941858 3.998278
59.181891 2 7.985846 31.658535 3.941702 3.996321
59.281891 2 7.985844 31.939425 3.941546 3.994364
59.381891 2 7.985841 32.222808 3.941390 3.992406
59.481891 2 7.985839 32.508705 3.941235 3.990449
59.581891 2 7.985837 32.797139 3.941079 3.988492
59.681891 2 7.985834 33.088131 3.940923 3.986535
59.781891 2 7.985832 33.381705 3.940767 3.984578
59.881891 2 7.985830 33.677883 3.940611 3.982621
59.981891 2 7.985827 33.976690 3.940455 3.980664
60.081891 2 7.985825 34.278147 3.940300 3.978707
60.181891 2 7.985822 34.582278 3.940144 3.976750
60.281891 2 7.985820 34.889108 3.939988 3.974793
60.381891 2 7.985817 35.198660 3.939832 3.972835
60.481891 2 7.985815 35.510958 3.939676 3.970878
60.581891 2 7.985812 35.826027 3.939520 3.968921
60.681891 2 7.985810 36.143891 3.939364 3.966964
60.781891 2 7.985807 36.464575 3.939208 3.965007
60.881891 2 7.985804 36.788103 3.939053 3.963050
60.981891 2 7.985802 37.114503 3.938897 3.961093
61.081891 2 7.985799 37.443798 3.938741 3.959136
61.181891 2 7.985796 37.776014 3.938585 3.957179
61.281891 2 7.985794 38.111177 3.938429 3.955222
61.381891 2 7.985791 38.449315 3.938273 3.953265
61.481891 2 7.985788 38.790451 3.938117 3.951307
61.581891 2 7.985785 39.134615 3.937961 3.949350
61.681891 2 7.985783 39.481831 3.937805 3.947393
61.781891 2 7.985780 39.832128 3.937649 3.945436
61.881891 2 7.985777 40.185533 3.937494 3.943479
61.981891 2 7.985774 40.542073 3.937338 3.941522
62.081891 2 7.985771 40.901775 3.937182 3.939565
62.181891 2 7.985768 41.264669 3.937026 3.937608
62.281891 2 7.985765 41.630783 3.936870 3.935651
62.381891 2 7.985762 42.000144 3.936714 3.933694
62.481891 2 7.985759 42.372782 3.936558 3.931737
62.581891 2 7.985756 42.748726 3.936402 3.929779
62.681891 2 7.985753 43.128005 3.936246 3.927822
62.781891 2 7.985750 43.510649 3.936090 3.925865
62.881891 2 7.985747 43.896688 3.935934 3.923908
62.981891 2 7.985744 44.286151 3.935778 3.921951
63.081891 2 7.985741 44.679069 3.935622 3.919994
63.181891 2 7.985738 45.075473 3.935466 3.918037
63.281891 2 7.985734 45.475393 3.935310 3.916080
63.381891 2 7.985731 45.878862 3.935154 3.914123
63.481891 2 7.985728 46.285909 3.934998 3.912166
63.581891 2 7.985725 46.696568 3.934842 3.910209
63.681891 2 7.985721 47.110870 3.934686 3.908252
63.781891 2 7.985718 47.528847 3.934530 3.906294
63.881891 2 7.985715 47.950532 3.934374 3.904337
63.981891 2 7.985711 48.375958 3.934218 3.902380
64.081891 2 7.985708 48.805158 3.934062 3.900423
64.181891 2 7.985704 49.238165 3.933906 3.898466
64.281891 2 7.985701 49.675014 3.933750 3.896509
64.381891 2 7.985697 50.115738 3.933594 3.894552
64.481891 2 7.985694 50.560371 3.933438 3.892595
64.581891 2 7.985690 51.008949 3.933282 3.890638
64.681891 2 7.985686 51.461507 3.933126 3.888681
64.781891 2 7.985683 51.918079 3.932970 3.886724
64.881891 2 7.985679 52.378701 3.932814 3.884767
64.981891 2 7.985675 52.843410 3.932658 3.882810
65.081891 2 7.985672 53.312241 3.932502 3.880852
65.181891 2 7.985668 53.785231 3.932346 3.878895
65.281891 2 7.985664 54.262417 3.932189 3.876938
65.381891 2 7.985660 54.743835 3.932033 3.874981
65.481891 2 7.985656 55.229525 3.931877 3.873024
65.581891 2 7.985652 55.719523 3.931721 3.871067
65.681891 2 7.985649 56.213868 3.931565 3.869110
65.781891 2 7.985645 56.712597 3.931409 3.867153
65.881891 2 7.985641 57.215751 3.931253 3.865196
65.981891 2 7.985637 57.723369 3.931097 3.863239
66.081891 2 7.985632 58.235489 3.930941 3.861282
66.181891 2 7.985628 58.752152 3.930784 3.859325
66.281891 2 7.985624 59.273399 3.930628 3.857368
66.381891 2 7.985620 59.799269 3.930472 3.855411
66.481891 2 7.985616 60.329804 3.930316 3.853454
66.581891 2 7.985612 60.865045 3.930160 3.851497
66.681891 2 7.985607 61.405034 3.930004 3.849539
66.781891 2 7.985603 61.949814 3.929847 3.847582
66.881891 2 7.985599 62.499425 3.929691 3.845625
66.981891 2 7.985594 63.053912 3.929535 3.843668
67.081891 2 7.985590 63.613318 3.929379 3.841711
67.181891 2 7.985585 64.177686 3.929223 3.839754
67.281891 2 7.985581 64.747060 3.929066 3.837797
67.381891 2 7.985576 65.321484 3.928910 3.835840
67.481891 2 7.985572 65.901004 3.928754 3.833883
67.581891 2 7.985567 66.485665 3.928598 3.831926
67.681891 2 7.985562 67.075511 3.928441 3.829969
67.781891 2 7.985558 67.670590 3.928285 3.828012
67.881891 2 7.985553 68.270947 3.928129 3.826055
67.981891 2 7.985548 68.876630 3.927973 3.824098
68.081891 2 7.985543 69.487685 3.927816 3.822141
68.181891 2 7.985539 70.104161 3.927660 3.820184
68.281891 2 7.985534 70.726104 3.927504 3.818227
68.381891 2 7.985529 71.353565 3.927347 3.816270
68.481891 2 7.985524 71.986591 3.927191 3.814313
68.581891 2 7.985519 72.625232 3.927035 3.812356
68.681891 2 7.985514 73.269537 3.926879 3.810398
68.781891 2 7.985508 73.919558 3.926722 3.808441
68.881891 2 7.985503 74.575345 3.926566 3.806484
68.981891 2 7.985498 75.236948 3.926410 3.804527
69.081891 2 7.985493 75.904420 3.926253 3.802570
69.181891 2 7.985488 76.577812 3.926097 3.800613
69.281891 2 7.985482 77.257177 3.925940 3.798656
69.381891 2 7.985477 77.942568 3.925784 3.796699
69.481891 2 7.985471 78.634038 3.925628 3.794742
69.581891 2 7.985466 79.331642 3.925471 3.792785
69.681891 2 7.985460 80.035433 3.925315 3.790828
69.781891 2 7.985455 80.745466 3.925159 3.788871
69.881891 2 7.985449 81.461797 3.925002 3.786914
69.981891 2 7.985444 82.184482 3.924846 3.784957
70.081891 2 7.985438 82.913577 3.924689 3.783000
70.181891 2 7.985432 83.649138 3.924533 3.781043
70.281891 2 7.985426 84.391224 3.924376 3.779086
70.381891 2 7.985420 85.139892 3.924220 3.777129
70.481891 2 7.985414 85.895199 3.924063 3.775172
70.581891 2 7.985409 86.657206 3.923907 3.773215
70.681891 2 7.985403 87.425972 3.923750 3.771258
70.781891 2 7.985396 88.201556 3.923594 3.769301
70.881891 2 7.985390 88.984019 3.923437 3.767344
70.981891 2 7.985384 89.773422 3.923281 3.765387
71.081891 2 7.985378 90.569826 3.923124 3.763430
71.181891 2 7.985372 91.373294 3.922968 3.761473
71.281891 2 7.985365 92.183888 3.922811 3.759516
71.381891 2 7.985359 93.001671 3.922655 3.757559
71.481891 2 7.985353 93.826707 3.922498 3.755602
71.581891 2 7.985346 94.659061 3.922342 3.753645
71.681891 2 7.985340 95.498796 3.922185 3.751688
71.781891 2 7.985333 96.345980 3.922028 3.749731
71.881891 2 7.985326 97.200676 3.921872 3.747774
71.981891 2 7.985320 98.062953 3.921715 3.745817
72.081891 2 7.985313 98.932878 3.921559 3.743860
72.181891 2 7.985306 99.810518 3.921402 3.741903
72.281891 2 7.985299 100.695941 3.921245 3.739946
72.381891 2 7.985292 101.589217 3.921089 3.737989
72.481891 2 7.985285 102.490415 3.920932 3.736032
72.581891 2 7.985278 103.399606 3.920775 3.734075
72.681891 2 7.985271 104.316859 3.920619 3.732118
72.781891 2 7.985264 105.242248 3.920462 3.730161
72.881891 2 7.985257 106.175843 3.920305 3.728204
72.981891 2 7.985249 107.117718 3.920149 3.726247
73.081891 2 7.985242 108.067946 3.919992 3.724290
73.181891 2 7.985234 109.026601 3.919835 3.722333
73.281891 2 7.985227 109.993757 3.919678 3.720376
73.381891 2 7.985219 110.969491 3.919522 3.718419
73.481891 2 7.985212 111.953877 3.919365 3.716462
73.581891 2 7.985204 112.946994 3.919208 3.714505
73.681891 2 7.985196 113.948917 3.919051 3.712548
73.781891 2 7.985188 114.959726 3.918894 3.710591
73.881891 2 7.985181 115.979498 3.918738 3.708634
73.981891 2 7.985173 117.008314 3.918581 3.706677
74.081891 2 7.985165 118.046253 3.918424 3.704720
74.181891 2 7.985157 119.093397 3.918267 3.702763
74.281891 2 7.985148 120.149826 3.918110 3.700807
74.381891 2 7.985140 121.215624 3.917953 3.698850
74.481891 2 7.985132 122.290873 3.917796 3.696893
74.581891 2 7.985124 123.375657 3.917639 3.694936
74.681891 2 7.985115 124.470060 3.917482 3.692979
74.781891 2 7.985107 125.574169 3.917326 3.691022
74.881891 2 7.985098 126.688067 3.917169 3.689065
74.981891 2 7.985089 127.811844 3.917012 3.687108
75.081891 2 7.985081 128.945585 3.916855 3.685151
75.181891 2 7.985072 130.089380 3.916698 3.683194
75.281891 2 7.985063 131.243317 3.916541 3.681237
75.381891 2 7.985054 132.407486 3.916384 3.679280
75.481891 2 7.985045 133.581978 3.916227 3.677323
75.581891 2 7.985036 134.766884 3.916070 3.675366
75.681891 2 7.985027 135.962298 3.915913 3.673409
75.781891 2 7.985017 137.168311 3.915755 3.671453
75.881891 2 7.985008 138.385017 3.915598 3.669496
75.981891 2 7.984999 139.612512 3.915441 3.667539
76.081891 2 7.984989 140.850891 3.915284 3.665582
76.181891 2 7.984980 142.100251 3.915127 3.663625
76.281891 2 7.984970 143.360688 3.914970 3.661668
76.381891 2 7.984960 144.632301 3.914813 3.659711
76.481891 2 7.984950 145.915189 3.914656 3.657754
76.581891 2 7.984940 147.209451 3.914498 3.655797
76.681891 2 7.984930 148.515189 3.914341 3.653840
76.781891 2 7.984920 149.832505 3.914184 3.651884
76.881891 2 7.984910 151.161500 3.914027 3.649927
76.981891 2 7.984900 152.502278 3.913869 3.647970
77.081891 2 7.984890 153.854944 3.913712 3.646013
77.181891 2 7.984879 155.219603 3.913555 3.644056
77.281891 2 7.984869 156.596360 3.913398 3.642099
77.381891 2 7.984858 157.985325 3.913240 3.640142
77.481891 2 7.984847 159.386603 3.913083 3.638185
77.581891 2 7.984837 160.800306 3.912926 3.636229
77.681891 2 7.984826 162.226541 3.912768 3.634272
77.781891 2 7.984815 163.665422 3.912611 3.632315
77.881891 2 7.984804 165.117059 3.912453 3.630358
77.981891 2 7.984792 166.581565 3.912296 3.628401
78.081891 2 7.984781 168.059055 3.912139 3.626444
78.181891 2 7.984770 169.549644 3.911981 3.624487
78.281891 2 7.984758 171.053447 3.911824 3.622531
78.381891 2 7.984747 172.570582 3.911666 3.620574
78.481891 2 7.984735 174.101166 3.911509 3.618617
78.581891 2 7.984723 175.645319 3.911351 3.616660
78.681891 2 7.984712 177.203162 3.911194 3.614703
78.781891 2 7.984700 178.774814 3.911036 3.612746
78.881891 2 7.984688 180.360399 3.910878 3.610790
78.981891 2 7.984676 181.960040 3.910721 3.608833
79.081891 2 7.984663 183.573861 3.910563 3.606876
79.181891 2 7.984651 185.201988 3.910406 3.604919
79.281891 2 7.984638 186.844547 3.910248 3.602962
79.381891 2 7.984626 188.501667 3.910090 3.601006
79.481891 2 7.984613 190.173477 3.909933 3.599049
79.581891 2 7.984600 191.860105 3.909775 3.597092
79.681891 2 7.984588 193.561685 3.909617 3.595135
79.781891 2 7.984575 195.278347 3.909459 3.593178
79.881891 2 7.984561 197.010226 3.909302 3.591222
79.981891 2 7.984549 198.704529 3.909149 3.589324
80.081891 2 7.984539 199.984806 3.909034 3.587901
80.181891 2 7.984524 201.920697 3.908862 3.585766
80.281891 3 7.984510 203.875318 3.908689 3.583631
80.381891 3 7.984503 204.900768 3.911411 3.583221
80.481891 3 7.984494 206.172048 3.914764 3.582717
80.581891 3 7.984487 207.209804 3.917485 3.582307
80.681891 3 7.984480 208.253122 3.920206 3.581896
80.781891 3 7.984473 209.302035 3.922927 3.581486
80.881891 3 7.984466 210.356573 3.925649 3.581075
80.981891 3 7.984459 211.416767 3.928370 3.580663
81.081891 3 7.984451 212.482650 3.931091 3.580252
81.181891 3 7.984444 213.554253 3.933812 3.579839
81.281891 3 7.984437 214.631609 3.936533 3.579427
81.381891 3 7.984429 215.714750 3.939254 3.579014
81.481891 3 7.984422 216.803708 3.941975 3.578601
81.581891 3 7.984415 217.898517 3.944697 3.578188
81.681891 3 7.984407 218.999208 3.947418 3.577774
81.781891 3 7.984399 220.105815 3.950139 3.577360
81.881891 3 7.984392 221.218371 3.952860 3.576945
81.981891 3 7.984384 222.336910 3.955581 3.576530
82.081891 3 7.984376 223.461465 3.958302 3.576115
82.181891 3 7.984369 224.592070 3.961023 3.575699
82.281891 3 7.984361 225.728759 3.963745 3.575283
82.381891 3 7.984353 226.871567 3.966466 3.574867
82.481891 3 7.984345 228.020527 3.969187 3.574450
82.581891 3 7.984337 229.175674 3.971908 3.574033
82.681891 3 7.984329 230.337044 3.974629 3.573616
82.781891 3 7.984321 231.504671 3.977350 3.573198
82.881891 3 7.984313 232.678590 3.980072 3.572780
82.981891 3 7.984305 233.858837 3.982793 3.572362
83.081891 3 7.984297 235.045447 3.985514 3.571943
83.181891 3 7.984288 236.238456 3.988235 3.571524
83.281891 3 7.984280 237.437901 3.990956 3.571105
83.381891 3 7.984272 238.643817 3.993677 3.570685
83.481891 3 7.984263 239.856242 3.996398 3.570265
83.581891 3 7.984255 241.075211 3.999120 3.569844
83.681891 3 7.984246 242.300761 4.001841 3.569423
83.781891 3 7.984238 243.532930 4.004562 3.569002
83.881891 3 7.984229 244.771755 4.007283 3.568581
83.981891 3 7.984221 246.017274 4.010004 3.568159
84.081891 3 7.984212 247.269524 4.012725 3.567737
84.181891 3 7.984203 248.528542 4.015446 3.567314
84.281891 3 7.984194 249.794369 4.018168 3.566891
84.381891 3 7.984185 251.067041 4.020889 3.566468
84.481891 3 7.984176 252.346597 4.023610 3.566044
84.581891 3 7.984167 253.633077 4.026331 3.565620
84.681891 3 7.984158 254.926519 4.029052 3.565196
84.781891 3 7.984149 256.226963 4.031773 3.564771
84.881891 3 7.984140 257.534447 4.034495 3.564347
84.981891 3 7.984131 258.849013 4.037216 3.563921
85.081891 3 7.984121 260.170700 4.039937 3.563496
85.181891 3 7.984112 261.499548 4.042658 3.563070
85.281891 3 7.984103 262.835597 4.045379 3.562643
85.381891 3 7.984093 264.178889 4.048100 3.562217
85.481891 3 7.984083 265.529464 4.050821 3.561790
85.581891 3 7.984074 266.887364 4.053543 3.561362
85.681891 3 7.984064 268.252629 4.056264 3.560934
85.781891 3 7.984054 269.625301 4.058985 3.560506
85.881891 3 7.984045 271.005424 4.061706 3.560078
85.981891 3 7.984035 272.393037 4.064427 3.559649
86.081891 3 7.984025 273.788184 4.067148 3.559220
86.181891 3 7.984015 275.190908 4.069869 3.558791
86.281891 3 7.984005 276.601252 4.072591 3.558361
86.381891 3 7.983995 278.019257 4.075312 3.557931
86.481891 3 7.983985 279.444969 4.078033 3.557501
86.581891 3 7.983974 280.878430 4.080754 3.557070
86.681891 3 7.983964 282.319684 4.083475 3.556639
86.781891 3 7.983954 283.768776 4.086196 3.556207
86.881891 3 7.983943 285.225750 4.088917 3.555776
86.981891 3 7.983933 286.690651 4.091639 3.555343
87.081891 3 7.983922 288.163522 4.094360 3.554911
87.181891 3 7.983912 289.644411 4.097081 3.554478
87.281891 3 7.983901 291.133361 4.099802 3.554045
87.381891 3 7.983890 292.630419 4.102523 3.553612
87.481891 3 7.983879 294.135631 4.105244 3.553178
87.581891 3 7.983868 295.649043 4.107966 3.552744
87.681891 4 7.983850 298.126342 4.112388 3.552037
87.781891 4 7.983839 298.121602 4.112379 3.552039
87.881891 4 7.983828 298.116887 4.112371 3.552040
87.981891 4 7.983814 298.111230 4.112360 3.552041
88.081891 4 7.979920 296.606024 4.109556 3.552440
88.181891 4 7.976069 295.343570 4.107175 3.552771
88.281891 4 7.972253 294.301594 4.105182 3.553040
88.381891 4 7.968466 293.458653 4.103543 3.553253
88.481891 4 7.964703 292.793983 4.102223 3.553415
88.581891 4 7.960957 292.287362 4.101187 3.553532
88.681891 4 7.957226 291.918991 4.100401 3.553610
88.781891 4 7.953503 291.669393 4.099831 3.553653
88.881891 4 7.949788 291.519322 4.099442 3.553667
88.981891 4 7.946075 291.449688 4.099200 3.553659
89.081891 4 7.942364 291.441495 4.099069 3.553632
89.181891 4 7.938653 291.475790 4.099015 3.553593
89.281891 4 7.934940 291.533632 4.099004 3.553547
89.381891 4 7.934011 290.999370 4.103825 3.555151
89.481891 4 7.933776 288.265308 4.108885 3.558465
89.581891 4 7.933541 285.564779 4.111596 3.561187
89.681891 4 7.933307 282.897290 4.113633 3.563734
89.781891 4 7.933074 280.262370 4.115314 3.566187
89.881891 4 7.932842 277.659558 4.116769 3.568577
89.981891 4 7.932612 275.088403 4.118064 3.570920
90.081891 4 7.932383 272.548462 4.119239 3.573228
90.181891 4 7.932155 270.039298 4.120320 3.575507
90.281891 4 7.931929 267.560480 4.121324 3.577760
90.381891 4 7.931705 265.111587 4.122264 3.579992
90.481891 4 7.931482 262.692202 4.123151 3.582205
90.581891 4 7.931261 260.301916 4.123991 3.584400
90.681891 4 7.931041 257.940327 4.124791 3.586579
90.781891 4 7.930823 255.607036 4.125556 3.588743
90.881891 4 7.930606 253.301654 4.126288 3.590894
90.981891 4 7.930391 251.023796 4.126993 3.593031
91.081891 4 7.930178 248.773083 4.127671 3.595157
91.181891 4 7.929966 246.549143 4.128327 3.597271
91.281891 4 7.929756 244.351609 4.128961 3.599373
91.381891 4 7.929547 242.180119 4.129576 3.601465
91.481891 4 7.929340 240.034317 4.130172 3.603547
91.581891 4 7.929134 237.913854 4.130752 3.605619
91.681891 4 7.928930 235.818384 4.131317 3.607681
91.781891 4 7.928728 233.747567 4.131867 3.609734
91.881891 4 7.928527 231.701070 4.132403 3.611777
91.981891 4 7.928327 229.678561 4.132927 3.613812
92.081891 4 7.928129 227.679718 4.133439 3.615838
92.181891 4 7.927933 225.704219 4.133940 3.617856
92.281891 4 7.927738 223.751752 4.134431 3.619865
92.381891 4 7.927544 221.822005 4.134911 3.621866
92.481891 4 7.927352 219.914673 4.135382 3.623859
92.581891 4 7.927161 218.029456 4.135844 3.625844
92.681891 4 7.926972 216.166057 4.136298 3.627821
92.781891 4 7.926784 214.324186 4.136743 3.629791
92.881891 4 7.926598 212.503553 4.137180 3.631753
92.981891 4 7.926413 210.703877 4.137611 3.633707
93.081891 4 7.926229 208.924878 4.138034 3.635654
93.181891 4 7.926047 207.166283 4.138450 3.637594
93.281891 4 7.925866 205.427819 4.138860 3.639526
93.381891 4 7.925687 203.709222 4.139264 3.641451
93.481891 4 7.925508 202.010228 4.139661 3.643369
93.581891 4 7.925331 200.330578 4.140053 3.645280
93.681891 4 7.925156 198.670018 4.140439 3.647184
93.781891 4 7.924982 197.028297 4.140820 3.649081
93.881891 4 7.924809 195.405167 4.141196 3.650972
93.981891 4 7.924637 193.800385 4.141567 3.652855
94.081891 4 7.924466 192.213710 4.141933 3.654732
94.181891 4 7.924297 190.644907 4.142295 3.656602
94.281891 4 7.924129 189.093741 4.142652 3.658465
94.381891 4 7.923962 187.559984 4.143005 3.660322
94.481891 4 7.923797 186.043408 4.143353 3.662172
94.581891 4 7.923632 184.543792 4.143698 3.664015
94.681891 4 7.923469 183.060914 4.144038 3.665852
94.781891 4 7.923307 181.594559 4.144375 3.667683
94.881891 4 7.923146 180.144514 4.144708 3.669507
94.981891 4 7.922987 178.710567 4.145037 3.671325
95.081891 4 7.922828 177.292513 4.145363 3.673136
95.181891 4 7.922671 175.890145 4.145686 3.674941
95.281891 4 7.922515 174.503264 4.146005 3.676740
95.381891 4 7.922359 173.131671 4.146321 3.678533
95.481891 4 7.922205 171.775171 4.146634 3.680319
95.581891 4 7.922052 170.433570 4.146944 3.682099
95.681891 4 7.921901 169.106679 4.147251 3.683873
95.781891 4 7.921750 167.794311 4.147554 3.685641
95.881891 4 7.921600 166.496282 4.147856 3.687402
95.981891 4 7.921451 165.212408 4.148154 3.689158
96.081891 4 7.921304 163.942513 4.148450 3.690907
96.181891 4 7.921157 162.686417 4.148743 3.692651
96.281891 4 7.921012 161.443948 4.149033 3.694388
96.381891 4 7.920867 160.214934 4.149321 3.696119
96.481891 4 7.920724 158.999206 4.149606 3.697845
96.581891 4 7.920581 157.796596 4.149890 3.699564
96.681891 4 7.920439 156.606941 4.150170 3.701278
96.781891 4 7.920299 155.430078 4.150449 3.702985
96.881891 4 7.920159 154.265847 4.150725 3.704687
96.981891 4 7.920020 153.114092 4.150999 3.706383
97.081891 4 7.919883 151.974656 4.151271 3.708073
97.181891 4 7.919746 150.847386 4.151541 3.709757
97.281891 4 7.919610 149.732132 4.151808 3.711435
97.381891 4 7.919475 148.628745 4.152074 3.713108
97.481891 4 7.919341 147.537077 4.152338 3.714774
97.581891 4 7.919208 146.456985 4.152599 3.716435
97.681891 4 7.919076 145.388325 4.152859 3.718091
97.781891 4 7.918944 144.330957 4.153117 3.719740
97.881891 4 7.918814 143.284742 4.153373 3.721384
97.981891 4 7.918684 142.249543 4.153628 3.723022
98.081891 4 7.918555 141.225226 4.153880 3.724655
98.181891 4 7.918428 140.211656 4.154131 3.726281
98.281891 4 7.918300 139.208705 4.154380 3.727902
98.381891 4 7.918174 138.216241 4.154628 3.729518
98.481891 4 7.918049 137.234137 4.154874 3.731128
98.581891 4 7.917924 136.262268 4.155118 3.732732
98.681891 4 7.917800 135.300509 4.155361 3.734331
98.781891 4 7.917677 134.348738 4.155602 3.735924
98.881891 4 7.917555 133.406835 4.155841 3.737512
98.981891 4 7.917434 132.474680 4.156079 3.739094
99.081891 4 7.917313 131.552156 4.156316 3.740671
99.181891 4 7.917193 130.639147 4.156551 3.742242
99.281891 4 7.917074 129.735539 4.156785 3.743807
99.381891 4 7.916956 128.841220 4.157017 3.745367
99.481891 4 7.916839 127.956078 4.157248 3.746922
99.581891 4 7.916722 127.080004 4.157478 3.748471
99.681891 4 7.916606 126.212889 4.157706 3.750015
99.781891 4 7.916490 125.354628 4.157933 3.751554
99.881891 4 7.916376 124.505114 4.158158 3.753087
99.981891 4 7.916262 123.664244 4.158383 3.754614
100.081891 4 7.916148 122.831916 4.158606 3.756136
100.181891 4 7.916036 122.008029 4.158827 3.757653
100.281891 4 7.915924 121.192484 4.159048 3.759165
100.381891 4 7.915813 120.385181 4.159267 3.760671
100.481891 4 7.915703 119.586024 4.159485 3.762172
100.581891 4 7.915593 118.794917 4.159702 3.763667
100.681891 4 7.915484 118.011767 4.159918 3.765157
100.781891 4 7.915375 117.236479 4.160133 3.766642
100.881891 4 7.915268 116.468963 4.160346 3.768122
100.981891 4 7.915160 115.709126 4.160559 3.769596
101.081891 4 7.915054 114.956881 4.160770 3.771066
101.181891 4 7.914948 114.212139 4.160980 3.772530
101.281891 4 7.914843 113.474812 4.161190 3.773988
101.381891 4 7.914738 112.744816 4.161398 3.775442
101.481891 4 7.914634 112.022064 4.161605 3.776890
101.581891 4 7.914531 111.306474 4.161811 3.778333
101.681891 4 7.914428 110.597963 4.162016 3.779771
101.781891 4 7.914326 109.896449 4.162220 3.781204
101.881891 4 7.914225 109.201852 4.162423 3.782631
101.981891 4 7.914124 108.514094 4.162625 3.784054
102.081891 4 7.914023 107.833095 4.162827 3.785471
102.181891 4 7.913924 107.158778 4.163027 3.786883
102.281891 4 7.913825 106.491067 4.163226 3.788291
102.381891 4 7.913726 105.829887 4.163424 3.789693
102.481891 4 7.913628 105.175164 4.163622 3.791089
102.581891 4 7.913530 104.526824 4.163818 3.792481
102.681891 4 7.913434 103.884795 4.164014 3.793868
102.781891 4 7.913337 103.249006 4.164209 3.795250
102.881891 4 7.913241 102.619386 4.164403 3.796627
102.981891 4 7.913146 101.995865 4.164596 3.797998
103.081891 4 7.913051 101.378376 4.164788 3.799365
103.181891 4 7.912957 100.766850 4.164980 3.800727
103.281891 4 7.912863 100.161220 4.165170 3.802083
103.381891 4 7.912770 99.561421 4.165360 3.803435
103.481891 4 7.912678 98.967387 4.165549 3.804782
103.581891 4 7.912585 98.379054 4.165737 3.806123
103.681891 4 7.912494 97.796358 4.165924 3.807460
103.781891 4 7.912403 97.219237 4.166111 3.808792
103.881891 4 7.912312 96.647629 4.166296 3.810119
103.981891 4 7.912222 96.081473 4.166481 3.811441
104.081891 4 7.912132 95.520708 4.166666 3.812758
104.181891 4 7.912043 94.965275 4.166849 3.814070
104.281891 4 7.911954 94.415115 4.167032 3.815378
104.381891 4 7.911866 93.870170 4.167214 3.816680
104.481891 4 7.911778 93.330383 4.167395 3.817978
104.581891 4 7.911691 92.795697 4.167576 3.819271
104.681891 4 7.911604 92.266057 4.167756 3.820558
104.781891 4 7.911518 91.741407 4.167935 3.821842
104.881891 4 7.911432 91.221693 4.168113 3.823120
104.981891 4 7.911347 90.706861 4.168291 3.824393
105.081891 4 7.911262 90.196858 4.168468 3.825662
105.181891 4 7.911177 89.691631 4.168645 3.826926
105.281891 4 7.911093 89.191129 4.168820 3.828185
105.381891 4 7.911009 88.695301 4.168995 3.829439
105.481891 4 7.910926 88.204096 4.169170 3.830689
105.581891 4 7.910843 87.717464 4.169344 3.831933
105.681891 4 7.910761 87.235357 4.169517 3.833173
105.781891 4 7.910679 86.757725 4.169689 3.834409
105.881891 4 7.910597 86.284521 4.169861 3.835639
105.981891 4 7.910516 85.815697 4.170032 3.836865
106.081891 4 7.910435 85.351206 4.170203 3.838086
106.181891 4 7.910355 84.891002 4.170373 3.839303
106.281891 4 7.910275 84.435040 4.170542 3.840515
106.381891 4 7.910195 83.983274 4.170711 3.841722
106.481891 4 7.910116 83.535660 4.170880 3.842924
106.581891 4 7.910037 83.092154 4.171047 3.844122
106.681891 4 7.909959 82.652712 4.171214 3.845316
106.781891 4 7.909881 82.217292 4.171381 3.846504
106.881891 4 7.909803 81.785851 4.171547 3.847688
106.981891 4 7.909726 81.358347 4.171712 3.848867
107.081891 4 7.909649 80.934739 4.171877 3.850042
107.181891 4 7.909573 80.514986 4.172041 3.851212
107.281891 4 7.909497 80.099047 4.172205 3.852378
107.381891 4 7.909421 79.686884 4.172368 3.853539
107.481891 4 7.909346 79.278456 4.172530 3.854696
107.581891 4 7.909270 78.873724 4.172692 3.855847
107.681891 4 7.909196 78.472651 4.172854 3.856995
107.781891 4 7.909121 78.075198 4.173015 3.858138
107.881891 4 7.909047 77.681327 4.173175 3.859276
107.981891 4 7.908974 77.291002 4.173335 3.860410
108.081891 4 7.908827 76.520844 4.173654 3.862664
108.181891 4 7.908682 75.764434 4.173970 3.864900
108.281891 4 7.908538 75.021493 4.174284 3.867119
108.381891 4 7.908395 74.291746 4.174597 3.869319
108.481891 4 7.908254 73.574927 4.174907 3.871502
108.581891 4 7.908114 72.870773 4.175216 3.873668
108.681891 4 7.907975 72.179030 4.175522 3.875816
108.781891 4 7.907838 71.499449 4.175827 3.877946
108.881891 4 7.907701 70.831787 4.176130 3.880059
108.981891 4 7.907566 70.175807 4.176431 3.882155
109.081891 4 7.907432 69.531276 4.176731 3.884233
109.181891 4 7.907299 68.897968 4.177029 3.886295
109.281891 4 7.907167 68.275663 4.177325 3.888339
109.381891 4 7.907036 67.664143 4.177619 3.890366
109.481891 4 7.906907 67.063199 4.177912 3.892376
109.581891 4 7.906778 66.472622 4.178203 3.894370
109.681891 4 7.906651 65.892213 4.178493 3.896347
109.781891 4 7.906524 65.321775 4.178781 3.898307
109.881891 4 7.906399 64.761114 4.179067 3.900250
109.981891 4 7.906274 64.210043 4.179352 3.902177
110.081891 4 7.906151 63.668379 4.179636 3.904088
110.181891 4 7.906028 63.135941 4.179918 3.905982
110.281891 4 7.905906 62.612554 4.180198 3.907859
110.381891 4 7.905786 62.098047 4.180477 3.909721
110.481891 4 7.905666 61.592251 4.180755 3.911566
110.581891 4 7.905547 61.095004 4.181031 3.913395
110.681891 4 7.905429 60.606144 4.181306 3.915209
110.781891 4 7.905312 60.125515 4.181579 3.917006
110.881891 4 7.905196 59.652964 4.181851 3.918787
110.981891 4 7.905080 59.188341 4.182122 3.920553
111.081891 4 7.904966 58.731499 4.182391 3.922303
111.181891 4 7.904852 58.282295 4.182660 3.924037
111.281891 4 7.904739 57.840589 4.182926 3.925756
111.381891 4 7.904626 57.406243 4.183192 3.927459
111.481891 4 7.904515 56.979124 4.183456 3.929147
111.581891 4 7.904404 56.559100 4.183719 3.930819
111.681891 4 7.904294 56.146044 4.183981 3.932476
111.781891 4 7.904185 55.739829 4.184242 3.934118
111.881891 4 7.904077 55.340332 4.184501 3.935745
111.981891 4 7.903969 54.947434 4.184760 3.937357
112.081891 4 7.903862 54.561017 4.185017 3.938954
112.181891 4 7.903756 54.180965 4.185273 3.940535
112.281891 4 7.903650 53.807166 4.185528 3.942102
112.381891 4 7.903545 53.439510 4.185781 3.943655
112.481891 4 7.903440 53.077888 4.186034 3.945192
112.581891 4 7.903337 52.722196 4.186286 3.946715
112.681891 4 7.903234 52.372329 4.186536 3.948224
112.781891 4 7.903131 52.028187 4.186785 3.949718
112.881891 4 7.903029 51.689670 4.187034 3.951197
112.981891 4 7.902928 51.356681 4.187281 3.952662
113.081891 4 7.902827 51.029125 4.187527 3.954113
113.181891 4 7.902727 50.706909 4.187772 3.955550
113.281891 4 7.902628 50.389943 4.188017 3.956973
113.381891 4 7.902529 50.078136 4.188260 3.958381
113.481891 4 7.902430 49.771401 4.188502 3.959776
113.581891 4 7.902333 49.469652 4.188743 3.961157
113.681891 4 7.902235 49.172807 4.188984 3.962524
113.781891 4 7.902138 48.880782 4.189223 3.963877
113.881891 4 7.902042 48.593497 4.189461 3.965217
113.981891 4 7.901946 48.310873 4.189699 3.966543
114.081891 4 7.901851 48.032833 4.189935 3.967855
114.181891 4 7.901757 47.759301 4.190171 3.969154
114.281891 4 7.901662 47.490204 4.190405 3.970440
114.381891 4 7.901568 47.225467 4.190639 3.971712
114.481891 4 7.901475 46.965020 4.190872 3.972971
114.581891 4 7.901382 46.708794 4.191104 3.974217
114.681891 4 7.901290 46.456719 4.191335 3.975450
114.781891 4 7.901198 46.208729 4.191565 3.976670
114.881891 4 7.901107 45.964758 4.191795 3.977877
114.981891 4 7.901015 45.724741 4.192023 3.979071
115.081891 4 7.900925 45.488614 4.192251 3.980252
115.181891 4 7.900835 45.256317 4.192478 3.981420
115.281891 4 7.900745 45.027788 4.192704 3.982576
115.381891 4 7.900566 44.581798 4.193154 3.984850
115.481891 4 7.900389 44.150179 4.193600 3.987074
115.581891 4 7.900213 43.732487 4.194043 3.989249
115.681891 4 7.900039 43.328292 4.194484 3.991376
115.781891 4 7.899866 42.937182 4.194921 3.993454
115.881891 4 7.899695 42.558759 4.195355 3.995485
115.981891 4 7.899525 42.192640 4.195787 3.997469
116.081891 4 7.899356 41.838456 4.196215 3.999407
116.181891 4 7.899189 41.495851 4.196641 4.001298
116.281891 4 7.899022 41.164484 4.197064 4.003145
116.381891 4 7.898857 40.844023 4.197484 4.004947
116.481891 4 7.898693 40.534150 4.197901 4.006705
116.581891 4 7.898530 40.234557 4.198316 4.008420
116.681891 4 7.898368 39.944948 4.198729 4.010092
116.781891 4 7.898207 39.665035 4.199138 4.011721
116.881891 4 7.898048 39.394542 4.199546 4.013309
116.981891 4 7.897889 39.133203 4.199950 4.014855
117.081891 4 7.897731 38.880757 4.200353 4.016361
117.181891 4 7.897573 38.636955 4.200753 4.017827
117.281891 4 7.897417 38.401556 4.201150 4.019254
117.381891 4 7.897261 38.174326 4.201546 4.020641
117.481891 4 7.897107 37.955038 4.201939 4.021991
117.581891 4 7.896953 37.743473 4.202330 4.023302
117.681891 4 7.896799 37.539419 4.202718 4.024576
117.781891 4 7.896647 37.342670 4.203105 4.025814
117.881891 4 7.896343 36.970294 4.203871 4.028182
117.981891 4 7.896041 36.624821 4.204629 4.030410
118.081891 4 7.895742 36.304814 4.205380 4.032503
118.181891 4 7.895445 36.008913 4.206122 4.034466
118.281891 4 7.895150 35.735835 4.206856 4.036303
118.381891 4 7.894857 35.484362 4.207584 4.038018
118.481891 4 7.894565 35.253336 4.208304 4.039616
118.581891 4 7.894275 35.041656 4.209017 4.041102
118.681891 4 7.893985 34.848270 4.209723 4.042481
118.781891 4 7.893409 34.512392 4.211115 4.044932
118.881891 4 7.892837 34.238117 4.212482 4.047006
118.981891 4 7.892267 34.018392 4.213824 4.048740
119.081891 4 7.891699 33.846589 4.215144 4.050169
119.181891 4 7.891133 33.716411 4.216441 4.051330
119.281891 4 7.890566 33.621820 4.217717 4.052259
119.381891 4 7.890000 33.556960 4.218973 4.052992
119.481891 4 7.889433 33.516111 4.220209 4.053566
119.581891 4 7.888865 33.493639 4.221427 4.054016
119.681891 4 7.888296 33.483962 4.222627 4.054379
119.781891 4 7.887725 33.481524 4.223810 4.054690
119.881891 4 7.887153 33.481397 4.224976 4.054983
119.981891 4 7.886579 33.485175 4.226126 4.055246
120.081891 4 7.886004 33.498354 4.227261 4.055444
120.181891 4 7.885427 33.526498 4.228381 4.055542
120.281891 4 7.884847 33.575208 4.229486 4.055503
120.381891 4 7.884266 33.650148 4.230578 4.055292
120.481891 4 7.883682 33.757086 4.231656 4.054872
120.581891 4 7.883094 33.901942 4.232721 4.054209
120.681891 4 7.882502 34.090852 4.233774 4.053265
120.781891 4 7.881906 34.330233 4.234814 4.052006
120.881891 4 7.881303 34.626870 4.235843 4.050395
120.981891 4 7.880999 34.798904 4.236353 4.049446
121.081891 4 7.880693 34.988015 4.236860 4.048396
121.181891 4 7.880384 35.195199 4.237365 4.047240
121.281891 4 7.880074 35.421500 4.237866 4.045974
121.381891 4 7.879761 35.668010 4.238365 4.044592
121.481891 4 7.879445 35.935873 4.238861 4.043092
121.581891 4 7.879127 36.226295 4.239355 4.041467
121.681891 4 7.878806 36.540547 4.239846 4.039715
121.781891 4 7.878481 36.879971 4.240335 4.037829
121.881891 4 7.878154 37.245990 4.240821 4.035806
121.981891 4 7.877988 37.439439 4.241063 4.034742
122.081891 4 7.877821 37.640109 4.241304 4.033641
122.181891 4 7.877654 37.848203 4.241545 4.032504
122.281891 4 7.877485 38.063931 4.241785 4.031330
122.381891 4 7.877315 38.287510 4.242025 4.030118
122.481891 4 7.877145 38.519163 4.242264 4.028868
122.581891 4 7.876973 38.759121 4.242502 4.027579
122.681891 4 7.876799 39.007622 4.242740 4.026251
122.781891 4 7.876625 39.264913 4.242977 4.024883
122.881891 4 7.876450 39.531250 4.243214 4.023474
122.981891 4 7.876273 39.806896 4.243450 4.022024
123.081891 4 7.876095 40.092124 4.243686 4.020532
123.181891 4 7.875915 40.387218 4.243920 4.018999
123.281891 4 7.875734 40.692470 4.244155 4.017422
123.381891 4 7.875551 41.008183 4.244389 4.015802
123.481891 4 7.875367 41.334673 4.244622 4.014139
123.581891 4 7.875182 41.672264 4.244854 4.012431
123.681891 4 7.874995 42.021296 4.245087 4.010677
123.781891 4 7.874806 42.382118 4.245318 4.008879
123.881891 4 7.874615 42.755095 4.245549 4.007034
123.981891 4 7.874423 43.140604 4.245780 4.005142
124.081891 4 7.874229 43.539037 4.246009 4.003204
124.181891 4 7.874033 43.950801 4.246239 4.001217
124.281891 4 7.873835 44.376320 4.246468 3.999182
124.381891 4 7.873634 44.816033 4.246696 3.997098
124.481891 4 7.873533 45.041354 4.246810 3.996037
124.581891 4 7.873432 45.270397 4.246924 3.994964
124.681891 4 7.873330 45.503220 4.247038 3.993879
124.781891 4 7.873227 45.739886 4.247151 3.992781
124.881891 4 7.873123 45.980457 4.247265 3.991670
124.981891 4 7.873020 46.224995 4.247378 3.990547
125.081891 4 7.872915 46.473567 4.247491 3.989410
125.181891 4 7.872810 46.726238 4.247604 3.988261
125.281891 4 7.872704 46.983076 4.247717 3.987099
125.381891 4 7.872598 47.244150 4.247830 3.985924
125.481891 4 7.872491 47.509529 4.247942 3.984736
125.581891 4 7.872384 47.779286 4.248055 3.983534
125.681891 4 7.872276 48.053494 4.248167 3.982320
125.781891 4 7.872167 48.332227 4.248280 3.981092
125.881891 4 7.872057 48.615562 4.248392 3.979851
125.981891 4 7.871947 48.903576 4.248504 3.978596
126.081891 4 7.871837 49.196349 4.248616 3.977328
126.181891 4 7.871725 49.493962 4.248728 3.976046
126.281891 4 7.871613 49.796497 4.248839 3.974751
126.381891 4 7.871500 50.104038 4.248951 3.973442
126.481891 4 7.871386 50.416673 4.249062 3.972119
126.581891 4 7.871272 50.734489 4.249173 3.970782
126.681891 4 7.871157 51.057576 4.249285 3.969432
126.781891 4 7.871041 51.386025 4.249396 3.968067
126.881891 4 7.870924 51.719931 4.249506 3.966688
126.981891 4 7.870807 52.059388 4.249617 3.965295
127.081891 4 7.870688 52.404496 4.249728 3.963888
127.181891 4 7.870569 52.755352 4.249838 3.962467
127.281891 4 7.870449 53.112061 4.249949 3.961031
127.381891 4 7.870329 53.474725 4.250059 3.959581
127.481891 4 7.870207 53.843451 4.250169 3.958116
127.581891 4 7.870085 54.218348 4.250279 3.956637
127.681891 4 7.869961 54.599527 4.250389 3.955143
127.781891 4 7.869837 54.987101 4.250499 3.953635
127.881891 4 7.869712 55.381187 4.250609 3.952112
127.981891 4 7.869586 55.781902 4.250718 3.950574
128.081891 4 7.869459 56.189369 4.250828 3.949020
128.181891 4 7.869330 56.603710 4.250937 3.947452
128.281891 4 7.869201 57.025053 4.251046 3.945869
128.381891 4 7.869071 57.453526 4.251156 3.944271
128.481891 4 7.868940 57.889263 4.251265 3.942658
128.581891 4 7.868808 58.332397 4.251373 3.941029
128.681891 4 7.868675 58.783068 4.251482 3.939385
128.781891 4 7.868541 59.241417 4.251591 3.937726
128.881891 4 7.868406 59.707587 4.251699 3.936051
128.981891 4 7.868270 60.181728 4.251808 3.934360
129.081891 4 7.868132 60.663990 4.251916 3.932654
129.181891 4 7.867993 61.154527 4.252024 3.930932
129.281891 4 7.867854 61.653498 4.252132 3.929195
129.381891 4 7.867713 62.161064 4.252240 3.927441
129.481891 4 7.867571 62.677391 4.252348 3.925672
129.581891 4 7.867427 63.202648 4.252456 3.923887
129.681891 4 7.867283 63.737007 4.252563 3.922086
129.781891 4 7.867137 64.280647 4.252671 3.920268
129.881891 4 7.866990 64.833748 4.252778 3.918435
129.981891 4 7.866841 65.396496 4.252886 3.916585
130.081891 4 7.866691 65.969080 4.252993 3.914719
130.181891 4 7.866540 66.551695 4.253100 3.912836
130.281891 4 7.866388 67.144540 4.253207 3.910937
130.381891 4 7.866234 67.747817 4.253314 3.909021
130.481891 4 7.866079 68.361735 4.253420 3.907089
130.581891 4 7.865922 68.986507 4.253527 3.905140
130.681891 4 7.865764 69.622352 4.253633 3.903175
130.781891 4 7.865604 70.269493 4.253740 3.901192
130.881891 4 7.865443 70.928158 4.253846 3.899193
130.981891 4 7.865280 71.598582 4.253952 3.897176
131.081891 4 7.865115 72.281005 4.254058 3.895143
131.181891 4 7.864949 72.975673 4.254164 3.893093
131.281891 4 7.864782 73.682836 4.254270 3.891025
131.381891 4 7.864612 74.402753 4.254376 3.888940
131.481891 4 7.864441 75.135688 4.254481 3.886838
131.581891 4 7.864269 75.881911 4.254587 3.884718
131.681891 4 7.864181 76.260092 4.254640 3.883652
131.781891 4 7.864094 76.641700 4.254692 3.882581
131.881891 4 7.864005 77.026769 4.254745 3.881506
131.981891 4 7.863917 77.415337 4.254798 3.880426
132.081891 4 7.863828 77.807440 4.254850 3.879343
132.181891 4 7.863738 78.203114 4.254903 3.878254
132.281891 4 7.863648 78.602398 4.254955 3.877162
132.381891 4 7.863558 79.005330 4.255008 3.876064
132.481891 4 7.863467 79.411946 4.255060 3.874963
132.581891 4 7.863375 79.822288 4.255113 3.873857
132.681891 4 7.863283 80.236393 4.255165 3.872746
132.781891 4 7.863191 80.654302 4.255218 3.871631
132.881891 4 7.863098 81.076055 4.255270 3.870512
132.981891 4 7.863005 81.501693 4.255323 3.869388
133.081891 4 7.862911 81.931258 4.255375 3.868259
133.181891 4 7.862816 82.364790 4.255427 3.867127
133.281891 4 7.862721 82.802333 4.255479 3.865989
133.381891 4 7.862626 83.243929 4.255532 3.864847
133.481891 4 7.862530 83.689623 4.255584 3.863701
133.581891 4 7.862434 84.139457 4.255636 3.862550
133.681891 4 7.862337 84.593476 4.255688 3.861394
133.781891 4 7.862239 85.051727 4.255741 3.860234
133.881891 4 7.862141 85.514253 4.255793 3.859069
133.981891 4 7.862042 85.981102 4.255845 3.857900
134.081891 4 7.861943 86.452320 4.255897 3.856726
134.181891 4 7.861843 86.927954 4.255949 3.855548
134.281891 4 7.861743 87.408054 4.256001 3.854365
134.381891 4 7.861642 87.892667 4.256053 3.853177
134.481891 4 7.861541 88.381842 4.256105 3.851985
134.581891 4 7.861439 88.875630 4.256157 3.850788
134.681891 4 7.861336 89.374081 4.256209 3.849587
134.781891 4 7.861233 89.877245 4.256261 3.848381
134.881891 4 7.861129 90.385176 4.256313 3.847170
134.981891 4 7.861025 90.897926 4.256365 3.845955
135.081891 4 7.860920 91.415546 4.256416 3.844735
135.181891 4 7.860814 91.938093 4.256468 3.843510
135.281891 4 7.860708 92.465619 4.256520 3.842280
135.381891 4 7.860601 92.998180 4.256572 3.841046
135.481891 4 7.860493 93.535832 4.256623 3.839807
135.581891 4 7.860385 94.078632 4.256675 3.838564
135.681891 4 7.860277 94.626637 4.256727 3.837316
135.781891 4 7.860167 95.179905 4.256778 3.836063
135.881891 4 7.860057 95.738495 4.256830 3.834805
135.981891 4 7.859946 96.302466 4.256882 3.833542
136.081891 4 7.859835 96.871880 4.256933 3.832275
136.181891 4 7.859723 97.446797 4.256985 3.831003
136.281891 4 7.859610 98.027280 4.257036 3.829726
136.381891 4 7.859497 98.613390 4.257088 3.828445
136.481891 4 7.859383 99.205192 4.257139 3.827158
136.581891 4 7.859268 99.802750 4.257191 3.825867
136.681891 4 7.859152 100.406130 4.257242 3.824571
136.781891 4 7.859036 101.015398 4.257294 3.823270
136.881891 4 7.858919 101.630620 4.257345 3.821964
136.981891 4 7.858801 102.251864 4.257396 3.820654
137.081891 4 7.858683 102.879201 4.257448 3.819339
137.181891 4 7.858564 103.512698 4.257499 3.818018
137.281891 4 7.858444 104.152427 4.257550 3.816693
137.381891 4 7.858323 104.798459 4.257601 3.815363
137.481891 4 7.858202 105.450867 4.257653 3.814029
137.581891 4 7.858079 106.109725 4.257704 3.812689
137.681891 4 7.857956 106.775107 4.257755 3.811344
137.781891 4 7.857833 107.447088 4.257806 3.809995
137.881891 4 7.857708 108.125744 4.257857 3.808640
137.981891 4 7.857583 108.811154 4.257908 3.807281
138.081891 4 7.857457 109.503396 4.257959 3.805917
138.181891 4 7.857329 110.202549 4.258010 3.804547
138.281891 4 7.857202 110.908694 4.258061 3.803173
138.381891 4 7.857073 111.621914 4.258112 3.801794
138.481891 4 7.856943 112.342289 4.258163 3.800410
138.581891 4 7.856813 113.069906 4.258214 3.799021
138.681891 4 7.856682 113.804848 4.258265 3.797627
138.781891 4 7.856550 114.547202 4.258316 3.796227
138.881891 4 7.856417 115.297056 4.258367 3.794823
138.981891 4 7.856283 116.054497 4.258418 3.793414
139.081891 4 7.856148 116.819617 4.258469 3.792000
139.181891 4 7.856012 117.592505 4.258520 3.790581
139.281891 4 7.855876 118.373254 4.258570 3.789156
139.381891 4 7.855738 119.161959 4.258621 3.787727
139.481891 4 7.855600 119.958712 4.258672 3.786293
139.581891 4 7.855460 120.763611 4.258723 3.784853
139.681891 4 7.855320 121.576754 4.258773 3.783409
139.781891 4 7.855179 122.398238 4.258824 3.781959
139.881891 4 7.855036 123.228164 4.258875 3.780504
139.981891 4 7.854893 124.066633 4.258925 3.779044
140.081891 4 7.854749 124.913749 4.258976 3.777579
140.181891 4 7.854604 125.769616 4.259026 3.776109
140.281891 4 7.854457 126.634339 4.259077 3.774634
140.381891 4 7.854310 127.508025 4.259127 3.773154
140.481891 4 7.854162 128.390785 4.259178 3.771668
140.581891 4 7.854012 129.282727 4.259228 3.770177
140.681891 4 7.853862 130.183964 4.259279 3.768682
140.781891 4 7.853710 131.094608 4.259329 3.767180
140.881891 4 7.853558 132.014776 4.259380 3.765674
140.981891 4 7.853404 132.944582 4.259430 3.764163
141.081891 4 7.853249 133.884147 4.259480 3.762646
141.181891 4 7.853093 134.833588 4.259531 3.761124
141.281891 4 7.852936 135.793029 4.259581 3.759597
141.381891 4 7.852778 136.762592 4.259631 3.758065
141.481891 4 7.852618 137.742402 4.259681 3.756527
141.581891 4 7.852458 138.732586 4.259732 3.754984
141.681891 4 7.852296 139.733272 4.259782 3.753436
141.781891 4 7.852133 140.744591 4.259832 3.751883
141.881891 4 7.851969 141.766675 4.259882 3.750324
141.981891 4 7.851804 142.799658 4.259932 3.748760
142.081891 4 7.851638 143.843676 4.259983 3.747191
142.181891 4 7.851470 144.898867 4.260033 3.745616
142.281891 4 7.851301 145.965371 4.260083 3.744036
142.381891 4 7.851130 147.043330 4.260133 3.742451
142.481891 4 7.850959 148.132887 4.260183 3.740861
142.581891 4 7.850786 149.234189 4.260233 3.739265
142.681891 4 7.850612 150.347384 4.260283 3.737663
142.781891 4 7.850436 151.472622 4.260333 3.736057
142.881891 4 7.850260 152.610056 4.260383 3.734445
142.981891 4 7.850081 153.759840 4.260432 3.732827
143.081891 4 7.849902 154.922130 4.260482 3.731204
143.181891 4 7.849721 156.097087 4.260532 3.729576
143.281891 4 7.849539 157.284871 4.260582 3.727943
143.381891 4 7.849355 158.485646 4.260632 3.726304
143.481891 4 7.849170 159.699579 4.260682 3.724659
143.581891 4 7.848983 160.926838 4.260731 3.723009
143.681891 4 7.848795 162.167593 4.260781 3.721354
143.781891 4 7.848606 163.422019 4.260831 3.719693
143.881891 4 7.848415 164.690292 4.260881 3.718027
143.981891 4 7.848222 165.972590 4.260930 3.716355
144.081891 4 7.848028 167.269094 4.260980 3.714678
144.181891 4 7.847832 168.579989 4.261030 3.712995
144.281891 4 7.847635 169.905461 4.261079 3.711307
144.381891 4 7.847436 171.245699 4.261129 3.709613
144.481891 4 7.847236 172.600896 4.261178 3.707914
144.581891 4 7.847034 173.971247 4.261228 3.706209
144.681891 4 7.846830 175.356950 4.261277 3.704498
144.781891 4 7.846625 176.758205 4.261327 3.702782
144.881891 4 7.846418 178.175217 4.261376 3.701061
144.981891 4 7.846210 179.608192 4.261426 3.699334
145.081891 4 7.845999 181.057341 4.261475 3.697601
145.181891 4 7.845787 182.522876 4.261525 3.695863
145.281891 4 7.845574 184.005014 4.261574 3.694119
145.381891 4 7.845358 185.503975 4.261623 3.692370
145.481891 4 7.845141 187.019981 4.261673 3.690615
145.581891 4 7.844922 188.553259 4.261722 3.688854
145.681891 4 7.844701 190.104038 4.261771 3.687088
145.781891 4 7.844478 191.672551 4.261821 3.685316
145.881891 4 7.844253 193.259036 4.261870 3.683538
145.981891 4 7.844027 194.863731 4.261919 3.681755
146.081891 4 7.843798 196.486882 4.261968 3.679966
146.181891 4 7.843568 198.128735 4.262017 3.678171
146.281891 4 7.843335 199.789543 4.262067 3.676371
146.381891 4 7.843101 201.469559 4.262116 3.674565
146.481891 4 7.842864 203.169044 4.262165 3.672753
146.581891 4 7.842626 204.888260 4.262214 3.670935
146.681891 4 7.842386 206.627474 4.262263 3.669112
146.781891 4 7.842143 208.386957 4.262312 3.667283
146.881891 4 7.841898 210.166986 4.262361 3.665449
146.981891 4 7.841652 211.967838 4.262410 3.663608
147.081891 4 7.841403 213.789799 4.262459 3.661762
147.181891 4 7.841152 215.633155 4.262508 3.659910
147.281891 4 7.840898 217.498201 4.262557 3.658052
147.381891 4 7.840643 219.385233 4.262606 3.656188
147.481891 4 7.840385 221.294553 4.262655 3.654319
147.581891 4 7.840125 223.226468 4.262704 3.652444
147.681891 4 7.839863 225.181289 4.262752 3.650563
147.781891 4 7.839598 227.159331 4.262801 3.648676
147.881891 4 7.839331 229.160917 4.262850 3.646783
147.981891 4 7.839062 231.186371 4.262899 3.644884
148.081891 4 7.838790 233.236026 4.262948 3.642980
148.181891 4 7.838515 235.310218 4.262996 3.641069
148.281891 4 7.838239 237.409288 4.263045 3.639153
148.381891 4 7.837959 239.533584 4.263094 3.637231
148.481891 4 7.837677 241.683458 4.263142 3.635303
148.581891 4 7.837393 243.859268 4.263191 3.633369
148.681891 4 7.837106 246.061378 4.263240 3.631429
148.781891 4 7.836816 248.290158 4.263288 3.629483
148.881891 4 7.836524 250.545982 4.263337 3.627531
148.981891 4 7.836229 252.829233 4.263385 3.625573
149.081891 4 7.835931 255.140297 4.263434 3.623610
149.181891 4 7.835631 257.479569 4.263483 3.621640
149.281891 4 7.835327 259.847447 4.263531 3.619664
149.381891 4 7.835021 262.244340 4.263579 3.617682
149.481891 4 7.834712 264.670659 4.263628 3.615695
149.581891 4 7.834400 267.126823 4.263676 3.613701
149.681891 4 7.834085 269.613260 4.263725 3.611701
149.781891 4 7.833767 272.130402 4.263773 3.609695
149.881891 4 7.833447 274.678689 4.263822 3.607683
149.981891 4 7.833123 277.258569 4.263870 3.605666
150.081891 4 7.832796 279.870495 4.263918 3.603642
150.181891 4 7.832465 282.514930 4.263967 3.601611
150.281891 4 7.832132 285.192342 4.264015 3.599575
150.381891 4 7.831796 287.903210 4.264063 3.597533
150.481891 4 7.831456 290.648017 4.264111 3.595485
150.581891 4 7.831113 293.427256 4.264160 3.593430
150.681891 4 7.830766 296.241428 4.264208 3.591370
150.781891 4 7.830416 299.091042 4.264256 3.589303
150.881891 4 7.830067 301.949792 4.264304 3.587249
150.981891 4 7.829735 304.662384 4.264348 3.585318
151.081891 4 7.829422 307.234406 4.264390 3.583503
151.181891 4 7.829126 309.671459 4.264430 3.581797
151.281891 4 7.828845 311.979130 4.264466 3.580194
151.381891 4 7.828581 314.162954 4.264501 3.578688
151.481891 4 7.828331 316.228393 4.264533 3.577273
151.581891 4 7.828095 318.180812 4.264563 3.575944
151.681891 4 7.827873 320.025460 4.264592 3.574696
151.781891 4 7.827663 321.767455 4.264618 3.573524
151.881891 4 7.827466 323.411775 4.264643 3.572424
151.981891 4 7.827093 326.524360 4.264690 3.570355
152.081891 4 7.826764 329.279809 4.264731 3.568541
152.181891 4 7.826473 331.715591 4.264767 3.566949
152.281891 4 7.826217 333.866072 4.264798 3.565554
152.381891 4 7.825992 335.762563 4.264826 3.564331
152.481891 4 7.825595 339.115053 4.264873 3.562185
152.581891 4 7.825294 341.657857 4.264909 3.560572
152.681891 4 7.825067 343.581140 4.264936 3.559360
152.781891 4 7.824724 346.492328 4.264977 3.557538
