t Ka M R logL logTeff
0.100000 1 99.722754 17.322875 6.104121 4.667861
0.200000 1 99.443724 17.419660 6.104224 4.666677
0.300000 1 99.162975 17.516529 6.104340 4.665502
0.400000 1 98.880490 17.613533 6.104469 4.664335
0.500000 1 98.596248 17.710723 6.104611 4.663175
0.600000 1 98.310232 17.808151 6.104764 4.662022
0.700000 1 98.022421 17.905872 6.104928 4.660875
0.800000 1 97.732795 18.003939 6.105104 4.659733
0.900000 1 97.441336 18.102408 6.105289 4.658595
1.000000 1 97.148023 18.201334 6.105484 4.657460
1.100000 1 96.852836 18.300776 6.105689 4.656328
1.200000 1 96.555755 18.400791 6.105902 4.655198
1.300000 1 96.256760 18.501438 6.106124 4.654069
1.400000 1 95.955833 18.602778 6.106352 4.652940
1.500000 1 95.652953 18.704872 6.106588 4.651810
1.600000 1 95.348101 18.807782 6.106831 4.650679
1.700000 1 95.041259 18.911571 6.107079 4.649546
1.800000 1 94.732409 19.016304 6.107332 4.648411
1.900000 1 94.421533 19.122047 6.107590 4.647271
2.000000 1 94.108613 19.228865 6.107852 4.646127
2.100000 1 93.793635 19.336827 6.108118 4.644977
2.200000 1 93.476582 19.446001 6.108386 4.643822
2.300000 1 93.157439 19.556458 6.108657 4.642660
2.400000 1 92.836193 19.668269 6.108929 4.641490
2.500000 1 92.512832 19.781507 6.109202 4.640311
2.600000 1 92.187343 19.896247 6.109476 4.639124
2.700000 1 91.859718 20.012564 6.109750 4.637927
2.800000 1 91.529946 20.130536 6.110023 4.636719
2.900000 1 91.198021 20.250243 6.110295 4.635499
3.000000 1 90.863936 20.371765 6.110564 4.634267
3.100000 1 90.527689 20.495186 6.110831 4.633022
3.200000 1 90.189275 20.620592 6.111095 4.631764
3.300000 1 89.848696 20.748070 6.111355 4.630490
3.400000 1 89.505952 20.877712 6.111611 4.629202
3.500000 1 89.161047 21.009612 6.111862 4.627897
3.600000 1 88.813987 21.143867 6.112107 4.626575
3.700000 1 88.464781 21.280578 6.112347 4.625236
3.800000 1 88.113439 21.419851 6.112580 4.623877
3.900000 1 87.759975 21.561796 6.112806 4.622500
4.000000 1 87.404406 21.706528 6.113024 4.621101
4.100000 1 87.046750 21.854168 6.113234 4.619682
4.200000 1 86.687031 22.004846 6.113436 4.618240
4.300000 1 86.325273 22.158696 6.113629 4.616776
4.400000 1 85.961508 22.315864 6.113813 4.615287
4.500000 1 85.595766 22.476502 6.113987 4.613773
4.600000 1 85.228086 22.640776 6.114150 4.612233
4.700000 1 84.858508 22.808863 6.114304 4.610665
4.800000 1 84.487077 22.980954 6.114447 4.609068
4.900000 1 84.113842 23.157256 6.114579 4.607442
5.000000 1 83.738859 23.337992 6.114699 4.605784
5.100000 1 83.362187 23.523407 6.114809 4.604093
5.200000 1 82.983891 23.713768 6.114907 4.602367
5.300000 1 82.604042 23.909365 6.114994 4.600605
5.400000 1 82.222715 24.110520 6.115069 4.598805
5.500000 1 81.839995 24.317584 6.115133 4.596964
5.600000 1 81.455972 24.530945 6.115186 4.595080
5.700000 1 81.070743 24.751033 6.115229 4.593151
5.800000 1 80.684414 24.978321 6.115261 4.591174
5.900000 1 80.297100 25.213334 6.115283 4.589146
6.000000 1 79.908925 25.456657 6.115295 4.587064
6.100000 1 79.520021 25.708938 6.115299 4.584923
6.200000 1 79.325278 25.838641 6.115297 4.583830
6.300000 1 79.130419 25.970864 6.115294 4.582721
6.400000 1 78.935463 26.105708 6.115289 4.581595
6.500000 1 78.740433 26.243283 6.115282 4.580452
6.600000 1 78.545351 26.383704 6.115274 4.579291
6.700000 1 78.350238 26.527093 6.115265 4.578112
6.800000 1 78.155120 26.673579 6.115255 4.576914
6.900000 1 77.960020 26.823297 6.115244 4.575696
7.000000 1 77.764966 26.976392 6.115233 4.574457
7.100000 1 77.569984 27.133015 6.115221 4.573197
7.200000 1 77.375102 27.293328 6.115209 4.571915
7.300000 1 77.180350 27.457502 6.115198 4.570609
7.400000 1 76.985758 27.625715 6.115186 4.569280
7.500000 1 76.791358 27.798161 6.115176 4.567926
7.600000 1 76.597184 27.975040 6.115166 4.566547
7.700000 1 76.403270 28.156569 6.115158 4.565140
7.800000 1 76.209653 28.342973 6.115151 4.563706
7.900000 1 76.016370 28.534494 6.115146 4.562242
8.000000 1 75.823461 28.731388 6.115144 4.560748
8.100000 1 75.630968 28.933926 6.115145 4.559223
8.200000 1 75.438933 29.142396 6.115149 4.557665
8.300000 1 75.247402 29.357104 6.115156 4.556073
8.400000 1 75.056421 29.578374 6.115168 4.554446
8.500000 1 74.866040 29.806552 6.115185 4.552781
8.600000 1 74.676309 30.042005 6.115207 4.551078
8.700000 1 74.487283 30.285122 6.115235 4.549335
8.800000 1 74.299017 30.536319 6.115269 4.547550
8.900000 1 74.111570 30.796039 6.115311 4.545721
9.000000 1 73.925003 31.064751 6.115361 4.543847
9.100000 1 73.739379 31.342958 6.115419 4.541925
9.200000 1 73.554766 31.631195 6.115486 4.539954
9.300000 1 73.371232 31.930032 6.115564 4.537932
9.400000 1 73.188849 32.240078 6.115653 4.535856
9.500000 1 73.007695 32.561984 6.115754 4.533724
9.600000 1 72.917770 32.727674 6.115811 4.532636
9.700000 1 72.828188 32.896596 6.115871 4.531533
9.800000 1 72.738957 33.068847 6.115935 4.530415
9.900000 1 72.650088 33.244522 6.116003 4.529281
10.000000 1 72.561593 33.423725 6.116074 4.528132
10.100000 1 72.473483 33.606559 6.116150 4.526966
10.200000 1 72.385768 33.793133 6.116229 4.525784
10.300000 1 72.298461 33.983560 6.116313 4.524584
10.400000 1 72.211574 34.177955 6.116401 4.523368
10.500000 1 72.125117 34.376440 6.116493 4.522133
10.600000 1 72.039105 34.579138 6.116591 4.520881
10.700000 1 71.953548 34.786180 6.116693 4.519610
10.800000 1 71.868460 34.997699 6.116800 4.518321
10.900000 1 71.783854 35.213835 6.116912 4.517012
11.000000 1 71.699742 35.434730 6.117030 4.515683
11.100000 1 71.616139 35.660534 6.117153 4.514335
11.200000 1 71.533059 35.891403 6.117282 4.512966
11.300000 1 71.450514 36.127496 6.117416 4.511576
11.400000 1 71.368519 36.368981 6.117557 4.510164
11.500000 1 71.287089 36.616029 6.117704 4.508731
11.600000 1 71.206238 36.868822 6.117857 4.507275
11.700000 1 71.125980 37.127544 6.118017 4.505797
11.800000 1 71.046332 37.392390 6.118184 4.504295
11.900000 1 70.967308 37.663560 6.118358 4.502769
12.000000 1 70.888923 37.941263 6.118539 4.501219
12.100000 1 70.811194 38.225717 6.118727 4.499645
12.200000 1 70.734137 38.517147 6.118923 4.498044
12.300000 1 70.657766 38.815787 6.119127 4.496418
12.400000 1 70.582100 39.121882 6.119339 4.494765
12.500000 1 70.507154 39.435686 6.119559 4.493086
12.600000 1 70.432944 39.757461 6.119788 4.491378
12.700000 1 70.359488 40.087484 6.120025 4.489643
12.800000 1 70.286803 40.426040 6.120272 4.487878
12.900000 1 70.214905 40.773427 6.120528 4.486084
13.000000 1 70.143812 41.129957 6.120793 4.484260
13.100000 1 70.073541 41.495951 6.121067 4.482405
13.200000 1 70.004110 41.871747 6.121352 4.480518
13.300000 1 69.935536 42.257697 6.121647 4.478599
13.400000 1 69.867836 42.654166 6.121952 4.476648
13.500000 1 69.801028 43.061538 6.122268 4.474663
13.600000 1 69.735130 43.480210 6.122595 4.472643
13.700000 1 69.670159 43.910598 6.122932 4.470589
13.800000 1 69.638145 44.130409 6.123107 4.469548
13.900000 1 69.606371 44.353315 6.123284 4.468499
14.000000 1 69.574838 44.579373 6.123465 4.467440
14.100000 1 69.543549 44.808644 6.123648 4.466372
14.200000 1 69.512506 45.041186 6.123834 4.465294
14.300000 1 69.481710 45.277062 6.124023 4.464207
14.400000 1 69.451165 45.516332 6.124216 4.463111
14.500000 1 69.420871 45.759062 6.124411 4.462005
14.600000 1 69.390832 46.005318 6.124609 4.460889
14.700000 1 69.361049 46.255165 6.124811 4.459763
14.800000 1 69.331525 46.508672 6.125016 4.458628
14.900000 1 69.302261 46.765910 6.125224 4.457482
15.000000 1 69.273259 47.026949 6.125435 4.456326
15.100000 1 69.244522 47.291864 6.125649 4.455160
15.200000 1 69.216052 47.560729 6.125867 4.453983
15.300000 1 69.187849 47.833620 6.126087 4.452796
15.400000 1 69.159918 48.110617 6.126312 4.451598
15.500000 1 69.132258 48.391799 6.126539 4.450389
15.600000 1 69.104873 48.677248 6.126770 4.449170
15.700000 1 69.077764 48.967048 6.127005 4.447940
15.800000 1 69.050934 49.261285 6.127242 4.446698
15.900000 1 69.024382 49.560048 6.127484 4.445446
16.000000 1 68.998113 49.863425 6.127728 4.444182
16.100000 1 68.972127 50.171510 6.127977 4.442906
16.200000 1 68.946425 50.484397 6.128228 4.441619
16.300000 1 68.921011 50.802182 6.128484 4.440320
16.400000 1 68.895885 51.124964 6.128743 4.439010
16.500000 1 68.870965 51.452767 6.129004 4.437687
16.600000 1 68.845998 51.785451 6.129266 4.436353
16.700000 1 68.820983 52.123113 6.129526 4.435007
16.800000 1 68.795920 52.465849 6.129787 4.433649
16.900000 1 68.770808 52.813758 6.130047 4.432279
17.000000 1 68.745648 53.166942 6.130306 4.430896
17.100000 1 68.720440 53.525506 6.130566 4.429502
17.200000 1 68.695184 53.889556 6.130824 4.428094
17.300000 1 68.669879 54.259201 6.131083 4.426675
17.400000 1 68.644526 54.634554 6.131341 4.425242
17.500000 1 68.619124 55.015728 6.131598 4.423797
17.600000 1 68.593673 55.402841 6.131855 4.422338
17.700000 1 68.568173 55.796013 6.132112 4.420867
17.800000 1 68.542625 56.195367 6.132368 4.419382
17.900000 1 68.517028 56.601029 6.132624 4.417884
18.000000 1 68.491381 57.013128 6.132880 4.416373
18.100000 1 68.465686 57.431795 6.133135 4.414848
18.200000 1 68.439942 57.857167 6.133389 4.413309
18.300000 1 68.414148 58.289382 6.133644 4.411757
18.400000 1 68.388305 58.728583 6.133897 4.410190
18.500000 1 68.362412 59.174914 6.134151 4.408609
18.600000 1 68.336470 59.628526 6.134403 4.407014
18.700000 1 68.310479 60.089571 6.134656 4.405405
18.800000 1 68.284438 60.558206 6.134908 4.403781
18.900000 1 68.258347 61.034593 6.135159 4.402142
19.000000 1 68.232206 61.518896 6.135411 4.400489
19.100000 1 68.206016 62.011284 6.135661 4.398820
19.200000 1 68.179776 62.511931 6.135911 4.397137
19.300000 1 67.838877 62.865076 6.132612 4.395089
19.400000 1 67.499682 63.228608 6.129312 4.393012
19.500000 1 67.162184 63.602830 6.126012 4.390905
19.600000 1 66.826373 63.988055 6.122713 4.388769
19.700000 1 66.492241 64.384609 6.119413 4.386603
19.800000 1 66.159780 64.792829 6.116113 4.384405
19.900000 1 65.828981 65.213066 6.112813 4.382176
20.000000 1 65.499836 65.645685 6.109513 4.379916
20.100000 1 65.172337 66.091063 6.106213 4.377622
20.200000 1 64.846475 66.549593 6.102913 4.375296
20.300000 1 64.522243 67.021684 6.099613 4.372936
20.400000 1 64.199632 67.507759 6.096313 4.370542
20.500000 1 63.878634 68.008260 6.093013 4.368113
20.600000 1 63.559240 68.523645 6.089713 4.365648
20.700000 1 63.241444 69.054392 6.086413 4.363148
20.800000 1 62.925237 69.600995 6.083113 4.360611
20.900000 1 62.610611 70.163973 6.079814 4.358037
21.000000 1 62.297558 70.743861 6.076514 4.355425
21.100000 1 61.986070 71.341221 6.073215 4.352774
21.200000 1 61.366209 71.918281 6.068947 4.349958
21.300000 1 61.212794 71.355771 6.069090 4.351699
21.400000 1 61.136278 70.883545 6.069336 4.353202
21.500000 1 61.059857 70.268675 6.069698 4.355184
21.600000 1 61.021695 69.905101 6.069921 4.356366
21.700000 1 60.983556 69.502619 6.070172 4.357683
21.800000 1 60.945442 69.060447 6.070451 4.359139
21.900000 1 60.907351 68.577964 6.070758 4.360738
22.000000 1 60.869284 68.054716 6.071092 4.362484
22.100000 1 60.831240 67.490414 6.071452 4.364383
22.200000 1 60.793221 66.884944 6.071839 4.366436
22.300000 1 60.756709 66.264429 6.072236 4.368559
22.400000 1 60.722374 65.646151 6.072630 4.370693
22.500000 1 60.690088 65.034267 6.073020 4.372824
22.600000 1 60.659733 64.432255 6.073403 4.374940
22.700000 1 60.631194 63.842969 6.073778 4.377028
22.800000 1 60.604365 63.268706 6.074142 4.379082
22.900000 1 60.579148 62.711271 6.074496 4.381092
23.000000 1 60.555446 62.172034 6.074838 4.383053
23.100000 1 60.533172 61.651989 6.075168 4.384959
23.200000 1 60.512242 61.151807 6.075486 4.386807
23.300000 1 60.492576 60.671886 6.075791 4.388594
23.400000 1 60.474100 60.212391 6.076082 4.390318
23.500000 1 60.456745 59.773295 6.076361 4.391977
23.600000 1 60.440442 59.354410 6.076628 4.393571
23.700000 1 60.425131 58.955421 6.076882 4.395099
23.800000 1 60.410751 58.575908 6.077124 4.396562
23.900000 1 60.397248 58.215370 6.077353 4.397960
24.000000 1 60.395836 57.888983 6.077725 4.399274
24.100000 1 60.394510 57.579242 6.078076 4.400527
24.200000 1 60.393265 57.285593 6.078408 4.401720
24.300000 1 60.390925 56.726590 6.079036 4.404006
24.400000 1 60.388872 56.228600 6.079591 4.406060
24.500000 1 60.387069 55.786195 6.080083 4.407898
24.600000 1 60.385489 55.394075 6.080517 4.409538
24.700000 1 60.384102 55.047190 6.080899 4.410998
24.800000 1 60.382887 54.740814 6.081236 4.412294
24.900000 1 60.380756 54.198362 6.081831 4.414605
25.000000 1 60.379153 53.786363 6.082281 4.416375
25.100000 1 60.377948 53.474518 6.082621 4.417722
25.200000 1 60.376138 53.002267 6.083135 4.419777
25.300000 2 60.374322 50.798616 6.083653 4.429128
25.400000 2 60.374321 50.816546 6.083652 4.429051
25.500000 2 60.374272 51.303516 6.083627 4.426974
25.600000 2 60.374224 51.795152 6.083602 4.424897
25.700000 2 60.374176 52.291499 6.083577 4.422819
25.800000 2 60.374128 52.792604 6.083552 4.420742
25.900000 2 60.374080 53.298510 6.083527 4.418665
26.000000 2 60.374031 53.809265 6.083502 4.416588
26.100000 2 60.373983 54.324915 6.083477 4.414510
26.200000 2 60.373935 54.845506 6.083452 4.412433
26.300000 2 60.373887 55.371087 6.083427 4.410356
26.400000 2 60.373839 55.901704 6.083402 4.408278
26.500000 2 60.373791 56.437406 6.083377 4.406201
26.600000 2 60.373743 56.978243 6.083352 4.404124
26.700000 2 60.373694 57.524262 6.083327 4.402047
26.800000 2 60.373646 58.075514 6.083301 4.399969
26.900000 2 60.373598 58.632048 6.083276 4.397892
27.000000 2 60.373166 59.193394 6.083246 4.395815
27.100000 2 60.372734 59.760112 6.083216 4.393739
27.200000 2 60.372302 60.332258 6.083186 4.391662
27.300000 2 60.371870 60.909882 6.083155 4.389586
27.400000 2 60.371439 61.493038 6.083125 4.387509
27.500000 2 60.371007 62.081779 6.083095 4.385432
27.600000 2 60.370575 62.676158 6.083065 4.383356
27.700000 2 60.370143 63.276229 6.083034 4.381279
27.800000 2 60.369712 63.882046 6.083004 4.379202
27.900000 2 60.369280 64.493665 6.082974 4.377126
28.000000 2 60.368849 65.111142 6.082944 4.375049
28.100000 2 60.368417 65.734531 6.082913 4.372972
28.200000 2 60.367986 66.363891 6.082883 4.370895
28.300000 2 60.367555 66.999278 6.082853 4.368819
28.400000 2 60.367124 67.640750 6.082823 4.366742
28.500000 2 60.366692 68.288364 6.082792 4.364665
28.600000 2 60.366261 68.942181 6.082762 4.362589
28.700000 2 60.365830 69.602259 6.082732 4.360512
28.800000 2 60.365399 70.268659 6.082702 4.358435
28.900000 2 60.364968 70.941441 6.082671 4.356358
29.000000 2 60.364537 71.620665 6.082641 4.354282
29.100000 2 60.364107 72.306395 6.082611 4.352205
29.200000 2 60.363676 72.998692 6.082581 4.350128
29.300000 2 60.363247 73.697622 6.082551 4.348051
29.400000 2 60.362821 74.403249 6.082520 4.345975
29.500000 2 60.362397 75.115638 6.082490 4.343898
29.600000 2 60.361975 75.834853 6.082460 4.341821
29.700000 2 60.361556 76.560960 6.082430 4.339744
29.800000 2 60.361138 77.294025 6.082400 4.337668
29.900000 2 60.360723 78.034114 6.082370 4.335591
30.000000 2 60.360310 78.781295 6.082340 4.333514
30.100000 2 60.359899 79.535635 6.082310 4.331437
30.200000 2 60.359490 80.297204 6.082280 4.329360
30.300000 2 60.359084 81.066070 6.082250 4.327284
30.400000 2 60.358679 81.842304 6.082220 4.325207
30.500000 2 60.358277 82.625976 6.082191 4.323130
30.600000 2 60.357877 83.417158 6.082161 4.321053
30.700000 2 60.357479 84.215921 6.082131 4.318976
30.800000 2 60.357083 85.022339 6.082101 4.316899
30.900000 2 60.356689 85.836483 6.082071 4.314822
31.000000 2 60.356297 86.658430 6.082042 4.312746
31.100000 2 60.355907 87.488253 6.082012 4.310669
31.200000 2 60.355519 88.326027 6.081982 4.308592
31.300000 2 60.355133 89.171830 6.081953 4.306515
31.400000 2 60.354750 90.025737 6.081923 4.304438
31.500000 2 60.354368 90.887828 6.081894 4.302361
31.600000 2 60.353988 91.758179 6.081864 4.300284
31.700000 2 60.352549 92.634713 6.081820 4.298209
31.800000 2 60.351110 93.519625 6.081776 4.296133
31.900000 2 60.349670 94.412997 6.081733 4.294058
32.000000 2 60.348231 95.314909 6.081689 4.291982
32.100000 2 60.346791 96.225444 6.081645 4.289907
32.200000 2 60.345352 97.144683 6.081601 4.287831
32.300000 2 60.343913 98.072709 6.081557 4.285756
32.400000 2 60.342473 99.009608 6.081513 4.283680
32.500000 2 60.341034 99.955463 6.081470 4.281605
32.600000 2 60.339594 100.910361 6.081426 4.279529
32.700000 2 60.338154 101.874388 6.081382 4.277454
32.800000 2 60.336715 102.847631 6.081338 4.275378
32.900000 2 60.335275 103.830178 6.081294 4.273302
33.000000 2 60.333836 104.822119 6.081250 4.271227
33.100000 2 60.332396 105.823543 6.081206 4.269151
33.200000 2 60.330956 106.834542 6.081163 4.267075
33.300000 2 60.329516 107.855206 6.081119 4.265000
33.400000 2 60.328077 108.885628 6.081075 4.262924
33.500000 2 60.326637 109.925902 6.081031 4.260848
33.600000 2 60.325197 110.976121 6.080987 4.258773
33.700000 2 60.323757 112.036381 6.080943 4.256697
33.800000 2 60.322317 113.106779 6.080900 4.254621
33.900000 2 60.320877 114.187410 6.080856 4.252545
34.000000 2 60.319438 115.278373 6.080812 4.250470
34.100000 2 60.317998 116.379767 6.080768 4.248394
34.200000 2 60.316558 117.491691 6.080724 4.246318
34.300000 2 60.315118 118.614247 6.080680 4.244242
34.400000 2 60.313678 119.747535 6.080637 4.242166
34.500000 2 60.312237 120.891660 6.080593 4.240091
34.600000 2 60.310797 122.046724 6.080549 4.238015
34.700000 2 60.309357 123.212831 6.080505 4.235939
34.800000 2 60.307917 124.390089 6.080461 4.233863
34.900000 2 60.306477 125.578603 6.080417 4.231787
35.000000 2 60.305037 126.778481 6.080374 4.229711
35.100000 2 60.303596 127.989832 6.080330 4.227635
35.200000 2 60.302156 129.212765 6.080286 4.225559
35.300000 2 60.300716 130.447392 6.080242 4.223483
35.400000 2 60.299276 131.693824 6.080198 4.221407
35.500000 2 60.297835 132.952175 6.080155 4.219331
35.600000 2 60.296395 134.222558 6.080111 4.217255
35.700000 2 60.294954 135.505088 6.080067 4.215179
35.800000 2 60.293514 136.799882 6.080023 4.213103
35.900000 2 60.292074 138.107057 6.079979 4.211027
36.000000 2 60.290633 139.426732 6.079936 4.208951
36.100000 2 60.289193 140.759026 6.079892 4.206875
36.200000 2 60.287752 142.104060 6.079848 4.204799
36.300000 2 60.286311 143.461955 6.079804 4.202723
36.400000 2 60.284871 144.832836 6.079760 4.200647
36.500000 2 60.283430 146.216826 6.079716 4.198571
36.600000 2 60.281990 147.614050 6.079673 4.196495
36.700000 2 60.280549 149.024635 6.079629 4.194419
36.800000 2 60.279108 150.448710 6.079585 4.192343
36.900000 2 60.277667 151.886403 6.079541 4.190266
37.000000 2 60.276227 153.337844 6.079497 4.188190
37.100000 2 60.274786 154.803165 6.079454 4.186114
37.200000 2 60.273345 156.282500 6.079410 4.184038
37.300000 2 60.271904 157.775981 6.079366 4.181962
37.400000 2 60.270463 159.283745 6.079322 4.179885
37.500000 2 60.269022 160.805927 6.079278 4.177809
37.600000 2 60.267581 162.342667 6.079235 4.175733
37.700000 2 60.266140 163.894103 6.079191 4.173657
37.800000 2 60.264699 165.460377 6.079147 4.171580
37.900000 2 60.263258 167.041629 6.079103 4.169504
38.000000 2 60.261817 168.638004 6.079059 4.167428
38.100000 2 60.260376 170.249645 6.079016 4.165351
38.200000 2 60.258935 171.876700 6.078972 4.163275
38.300000 2 60.257494 173.519316 6.078928 4.161199
38.400000 2 60.256053 175.177641 6.078884 4.159122
38.500000 2 60.254612 176.851827 6.078841 4.157046
38.600000 2 60.253170 178.542024 6.078797 4.154970
38.700000 2 60.251729 180.248386 6.078753 4.152893
38.800000 2 60.250288 181.971068 6.078709 4.150817
38.900000 2 60.248847 183.710226 6.078665 4.148740
39.000000 2 60.247405 185.466017 6.078622 4.146664
39.100000 2 60.245964 187.238602 6.078578 4.144587
39.200000 2 60.244522 189.028140 6.078534 4.142511
39.300000 2 60.243081 190.834793 6.078490 4.140434
39.400000 2 60.241640 192.658727 6.078447 4.138358
39.500000 2 60.240198 194.500105 6.078403 4.136281
39.600000 2 60.238757 196.359095 6.078359 4.134205
39.700000 2 60.237315 198.235866 6.078315 4.132128
39.800000 2 60.235873 200.130588 6.078271 4.130052
39.900000 2 60.234432 202.043433 6.078228 4.127975
40.000000 2 60.232990 203.974573 6.078184 4.125899
40.100000 2 60.231549 205.924184 6.078140 4.123822
40.200000 2 60.230107 207.892444 6.078096 4.121745
40.300000 2 60.228665 209.879530 6.078053 4.119669
40.400000 2 60.227223 211.885622 6.078009 4.117592
40.500000 2 60.225782 213.910904 6.077965 4.115515
40.600000 2 60.224340 215.955557 6.077921 4.113439
40.700000 2 60.222898 218.019768 6.077877 4.111362
40.800000 2 60.221456 220.103724 6.077834 4.109285
40.900000 2 60.220014 222.207614 6.077790 4.107209
41.000000 2 60.218572 224.331629 6.077746 4.105132
41.100000 2 60.217131 226.475961 6.077702 4.103055
41.200000 2 60.215689 228.640805 6.077659 4.100978
41.300000 2 60.214247 230.826357 6.077615 4.098902
41.400000 2 60.212805 233.032815 6.077571 4.096825
41.500000 2 60.211362 235.260380 6.077527 4.094748
41.600000 2 60.209920 237.509254 6.077484 4.092671
41.700000 2 60.208478 239.779640 6.077440 4.090594
41.800000 2 60.207036 242.071745 6.077396 4.088518
41.900000 2 60.205594 244.385776 6.077352 4.086441
42.000000 2 60.204152 246.721943 6.077309 4.084364
42.100000 2 60.202710 249.080459 6.077265 4.082287
42.200000 2 60.201267 251.461536 6.077221 4.080210
42.300000 2 60.199825 253.865392 6.077177 4.078133
42.400000 2 60.198383 256.292244 6.077134 4.076056
42.500000 2 60.196940 258.742313 6.077090 4.073979
42.600000 2 60.195498 261.215820 6.077046 4.071902
42.700000 2 60.194056 263.712990 6.077002 4.069825
42.800000 2 60.192613 266.234050 6.076959 4.067748
42.900000 2 60.191171 268.779227 6.076915 4.065671
43.000000 2 60.189728 271.348754 6.076871 4.063594
43.100000 2 60.188286 273.942864 6.076827 4.061517
43.200000 2 60.186843 276.561790 6.076784 4.059440
43.300000 2 60.185401 279.205772 6.076740 4.057363
43.400000 2 60.183958 281.875049 6.076696 4.055286
43.500000 2 60.182516 284.569863 6.076652 4.053209
43.600000 2 60.181073 287.290459 6.076609 4.051132
43.700000 2 60.179630 290.037084 6.076565 4.049055
43.800000 2 60.178188 292.809986 6.076521 4.046978
43.900000 2 60.176745 295.609417 6.076478 4.044901
44.000000 2 60.175302 298.435632 6.076434 4.042824
44.100000 2 60.173859 301.288887 6.076390 4.040747
44.200000 2 60.172417 304.169440 6.076346 4.038669
44.300000 2 60.170974 307.077553 6.076303 4.036592
44.400000 2 60.169531 310.013490 6.076259 4.034515
44.500000 2 60.168088 312.977518 6.076215 4.032438
44.600000 2 60.166645 315.969904 6.076171 4.030361
44.700000 2 60.165202 318.990922 6.076128 4.028283
44.800000 2 60.163759 322.040844 6.076084 4.026206
44.900000 2 60.162316 325.119948 6.076040 4.024129
45.000000 2 60.160873 328.228513 6.075997 4.022052
45.100000 2 60.159430 331.366821 6.075953 4.019974
45.200000 2 60.157987 334.535157 6.075909 4.017897
45.300000 2 60.156544 337.733808 6.075865 4.015820
45.400000 2 60.155101 340.963065 6.075822 4.013742
45.500000 2 60.153657 344.223221 6.075778 4.011665
45.600000 2 60.152214 347.514571 6.075734 4.009588
45.700000 2 60.150771 350.837415 6.075691 4.007510
45.800000 2 60.149328 354.192054 6.075647 4.005433
45.900000 2 60.147884 357.578792 6.075603 4.003355
46.000000 2 60.146441 360.997937 6.075559 4.001278
46.100000 2 60.144998 364.449798 6.075516 3.999201
46.200000 2 60.143554 367.934691 6.075472 3.997123
46.300000 2 60.142111 371.452929 6.075428 3.995046
46.400000 2 60.140667 375.004834 6.075385 3.992968
46.500000 2 60.139224 378.590726 6.075341 3.990891
46.600000 2 60.137780 382.210933 6.075297 3.988813
46.700000 2 60.136337 385.865782 6.075253 3.986736
46.800000 2 60.134893 389.555605 6.075210 3.984658
46.900000 2 60.133450 393.280737 6.075166 3.982581
47.000000 2 60.132006 397.041515 6.075122 3.980503
47.100000 2 60.130563 400.838283 6.075079 3.978426
47.200000 2 60.129119 404.671383 6.075035 3.976348
47.300000 2 60.127675 408.541165 6.074991 3.974270
47.400000 2 60.126232 412.447979 6.074948 3.972193
47.500000 2 60.124788 416.392179 6.074904 3.970115
47.600000 2 60.123344 420.374125 6.074860 3.968038
47.700000 2 60.121900 424.394177 6.074817 3.965960
47.800000 2 60.120456 428.452701 6.074773 3.963882
47.900000 2 60.119012 432.550064 6.074729 3.961805
48.000000 2 60.117569 436.686639 6.074685 3.959727
48.100000 2 60.116125 440.862801 6.074642 3.957649
48.200000 2 60.114681 445.078930 6.074598 3.955572
48.300000 2 60.113237 449.335408 6.074554 3.953494
48.400000 2 60.111793 453.632621 6.074511 3.951416
48.500000 2 60.110349 457.970960 6.074467 3.949338
48.600000 2 60.108905 462.350819 6.074423 3.947261
48.700000 2 60.107461 466.772595 6.074380 3.945183
48.800000 2 60.106016 471.236689 6.074336 3.943105
48.900000 2 60.104572 475.743508 6.074292 3.941027
49.000000 2 60.103128 480.293460 6.074249 3.938949
49.100000 2 60.101684 484.886958 6.074205 3.936872
49.200000 2 60.100240 489.524419 6.074161 3.934794
49.300000 2 60.098795 494.206264 6.074118 3.932716
49.400000 2 60.097351 498.932919 6.074074 3.930638
49.500000 2 60.095907 503.704813 6.074030 3.928560
49.600000 2 60.094462 508.522379 6.073987 3.926482
49.700000 2 60.093018 513.386054 6.073943 3.924404
49.800000 2 60.091574 518.296280 6.073899 3.922326
49.900000 2 60.090129 523.253502 6.073856 3.920248
50.000000 2 60.088685 528.258172 6.073812 3.918170
50.100000 2 60.087240 533.310744 6.073768 3.916092
50.200000 2 60.085796 538.411675 6.073725 3.914014
50.300000 2 60.084351 543.561430 6.073681 3.911936
50.400000 2 60.082907 548.760476 6.073637 3.909858
50.500000 2 60.081462 554.009286 6.073594 3.907780
50.600000 2 60.080017 559.308335 6.073550 3.905702
50.700000 2 60.078573 564.658105 6.073506 3.903624
50.800000 2 60.077128 570.059083 6.073463 3.901546
50.900000 2 60.075683 575.511757 6.073419 3.899468
51.000000 2 60.074239 581.016625 6.073375 3.897390
51.100000 2 60.072794 586.574185 6.073332 3.895312
51.200000 2 60.071349 592.184942 6.073288 3.893234
51.300000 2 60.069904 597.849406 6.073244 3.891156
51.400000 2 60.068459 603.568092 6.073201 3.889078
51.500000 2 60.067014 609.341518 6.073157 3.886999
51.600000 2 60.065569 615.170209 6.073113 3.884921
51.700000 2 60.064125 621.054695 6.073070 3.882843
51.800000 2 60.062680 626.995510 6.073026 3.880765
51.900000 2 60.061235 632.993193 6.072982 3.878687
52.000000 2 60.059790 639.048289 6.072939 3.876608
52.100000 2 60.058344 645.161349 6.072895 3.874530
52.200000 2 60.056899 651.332928 6.072851 3.872452
52.300000 2 60.055454 657.563585 6.072808 3.870374
52.400000 2 60.054009 663.853887 6.072764 3.868295
52.500000 2 60.052564 670.204406 6.072720 3.866217
52.600000 2 60.051119 676.615719 6.072677 3.864139
52.700000 2 60.049673 683.088407 6.072633 3.862060
52.800000 2 60.048228 689.623058 6.072590 3.859982
52.900000 2 60.046783 696.220267 6.072546 3.857904
53.000000 2 60.045338 702.880632 6.072502 3.855825
53.100000 2 60.043892 709.604759 6.072459 3.853747
53.200000 2 60.042447 716.393259 6.072415 3.851669
53.300000 2 60.041001 723.246747 6.072371 3.849590
53.400000 2 60.039556 730.165848 6.072328 3.847512
53.500000 2 60.038111 737.151188 6.072284 3.845433
53.600000 2 60.036665 744.203404 6.072240 3.843355
53.700000 2 60.035220 751.323135 6.072197 3.841276
53.800000 2 60.033774 758.511029 6.072153 3.839198
53.900000 2 60.032328 765.767738 6.072110 3.837119
54.000000 2 60.030883 773.093922 6.072066 3.835041
54.100000 2 60.029437 780.490246 6.072022 3.832962
54.200000 2 60.027992 787.957383 6.071979 3.830884
54.300000 2 60.026546 795.496011 6.071935 3.828805
54.400000 2 60.025100 803.106814 6.071891 3.826727
54.500000 2 60.023654 810.790485 6.071848 3.824648
54.600000 2 60.022209 818.547721 6.071804 3.822570
54.700000 2 60.020763 826.379227 6.071761 3.820491
54.800000 2 60.019317 834.285715 6.071717 3.818412
54.900000 2 60.017871 842.267904 6.071673 3.816334
55.000000 2 60.016425 850.326518 6.071630 3.814255
55.100000 2 60.014979 858.462290 6.071586 3.812176
55.200000 2 60.013533 866.675959 6.071542 3.810098
55.300000 2 60.012087 874.968272 6.071499 3.808019
55.400000 2 60.010641 883.339982 6.071455 3.805940
55.500000 2 60.009195 891.791849 6.071412 3.803862
55.600000 2 60.007749 900.324642 6.071368 3.801783
55.700000 2 60.006303 908.939137 6.071324 3.799704
55.800000 2 60.004857 917.636115 6.071281 3.797626
55.900000 2 60.003411 926.416368 6.071237 3.795547
56.000000 2 60.001965 935.280693 6.071194 3.793468
56.100000 2 60.000519 944.229897 6.071150 3.791389
56.200000 2 59.999072 953.264791 6.071106 3.789310
56.300000 2 59.997626 962.386198 6.071063 3.787232
56.400000 2 59.996180 971.594946 6.071019 3.785153
56.500000 2 59.994733 980.891872 6.070976 3.783074
56.600000 2 59.993287 990.277822 6.070932 3.780995
56.700000 2 59.991841 999.753647 6.070888 3.778916
56.800000 2 59.990394 1009.320210 6.070845 3.776837
56.900000 2 59.988948 1018.978381 6.070801 3.774758
57.000000 2 59.987501 1028.729035 6.070758 3.772679
57.100000 2 59.986055 1038.573061 6.070714 3.770601
57.200000 2 59.984608 1048.511353 6.070670 3.768522
57.300000 2 59.983162 1058.544814 6.070627 3.766443
57.400000 2 59.981715 1068.674356 6.070583 3.764364
57.500000 2 59.980269 1078.900900 6.070540 3.762285
57.600000 2 59.978822 1089.225375 6.070496 3.760206
57.700000 2 59.977375 1099.648720 6.070452 3.758127
57.800000 2 59.975929 1110.171882 6.070409 3.756048
57.900000 2 59.974482 1120.795818 6.070365 3.753969
58.000000 2 59.973035 1131.521494 6.070322 3.751890
58.100000 2 59.971588 1142.349885 6.070278 3.749811
58.200000 2 59.970142 1153.281974 6.070234 3.747731
58.300000 2 59.968695 1164.318756 6.070191 3.745652
58.400000 2 59.967248 1175.461235 6.070147 3.743573
58.500000 2 59.965801 1186.710422 6.070104 3.741494
58.600000 2 59.964354 1198.067341 6.070060 3.739415
58.700000 2 59.962907 1209.533025 6.070017 3.737336
58.800000 2 59.961460 1221.108514 6.069973 3.735257
58.900000 2 59.960013 1232.794863 6.069929 3.733178
59.000000 2 59.958566 1244.593133 6.069886 3.731098
59.100000 2 59.957119 1256.504397 6.069842 3.729019
59.200000 2 59.955672 1268.529738 6.069799 3.726940
59.300000 2 59.954225 1280.670249 6.069755 3.724861
59.400000 2 59.952778 1292.927034 6.069712 3.722781
59.500000 2 59.951330 1305.301208 6.069668 3.720702
59.600000 2 59.949883 1317.793895 6.069624 3.718623
59.700000 2 59.948436 1330.406232 6.069581 3.716544
59.800000 2 59.946989 1343.139364 6.069537 3.714464
59.900000 2 59.945541 1355.994451 6.069494 3.712385
60.000000 2 59.944094 1368.972660 6.069450 3.710306
60.100000 2 59.942647 1382.075172 6.069407 3.708226
60.200000 2 59.941199 1395.303179 6.069363 3.706147
60.300000 2 59.939752 1408.657882 6.069319 3.704068
60.400000 2 59.938304 1422.140497 6.069276 3.701988
60.500000 2 59.936857 1435.752250 6.069232 3.699909
60.600000 2 59.935410 1449.494377 6.069189 3.697829
60.700000 2 59.933962 1463.368130 6.069145 3.695750
60.800000 2 59.932514 1477.374769 6.069102 3.693671
60.900000 2 59.931067 1491.515568 6.069058 3.691591
61.000000 2 59.929619 1505.791813 6.069015 3.689512
61.100000 2 59.928172 1520.204803 6.068971 3.687432
61.200000 2 59.926724 1534.755847 6.068927 3.685353
61.300000 2 59.925276 1549.446271 6.068884 3.683273
61.400000 2 59.923828 1564.277409 6.068840 3.681194
61.500000 2 59.922381 1579.250610 6.068797 3.679114
61.600000 2 59.920933 1594.367236 6.068753 3.677035
61.700000 2 59.919485 1609.628662 6.068710 3.674955
61.800000 2 59.918037 1625.036275 6.068666 3.672876
61.900000 2 59.916589 1640.591478 6.068623 3.670796
62.000000 2 59.915142 1656.295685 6.068579 3.668716
62.100000 2 59.913694 1672.150324 6.068535 3.666637
62.200000 2 59.912246 1688.156838 6.068492 3.664557
62.300000 2 59.910798 1704.316681 6.068448 3.662478
62.400000 2 59.909350 1720.631325 6.068405 3.660398
62.500000 2 59.907902 1737.102252 6.068361 3.658318
62.600000 2 59.906453 1753.730962 6.068318 3.656239
62.700000 2 59.905005 1770.518966 6.068274 3.654159
62.800000 2 59.903557 1787.467792 6.068231 3.652079
62.900000 2 59.902109 1804.578981 6.068187 3.649999
63.000000 2 59.900661 1821.854090 6.068144 3.647920
63.100000 2 59.899213 1839.294690 6.068100 3.645840
63.200000 2 59.897764 1856.902368 6.068057 3.643760
63.300000 2 59.896316 1874.678726 6.068013 3.641680
63.400000 2 59.894868 1892.625380 6.067969 3.639601
63.500000 2 59.893420 1910.743963 6.067926 3.637521
63.600000 2 59.891971 1929.036124 6.067882 3.635441
63.700000 2 59.890523 1947.503526 6.067839 3.633361
63.800000 2 59.889074 1966.147850 6.067795 3.631281
63.900000 2 59.887626 1984.970791 6.067752 3.629201
64.000000 2 59.886177 2003.974062 6.067708 3.627122
64.100000 2 59.884729 2023.159393 6.067665 3.625042
64.200000 2 59.883280 2042.528527 6.067621 3.622962
64.300000 2 59.881832 2062.083228 6.067578 3.620882
64.400000 2 59.880383 2081.825275 6.067534 3.618802
64.500000 2 59.878935 2101.756464 6.067491 3.616722
64.600000 2 59.877486 2121.878608 6.067447 3.614642
64.700000 2 59.876037 2142.193538 6.067404 3.612562
64.800000 2 59.874589 2162.703102 6.067360 3.610482
64.900000 2 59.873140 2183.409166 6.067317 3.608402
65.000000 2 59.871691 2204.313615 6.067273 3.606322
65.100000 2 59.870255 2225.232548 6.067230 3.604260
65.200000 2 59.869178 2241.052017 6.067198 3.602714
65.300000 2 59.868370 2252.990431 6.067173 3.601554
65.400000 2 59.867158 2271.017488 6.067137 3.599815
65.500000 4 59.865946 2289.246560 6.067117 3.598074
65.600000 4 59.865896 2289.247565 6.067117 3.598073
65.700000 4 59.267237 2301.148084 6.068048 3.597180
65.800000 4 58.674564 2313.038526 6.068970 3.596292
65.900000 4 58.087819 2324.917463 6.069882 3.595407
66.000000 4 57.506941 2336.783409 6.070786 3.594528
66.100000 4 56.931871 2348.634815 6.071680 3.593653
66.200000 4 56.362552 2360.470066 6.072565 3.592783
66.300000 4 55.798927 2372.287477 6.073442 3.591917
66.400000 4 55.240938 2384.085292 6.074310 3.591057
66.500000 4 54.688528 2395.861677 6.075169 3.590202
66.600000 4 54.141643 2407.614715 6.076019 3.589352
66.700000 4 53.600227 2419.342406 6.076861 3.588507
66.800000 4 53.064224 2431.042658 6.077695 3.587668
66.900000 4 52.533582 2442.713282 6.078520 3.586834
67.000000 4 52.008246 2454.351990 6.079337 3.586006
67.100000 4 51.488164 2465.956383 6.080146 3.585184
67.200000 4 50.973282 2477.523951 6.080946 3.584368
67.300000 4 50.463549 2489.052061 6.081739 3.583558
67.400000 4 49.958914 2500.537951 6.082524 3.582755
67.500000 4 49.459325 2511.978725 6.083301 3.581958
67.600000 4 48.964731 2523.371338 6.084070 3.581168
67.700000 4 48.475084 2534.712592 6.084832 3.580384
67.800000 4 47.990333 2545.999123 6.085585 3.579608
67.900000 4 47.510430 2557.227390 6.086332 3.578839
68.000000 4 47.035326 2568.393664 6.087071 3.578077
68.100000 4 46.564972 2579.494013 6.087802 3.577324
68.200000 4 46.099323 2590.524290 6.088526 3.576578
68.300000 4 45.638329 2601.480115 6.089243 3.575841
68.400000 4 45.181946 2612.356858 6.089953 3.575113
68.500000 4 44.730127 2623.149621 6.090656 3.574393
68.600000 4 44.282825 2633.853218 6.091351 3.573683
68.700000 4 43.839997 2644.462151 6.092040 3.572982
68.800000 4 43.401597 2654.970584 6.092722 3.572291
68.900000 4 42.967581 2665.372316 6.093397 3.571611
69.000000 4 42.537905 2675.660753 6.094065 3.570941
69.100000 4 42.112526 2685.828869 6.094726 3.570283
69.200000 4 41.691401 2695.869173 6.095381 3.569636
69.300000 4 41.274487 2705.773661 6.096030 3.569002
69.400000 4 40.861742 2715.533777 6.096672 3.568381
69.500000 4 40.453125 2725.140352 6.097307 3.567773
69.600000 4 40.048593 2734.583548 6.097936 3.567179
69.700000 4 39.648108 2743.852794 6.098559 3.566600
69.800000 4 39.251626 2752.936706 6.099176 3.566036
69.900000 4 38.859110 2752.998994 6.099786 3.566184
70.000000 4 38.470519 2752.998994 6.100390 3.566335
70.100000 4 38.085814 2752.998994 6.100989 3.566485
70.200000 4 37.704956 2752.998994 6.101581 3.566633
70.300000 4 37.327906 2752.998994 6.102167 3.566779
70.400000 4 36.954627 2752.998994 6.102748 3.566924
70.500000 4 36.585081 2752.998994 6.103322 3.567068
70.600000 4 36.219230 2752.998994 6.103891 3.567210
70.700000 4 35.857038 2752.998994 6.104455 3.567351
70.800000 4 35.498467 2752.998994 6.105012 3.567491
70.900000 4 35.143483 2752.998994 6.105564 3.567629
71.000000 4 34.792048 2752.998994 6.106111 3.567765
71.100000 4 34.444127 2752.998994 6.106652 3.567901
71.200000 4 34.099686 2752.998994 6.107188 3.568034
71.300000 4 33.758689 2752.998994 6.107718 3.568167
71.400000 4 33.421102 2752.998994 6.108243 3.568298
71.500000 4 33.086891 2752.998994 6.108763 3.568428
71.600000 4 32.756022 2752.998994 6.109277 3.568557
71.700000 4 32.428462 2752.998994 6.109787 3.568684
71.800000 4 32.104178 2752.998994 6.110291 3.568810
71.900000 4 31.783136 2752.998994 6.110790 3.568935
72.000000 4 31.465304 2752.998994 6.111284 3.569059
72.100000 4 31.150651 2752.998994 6.111774 3.569181
72.200000 4 30.839145 2752.998994 6.112258 3.569302
72.300000 4 30.530753 2752.998994 6.112738 3.569422
72.400000 4 30.225446 2752.998994 6.113212 3.569541
72.500000 4 29.923191 2752.998994 6.113682 3.569658
72.600000 4 29.623960 2752.998994 6.114147 3.569774
72.700000 4 29.327720 2752.998994 6.114608 3.569889
72.800000 4 29.034443 2752.998994 6.115063 3.570003
72.900000 4 28.744098 2736.366582 6.115514 3.571432
73.000000 4 28.600378 2716.311644 6.115736 3.573085
73.100000 4 28.457376 2692.359560 6.115957 3.575063
73.200000 4 28.386233 2678.505578 6.116067 3.576211
73.300000 4 28.315267 2663.055383 6.116176 3.577495
73.400000 4 28.244479 2645.654869 6.116285 3.578945
73.500000 4 28.173868 2625.823711 6.116393 3.580606
73.600000 4 28.103433 2602.894531 6.116500 3.582537
73.700000 4 28.068304 2589.993980 6.116553 3.583629
73.800000 4 28.033218 2575.933529 6.116606 3.584825
73.900000 4 27.998177 2560.523641 6.116658 3.586141
74.000000 4 27.963179 2543.531210 6.116711 3.587600
74.100000 4 27.928225 2524.667082 6.116762 3.589229
74.200000 4 27.893315 2503.569354 6.116813 3.591064
74.300000 4 27.858448 2479.780827 6.116863 3.593150
74.400000 4 27.841037 2466.705469 6.116888 3.594304
74.500000 4 27.823636 2452.727353 6.116913 3.595544
74.600000 4 27.806246 2437.747092 6.116937 3.596880
74.700000 4 27.788867 2421.651347 6.116961 3.598325
74.800000 4 27.771499 2404.310536 6.116984 3.599891
74.900000 4 27.754142 2385.576146 6.117007 3.601596
75.000000 4 27.736796 2365.277554 6.117030 3.603457
75.100000 4 27.719460 2343.218278 6.117052 3.605497
75.200000 4 27.710798 2331.460722 6.117063 3.606592
75.300000 4 27.702138 2319.175498 6.117074 3.607742
75.400000 4 27.693481 2306.328701 6.117084 3.608951
75.500000 4 27.684827 2292.883839 6.117094 3.610223
75.600000 4 27.676176 2278.801626 6.117104 3.611563
75.700000 4 27.667527 2264.039754 6.117114 3.612977
75.800000 4 27.658881 2248.552647 6.117124 3.614470
75.900000 4 27.650237 2232.291203 6.117133 3.616048
76.000000 4 27.641597 2215.202517 6.117142 3.617719
76.100000 4 27.632959 2197.229589 6.117151 3.619491
76.200000 4 27.624323 2178.311015 6.117159 3.621370
76.300000 4 27.615691 2158.380667 6.117167 3.623368
76.400000 4 27.607061 2137.367363 6.117175 3.625495
76.500000 4 27.602747 2126.431759 6.117178 3.626609
76.600000 4 27.598434 2115.196310 6.117182 3.627761
76.700000 4 27.594122 2103.650551 6.117185 3.628950
76.800000 4 27.589810 2091.783637 6.117188 3.630179
76.900000 4 27.585499 2079.584337 6.117191 3.631450
77.000000 4 27.581189 2067.041022 6.117194 3.632765
77.100000 4 27.576880 2054.141660 6.117197 3.634125
77.200000 4 27.572571 2040.873802 6.117200 3.635532
77.300000 4 27.568263 2027.224582 6.117202 3.636990
77.400000 4 27.563955 2013.180705 6.117204 3.638500
77.500000 4 27.559648 1998.728447 6.117206 3.640065
77.600000 4 27.555342 1983.853652 6.117208 3.641688
77.700000 4 27.551036 1968.541725 6.117210 3.643371
77.800000 4 27.546732 1952.777644 6.117211 3.645117
77.900000 4 27.542427 1936.545952 6.117213 3.646930
78.000000 4 27.538124 1919.830773 6.117214 3.648813
78.100000 4 27.533821 1902.615821 6.117214 3.650769
78.200000 4 27.529519 1884.884408 6.117215 3.652802
78.300000 4 27.525217 1866.619474 6.117215 3.654916
78.400000 4 27.523067 1857.281875 6.117215 3.656005
78.500000 4 27.520917 1847.804349 6.117215 3.657116
78.600000 4 27.518767 1838.184671 6.117215 3.658250
78.700000 4 27.516617 1828.420594 6.117215 3.659406
78.800000 4 27.514467 1818.509860 6.117214 3.660586
78.900000 4 27.512318 1808.450190 6.117214 3.661791
79.000000 4 27.510168 1798.239297 6.117213 3.663020
79.100000 4 27.508019 1787.874879 6.117213 3.664275
79.200000 4 27.505870 1777.354625 6.117212 3.665556
79.300000 4 27.503721 1766.676217 6.117211 3.666865
79.400000 4 27.501572 1755.837332 6.117210 3.668201
79.500000 4 27.499424 1744.835644 6.117209 3.669566
79.600000 4 27.497275 1733.668825 6.117208 3.670959
79.700000 4 27.495127 1722.334553 6.117207 3.672383
79.800000 4 27.492979 1710.830508 6.117205 3.673838
79.900000 4 27.490831 1699.154383 6.117204 3.675325
80.000000 4 27.488683 1687.303880 6.117202 3.676844
80.100000 4 27.486536 1675.276719 6.117201 3.678397
80.200000 4 27.484388 1663.070643 6.117199 3.679985
80.300000 4 27.482241 1650.683415 6.117197 3.681608
80.400000 4 27.480094 1638.112830 6.117195 3.683267
80.500000 4 27.477947 1625.356720 6.117192 3.684964
80.600000 4 27.475801 1612.412952 6.117190 3.686700
80.700000 4 27.473654 1599.279442 6.117187 3.688475
80.800000 4 27.471508 1585.954156 6.117185 3.690291
80.900000 4 27.469361 1572.435119 6.117182 3.692150
81.000000 4 27.467215 1558.720420 6.117179 3.694051
81.100000 4 27.465070 1544.808219 6.117176 3.695997
81.200000 4 27.462924 1530.696757 6.117172 3.697989
81.300000 4 27.460778 1516.384362 6.117169 3.700028
81.400000 4 27.458633 1501.869458 6.117165 3.702116
81.500000 4 27.456488 1487.150573 6.117161 3.704253
81.600000 4 27.455415 1479.714356 6.117159 3.705341
81.700000 4 27.454343 1472.226837 6.117157 3.706442
81.800000 4 27.453270 1464.687679 6.117155 3.707557
81.900000 4 27.452198 1457.096739 6.117152 3.708684
82.000000 4 27.451126 1449.453885 6.117150 3.709826
82.100000 4 27.450053 1441.758994 6.117148 3.710981
82.200000 4 27.448981 1434.011950 6.117145 3.712151
82.300000 4 27.447909 1426.212650 6.117143 3.713334
82.400000 4 27.446837 1418.360999 6.117140 3.714532
82.500000 4 27.445765 1410.456914 6.117138 3.715745
82.600000 4 27.444693 1402.500322 6.117135 3.716973
82.700000 4 27.443621 1394.491162 6.117133 3.718216
82.800000 4 27.442549 1386.429384 6.117130 3.719474
82.900000 4 27.441477 1378.314952 6.117127 3.720748
83.000000 4 27.440405 1370.147840 6.117124 3.722038
83.100000 4 27.439333 1361.928037 6.117121 3.723344
83.200000 4 27.438261 1353.655545 6.117118 3.724666
83.300000 4 27.437189 1345.330381 6.117115 3.726005
83.400000 4 27.436117 1336.952574 6.117112 3.727361
83.500000 4 27.435046 1328.522170 6.117109 3.728733
83.600000 4 27.433974 1320.039229 6.117105 3.730123
83.700000 4 27.432903 1311.503829 6.117102 3.731531
83.800000 4 27.431831 1302.916062 6.117098 3.732957
83.900000 4 27.430759 1294.276038 6.117095 3.734401
84.000000 4 27.429688 1285.583885 6.117091 3.735863
84.100000 4 27.428616 1276.839746 6.117088 3.737344
84.200000 4 27.427545 1268.043787 6.117084 3.738844
84.300000 4 27.426474 1259.196190 6.117080 3.740364
84.400000 4 27.425402 1250.297157 6.117076 3.741903
84.500000 4 27.424331 1241.346910 6.117072 3.743462
