t Ka M R logL logTeff
0.100000 1 19.999007 5.145919 4.614148 4.558946
0.200000 1 19.997922 5.169630 4.616214 4.558464
0.300000 1 19.996827 5.193470 4.618320 4.557992
0.400000 1 19.995722 5.217448 4.620468 4.557528
0.500000 1 19.994608 5.241577 4.622656 4.557073
0.600000 1 19.993483 5.265867 4.624884 4.556627
0.700000 1 19.992348 5.290330 4.627153 4.556187
0.800000 1 19.991202 5.314978 4.629463 4.555755
0.900000 1 19.990044 5.339821 4.631813 4.555330
1.000000 1 19.988875 5.364873 4.634203 4.554912
1.100000 1 19.987693 5.390146 4.636634 4.554499
1.200000 1 19.986499 5.415652 4.639106 4.554092
1.300000 1 19.985292 5.441404 4.641618 4.553690
1.400000 1 19.984071 5.467414 4.644171 4.553292
1.500000 1 19.982837 5.493697 4.646764 4.552899
1.600000 1 19.981589 5.520265 4.649397 4.552510
1.700000 1 19.980326 5.547132 4.652071 4.552124
1.800000 1 19.979047 5.574312 4.654785 4.551741
1.900000 1 19.977754 5.601819 4.657539 4.551361
2.000000 1 19.976444 5.629668 4.660334 4.550983
2.100000 1 19.975118 5.657872 4.663169 4.550606
2.200000 1 19.973775 5.686448 4.666044 4.550231
2.300000 1 19.972414 5.715410 4.668960 4.549857
2.400000 1 19.971036 5.744774 4.671916 4.549483
2.500000 1 19.969639 5.774556 4.674912 4.549109
2.600000 1 19.968223 5.804772 4.677948 4.548735
2.700000 1 19.966787 5.835439 4.681024 4.548360
2.800000 1 19.965331 5.866572 4.684140 4.547983
2.900000 1 19.963855 5.898191 4.687297 4.547605
3.000000 1 19.962357 5.930312 4.690493 4.547225
3.100000 1 19.960838 5.962954 4.693730 4.546842
3.200000 1 19.959296 5.996134 4.697006 4.546456
3.300000 1 19.957731 6.029873 4.700323 4.546067
3.400000 1 19.956143 6.064189 4.703679 4.545674
3.500000 1 19.954530 6.099104 4.707075 4.545276
3.600000 1 19.952892 6.134637 4.710511 4.544874
3.700000 1 19.951228 6.170810 4.713987 4.544466
3.800000 1 19.949539 6.207645 4.717503 4.544053
3.900000 1 19.947822 6.245165 4.721059 4.543633
4.000000 1 19.946077 6.283394 4.724654 4.543207
4.100000 1 19.944304 6.322357 4.728289 4.542773
4.200000 1 19.942501 6.362079 4.731964 4.542332
4.300000 1 19.940669 6.402587 4.735678 4.541882
4.400000 1 19.938805 6.443911 4.739432 4.541424
4.500000 1 19.936911 6.486078 4.743226 4.540956
4.600000 1 19.934983 6.529121 4.747059 4.540478
4.700000 1 19.933023 6.573073 4.750931 4.539989
4.800000 1 19.931028 6.617969 4.754843 4.539489
4.900000 1 19.928998 6.663845 4.758794 4.538977
5.000000 1 19.926933 6.710742 4.762785 4.538452
5.100000 1 19.924831 6.758703 4.766815 4.537913
5.200000 1 19.922691 6.807772 4.770884 4.537359
5.300000 1 19.920513 6.857998 4.774993 4.536790
5.400000 1 19.918295 6.909435 4.779140 4.536204
5.500000 1 19.916037 6.962139 4.783327 4.535601
5.600000 1 19.913738 7.016173 4.787553 4.534979
5.700000 1 19.911396 7.071603 4.791818 4.534336
5.800000 1 19.909011 7.128504 4.796122 4.533672
5.900000 1 19.906582 7.186954 4.800465 4.532984
6.000000 1 19.904108 7.247043 4.804847 4.532272
6.100000 1 19.901588 7.308864 4.809268 4.531533
6.200000 1 19.899021 7.372525 4.813727 4.530764
6.300000 1 19.896407 7.438140 4.818226 4.529965
6.400000 1 19.893743 7.505838 4.822763 4.529132
6.500000 1 19.891030 7.575760 4.827339 4.528262
6.600000 1 19.888267 7.648060 4.831954 4.527353
6.700000 1 19.885452 7.722910 4.836607 4.526402
6.800000 1 19.884019 7.761349 4.838948 4.525909
6.900000 1 19.882573 7.800498 4.841298 4.525404
7.000000 1 19.881114 7.840384 4.843658 4.524886
7.100000 1 19.879641 7.881037 4.846028 4.524356
7.200000 1 19.878156 7.922485 4.848408 4.523812
7.300000 1 19.876657 7.964761 4.850797 4.523253
7.400000 1 19.875145 8.007898 4.853195 4.522680
7.500000 1 19.873619 8.051930 4.855604 4.522092
7.600000 1 19.872080 8.096895 4.858022 4.521487
7.700000 1 19.870528 8.142831 4.860450 4.520865
7.800000 1 19.868962 8.189780 4.862887 4.520226
7.900000 1 19.867383 8.237786 4.865334 4.519569
8.000000 1 19.865790 8.286893 4.867791 4.518892
8.100000 1 19.864184 8.337150 4.870257 4.518196
8.200000 1 19.862565 8.388609 4.872733 4.517479
8.300000 1 19.860932 8.441323 4.875219 4.516740
8.400000 1 19.859287 8.495348 4.877714 4.515979
8.500000 1 19.857628 8.550746 4.880219 4.515193
8.600000 1 19.855957 8.607579 4.882734 4.514384
8.700000 1 19.854272 8.665915 4.885259 4.513548
8.800000 1 19.852575 8.725825 4.887793 4.512686
8.900000 1 19.850866 8.787384 4.890337 4.511795
9.000000 1 19.849144 8.850670 4.892891 4.510875
9.100000 1 19.847411 8.915770 4.895454 4.509925
9.200000 1 19.845666 8.982771 4.898028 4.508942
9.300000 1 19.843909 9.051767 4.900611 4.507927
9.400000 1 19.842141 9.122860 4.903204 4.506876
9.500000 1 19.840362 9.196154 4.905806 4.505789
9.600000 1 19.838573 9.271762 4.908419 4.504664
9.700000 1 19.836774 9.349803 4.911042 4.503500
9.800000 1 19.834966 9.430403 4.913674 4.502294
9.900000 1 19.833149 9.513697 4.916316 4.501045
10.000000 1 19.831323 9.599826 4.918969 4.499751
10.100000 1 19.829490 9.688943 4.921631 4.498410
10.200000 1 19.827649 9.781209 4.924304 4.497020
10.300000 1 19.825802 9.876793 4.926986 4.495579
10.400000 1 19.824876 9.925886 4.928331 4.494839
10.500000 1 19.823949 9.975879 4.929679 4.494085
10.600000 1 19.823020 10.026795 4.931029 4.493317
10.700000 1 19.822091 10.078660 4.932382 4.492535
10.800000 1 19.821160 10.131500 4.933737 4.491738
10.900000 1 19.820229 10.185343 4.935095 4.490927
11.000000 1 19.819297 10.240216 4.936455 4.490100
11.100000 1 19.818364 10.296148 4.937819 4.489258
11.200000 1 19.817431 10.353169 4.939184 4.488400
11.300000 1 19.816498 10.411309 4.940552 4.487526
11.400000 1 19.815565 10.470602 4.941923 4.486636
11.500000 1 19.814632 10.531079 4.943297 4.485728
11.600000 1 19.813699 10.592774 4.944673 4.484804
11.700000 1 19.812766 10.655723 4.946051 4.483862
11.800000 1 19.811833 10.719962 4.947433 4.482902
11.900000 1 19.810902 10.785528 4.948817 4.481924
12.000000 1 19.809971 10.852461 4.950203 4.480927
12.100000 1 19.809041 10.920800 4.951593 4.479912
12.200000 1 19.808112 10.990587 4.952985 4.478876
12.300000 1 19.807185 11.061866 4.954380 4.477821
12.400000 1 19.806259 11.134680 4.955777 4.476746
12.500000 1 19.805335 11.209076 4.957177 4.475650
12.600000 1 19.804413 11.285101 4.958580 4.474533
12.700000 1 19.803493 11.362805 4.959986 4.473394
12.800000 1 19.802576 11.442240 4.961394 4.472234
12.900000 1 19.801660 11.523458 4.962805 4.471050
13.000000 1 19.800748 11.606514 4.964219 4.469844
13.100000 1 19.799839 11.691465 4.965636 4.468615
13.200000 1 19.798933 11.778370 4.967055 4.467362
13.300000 1 19.798031 11.867291 4.968477 4.466084
13.400000 1 19.797132 11.958291 4.969903 4.464782
13.500000 1 19.796237 12.051437 4.971331 4.463454
13.600000 1 19.795347 12.146795 4.972761 4.462100
13.700000 1 19.794460 12.244438 4.974195 4.460720
13.800000 1 19.793579 12.344439 4.975632 4.459313
13.900000 1 19.792703 12.446875 4.977071 4.457878
14.000000 1 19.791832 12.551825 4.978513 4.456415
14.100000 1 19.790966 12.659372 4.979959 4.454924
14.200000 1 19.790107 12.769601 4.981407 4.453404
14.300000 1 19.789253 12.882602 4.982858 4.451853
14.400000 1 19.788406 12.998467 4.984312 4.450273
14.500000 1 19.787566 13.117293 4.985769 4.448661
14.600000 1 19.786733 13.239180 4.987230 4.447017
14.700000 1 19.785906 13.364233 4.988693 4.445342
14.800000 1 19.785088 13.492560 4.990159 4.443633
14.900000 1 19.784277 13.624274 4.991628 4.441891
15.000000 1 19.783475 13.759493 4.993100 4.440114
15.100000 1 19.783078 13.828455 4.993838 4.439213
15.200000 1 19.782683 13.898340 4.994576 4.438303
15.300000 1 19.782286 13.969161 4.995315 4.437384
15.400000 1 19.781888 14.040936 4.996054 4.436456
15.500000 1 19.781488 14.113681 4.996794 4.435519
15.600000 1 19.781087 14.187412 4.997534 4.434573
15.700000 1 19.780684 14.262148 4.998275 4.433617
15.800000 1 19.780280 14.337906 4.999017 4.432652
15.900000 1 19.779874 14.414705 4.999759 4.431677
16.000000 1 19.779467 14.492562 5.000502 4.430693
16.100000 1 19.779058 14.571498 5.001245 4.429700
16.200000 1 19.778647 14.651531 5.001989 4.428696
16.300000 1 19.778235 14.732682 5.002733 4.427683
16.400000 1 19.777822 14.814970 5.003478 4.426660
16.500000 1 19.777406 14.898416 5.004224 4.425626
16.600000 1 19.776989 14.983041 5.004970 4.424583
16.700000 1 19.776571 15.068868 5.005716 4.423529
16.800000 1 19.774891 15.218013 5.015682 4.423882
16.900000 1 19.774615 15.118064 5.019358 4.426232
17.000000 1 19.774369 14.979528 5.023071 4.429159
17.100000 1 19.774259 14.902287 5.024841 4.430724
17.200000 1 19.774155 14.820097 5.026581 4.432360
17.300000 1 19.774057 14.734143 5.028283 4.434049
17.400000 1 19.773964 14.645507 5.029941 4.435773
17.500000 1 19.773876 14.555161 5.031550 4.437519
17.600000 1 19.773794 14.463965 5.033106 4.439273
17.700000 1 19.773715 14.372667 5.034607 4.441024
17.800000 1 19.773640 14.281911 5.036052 4.442760
17.900000 1 19.773567 14.192244 5.037439 4.444475
18.000000 1 19.773498 14.104122 5.038768 4.446159
18.100000 1 19.773431 14.017922 5.040039 4.447808
18.200000 1 19.773367 13.933945 5.041252 4.449417
18.300000 1 19.773306 13.852430 5.042409 4.450980
18.400000 1 19.773247 13.773557 5.043511 4.452495
18.500000 1 19.773191 13.697458 5.044559 4.453960
18.600000 1 19.773137 13.624223 5.045555 4.455373
18.700000 1 19.773086 13.553904 5.046500 4.456733
18.800000 1 19.773037 13.486523 5.047396 4.458040
18.900000 1 19.772943 13.356400 5.049103 4.460572
19.000000 1 19.772859 13.238513 5.050625 4.462877
19.100000 1 19.772783 13.132301 5.051978 4.464965
19.200000 1 19.772714 13.037041 5.053179 4.466846
19.300000 1 19.772653 12.951923 5.054242 4.468534
19.400000 1 19.772599 12.876103 5.055183 4.470044
19.500000 1 19.772550 12.808743 5.056013 4.471391
19.600000 1 19.772464 12.688596 5.057483 4.473804
19.700000 1 19.772397 12.596613 5.058599 4.475663
19.800000 1 19.772346 12.526586 5.059444 4.477085
19.900000 1 19.772268 12.419892 5.060724 4.479263
20.000000 2 19.772188 12.144043 5.062019 4.484464
20.100000 2 19.772186 12.174218 5.062139 4.483955
20.200000 2 19.772180 12.276458 5.062541 4.482239
20.300000 2 19.772175 12.379557 5.062944 4.480524
20.400000 2 19.772169 12.483521 5.063347 4.478809
20.500000 2 19.772163 12.588359 5.063749 4.477093
20.600000 2 19.772158 12.694076 5.064152 4.475378
20.700000 2 19.772152 12.800682 5.064555 4.473663
20.800000 2 19.772147 12.908183 5.064957 4.471947
20.900000 2 19.772142 13.016587 5.065360 4.470232
21.000000 2 19.772137 13.125901 5.065763 4.468517
21.100000 2 19.772131 13.236133 5.066165 4.466801
21.200000 2 19.772126 13.347290 5.066568 4.465086
21.300000 2 19.772121 13.459381 5.066971 4.463371
21.400000 2 19.772116 13.572414 5.067374 4.461655
21.500000 2 19.772111 13.686395 5.067776 4.459940
21.600000 2 19.772107 13.801334 5.068179 4.458225
21.700000 2 19.772102 13.917238 5.068582 4.456509
21.800000 2 19.772097 14.034116 5.068984 4.454794
21.900000 2 19.772093 14.151975 5.069387 4.453079
22.000000 2 19.772088 14.270823 5.069790 4.451364
22.100000 2 19.772083 14.390670 5.070193 4.449648
22.200000 2 19.772079 14.511523 5.070595 4.447933
22.300000 2 19.772075 14.633391 5.070998 4.446218
22.400000 2 19.772070 14.756283 5.071401 4.444502
22.500000 2 19.772066 14.880206 5.071804 4.442787
22.600000 2 19.772062 15.005170 5.072206 4.441072
22.700000 2 19.772058 15.131184 5.072609 4.439356
22.800000 2 19.772054 15.258256 5.073012 4.437641
22.900000 2 19.772050 15.386395 5.073415 4.435926
23.000000 2 19.772046 15.515610 5.073817 4.434211
23.100000 2 19.772042 15.645910 5.074220 4.432495
23.200000 2 19.772038 15.777304 5.074623 4.430780
23.300000 2 19.772034 15.909802 5.075026 4.429065
23.400000 2 19.772029 16.043412 5.075429 4.427349
23.500000 2 19.772025 16.178144 5.075831 4.425634
23.600000 2 19.772021 16.314008 5.076234 4.423919
23.700000 2 19.772017 16.451012 5.076637 4.422203
23.800000 2 19.772013 16.589167 5.077040 4.420488
23.900000 2 19.772009 16.728482 5.077442 4.418773
24.000000 2 19.772005 16.868967 5.077845 4.417058
24.100000 2 19.772001 17.010632 5.078248 4.415342
24.200000 2 19.771996 17.153486 5.078651 4.413627
24.300000 2 19.771992 17.297540 5.079053 4.411912
24.400000 2 19.771988 17.442803 5.079456 4.410196
24.500000 2 19.771984 17.589287 5.079859 4.408481
24.600000 2 19.771980 17.737000 5.080262 4.406766
24.700000 2 19.771975 17.885954 5.080664 4.405051
24.800000 2 19.771971 18.036158 5.081067 4.403335
24.900000 2 19.771967 18.187624 5.081470 4.401620
25.000000 2 19.771963 18.340362 5.081873 4.399905
25.100000 2 19.771959 18.494382 5.082275 4.398189
25.200000 2 19.771954 18.649696 5.082678 4.396474
25.300000 2 19.771916 18.806271 5.083079 4.394759
25.400000 2 19.771879 18.964159 5.083480 4.393044
25.500000 2 19.771840 19.123372 5.083881 4.391329
25.600000 2 19.771802 19.283920 5.084282 4.389613
25.700000 2 19.771764 19.445815 5.084683 4.387898
25.800000 2 19.771726 19.609069 5.085084 4.386183
25.900000 2 19.771688 19.773692 5.085485 4.384468
26.000000 2 19.771649 19.939696 5.085886 4.382753
26.100000 2 19.771611 20.107092 5.086287 4.381038
26.200000 2 19.771572 20.275893 5.086688 4.379323
26.300000 2 19.771533 20.446110 5.087089 4.377607
26.400000 2 19.771495 20.617755 5.087490 4.375892
26.500000 2 19.771456 20.790840 5.087891 4.374177
26.600000 2 19.771417 20.965376 5.088292 4.372462
26.700000 2 19.771378 21.141377 5.088693 4.370747
26.800000 2 19.771339 21.318854 5.089094 4.369032
26.900000 2 19.771300 21.497820 5.089495 4.367317
27.000000 2 19.771260 21.678287 5.089896 4.365602
27.100000 2 19.771221 21.860268 5.090297 4.363887
27.200000 2 19.771182 22.043775 5.090698 4.362172
27.300000 2 19.771142 22.228821 5.091099 4.360457
27.400000 2 19.771103 22.415420 5.091500 4.358742
27.500000 2 19.771063 22.603584 5.091901 4.357027
27.600000 2 19.771023 22.793326 5.092302 4.355312
27.700000 2 19.770984 22.984660 5.092703 4.353597
27.800000 2 19.770944 23.177598 5.093103 4.351882
27.900000 2 19.770904 23.372155 5.093504 4.350167
28.000000 2 19.770864 23.568344 5.093905 4.348452
28.100000 2 19.770824 23.766179 5.094306 4.346737
28.200000 2 19.770784 23.965673 5.094707 4.345023
28.300000 2 19.770745 24.166842 5.095108 4.343308
28.400000 2 19.770705 24.369697 5.095509 4.341593
28.500000 2 19.770666 24.574255 5.095910 4.339878
28.600000 2 19.770627 24.780529 5.096311 4.338163
28.700000 2 19.770587 24.988533 5.096712 4.336448
28.800000 2 19.770548 25.198282 5.097113 4.334733
28.900000 2 19.770509 25.409790 5.097514 4.333019
29.000000 2 19.770470 25.623073 5.097915 4.331304
29.100000 2 19.770431 25.838145 5.098316 4.329589
29.200000 2 19.770393 26.055022 5.098717 4.327874
29.300000 2 19.770354 26.273718 5.099118 4.326159
29.400000 2 19.770315 26.494248 5.099519 4.324445
29.500000 2 19.770277 26.716629 5.099920 4.322730
29.600000 2 19.770238 26.940874 5.100321 4.321015
29.700000 2 19.770200 27.167002 5.100722 4.319300
29.800000 2 19.770161 27.395026 5.101123 4.317586
29.900000 2 19.770123 27.624963 5.101524 4.315871
30.000000 2 19.770085 27.856828 5.101926 4.314156
30.100000 2 19.770047 28.090639 5.102327 4.312441
30.200000 2 19.770009 28.326411 5.102728 4.310727
30.300000 2 19.769971 28.564162 5.103129 4.309012
30.400000 2 19.769933 28.803906 5.103530 4.307297
30.500000 2 19.769896 29.045662 5.103931 4.305583
30.600000 2 19.769858 29.289445 5.104332 4.303868
30.700000 2 19.769820 29.535274 5.104733 4.302153
30.800000 2 19.769783 29.783165 5.105134 4.300439
30.900000 2 19.769745 30.033135 5.105535 4.298724
31.000000 2 19.769708 30.285202 5.105937 4.297009
31.100000 2 19.769671 30.539384 5.106338 4.295295
31.200000 2 19.769634 30.795697 5.106739 4.293580
31.300000 2 19.769597 31.054161 5.107140 4.291866
31.400000 2 19.769560 31.314793 5.107541 4.290151
31.500000 2 19.769523 31.577612 5.107942 4.288436
31.600000 2 19.769486 31.842635 5.108343 4.286722
31.700000 2 19.769449 32.109881 5.108745 4.285007
31.800000 2 19.769413 32.379369 5.109146 4.283293
31.900000 2 19.769376 32.651117 5.109547 4.281578
32.000000 2 19.769339 32.925145 5.109948 4.279864
32.100000 2 19.769303 33.201471 5.110349 4.278149
32.200000 2 19.769267 33.480116 5.110750 4.276435
32.300000 2 19.769230 33.761098 5.111152 4.274720
32.400000 2 19.769194 34.044436 5.111553 4.273006
32.500000 2 19.769158 34.330152 5.111954 4.271291
32.600000 2 19.769122 34.618264 5.112355 4.269577
32.700000 2 19.769086 34.908793 5.112757 4.267862
32.800000 2 19.769050 35.201759 5.113158 4.266148
32.900000 2 19.769014 35.497182 5.113559 4.264433
33.000000 2 19.768979 35.795084 5.113960 4.262719
33.100000 2 19.768943 36.095484 5.114361 4.261005
33.200000 2 19.768907 36.398404 5.114763 4.259290
33.300000 2 19.768872 36.703865 5.115164 4.257576
33.400000 2 19.768836 37.011888 5.115565 4.255861
33.500000 2 19.768801 37.322495 5.115967 4.254147
33.600000 2 19.768766 37.635707 5.116368 4.252432
33.700000 2 19.768731 37.951547 5.116769 4.250718
33.800000 2 19.768695 38.270035 5.117170 4.249004
33.900000 2 19.768660 38.591195 5.117572 4.247289
34.000000 2 19.768625 38.915050 5.117973 4.245575
34.100000 2 19.768591 39.241620 5.118374 4.243861
34.200000 2 19.768556 39.570930 5.118776 4.242146
34.300000 2 19.768521 39.903002 5.119177 4.240432
34.400000 2 19.768486 40.237859 5.119578 4.238718
34.500000 2 19.768452 40.575525 5.119979 4.237003
34.600000 2 19.768417 40.916024 5.120381 4.235289
34.700000 2 19.768383 41.259378 5.120782 4.233575
34.800000 2 19.768349 41.605613 5.121183 4.231860
34.900000 2 19.768314 41.954751 5.121585 4.230146
35.000000 2 19.768280 42.306818 5.121986 4.228432
35.100000 2 19.768246 42.661839 5.122387 4.226718
35.200000 2 19.768212 43.019836 5.122789 4.225003
35.300000 2 19.768178 43.380837 5.123190 4.223289
35.400000 2 19.768144 43.744866 5.123592 4.221575
35.500000 2 19.768110 44.111948 5.123993 4.219861
35.600000 2 19.768076 44.482109 5.124394 4.218146
35.700000 2 19.768043 44.855375 5.124796 4.216432
35.800000 2 19.768009 45.231771 5.125197 4.214718
35.900000 2 19.767975 45.611325 5.125598 4.213004
36.000000 2 19.767942 45.994062 5.126000 4.211290
36.100000 2 19.767909 46.380009 5.126401 4.209575
36.200000 2 19.767875 46.769194 5.126803 4.207861
36.300000 2 19.767842 47.161643 5.127204 4.206147
36.400000 2 19.767809 47.557383 5.127605 4.204433
36.500000 2 19.767776 47.956443 5.128007 4.202719
36.600000 2 19.767743 48.358850 5.128408 4.201005
36.700000 2 19.767710 48.764632 5.128810 4.199291
36.800000 2 19.767677 49.173818 5.129211 4.197576
36.900000 2 19.767644 49.586435 5.129613 4.195862
37.000000 2 19.767611 50.002514 5.130014 4.194148
37.100000 2 19.767579 50.422082 5.130415 4.192434
37.200000 2 19.767546 50.845169 5.130817 4.190720
37.300000 2 19.767513 51.271805 5.131218 4.189006
37.400000 2 19.767481 51.702019 5.131620 4.187292
37.500000 2 19.767449 52.135841 5.132021 4.185578
37.600000 2 19.767416 52.573302 5.132423 4.183864
37.700000 2 19.767384 53.014433 5.132824 4.182150
37.800000 2 19.767352 53.459263 5.133226 4.180436
37.900000 2 19.767320 53.907824 5.133627 4.178721
38.000000 2 19.767288 54.360147 5.134029 4.177007
38.100000 2 19.767256 54.816264 5.134430 4.175293
38.200000 2 19.767224 55.276206 5.134832 4.173579
38.300000 2 19.767192 55.740006 5.135233 4.171865
38.400000 2 19.767160 56.207697 5.135635 4.170151
38.500000 2 19.767128 56.679309 5.136036 4.168437
38.600000 2 19.767097 57.154877 5.136438 4.166723
38.700000 2 19.767065 57.634434 5.136839 4.165009
38.800000 2 19.767034 58.118013 5.137241 4.163295
38.900000 2 19.767002 58.605648 5.137642 4.161581
39.000000 2 19.766971 59.097372 5.138044 4.159867
39.100000 2 19.766940 59.593221 5.138445 4.158153
39.200000 2 19.766908 60.093228 5.138847 4.156440
39.300000 2 19.766877 60.597429 5.139249 4.154726
39.400000 2 19.766846 61.105859 5.139650 4.153012
39.500000 2 19.766815 61.618553 5.140052 4.151298
39.600000 2 19.766784 62.135547 5.140453 4.149584
39.700000 2 19.766753 62.656877 5.140855 4.147870
39.800000 2 19.766723 63.182579 5.141256 4.146156
39.900000 2 19.766692 63.712690 5.141658 4.144442
40.000000 2 19.766666 64.167653 5.142000 4.142982
40.100000 4 19.766640 64.626126 5.142343 4.141522
40.200000 4 19.766630 64.626104 5.142346 4.141523
40.300000 4 19.763018 64.618001 5.143267 4.141781
40.400000 4 19.759386 64.613439 5.144189 4.142026
40.500000 4 19.755733 64.615967 5.145110 4.142248
40.600000 4 19.752061 64.629138 5.146032 4.142434
40.700000 4 19.748368 64.656510 5.146953 4.142573
40.800000 4 19.744656 64.701657 5.147875 4.142652
40.900000 4 19.740925 64.768176 5.148797 4.142659
41.000000 4 19.737175 64.859700 5.149718 4.142583
41.100000 4 19.733407 64.979907 5.150640 4.142411
41.200000 4 19.729622 65.132537 5.151561 4.142132
41.300000 4 19.725822 65.321412 5.152483 4.141734
41.400000 4 19.722006 65.550451 5.153405 4.141204
41.500000 4 19.718176 65.823694 5.154326 4.140531
41.600000 4 19.714333 66.145326 5.155248 4.139703
41.700000 4 19.710479 66.519708 5.156169 4.138708
41.800000 4 19.706616 66.951400 5.157091 4.137533
41.900000 4 19.702745 67.445204 5.158012 4.136168
42.000000 4 19.698867 68.006196 5.158934 4.134600
42.100000 4 19.694985 68.639768 5.159856 4.132817
42.200000 4 19.693043 68.985556 5.160316 4.131841
42.300000 4 19.691101 69.351679 5.160777 4.130806
42.400000 4 19.689159 69.738923 5.161238 4.129712
42.500000 4 19.687218 70.148103 5.161699 4.128557
42.600000 4 19.685277 70.580064 5.162160 4.127339
42.700000 4 19.683337 71.035687 5.162620 4.126057
42.800000 4 19.681399 71.515888 5.163081 4.124710
42.900000 4 19.679462 72.021621 5.163542 4.123295
43.000000 4 19.677527 72.553880 5.164003 4.121811
43.100000 4 19.675594 73.113703 5.164464 4.120257
43.200000 4 19.673664 73.702175 5.164924 4.118632
43.300000 4 19.671737 74.320428 5.165385 4.116933
43.400000 4 19.669814 74.969647 5.165846 4.115159
43.500000 4 19.667893 75.651074 5.166307 4.113310
43.600000 4 19.665977 76.366007 5.166768 4.111382
43.700000 4 19.664066 77.115808 5.167228 4.109376
43.800000 4 19.663112 77.504229 5.167459 4.108343
43.900000 4 19.662160 77.901908 5.167689 4.107289
44.000000 4 19.661209 78.309035 5.167920 4.106215
44.100000 4 19.660259 78.725805 5.168150 4.105119
44.200000 4 19.659311 79.152417 5.168380 4.104004
44.300000 4 19.658364 79.589075 5.168611 4.102867
44.400000 4 19.657419 80.035990 5.168841 4.101708
44.500000 4 19.656475 80.493375 5.169071 4.100528
44.600000 4 19.655533 80.961451 5.169302 4.099327
44.700000 4 19.654592 81.440444 5.169532 4.098104
44.800000 4 19.653653 81.930586 5.169763 4.096858
44.900000 4 19.652009 82.432138 5.169993 4.095591
45.000000 4 19.650356 82.945329 5.170223 4.094300
45.100000 4 19.648693 83.470411 5.170454 4.092988
45.200000 4 19.647021 84.007642 5.170684 4.091652
45.300000 4 19.645339 84.557285 5.170915 4.090294
45.400000 4 19.643646 85.119613 5.171145 4.088912
45.500000 4 19.641944 85.694906 5.171375 4.087507
45.600000 4 19.640231 86.283450 5.171606 4.086078
45.700000 4 19.638508 86.885539 5.171836 4.084626
45.800000 4 19.636774 87.501476 5.172067 4.083150
45.900000 4 19.635029 88.131572 5.172297 4.081649
46.000000 4 19.633272 88.776147 5.172527 4.080124
46.100000 4 19.631504 89.435529 5.172758 4.078575
46.200000 4 19.629724 90.110056 5.172988 4.077001
46.300000 4 19.627932 90.800076 5.173219 4.075402
46.400000 4 19.626128 91.505944 5.173449 4.073778
46.500000 4 19.624311 92.228028 5.173679 4.072129
46.600000 4 19.622482 92.966705 5.173910 4.070454
46.700000 4 19.620639 93.722365 5.174140 4.068754
46.800000 4 19.618784 94.495405 5.174371 4.067028
46.900000 4 19.616914 95.286238 5.174601 4.065276
47.000000 4 19.615031 96.095286 5.174831 4.063497
47.100000 4 19.613133 96.922985 5.175062 4.061693
47.200000 4 19.611221 97.769781 5.175292 4.059861
47.300000 4 19.609295 98.636137 5.175523 4.058003
47.400000 4 19.607353 99.522528 5.175753 4.056118
47.500000 4 19.605396 100.429441 5.175983 4.054206
47.600000 4 19.603423 101.357380 5.176214 4.052266
47.700000 4 19.601434 102.306864 5.176444 4.050299
47.800000 4 19.599429 103.278427 5.176675 4.048304
47.900000 4 19.597407 104.272618 5.176905 4.046282
48.000000 4 19.595368 105.290005 5.177135 4.044231
48.100000 4 19.593312 106.331170 5.177366 4.042152
48.200000 4 19.592275 106.860859 5.177481 4.041101
48.300000 4 19.591233 107.396719 5.177596 4.040044
48.400000 4 19.590187 107.938829 5.177711 4.038980
48.500000 4 19.589136 108.487268 5.177827 4.037908
48.600000 4 19.588081 109.042118 5.177942 4.036829
48.700000 4 19.587021 109.603459 5.178057 4.035743
48.800000 4 19.585956 110.171375 5.178172 4.034649
48.900000 4 19.584886 110.745949 5.178287 4.033548
49.000000 4 19.583812 111.327269 5.178403 4.032440
49.100000 4 19.582732 111.915419 5.178518 4.031325
49.200000 4 19.581648 112.510490 5.178633 4.030202
49.300000 4 19.580558 113.112569 5.178748 4.029072
49.400000 4 19.579464 113.721749 5.178863 4.027935
49.500000 4 19.578364 114.338122 5.178979 4.026790
49.600000 4 19.577259 114.961782 5.179094 4.025637
49.700000 4 19.576149 115.592824 5.179209 4.024477
49.800000 4 19.575034 116.231345 5.179324 4.023310
49.900000 4 19.573913 116.877443 5.179439 4.022135
50.000000 4 19.572787 117.531219 5.179555 4.020953
50.100000 4 19.571655 118.192773 5.179670 4.019763
50.200000 4 19.570518 118.862209 5.179785 4.018565
50.300000 4 19.569376 119.539632 5.179900 4.017360
50.400000 4 19.568227 120.225149 5.180015 4.016147
50.500000 4 19.567073 120.918866 5.180130 4.014926
50.600000 4 19.565914 121.620895 5.180246 4.013698
50.700000 4 19.564748 122.331347 5.180361 4.012462
50.800000 4 19.563576 123.050334 5.180476 4.011218
50.900000 4 19.562399 123.777974 5.180591 4.009967
51.000000 4 19.561216 124.514381 5.180706 4.008707
51.100000 4 19.560026 125.259676 5.180822 4.007440
51.200000 4 19.558830 126.013980 5.180937 4.006165
51.300000 4 19.557629 126.777415 5.181052 4.004883
51.400000 4 19.556420 127.550105 5.181167 4.003592
51.500000 4 19.555206 128.332179 5.181282 4.002293
51.600000 4 19.553985 129.123764 5.181398 4.000987
51.700000 4 19.552757 129.924993 5.181513 3.999672
51.800000 4 19.551524 130.735997 5.181628 3.998350
51.900000 4 19.550283 131.556913 5.181743 3.997020
52.000000 4 19.549036 132.387878 5.181858 3.995681
52.100000 4 19.547782 133.229032 5.181974 3.994335
52.200000 4 19.546521 134.080517 5.182089 3.992980
52.300000 4 19.545253 134.942478 5.182204 3.991617
52.400000 4 19.543978 135.815061 5.182319 3.990246
52.500000 4 19.542696 136.698416 5.182434 3.988867
52.600000 4 19.541407 137.592695 5.182550 3.987480
52.700000 4 19.540110 138.498053 5.182665 3.986085
52.800000 4 19.538807 139.414645 5.182780 3.984681
52.900000 4 19.537496 140.342632 5.182895 3.983270
53.000000 4 19.536177 141.282176 5.183010 3.981849
53.100000 4 19.534851 142.233441 5.183126 3.980421
53.200000 4 19.533517 143.196597 5.183241 3.978984
53.300000 4 19.532176 144.171813 5.183356 3.977539
53.400000 4 19.530826 145.159263 5.183471 3.976086
53.500000 4 19.529469 146.159123 5.183586 3.974624
53.600000 4 19.528104 147.171572 5.183702 3.973154
53.700000 4 19.526731 148.196794 5.183817 3.971675
53.800000 4 19.525349 149.234974 5.183932 3.970188
53.900000 4 19.523959 150.286300 5.184047 3.968693
54.000000 4 19.522561 151.350965 5.184162 3.967189
54.100000 4 19.521154 152.429163 5.184278 3.965676
54.200000 4 19.519739 153.521094 5.184393 3.964155
54.300000 4 19.518315 154.626960 5.184508 3.962625
54.400000 4 19.516883 155.746966 5.184623 3.961087
54.500000 4 19.515441 156.881321 5.184738 3.959540
54.600000 4 19.513991 158.030238 5.184854 3.957984
54.700000 4 19.512531 159.193934 5.184969 3.956420
54.800000 4 19.511063 160.372629 5.185084 3.954846
54.900000 4 19.509585 161.566546 5.185199 3.953265
55.000000 4 19.508098 162.775914 5.185314 3.951674
55.100000 4 19.506601 164.000965 5.185430 3.950075
55.200000 4 19.505094 165.241936 5.185545 3.948467
55.300000 4 19.503578 166.499065 5.185660 3.946850
55.400000 4 19.502052 167.772598 5.185775 3.945224
55.500000 4 19.500517 169.062783 5.185890 3.943589
55.600000 4 19.498971 170.369874 5.186006 3.941946
55.700000 4 19.497415 171.694129 5.186121 3.940293
55.800000 4 19.495848 173.035809 5.186236 3.938632
55.900000 4 19.494272 174.395182 5.186351 3.936961
56.000000 4 19.492684 175.772519 5.186466 3.935282
56.100000 4 19.491086 177.168097 5.186582 3.933593
56.200000 4 19.489478 178.582197 5.186697 3.931896
56.300000 4 19.487858 180.015107 5.186812 3.930189
56.400000 4 19.486227 181.467117 5.186927 3.928473
56.500000 4 19.484586 182.938526 5.187042 3.926749
56.600000 4 19.482933 184.429634 5.187158 3.925015
56.700000 4 19.481268 185.940752 5.187273 3.923271
56.800000 4 19.479592 187.472191 5.187388 3.921519
56.900000 4 19.477904 189.024271 5.187503 3.919758
57.000000 4 19.476205 190.597317 5.187618 3.917987
57.100000 4 19.474493 192.191661 5.187734 3.916207
57.200000 4 19.472769 193.807639 5.187849 3.914417
57.300000 4 19.471033 195.445594 5.187964 3.912619
57.400000 4 19.469285 197.105876 5.188079 3.910811
57.500000 4 19.467524 198.788842 5.188194 3.908993
57.600000 4 19.465750 200.494853 5.188310 3.907166
57.700000 4 19.463963 202.224280 5.188425 3.905330
57.800000 4 19.462164 203.977498 5.188540 3.903484
57.900000 4 19.460351 205.754890 5.188655 3.901629
58.000000 4 19.458524 207.556847 5.188770 3.899765
58.100000 4 19.456685 209.383767 5.188886 3.897890
58.200000 4 19.454831 211.236055 5.189001 3.896007
58.300000 4 19.452964 213.114123 5.189116 3.894113
58.400000 4 19.451083 215.018392 5.189231 3.892211
58.500000 4 19.449187 216.949291 5.189346 3.890298
58.600000 4 19.447277 218.907255 5.189462 3.888376
58.700000 4 19.445353 220.892729 5.189577 3.886444
58.800000 4 19.443414 222.906168 5.189692 3.884503
58.900000 4 19.441460 224.948032 5.189807 3.882551
59.000000 4 19.439490 227.018793 5.189922 3.880590
59.100000 4 19.437506 229.118929 5.190038 3.878619
59.200000 4 19.435506 231.248930 5.190153 3.876639
59.300000 4 19.433490 233.409294 5.190268 3.874648
59.400000 4 19.431459 235.600529 5.190383 3.872648
59.500000 4 19.429411 237.823153 5.190498 3.870638
59.600000 4 19.427347 240.077692 5.190614 3.868618
59.700000 4 19.425267 242.364685 5.190729 3.866588
59.800000 4 19.423170 244.684680 5.190844 3.864548
59.900000 4 19.421056 247.038236 5.190959 3.862498
60.000000 4 19.418925 249.425922 5.191074 3.860438
60.100000 4 19.416776 251.848320 5.191189 3.858368
60.200000 4 19.414610 254.306022 5.191305 3.856288
60.300000 4 19.412427 256.799632 5.191420 3.854198
60.400000 4 19.410225 259.329765 5.191535 3.852098
60.500000 4 19.408005 261.897050 5.191650 3.849988
60.600000 4 19.405766 264.502126 5.191765 3.847867
60.700000 4 19.403509 267.145647 5.191881 3.845737
60.800000 4 19.402371 268.482041 5.191938 3.844668
60.900000 4 19.401228 269.828296 5.191996 3.843596
61.000000 4 19.400081 271.184499 5.192053 3.842522
61.100000 4 19.398928 272.550736 5.192111 3.841445
61.200000 4 19.397771 273.927093 5.192169 3.840365
61.300000 4 19.396608 275.313659 5.192226 3.839283
61.400000 4 19.395441 276.710523 5.192284 3.838199
61.500000 4 19.394269 278.117773 5.192341 3.837112
61.600000 4 19.393091 279.535501 5.192399 3.836022
61.700000 4 19.391909 280.963798 5.192457 3.834930
61.800000 4 19.390722 282.402756 5.192514 3.833835
61.900000 4 19.389529 283.852469 5.192572 3.832737
62.000000 4 19.388332 285.313030 5.192629 3.831637
62.100000 4 19.387129 286.784536 5.192687 3.830534
62.200000 4 19.385921 288.267082 5.192745 3.829429
62.300000 4 19.384708 289.760765 5.192802 3.828321
62.400000 4 19.383489 291.265683 5.192860 3.827211
62.500000 4 19.382265 292.781936 5.192917 3.826098
62.600000 4 19.381036 294.309623 5.192975 3.824982
62.700000 4 19.379801 295.848846 5.193033 3.823864
62.800000 4 19.378562 297.399706 5.193090 3.822743
62.900000 4 19.377316 298.962306 5.193148 3.821619
63.000000 4 19.376065 300.536752 5.193205 3.820493
63.100000 4 19.374809 302.123147 5.193263 3.819364
63.200000 4 19.373547 303.721599 5.193321 3.818233
63.300000 4 19.372279 305.332215 5.193378 3.817099
63.400000 4 19.371006 306.955102 5.193436 3.815962
63.500000 4 19.369727 308.590372 5.193493 3.814823
63.600000 4 19.368442 310.238134 5.193551 3.813681
63.700000 4 19.367152 311.898500 5.193609 3.812536
63.800000 4 19.365856 313.571583 5.193666 3.811389
63.900000 4 19.364553 315.257497 5.193724 3.810239
64.000000 4 19.363246 316.956358 5.193781 3.809086
64.100000 4 19.361932 318.668282 5.193839 3.807931
64.200000 4 19.360612 320.393387 5.193897 3.806773
64.300000 4 19.359286 322.131791 5.193954 3.805612
64.400000 4 19.357955 323.883615 5.194012 3.804449
64.500000 4 19.356617 325.648980 5.194069 3.803283
64.600000 4 19.355273 327.428009 5.194127 3.802114
64.700000 4 19.353923 329.220825 5.194185 3.800943
64.800000 4 19.352566 331.027553 5.194242 3.799769
64.900000 4 19.351204 332.848321 5.194300 3.798592
65.000000 4 19.349835 334.683255 5.194357 3.797413
65.100000 4 19.348460 336.532485 5.194415 3.796231
65.200000 4 19.347078 338.396142 5.194473 3.795046
65.300000 4 19.345691 340.274356 5.194530 3.793859
65.400000 4 19.344296 342.167262 5.194588 3.792668
65.500000 4 19.342895 344.074993 5.194645 3.791475
65.600000 4 19.341488 345.997686 5.194703 3.790280
65.700000 4 19.340074 347.935477 5.194761 3.789081
65.800000 4 19.338653 349.888507 5.194818 3.787880
65.900000 4 19.337226 351.856915 5.194876 3.786676
66.000000 4 19.335792 353.840842 5.194933 3.785470
66.100000 4 19.334351 355.840432 5.194991 3.784261
66.200000 4 19.332904 357.855830 5.195049 3.783049
66.300000 4 19.331450 359.887182 5.195106 3.781834
66.400000 4 19.329988 361.934635 5.195164 3.780616
66.500000 4 19.328520 363.998340 5.195221 3.779396
66.600000 4 19.327045 366.078446 5.195279 3.778173
66.700000 4 19.325562 368.175107 5.195337 3.776948
66.800000 4 19.324073 370.288476 5.195394 3.775719
66.900000 4 19.322576 372.418709 5.195452 3.774488
67.000000 4 19.321073 374.565965 5.195509 3.773254
67.100000 4 19.319562 376.730401 5.195567 3.772017
67.200000 4 19.318043 378.912179 5.195625 3.770777
67.300000 4 19.316518 381.111460 5.195682 3.769535
67.400000 4 19.314984 383.328410 5.195740 3.768290
67.500000 4 19.313444 385.563195 5.195797 3.767042
67.600000 4 19.311896 387.815981 5.195855 3.765791
67.700000 4 19.310340 390.086939 5.195913 3.764538
67.800000 4 19.308777 392.376240 5.195970 3.763282
67.900000 4 19.307206 394.684057 5.196028 3.762023
68.000000 4 19.305628 397.010565 5.196085 3.760761
68.100000 4 19.304041 399.355942 5.196143 3.759496
68.200000 4 19.302447 401.720365 5.196201 3.758229
68.300000 4 19.300845 404.104016 5.196258 3.756959
68.400000 4 19.299235 406.507078 5.196316 3.755685
68.500000 4 19.297617 408.929735 5.196373 3.754410
68.600000 4 19.295991 411.372174 5.196431 3.753131
68.700000 4 19.294357 413.834584 5.196489 3.751849
68.800000 4 19.292715 416.317155 5.196546 3.750565
68.900000 4 19.291064 418.820080 5.196604 3.749278
69.000000 4 19.289405 421.343555 5.196661 3.747988
69.100000 4 19.287738 423.887775 5.196719 3.746695
69.200000 4 19.286062 426.452942 5.196777 3.745399
69.300000 4 19.284378 429.039255 5.196834 3.744101
69.400000 4 19.282686 431.646919 5.196892 3.742799
69.500000 4 19.280985 434.276138 5.196949 3.741495
69.600000 4 19.279275 436.927123 5.197007 3.740188
69.700000 4 19.277556 439.600082 5.197065 3.738878
69.800000 4 19.275829 442.295228 5.197122 3.737565
69.900000 4 19.274093 445.012777 5.197180 3.736249
70.000000 4 19.272348 447.752945 5.197237 3.734931
70.100000 4 19.270594 450.515953 5.197295 3.733609
70.200000 4 19.268831 453.302023 5.197353 3.732285
70.300000 4 19.267059 456.111378 5.197410 3.730958
70.400000 4 19.265278 458.944247 5.197468 3.729628
70.500000 4 19.263487 461.800860 5.197525 3.728295
70.600000 4 19.261687 464.681447 5.197583 3.726959
70.700000 4 19.259878 467.586244 5.197641 3.725620
70.800000 4 19.258060 470.515489 5.197698 3.724278
70.900000 4 19.256232 473.469421 5.197756 3.722934
71.000000 4 19.254394 476.448283 5.197813 3.721586
71.100000 4 19.252547 479.452320 5.197871 3.720236
71.200000 4 19.250690 482.481781 5.197929 3.718882
71.300000 4 19.248823 485.536916 5.197986 3.717526
71.400000 4 19.246947 488.617979 5.198044 3.716167
71.500000 4 19.245060 491.725227 5.198101 3.714805
71.600000 4 19.243164 494.858920 5.198159 3.713440
71.700000 4 19.241257 498.019318 5.198217 3.712072
71.800000 4 19.239341 501.206688 5.198274 3.710701
71.900000 4 19.237414 504.421299 5.198332 3.709327
72.000000 4 19.235476 507.663421 5.198389 3.707950
72.100000 4 19.233529 510.933328 5.198447 3.706570
72.200000 4 19.231571 514.231299 5.198505 3.705187
72.300000 4 19.229602 517.557613 5.198562 3.703802
72.400000 4 19.227623 520.912555 5.198620 3.702413
72.500000 4 19.225633 524.296412 5.198677 3.701021
72.600000 4 19.223633 527.709474 5.198735 3.699627
72.700000 4 19.221621 531.152035 5.198793 3.698229
72.800000 4 19.219599 534.624391 5.198850 3.696829
72.900000 4 19.217566 538.126843 5.198908 3.695425
73.000000 4 19.215521 541.659694 5.198965 3.694019
73.100000 4 19.213466 545.223252 5.199023 3.692609
73.200000 4 19.211399 548.817828 5.199081 3.691197
73.300000 4 19.209321 552.443736 5.199138 3.689781
73.400000 4 19.207231 556.101294 5.199196 3.688363
73.500000 4 19.205130 559.790823 5.199253 3.686941
73.600000 4 19.203017 563.512649 5.199311 3.685516
73.700000 4 19.200893 567.267100 5.199369 3.684089
73.800000 4 19.198757 571.054510 5.199426 3.682658
73.900000 4 19.196609 574.875216 5.199484 3.681225
74.000000 4 19.194449 578.729557 5.199541 3.679788
74.100000 4 19.192277 582.617879 5.199599 3.678348
74.200000 4 19.190093 586.540529 5.199657 3.676906
74.300000 4 19.187896 590.497861 5.199714 3.675460
74.400000 4 19.185688 594.490232 5.199772 3.674011
74.500000 4 19.183467 598.518001 5.199829 3.672559
74.600000 4 19.181233 602.581534 5.199887 3.671104
74.700000 4 19.178987 606.681200 5.199945 3.669646
74.800000 4 19.176728 610.817373 5.200002 3.668185
74.900000 4 19.174456 614.990431 5.200060 3.666721
75.000000 4 19.172172 619.200757 5.200117 3.665254
75.100000 4 19.169874 623.448736 5.200175 3.663784
75.200000 4 19.167563 627.734761 5.200233 3.662311
75.300000 4 19.165239 632.059228 5.200290 3.660834
75.400000 4 19.162902 636.422538 5.200348 3.659355
75.500000 4 19.160552 640.825095 5.200405 3.657872
75.600000 4 19.158188 645.267311 5.200463 3.656386
75.700000 4 19.155810 649.749599 5.200521 3.654898
75.800000 4 19.153418 654.272382 5.200578 3.653406
75.900000 4 19.151013 658.836082 5.200636 3.651911
76.000000 4 19.148594 663.441131 5.200693 3.650413
76.100000 4 19.146161 668.087963 5.200751 3.648911
76.200000 4 19.143714 672.777019 5.200809 3.647407
76.300000 4 19.141252 677.508745 5.200866 3.645900
76.400000 4 19.138776 682.283592 5.200924 3.644389
76.500000 4 19.136285 687.102015 5.200981 3.642875
76.600000 4 19.133780 691.964476 5.201039 3.641358
76.700000 4 19.131261 696.871444 5.201097 3.639838
76.800000 4 19.128726 701.823391 5.201154 3.638315
76.900000 4 19.126177 706.820795 5.201212 3.636789
77.000000 4 19.123612 711.864141 5.201269 3.635259
77.100000 4 19.121032 716.953919 5.201327 3.633727
77.200000 4 19.118437 722.090625 5.201385 3.632191
77.300000 4 19.076669 726.978026 5.202306 3.630956
77.400000 4 19.034576 728.719364 5.203228 3.630667
77.500000 4 18.992306 730.468438 5.204149 3.630377
77.600000 4 18.949856 732.225303 5.205071 3.630086
77.700000 4 18.907228 733.990013 5.205992 3.629794
77.800000 4 18.864418 735.762626 5.206914 3.629500
77.900000 4 18.821428 737.543195 5.207836 3.629206
78.000000 4 18.778256 739.331777 5.208757 3.628910
78.100000 4 18.734901 741.128429 5.209679 3.628614
78.200000 4 18.691362 742.933208 5.210600 3.628316
78.300000 4 18.647639 744.746169 5.211522 3.628017
78.400000 4 18.603730 746.567371 5.212444 3.627717
78.500000 4 18.559636 748.396871 5.213365 3.627416
78.600000 4 18.515354 750.234727 5.214287 3.627114
78.700000 4 18.470884 752.080996 5.215208 3.626810
78.800000 4 18.426225 753.935739 5.216130 3.626506
78.900000 4 18.381377 755.799011 5.217051 3.626200
79.000000 4 18.336338 757.670874 5.217973 3.625894
79.100000 4 18.291107 759.551385 5.218895 3.625586
79.200000 4 18.245684 761.440604 5.219816 3.625277
79.300000 4 18.200068 763.338590 5.220738 3.624966
79.400000 4 18.154258 765.245403 5.221659 3.624655
79.500000 4 18.108252 767.161102 5.222581 3.624343
79.600000 4 18.062051 769.085747 5.223503 3.624029
79.700000 4 18.015653 771.019398 5.224424 3.623714
79.800000 4 17.969057 772.962115 5.225346 3.623398
79.900000 4 17.922262 774.913957 5.226267 3.623081
80.000000 4 17.875268 776.874985 5.227189 3.622762
80.100000 4 17.828073 778.845258 5.228110 3.622443
80.200000 4 17.780677 780.824836 5.229032 3.622122
80.300000 4 17.733078 782.813779 5.229954 3.621800
80.400000 4 17.685276 784.812146 5.230875 3.621477
80.500000 4 17.637269 786.819998 5.231797 3.621152
80.600000 4 17.589058 788.837392 5.232718 3.620826
80.700000 4 17.540640 790.864387 5.233640 3.620500
