t Ka M R logL logTeff
92.397650 1 0.900084 0.837148 -0.092599 3.776590
184.795358 1 0.900084 0.838906 -0.090052 3.776771
277.193124 1 0.900084 0.840672 -0.087441 3.776967
369.590948 1 0.900083 0.842446 -0.084767 3.777178
461.988831 1 0.900083 0.844231 -0.082029 3.777403
554.386773 1 0.900083 0.846029 -0.079228 3.777641
646.784776 1 0.900083 0.847841 -0.076362 3.777893
739.182839 1 0.900083 0.849669 -0.073433 3.778157
831.580964 1 0.900083 0.851515 -0.070441 3.778434
923.979150 1 0.900082 0.853381 -0.067384 3.778723
1016.377399 1 0.900082 0.855269 -0.064264 3.779023
1108.775711 1 0.900082 0.857181 -0.061080 3.779334
1201.174088 1 0.900082 0.859118 -0.057832 3.779656
1293.572528 1 0.900082 0.861083 -0.054521 3.779988
1385.971034 1 0.900082 0.863078 -0.051146 3.780329
1478.369606 1 0.900081 0.865103 -0.047707 3.780680
1570.768245 1 0.900081 0.867163 -0.044205 3.781039
1663.166952 1 0.900081 0.869258 -0.040639 3.781407
1755.565727 1 0.900081 0.871390 -0.037009 3.781782
1847.964571 1 0.900081 0.873562 -0.033315 3.782165
1940.363485 1 0.900080 0.875776 -0.029558 3.782555
2032.762471 1 0.900080 0.878033 -0.025737 3.782951
2125.161528 1 0.900080 0.880337 -0.021852 3.783353
2217.560658 1 0.900080 0.882688 -0.017904 3.783761
2309.959862 1 0.900080 0.885090 -0.013892 3.784174
2402.359140 1 0.900079 0.887545 -0.009816 3.784592
2494.758495 1 0.900079 0.890054 -0.005676 3.785013
2587.157926 1 0.900079 0.892620 -0.001473 3.785439
2679.557436 1 0.900079 0.895245 0.002794 3.785868
2771.957025 1 0.900079 0.897933 0.007125 3.786300
2864.356693 1 0.900078 0.900684 0.011520 3.786734
2956.756444 1 0.900078 0.903502 0.015979 3.787171
3049.156277 1 0.900078 0.906389 0.020501 3.787609
3141.556194 1 0.900078 0.909347 0.025088 3.788048
3233.956196 1 0.900078 0.912380 0.029738 3.788487
3326.356285 1 0.900077 0.915489 0.034452 3.788927
3418.756462 1 0.900077 0.918677 0.039231 3.789367
3511.156729 1 0.900077 0.921948 0.044074 3.789806
3603.557087 1 0.900077 0.925304 0.048981 3.790244
3695.957537 1 0.900076 0.928748 0.053953 3.790680
3788.358081 1 0.900076 0.932282 0.058990 3.791114
3880.758721 1 0.900076 0.935911 0.064092 3.791546
3973.159458 1 0.900076 0.939636 0.069259 3.791975
4065.560294 1 0.900075 0.943461 0.074491 3.792401
4157.961232 1 0.900075 0.947390 0.079790 3.792824
4250.362272 1 0.900075 0.951427 0.085155 3.793242
4342.763417 1 0.900074 0.955573 0.090587 3.793655
4435.164669 1 0.900074 0.959834 0.096086 3.794064
4527.566029 1 0.900074 0.964214 0.101654 3.794467
4619.967500 1 0.900074 0.968715 0.107291 3.794865
4712.369085 1 0.900073 0.973344 0.112998 3.795257
4804.770785 1 0.900073 0.978103 0.118776 3.795642
4897.172602 1 0.900073 0.982998 0.124626 3.796021
4989.574540 1 0.900072 0.988033 0.130550 3.796392
5081.976600 1 0.900072 0.993215 0.136549 3.796756
5174.378785 1 0.900072 0.998547 0.142626 3.797113
5266.781099 1 0.900071 1.004037 0.148782 3.797461
5359.183543 1 0.900071 1.009690 0.155020 3.797801
5451.586121 1 0.900071 1.015513 0.161342 3.798133
5543.988835 1 0.900070 1.021514 0.167751 3.798456
5636.391690 1 0.900070 1.027699 0.174252 3.798771
5728.794687 1 0.900069 1.034076 0.180847 3.799076
5821.197831 1 0.900069 1.040655 0.187541 3.799372
5913.601125 1 0.900069 1.047446 0.194338 3.799659
6006.004573 1 0.900068 1.054457 0.201245 3.799938
6098.408178 1 0.900068 1.061700 0.208267 3.800207
6190.811945 1 0.900067 1.069186 0.215411 3.800467
6283.215878 1 0.900067 1.076930 0.222685 3.800718
6375.619981 1 0.900066 1.084944 0.230095 3.800961
6468.024258 1 0.900066 1.093244 0.237653 3.801195
6560.428715 1 0.900065 1.101846 0.245367 3.801422
6652.833357 1 0.900065 1.110769 0.253249 3.801641
6745.238188 1 0.900064 1.120032 0.261312 3.801853
6837.643215 1 0.900064 1.129656 0.269568 3.802060
6930.048444 1 0.900063 1.139665 0.278033 3.802260
7022.453880 1 0.900063 1.150086 0.286724 3.802456
7114.859531 1 0.900062 1.160947 0.295658 3.802649
7207.265402 1 0.900061 1.172280 0.304855 3.802839
7253.468452 1 0.900061 1.178134 0.309559 3.802933
7299.671562 1 0.900061 1.184120 0.314338 3.803027
7345.874731 1 0.900061 1.190242 0.319193 3.803121
7392.077962 1 0.900060 1.196507 0.324128 3.803215
7438.281255 1 0.900060 1.202919 0.329148 3.803309
7484.484612 1 0.900059 1.209485 0.334254 3.803404
7530.688034 1 0.900059 1.216211 0.339451 3.803499
7576.891521 1 0.900059 1.223105 0.344742 3.803594
7623.095076 1 0.900058 1.230175 0.350132 3.803690
7669.298700 1 0.900058 1.237428 0.355624 3.803787
7715.502393 1 0.900058 1.244874 0.361223 3.803884
7761.706158 1 0.900057 1.252523 0.366933 3.803981
7807.909996 1 0.900057 1.260386 0.372759 3.804079
7854.113909 1 0.900056 1.268475 0.378706 3.804176
7900.317897 1 0.900056 1.276804 0.384779 3.804273
7946.521964 1 0.900056 1.285388 0.390983 3.804369
7992.726110 1 0.900055 1.294246 0.397324 3.804463
8038.930338 1 0.900055 1.303397 0.403806 3.804554
8085.134649 1 0.900054 1.312865 0.410438 3.804640
8131.339045 1 0.900054 1.322678 0.417223 3.804719
8177.543530 1 0.900053 1.332866 0.424170 3.804790
8223.748104 1 0.900053 1.343466 0.431285 3.804848
8269.952771 1 0.900052 1.354524 0.438574 3.804891
8316.157532 1 0.900052 1.366092 0.446045 3.804912
8362.362391 1 0.900051 1.378232 0.453706 3.804906
8408.567350 1 0.900051 1.391019 0.461564 3.804865
8454.772412 1 0.900050 1.404546 0.469628 3.804780
8477.874996 1 0.900050 1.411620 0.473740 3.804717
8500.977608 1 0.900050 1.418922 0.477906 3.804638
8524.080248 1 0.900049 1.426469 0.482128 3.804541
8547.182916 1 0.900049 1.434281 0.486407 3.804425
8570.285612 1 0.900049 1.442380 0.490744 3.804287
8593.388338 1 0.900048 1.450788 0.495140 3.804123
8616.491094 1 0.900048 1.459533 0.499596 3.803933
8639.593880 1 0.900048 1.468644 0.504114 3.803711
8662.696696 1 0.900047 1.478154 0.508695 3.803455
8685.799544 1 0.900047 1.488097 0.513340 3.803160
8708.902424 1 0.900047 1.498515 0.518051 3.802823
8732.005337 1 0.900046 1.509451 0.522828 3.802438
8755.108283 1 0.900046 1.520957 0.527674 3.802001
8778.211262 1 0.900046 1.533087 0.532589 3.801504
8801.314276 1 0.900045 1.545902 0.537575 3.800943
8824.417326 1 0.900045 1.559474 0.542633 3.800310
8847.520411 1 0.900044 1.573878 0.547765 3.799596
8870.623533 1 0.900044 1.589203 0.552972 3.798794
8882.175113 1 0.900044 1.597241 0.555604 3.798356
8893.726702 1 0.900044 1.605546 0.558256 3.797893
8905.278301 1 0.900043 1.614133 0.560927 3.797403
8916.829910 1 0.900043 1.623016 0.563618 3.796884
8928.381529 1 0.900043 1.632212 0.566329 3.796334
8939.933158 1 0.900043 1.641738 0.569060 3.795754
8951.484797 1 0.900043 1.651612 0.571811 3.795139
8963.036447 1 0.900042 1.661852 0.574583 3.794490
8974.588107 1 0.900042 1.672479 0.577376 3.793804
8986.139777 1 0.900042 1.683514 0.580189 3.793079
8997.691459 1 0.900042 1.694982 0.583024 3.792314
9009.243151 1 0.900041 1.706906 0.585880 3.791506
9020.794854 1 0.900041 1.719312 0.588758 3.790653
9032.346569 1 0.900041 1.732229 0.591657 3.789752
9043.898294 1 0.900041 1.745686 0.594579 3.788802
9055.450032 1 0.900040 1.759716 0.597523 3.787800
9067.001781 1 0.900040 1.774352 0.600489 3.786743
9078.553542 1 0.900040 1.789631 0.603478 3.785628
9090.105314 1 0.900040 1.805592 0.606490 3.784453
9101.657100 1 0.900039 1.822276 0.609524 3.783215
9113.208897 1 0.900039 1.839730 0.612583 3.781909
9124.760707 1 0.900039 1.858000 0.615664 3.780534
9130.536619 1 0.900039 1.867458 0.617214 3.779819
9136.312533 1 0.900039 1.877140 0.618770 3.779085
9142.088451 1 0.900038 1.887052 0.620332 3.778331
9147.864373 1 0.900038 1.897203 0.621899 3.777558
9153.640297 1 0.900038 1.907600 0.623473 3.776765
9159.055230 1 0.900038 1.917578 0.624954 3.776003
9164.131732 1 0.900038 1.927140 0.626348 3.775271
9173.650178 1 0.900038 1.945635 0.628973 3.773853
9181.978827 1 0.900037 1.962449 0.631284 3.772562
9189.266401 1 0.900037 1.977667 0.633317 3.771393
9195.643034 1 0.900037 1.991387 0.635103 3.770339
9201.222591 1 0.900037 2.003713 0.636673 3.769391
9206.104706 1 0.900037 2.014752 0.638052 3.768543
9214.648413 1 0.900037 2.034661 0.640475 3.767013
9221.056199 1 0.900036 2.050106 0.642301 3.765828
9225.862042 1 0.900036 2.061990 0.643676 3.764916
9233.070810 1 0.900036 2.080315 0.645748 3.763513
9240.279585 2 0.900036 2.099264 0.647829 3.762064
9241.950933 2 0.900032 2.104215 0.648330 3.761678
9244.278685 2 0.900028 2.111130 0.649029 3.761140
9246.606482 2 0.900023 2.118068 0.649727 3.760602
9248.934324 2 0.900018 2.125029 0.650425 3.760065
9251.262214 2 0.900013 2.132012 0.651124 3.759527
9253.590149 2 0.900008 2.139018 0.651822 3.758989
9255.918131 2 0.900003 2.146048 0.652521 3.758451
9258.246160 2 0.899998 2.153100 0.653219 3.757913
9260.574237 2 0.899993 2.160176 0.653918 3.757375
9262.902360 2 0.899988 2.167275 0.654616 3.756838
9265.230531 2 0.899983 2.174397 0.655315 3.756300
9267.558750 2 0.899978 2.181543 0.656013 3.755762
9269.887017 2 0.899973 2.188712 0.656712 3.755224
9272.215333 2 0.899967 2.195905 0.657410 3.754686
9274.543696 2 0.899962 2.203121 0.658109 3.754149
9276.872109 2 0.899957 2.210361 0.658808 3.753611
9279.200571 2 0.899952 2.217625 0.659506 3.753073
9281.529082 2 0.899947 2.224913 0.660205 3.752535
9283.857642 2 0.899941 2.232224 0.660904 3.751998
9286.186252 2 0.899936 2.239560 0.661602 3.751460
9288.514912 2 0.899931 2.246920 0.662301 3.750922
9290.843623 2 0.899925 2.254304 0.663000 3.750384
9293.172384 2 0.899920 2.261712 0.663698 3.749847
9295.501195 2 0.899915 2.269145 0.664397 3.749309
9297.830058 2 0.899909 2.276602 0.665096 3.748771
9300.158972 2 0.899904 2.284083 0.665795 3.748233
9302.487937 2 0.899898 2.291590 0.666494 3.747696
9304.816954 2 0.899893 2.299120 0.667192 3.747158
9307.146023 2 0.899887 2.306676 0.667891 3.746620
9309.475145 2 0.899882 2.314257 0.668590 3.746082
9311.804319 2 0.899876 2.321862 0.669289 3.745545
9314.133546 2 0.899871 2.329492 0.669988 3.745007
9316.462825 2 0.899865 2.337148 0.670687 3.744469
9318.792159 2 0.899859 2.344828 0.671386 3.743931
9321.121545 2 0.899854 2.352534 0.672085 3.743394
9323.450986 2 0.899848 2.360265 0.672784 3.742856
9325.780481 2 0.899842 2.368022 0.673483 3.742318
9328.110030 2 0.899836 2.375804 0.674182 3.741781
9330.439633 2 0.899830 2.383612 0.674881 3.741243
9332.769292 2 0.899825 2.391445 0.675580 3.740705
9335.099006 2 0.899819 2.399304 0.676279 3.740168
9337.428775 2 0.899813 2.407189 0.676978 3.739630
9339.758600 2 0.899807 2.415100 0.677677 3.739092
9342.088482 2 0.899801 2.423037 0.678377 3.738555
9344.418419 2 0.899795 2.431000 0.679076 3.738017
9346.748413 2 0.899789 2.438989 0.679775 3.737479
9349.078464 2 0.899783 2.447005 0.680474 3.736942
9351.408572 2 0.899777 2.455046 0.681174 3.736404
9353.738737 2 0.899771 2.463115 0.681873 3.735866
9356.068961 2 0.899765 2.471209 0.682572 3.735329
9358.399242 2 0.899759 2.479331 0.683272 3.734791
9360.729581 2 0.899752 2.487479 0.683971 3.734254
9363.059979 2 0.899746 2.495654 0.684670 3.733716
9365.390436 2 0.899740 2.503855 0.685370 3.733178
9367.720953 2 0.899734 2.512084 0.686069 3.732641
9370.051528 2 0.899727 2.520340 0.686769 3.732103
9372.382163 2 0.899721 2.528623 0.687468 3.731566
9374.712859 2 0.899714 2.536933 0.688168 3.731028
9377.043615 2 0.899708 2.545270 0.688867 3.730490
9379.374431 2 0.899702 2.553635 0.689567 3.729953
9381.705308 2 0.899695 2.562028 0.690267 3.729415
9384.036247 2 0.899689 2.570448 0.690966 3.728878
9386.367247 2 0.899682 2.578896 0.691666 3.728340
9388.698309 2 0.899676 2.587371 0.692366 3.727803
9391.029433 2 0.899669 2.595874 0.693066 3.727265
9393.360620 2 0.899662 2.604406 0.693765 3.726728
9395.691870 2 0.899656 2.612965 0.694465 3.726190
9398.023182 2 0.899649 2.621553 0.695165 3.725653
9400.354558 2 0.899642 2.630168 0.695865 3.725115
9402.685998 2 0.899635 2.638813 0.696565 3.724577
9405.017502 2 0.899629 2.647485 0.697265 3.724040
9407.349070 2 0.899622 2.656186 0.697965 3.723502
9409.680703 2 0.899615 2.664916 0.698665 3.722965
9412.012401 2 0.899608 2.673674 0.699365 3.722427
9414.344164 2 0.899601 2.682462 0.700065 3.721890
9416.675993 2 0.899594 2.691278 0.700765 3.721353
9419.007888 2 0.899587 2.700123 0.701465 3.720815
9421.339849 2 0.899580 2.708997 0.702165 3.720278
9423.671877 2 0.899573 2.717901 0.702865 3.719740
9426.003972 2 0.899566 2.726833 0.703566 3.719203
9428.336134 2 0.899559 2.735796 0.704266 3.718665
9430.668364 2 0.899552 2.744787 0.704966 3.718128
9433.000662 2 0.899544 2.753808 0.705667 3.717590
9435.333028 2 0.899537 2.762859 0.706367 3.717053
9437.665463 2 0.899530 2.771940 0.707067 3.716516
9439.997967 2 0.899523 2.781050 0.707768 3.715978
9442.330540 2 0.899515 2.790191 0.708468 3.715441
9444.663183 2 0.899508 2.799361 0.709169 3.714903
9446.995896 2 0.899500 2.808562 0.709870 3.714366
9449.328680 2 0.899493 2.817793 0.710570 3.713829
9451.661534 2 0.899485 2.827055 0.711271 3.713291
9453.994459 2 0.899478 2.836347 0.711972 3.712754
9456.327456 2 0.899470 2.845669 0.712672 3.712216
9458.660525 2 0.899463 2.855022 0.713373 3.711679
9460.993665 2 0.899455 2.864406 0.714074 3.711142
9463.326879 2 0.899447 2.873821 0.714775 3.710604
9465.660165 2 0.899440 2.883267 0.715476 3.710067
9467.993524 2 0.899432 2.892744 0.716177 3.709530
9470.326957 2 0.899424 2.902252 0.716878 3.708992
9472.660464 2 0.899416 2.911791 0.717579 3.708455
9473.318488 3 0.899414 2.914496 0.717779 3.708304
9475.032012 3 0.899408 2.922454 0.719858 3.708231
9479.317445 3 0.899393 2.942599 0.725096 3.708049
9483.560023 3 0.899379 2.962887 0.730334 3.707867
9487.760176 3 0.899364 2.983320 0.735572 3.707684
9491.918327 3 0.899349 3.003899 0.740809 3.707500
9496.034897 3 0.899334 3.024625 0.746047 3.707317
9500.110301 3 0.899318 3.045500 0.751285 3.707133
9504.144951 3 0.899303 3.066524 0.756523 3.706948
9508.139254 3 0.899287 3.087699 0.761761 3.706763
9512.093614 3 0.899272 3.109025 0.766998 3.706578
9516.008431 3 0.899256 3.130504 0.772236 3.706392
9519.884100 3 0.899240 3.152137 0.777474 3.706207
9523.721012 3 0.899224 3.173925 0.782712 3.706020
9527.519554 3 0.899208 3.195869 0.787949 3.705833
9531.280112 3 0.899191 3.217971 0.793187 3.705646
9535.003063 3 0.899175 3.240231 0.798425 3.705459
9538.688786 3 0.899158 3.262651 0.803663 3.705271
9542.337651 3 0.899141 3.285233 0.808900 3.705083
9545.950027 3 0.899124 3.307976 0.814138 3.704894
9549.526280 3 0.899107 3.330884 0.819376 3.704705
9553.066770 3 0.899090 3.353956 0.824614 3.704515
9556.571855 3 0.899072 3.377194 0.829851 3.704325
9560.041889 3 0.899055 3.400599 0.835089 3.704135
9563.477223 3 0.899037 3.424173 0.840327 3.703944
9566.878204 3 0.899019 3.447917 0.845565 3.703753
9570.245175 3 0.899001 3.471832 0.850803 3.703562
9573.578476 3 0.898982 3.495919 0.856040 3.703370
9576.878444 3 0.898964 3.520180 0.861278 3.703178
9580.145412 3 0.898945 3.544616 0.866516 3.702985
9583.379711 3 0.898927 3.569229 0.871754 3.702792
9586.581667 3 0.898908 3.594020 0.876991 3.702598
9589.751603 3 0.898889 3.618989 0.882229 3.702404
9592.889840 3 0.898869 3.644139 0.887467 3.702210
9595.996694 3 0.898850 3.669472 0.892705 3.702015
9599.072480 3 0.898830 3.694987 0.897942 3.701820
9602.117508 3 0.898811 3.720687 0.903180 3.701624
9605.132086 3 0.898791 3.746573 0.908418 3.701428
9608.116518 3 0.898770 3.772647 0.913656 3.701231
9611.071106 3 0.898750 3.798910 0.918894 3.701034
9613.996148 3 0.898730 3.825363 0.924131 3.700837
9616.891939 3 0.898709 3.852008 0.929369 3.700639
9619.758773 3 0.898688 3.878846 0.934607 3.700441
9622.596938 3 0.898667 3.905880 0.939845 3.700242
9625.406721 3 0.898646 3.933109 0.945082 3.700043
9628.188407 3 0.898624 3.960537 0.950320 3.699844
9630.942276 3 0.898603 3.988164 0.955558 3.699644
9633.668606 3 0.898581 4.015992 0.960796 3.699443
9636.367673 3 0.898559 4.044023 0.966033 3.699242
9639.039749 3 0.898536 4.072257 0.971271 3.699041
9641.685104 3 0.898514 4.100697 0.976509 3.698839
9644.304006 3 0.898491 4.129345 0.981747 3.698637
9646.896719 3 0.898469 4.158201 0.986984 3.698434
9649.463505 3 0.898445 4.187268 0.992222 3.698231
9652.004622 3 0.898422 4.216547 0.997460 3.698027
9654.520329 3 0.898399 4.246040 1.002698 3.697823
9657.010879 3 0.898375 4.275748 1.007936 3.697618
9659.476523 3 0.898351 4.305673 1.013173 3.697413
9661.917510 3 0.898327 4.335817 1.018411 3.697208
9664.334088 3 0.898303 4.366181 1.023649 3.697002
9666.726500 3 0.898278 4.396768 1.028887 3.696795
9669.094988 3 0.898253 4.427578 1.034124 3.696589
9671.439791 3 0.898228 4.458615 1.039362 3.696381
9673.761146 3 0.898203 4.489878 1.044600 3.696173
9676.059288 3 0.898178 4.521371 1.049838 3.695965
9678.334448 3 0.898152 4.553095 1.055075 3.695756
9680.586856 3 0.898126 4.585051 1.060313 3.695547
9682.816740 3 0.898100 4.617242 1.065551 3.695337
9685.024326 3 0.898073 4.649670 1.070789 3.695127
9687.209835 3 0.898047 4.682336 1.076027 3.694916
9689.373490 3 0.898020 4.715242 1.081264 3.694705
9691.515508 3 0.897993 4.748390 1.086502 3.694493
9693.636106 3 0.897965 4.781782 1.091740 3.694281
9695.735497 3 0.897938 4.815420 1.096978 3.694068
9697.813895 3 0.897910 4.849306 1.102215 3.693855
9699.871509 3 0.897882 4.883441 1.107453 3.693641
9701.908547 3 0.897853 4.917828 1.112691 3.693427
9703.925214 3 0.897825 4.952469 1.117929 3.693212
9705.921715 3 0.897796 4.987366 1.123166 3.692997
9707.898251 3 0.897767 5.022520 1.128404 3.692781
9709.855021 3 0.897737 5.057934 1.133642 3.692564
9711.792224 3 0.897708 5.093610 1.138880 3.692348
9713.710055 3 0.897678 5.129549 1.144117 3.692130
9715.608707 3 0.897647 5.165755 1.149355 3.691912
9717.488373 3 0.897617 5.202228 1.154593 3.691694
9719.349242 3 0.897586 5.238972 1.159831 3.691475
9721.191502 3 0.897555 5.275988 1.165069 3.691256
9723.015340 3 0.897524 5.313278 1.170306 3.691036
9724.820940 3 0.897492 5.350845 1.175544 3.690815
9726.608483 3 0.897460 5.388691 1.180782 3.690594
9728.378151 3 0.897428 5.426818 1.186020 3.690373
9730.130123 3 0.897395 5.465228 1.191257 3.690151
9731.864574 3 0.897363 5.503924 1.196495 3.689928
9733.581681 3 0.897329 5.542907 1.201733 3.689705
9735.281617 3 0.897296 5.582180 1.206971 3.689481
9736.964554 3 0.897262 5.621746 1.212208 3.689257
9738.630662 3 0.897228 5.661607 1.217446 3.689032
9740.280108 3 0.897194 5.701764 1.222684 3.688807
9741.913060 3 0.897159 5.742221 1.227922 3.688581
9743.529682 3 0.897124 5.782980 1.233160 3.688355
9745.130138 3 0.897089 5.824044 1.238397 3.688128
9746.714589 3 0.897053 5.865413 1.243635 3.687900
9748.283196 3 0.897017 5.907092 1.248873 3.687672
9749.836117 3 0.896981 5.949083 1.254111 3.687443
9751.373509 3 0.896945 5.991387 1.259348 3.687214
9752.895527 3 0.896908 6.034009 1.264586 3.686984
9754.402324 3 0.896870 6.076949 1.269824 3.686754
9755.894054 3 0.896833 6.120211 1.275062 3.686523
9757.370866 3 0.896795 6.163797 1.280299 3.686291
9758.832911 3 0.896756 6.207711 1.285537 3.686059
9760.280334 3 0.896718 6.251954 1.290775 3.685826
9761.713284 3 0.896679 6.296529 1.296013 3.685593
9763.131904 3 0.896639 6.341439 1.301250 3.685359
9764.536338 3 0.896600 6.386686 1.306488 3.685125
9765.926727 3 0.896559 6.432274 1.311726 3.684890
9767.303213 3 0.896519 6.478205 1.316964 3.684654
9768.665934 3 0.896478 6.524481 1.322202 3.684418
9770.015027 3 0.896437 6.571107 1.327439 3.684181
9771.350630 3 0.896395 6.618083 1.332677 3.683944
9772.672876 3 0.896353 6.665414 1.337915 3.683706
9773.981901 3 0.896311 6.713103 1.343153 3.683467
9775.277834 3 0.896268 6.761151 1.348390 3.683228
9776.560809 3 0.896225 6.809562 1.353628 3.682988
9777.830954 3 0.896181 6.858339 1.358866 3.682748
9779.088397 3 0.896137 6.907485 1.364104 3.682507
9780.333266 3 0.896093 6.957003 1.369341 3.682265
9781.565686 3 0.896048 7.006896 1.374579 3.682023
9782.785782 3 0.896003 7.057167 1.379817 3.681780
9783.993677 3 0.895957 7.107818 1.385055 3.681536
9785.189493 3 0.895911 7.158854 1.390293 3.681292
9786.373351 3 0.895865 7.210278 1.395530 3.681047
9787.545371 3 0.895818 7.262091 1.400768 3.680802
9788.705670 3 0.895771 7.314299 1.406006 3.680556
9789.854366 3 0.895723 7.366903 1.411244 3.680309
9790.991575 3 0.895675 7.419908 1.416481 3.680062
9792.117412 3 0.895626 7.473315 1.421719 3.679814
9793.231991 3 0.895577 7.527130 1.426957 3.679565
9794.335424 3 0.895527 7.581355 1.432195 3.679316
9795.427823 3 0.895477 7.635993 1.437432 3.679066
9796.509297 3 0.895427 7.691047 1.442670 3.678815
9797.579957 3 0.895376 7.746522 1.447908 3.678564
9798.639911 3 0.895324 7.802421 1.453146 3.678312
9799.689264 3 0.895272 7.858747 1.458383 3.678060
9800.728125 3 0.895220 7.915504 1.463621 3.677807
9801.756596 3 0.895167 7.972694 1.468859 3.677553
9802.774783 3 0.895114 8.030323 1.474097 3.677298
9803.782788 3 0.895060 8.088393 1.479335 3.677043
9804.780713 3 0.895005 8.146909 1.484572 3.676787
9805.768659 3 0.894951 8.205873 1.489810 3.676531
9806.746725 3 0.894895 8.265289 1.495048 3.676273
9807.715011 3 0.894839 8.325162 1.500286 3.676016
9808.673614 3 0.894783 8.385495 1.505523 3.675757
9809.622630 3 0.894726 8.446292 1.510761 3.675498
9810.562157 3 0.894668 8.507556 1.515999 3.675238
9811.492288 3 0.894610 8.569292 1.521237 3.674977
9812.413118 3 0.894552 8.631503 1.526474 3.674716
9813.324740 3 0.894493 8.694194 1.531712 3.674454
9814.227245 3 0.894433 8.757369 1.536950 3.674191
9815.120726 3 0.894373 8.821031 1.542188 3.673928
9816.005272 3 0.894312 8.885184 1.547426 3.673664
9816.880972 3 0.894250 8.949833 1.552663 3.673399
9817.747915 3 0.894188 9.014982 1.557901 3.673133
9818.606189 3 0.894126 9.080635 1.563139 3.672867
9819.455880 3 0.894063 9.146796 1.568377 3.672600
9820.297074 3 0.893999 9.213470 1.573614 3.672333
9821.129856 3 0.893935 9.280660 1.578852 3.672064
9821.954310 3 0.893870 9.348371 1.584090 3.671795
9822.770520 3 0.893804 9.416608 1.589328 3.671525
9823.578568 3 0.893738 9.485375 1.594565 3.671255
9824.378535 3 0.893671 9.554675 1.599803 3.670983
9825.170502 3 0.893604 9.624515 1.605041 3.670711
9825.954550 3 0.893536 9.694898 1.610279 3.670439
9826.730758 3 0.893467 9.765829 1.615516 3.670165
9827.499203 3 0.893398 9.837313 1.620754 3.669891
9828.259964 3 0.893328 9.909353 1.625992 3.669616
9829.013117 3 0.893258 9.981956 1.631230 3.669340
9829.758739 3 0.893186 10.055125 1.636468 3.669064
9830.496904 3 0.893114 10.128866 1.641705 3.668786
9831.227688 3 0.893042 10.203183 1.646943 3.668508
9831.951164 3 0.892968 10.278081 1.652181 3.668230
9832.667405 3 0.892894 10.353565 1.657419 3.667950
9833.376484 3 0.892820 10.429641 1.662656 3.667670
9834.078472 3 0.892744 10.506312 1.667894 3.667389
9834.773440 3 0.892668 10.583584 1.673132 3.667107
9835.461459 3 0.892591 10.661463 1.678370 3.666825
9836.142597 3 0.892514 10.739953 1.683607 3.666541
9836.816924 3 0.892435 10.819060 1.688845 3.666257
9837.484508 3 0.892356 10.898788 1.694083 3.665972
9838.145415 3 0.892276 10.979144 1.699321 3.665687
9838.799714 3 0.892196 11.060133 1.704558 3.665400
9839.447470 3 0.892114 11.141759 1.709796 3.665113
9840.088748 3 0.892032 11.224028 1.715034 3.664825
9840.723613 3 0.891949 11.306947 1.720272 3.664536
9841.352130 3 0.891866 11.390520 1.725510 3.664246
9841.974362 3 0.891781 11.474753 1.730747 3.663956
9842.590371 3 0.891696 11.559652 1.735985 3.663664
9843.200220 3 0.891610 11.645222 1.741223 3.663372
9843.803971 3 0.891523 11.731469 1.746461 3.663080
9844.401684 3 0.891435 11.818400 1.751698 3.662786
9844.993420 3 0.891347 11.906019 1.756936 3.662491
9845.579239 3 0.891257 11.994333 1.762174 3.662196
9846.159199 3 0.891167 12.083348 1.767412 3.661900
9846.733360 3 0.891076 12.173070 1.772649 3.661603
9847.301779 3 0.890984 12.263505 1.777887 3.661305
9847.864514 3 0.890891 12.354659 1.783125 3.661006
9848.421622 3 0.890797 12.446538 1.788363 3.660707
9848.973159 3 0.890702 12.539149 1.793601 3.660407
9849.519180 3 0.890607 12.632498 1.798838 3.660106
9850.059741 3 0.890510 12.726591 1.804076 3.659804
9850.594897 3 0.890413 12.821435 1.809314 3.659501
9851.124701 3 0.890315 12.917036 1.814552 3.659197
9851.649206 3 0.890215 13.013402 1.819789 3.658892
9852.168467 3 0.890115 13.110538 1.825027 3.658587
9852.682536 3 0.890014 13.208451 1.830265 3.658281
9853.191463 3 0.889912 13.307148 1.835503 3.657974
9853.695301 3 0.889808 13.406636 1.840740 3.657666
9854.194101 3 0.889704 13.506922 1.845978 3.657357
9854.687913 3 0.889599 13.608012 1.851216 3.657047
9855.176787 3 0.889493 13.709915 1.856454 3.656737
9855.660772 3 0.889386 13.812636 1.861691 3.656425
9856.139917 3 0.889278 13.916183 1.866929 3.656113
9856.614271 3 0.889168 14.020563 1.872167 3.655800
9857.083881 3 0.889058 14.125784 1.877405 3.655485
9857.548795 3 0.888947 14.231853 1.882643 3.655170
9858.009060 3 0.888834 14.338778 1.887880 3.654855
9858.464722 3 0.888720 14.446565 1.893118 3.654538
9858.915828 3 0.888606 14.555223 1.898356 3.654220
9859.362422 3 0.888490 14.664759 1.903594 3.653902
9859.804551 3 0.888373 14.775181 1.908831 3.653582
9860.242258 3 0.888255 14.886497 1.914069 3.653262
9860.675589 3 0.888136 14.998714 1.919307 3.652940
9861.104586 3 0.888016 15.111841 1.924545 3.652618
9861.529293 3 0.887894 15.225885 1.929782 3.652295
9861.949753 3 0.887771 15.340856 1.935020 3.651971
9862.366008 3 0.887648 15.456760 1.940258 3.651646
9862.778101 3 0.887523 15.573606 1.945496 3.651320
9863.186073 3 0.887396 15.691403 1.950734 3.650993
9863.589965 3 0.887269 15.810159 1.955971 3.650665
9863.989818 3 0.887140 15.929883 1.961209 3.650337
9864.385673 3 0.887010 16.050582 1.966447 3.650007
9864.777569 3 0.886879 16.172267 1.971685 3.649676
9865.165546 3 0.886746 16.294945 1.976922 3.649345
9865.549644 3 0.886612 16.418626 1.982160 3.649012
9865.929900 3 0.886477 16.543318 1.987398 3.648679
9866.306354 3 0.886341 16.669030 1.992636 3.648344
9866.679043 3 0.886203 16.795772 1.997873 3.648009
9867.048006 3 0.886064 16.923553 2.003111 3.647673
9867.413278 3 0.885923 17.052382 2.008349 3.647335
9867.774899 3 0.885781 17.182268 2.013587 3.646997
9868.132902 3 0.885638 17.313221 2.018824 3.646658
9868.487326 3 0.885493 17.445251 2.024062 3.646318
9868.838206 3 0.885347 17.578367 2.029300 3.645976
9869.185577 3 0.885199 17.712579 2.034538 3.645634
9869.529474 3 0.885050 17.847897 2.039776 3.645291
9869.869932 3 0.884900 17.984330 2.045013 3.644947
9870.206986 3 0.884748 18.121890 2.050251 3.644602
9870.540669 3 0.884594 18.260585 2.055489 3.644255
9870.871015 3 0.884440 18.400427 2.060727 3.643908
9871.198058 3 0.884283 18.541426 2.065964 3.643560
9871.521830 3 0.884125 18.683591 2.071202 3.643211
9871.842364 3 0.883965 18.826934 2.076440 3.642861
9872.159694 3 0.883804 18.971466 2.081678 3.642510
9872.473850 3 0.883641 19.117197 2.086915 3.642157
9872.784864 3 0.883477 19.264137 2.092153 3.641804
9873.092768 3 0.883311 19.412299 2.097391 3.641450
9873.397593 3 0.883143 19.561693 2.102629 3.641095
9873.699370 3 0.882974 19.712330 2.107867 3.640738
9873.998130 3 0.882803 19.864222 2.113104 3.640381
9874.293901 3 0.882630 20.017380 2.118342 3.640022
9874.586715 3 0.882456 20.171816 2.123580 3.639663
9874.876601 3 0.882280 20.327541 2.128818 3.639303
9875.163588 3 0.882102 20.484567 2.134055 3.638941
9875.447705 3 0.881922 20.642906 2.139293 3.638578
9875.728980 3 0.881741 20.802570 2.144531 3.638215
9876.007443 3 0.881557 20.963572 2.149769 3.637850
9876.283122 3 0.881372 21.125923 2.155006 3.637484
9876.556044 3 0.881185 21.289635 2.160244 3.637117
9876.826236 3 0.880997 21.454723 2.165482 3.636750
9877.093727 3 0.880806 21.621197 2.170720 3.636381
9877.358542 3 0.880613 21.789071 2.175957 3.636011
9877.620710 3 0.880419 21.958358 2.181195 3.635639
9877.880255 3 0.880222 22.129070 2.186433 3.635267
9878.137206 3 0.880024 22.301222 2.191671 3.634894
9878.391587 3 0.879823 22.474825 2.196909 3.634520
9878.643424 3 0.879621 22.649894 2.202146 3.634144
9878.892742 3 0.879416 22.826443 2.207384 3.633767
9879.139568 3 0.879210 23.004484 2.212622 3.633390
9879.383925 3 0.879001 23.184033 2.217860 3.633011
9879.625839 3 0.878790 23.365102 2.223097 3.632631
9879.865333 3 0.878577 23.547706 2.228335 3.632250
9880.102433 3 0.878362 23.731859 2.233573 3.631868
9880.337161 3 0.878145 23.917576 2.238811 3.631485
9880.569542 3 0.877926 24.104870 2.244048 3.631100
9880.799600 3 0.877704 24.293758 2.249286 3.630715
9881.027357 3 0.877480 24.484254 2.254524 3.630328
9881.252836 3 0.877254 24.676372 2.259762 3.629940
9881.476061 3 0.877026 24.870129 2.265000 3.629551
9881.697053 3 0.876795 25.065538 2.270237 3.629161
9881.915835 3 0.876562 25.262617 2.275475 3.628770
9882.132430 3 0.876327 25.461380 2.280713 3.628378
9882.346858 3 0.876089 25.661843 2.285951 3.627984
9882.559143 3 0.875849 25.864023 2.291188 3.627590
9882.769304 3 0.875606 26.067935 2.296426 3.627194
9882.977364 3 0.875361 26.273596 2.301664 3.626797
9883.183343 3 0.875113 26.481021 2.306902 3.626399
9883.387263 3 0.874863 26.690229 2.312139 3.625999
9883.589143 3 0.874610 26.901236 2.317377 3.625599
9883.789004 3 0.874355 27.114058 2.322615 3.625197
9883.986867 3 0.874097 27.328713 2.327853 3.624794
9884.182751 3 0.873836 27.545218 2.333090 3.624390
9884.376677 3 0.873573 27.763591 2.338328 3.623985
9884.568663 3 0.873307 27.983850 2.343566 3.623578
9884.758729 3 0.873039 28.206011 2.348804 3.623171
9884.946895 3 0.872767 28.430095 2.354042 3.622762
9885.133179 3 0.872493 28.656118 2.359279 3.622352
9885.317600 3 0.872216 28.884099 2.364517 3.621940
9885.500177 3 0.871936 29.114058 2.369755 3.621528
9885.680928 3 0.871653 29.346012 2.374993 3.621114
9885.859871 3 0.871367 29.579981 2.380230 3.620699
9886.037025 3 0.871079 29.815984 2.385468 3.620283
9886.212408 3 0.870787 30.054041 2.390706 3.619866
9886.386037 3 0.870492 30.294171 2.395944 3.619447
9886.557929 3 0.870195 30.536394 2.401181 3.619027
9886.728103 3 0.869894 30.780730 2.406419 3.618606
9886.896575 3 0.869590 31.027200 2.411657 3.618184
9887.063362 3 0.869283 31.275824 2.416895 3.617760
9887.228481 3 0.868972 31.526623 2.422133 3.617335
9887.391949 3 0.868659 31.779618 2.427370 3.616909
9887.553783 3 0.868342 32.034830 2.432608 3.616481
9887.713998 3 0.868022 32.292280 2.437846 3.616053
9887.872611 3 0.867699 32.551990 2.443084 3.615623
9888.029637 3 0.867372 32.813982 2.448321 3.615191
9888.185094 3 0.867042 33.078279 2.453559 3.614759
9888.338996 3 0.866708 33.344901 2.458797 3.614325
9888.491359 3 0.866371 33.613873 2.464035 3.613890
9888.642198 3 0.866030 33.885217 2.469272 3.613454
9888.791529 3 0.865686 34.158955 2.474510 3.613016
9888.939367 3 0.865338 34.435112 2.479748 3.612577
9889.085726 3 0.864986 34.713710 2.484986 3.612136
9889.230621 3 0.864631 34.994774 2.490223 3.611695
9889.374068 3 0.864272 35.278328 2.495461 3.611252
9889.516080 3 0.863909 35.564396 2.500699 3.610808
9889.656672 3 0.863542 35.853003 2.505937 3.610362
9889.795858 3 0.863172 36.144173 2.511175 3.609915
9889.933653 3 0.862798 36.437932 2.516412 3.609467
9890.070069 3 0.862419 36.734306 2.521650 3.609017
9890.205121 3 0.862037 37.033319 2.526888 3.608566
9890.338823 3 0.861650 37.334998 2.532126 3.608114
9890.471188 3 0.861260 37.639369 2.537363 3.607660
9890.602229 3 0.860865 37.946459 2.542601 3.607205
9890.731959 3 0.860466 38.256295 2.547839 3.606749
9890.860393 3 0.860063 38.568903 2.553077 3.606291
9890.987541 3 0.859655 38.884312 2.558314 3.605832
9891.113419 3 0.859243 39.202549 2.563552 3.605371
9891.238038 3 0.858827 39.523641 2.568790 3.604910
9891.361410 3 0.858406 39.847619 2.574028 3.604446
9891.483549 3 0.857981 40.174509 2.579265 3.603982
9891.604466 3 0.857551 40.504341 2.584503 3.603516
9891.724175 3 0.857117 40.837145 2.589741 3.603048
9891.842686 3 0.856678 41.172950 2.594979 3.602579
9891.960012 3 0.856234 41.511786 2.600217 3.602109
9892.076164 3 0.855786 41.853683 2.605454 3.601637
9892.191156 3 0.855332 42.198673 2.610692 3.601164
9892.304997 3 0.854874 42.546785 2.615930 3.600690
9892.417700 3 0.854410 42.898052 2.621168 3.600214
9892.529276 3 0.853942 43.252505 2.626405 3.599736
9892.639736 3 0.853469 43.610177 2.631643 3.599257
9892.749091 3 0.852990 43.971099 2.636881 3.598777
9892.857353 3 0.852506 44.335304 2.642119 3.598295
9892.964533 3 0.852017 44.702826 2.647356 3.597812
9893.070640 3 0.851523 45.073698 2.652594 3.597328
9893.175687 3 0.851023 45.447955 2.657832 3.596841
9893.279683 3 0.850518 45.825629 2.663070 3.596354
9893.382639 3 0.850008 46.206757 2.668308 3.595865
9893.484565 3 0.849491 46.591373 2.673545 3.595374
9893.585473 3 0.848969 46.979513 2.678783 3.594882
9893.685473 3 0.848442 47.371212 2.684021 3.594389
9893.785473 3 0.847908 47.766507 2.689259 3.593893
9893.885473 3 0.847369 48.165435 2.694496 3.593397
9893.985473 3 0.846823 48.568033 2.699734 3.592899
9894.085473 3 0.846272 48.974338 2.704972 3.592399
9894.185473 3 0.845715 49.384388 2.710210 3.591898
9894.285473 3 0.845151 49.798223 2.715447 3.591395
9894.385473 3 0.844581 50.215880 2.720685 3.590891
9894.485473 3 0.844005 50.637400 2.725923 3.590386
9894.585473 3 0.843422 51.062822 2.731161 3.589878
9894.685473 3 0.842833 51.492186 2.736398 3.589370
9894.785473 3 0.842238 51.925533 2.741636 3.588859
9894.885473 3 0.841635 52.362904 2.746874 3.588347
9894.985473 3 0.841026 52.804342 2.752112 3.587834
9895.085473 3 0.840411 53.249888 2.757350 3.587319
9895.185473 3 0.839788 53.699586 2.762587 3.586802
9895.285473 3 0.839158 54.153477 2.767825 3.586284
9895.385473 3 0.838521 54.611607 2.773063 3.585764
9895.485473 3 0.837877 55.074019 2.778301 3.585242
9895.585473 3 0.837226 55.540758 2.783538 3.584719
9895.685473 3 0.836568 56.011870 2.788776 3.584195
9895.785473 3 0.835902 56.487401 2.794014 3.583668
9895.885473 3 0.835228 56.967396 2.799252 3.583140
9895.985473 3 0.834547 57.451903 2.804489 3.582611
9896.085473 3 0.833858 57.940969 2.809727 3.582079
9896.185473 3 0.833161 58.434644 2.814965 3.581547
9896.285473 3 0.832456 58.932974 2.820203 3.581012
9896.385473 3 0.831744 59.436010 2.825441 3.580476
9896.485473 3 0.831023 59.943802 2.830678 3.579938
9896.585473 3 0.830294 60.456400 2.835916 3.579398
9896.685473 3 0.829556 60.973855 2.841154 3.578857
9896.785473 3 0.828810 61.496219 2.846392 3.578314
9896.885473 3 0.828056 62.023545 2.851629 3.577770
9896.985473 3 0.827292 62.555886 2.856867 3.577223
9897.085473 3 0.826520 63.093295 2.862105 3.576675
9897.185473 3 0.825739 63.635827 2.867343 3.576125
9897.285473 3 0.824949 64.183536 2.872580 3.575574
9897.385473 3 0.824150 64.736480 2.877818 3.575021
9897.485473 3 0.823342 65.294713 2.883056 3.574466
9897.585473 3 0.822524 65.858294 2.888294 3.573909
9897.685473 3 0.821696 66.427281 2.893531 3.573350
9897.785473 3 0.820859 67.001731 2.898769 3.572790
9897.885473 3 0.820012 67.581705 2.904007 3.572228
9897.985473 3 0.819155 68.167263 2.909245 3.571664
9898.085473 3 0.818288 68.758465 2.914483 3.571098
9898.185473 3 0.817411 69.355374 2.919720 3.570531
9898.285473 3 0.816524 69.958051 2.924958 3.569961
9898.385473 3 0.815626 70.566561 2.930196 3.569390
9898.485473 3 0.814717 71.180967 2.935434 3.568817
9898.585473 3 0.813798 71.801335 2.940671 3.568242
9898.685473 3 0.812867 72.427730 2.945909 3.567665
9898.785473 3 0.811926 73.060219 2.951147 3.567087
9898.885473 3 0.810973 73.698870 2.956385 3.566506
9898.985473 3 0.810009 74.343751 2.961622 3.565924
9899.085473 3 0.809034 74.994931 2.966860 3.565340
9899.185473 3 0.808046 75.652482 2.972098 3.564753
9899.285473 3 0.807047 76.316474 2.977336 3.564165
9899.385473 3 0.806036 76.986980 2.982574 3.563575
9899.485473 3 0.805012 77.664072 2.987811 3.562983
9899.585473 3 0.803977 78.347826 2.993049 3.562389
9899.685473 3 0.802928 79.038316 2.998287 3.561793
9899.785473 3 0.801867 79.735618 3.003525 3.561196
9899.885473 3 0.800793 80.439811 3.008762 3.560596
9899.985473 3 0.799706 81.150973 3.014000 3.559994
9900.085473 3 0.798605 81.869182 3.019238 3.559390
9900.185473 3 0.797491 82.594520 3.024476 3.558784
9900.285473 3 0.796363 83.327069 3.029713 3.558176
9900.385473 3 0.795222 84.066911 3.034951 3.557566
9900.485473 3 0.794066 84.814130 3.040189 3.556954
9900.585473 3 0.792896 85.568813 3.045427 3.556339
9900.685473 3 0.791711 86.331044 3.050664 3.555723
9900.785473 3 0.790512 87.100913 3.055902 3.555105
9900.885473 3 0.789298 87.878509 3.061140 3.554484
9900.985473 3 0.788068 88.663921 3.066378 3.553862
9901.085473 3 0.786823 89.457241 3.071616 3.553237
9901.185473 3 0.785562 90.258563 3.076853 3.552610
9901.285473 3 0.784286 91.067981 3.082091 3.551980
9901.385473 3 0.782993 91.885590 3.087329 3.551349
9901.485473 3 0.781684 92.711489 3.092567 3.550715
9901.585473 3 0.780359 93.545775 3.097804 3.550080
9901.685473 3 0.779016 94.388550 3.103042 3.549441
9901.785473 3 0.777656 95.239915 3.108280 3.548801
9901.885473 3 0.776279 96.099973 3.113518 3.548158
9901.985473 3 0.774884 96.968829 3.118755 3.547513
9902.085473 3 0.773471 97.846591 3.123993 3.546866
9902.185473 3 0.772040 98.733366 3.129231 3.546216
9902.285473 3 0.770591 99.629265 3.134469 3.545564
9902.385473 3 0.769122 100.534399 3.139707 3.544910
9902.485473 3 0.767634 101.448882 3.144944 3.544253
9902.585473 3 0.766127 102.372829 3.150182 3.543594
9902.685473 3 0.764600 103.306359 3.155420 3.542932
9902.785473 3 0.763053 104.249589 3.160658 3.542268
9902.885473 3 0.761486 105.202643 3.165895 3.541601
9902.985473 3 0.759898 106.165642 3.171133 3.540932
9903.085473 3 0.758288 107.138712 3.176371 3.540260
9903.185473 3 0.756657 108.121982 3.181609 3.539586
9903.285473 3 0.755005 109.115580 3.186846 3.538909
9903.385473 3 0.753330 110.119639 3.192084 3.538229
9903.485473 3 0.751632 111.134294 3.197322 3.537547
9903.585473 3 0.749912 112.159680 3.202560 3.536862
9903.685473 3 0.748168 113.195937 3.207797 3.536175
9903.785473 3 0.746401 114.243208 3.213035 3.535484
9903.885473 3 0.744609 115.301635 3.218273 3.534791
9903.985473 3 0.742793 116.371367 3.223511 3.534095
9904.085473 3 0.740951 117.452552 3.228749 3.533396
9904.185473 3 0.739084 118.545344 3.233986 3.532695
9904.285473 3 0.737192 119.649898 3.239224 3.531990
9904.385473 3 0.735272 120.766371 3.244462 3.531283
9904.485473 3 0.733326 121.894927 3.249700 3.530573
9904.585473 3 0.731353 123.035729 3.254937 3.529859
9904.685473 3 0.729352 124.188945 3.260175 3.529143
9904.785473 3 0.727322 125.354747 3.265413 3.528423
9904.885473 3 0.725264 126.533309 3.270651 3.527701
9904.985473 3 0.723176 127.724810 3.275888 3.526975
9905.085473 3 0.721058 128.929433 3.281126 3.526246
9905.185473 3 0.718909 130.147363 3.286364 3.525514
9905.285473 3 0.716729 131.378789 3.291602 3.524778
9905.385473 3 0.714518 132.623908 3.296840 3.524040
9905.485473 3 0.712274 133.882916 3.302077 3.523297
9905.585473 3 0.709997 135.156016 3.307315 3.522552
9905.685473 3 0.707687 136.443417 3.312553 3.521802
9905.785473 3 0.705342 137.745330 3.317791 3.521050
9905.885473 3 0.702962 139.061973 3.323028 3.520293
9905.985473 3 0.700547 140.393568 3.328266 3.519533
9906.085473 3 0.698095 141.740342 3.333504 3.518770
9906.185473 3 0.695605 143.102530 3.338742 3.518002
9906.285473 3 0.693078 144.480369 3.343979 3.517231
9906.385473 3 0.690512 145.874106 3.349217 3.516456
9906.485473 3 0.687906 147.283991 3.354455 3.515677
9906.585473 3 0.685260 148.710283 3.359693 3.514893
9906.685473 3 0.682573 150.153246 3.364930 3.514106
9906.785473 3 0.679843 151.613152 3.370168 3.513314
9906.885473 4 0.677476 6.898888 1.708576 3.768895
9906.985473 4 0.677471 6.898399 1.708576 3.768910
9907.085473 4 0.677467 6.897915 1.708577 3.768926
9907.185473 4 0.677462 6.897435 1.708577 3.768941
9907.285473 4 0.677458 6.896961 1.708578 3.768956
9907.385473 4 0.677453 6.896491 1.708579 3.768971
9907.485473 4 0.677449 6.896026 1.708581 3.768986
9907.585473 4 0.677445 6.895565 1.708582 3.769001
9907.685473 4 0.677441 6.895109 1.708584 3.769016
9907.785473 4 0.677436 6.894658 1.708586 3.769031
9907.885473 4 0.677432 6.894211 1.708588 3.769045
9907.985473 4 0.677428 6.893768 1.708590 3.769060
9908.085473 4 0.677424 6.893330 1.708592 3.769074
9908.185473 4 0.677420 6.892896 1.708595 3.769088
9908.285473 4 0.677416 6.892467 1.708597 3.769103
9908.385473 4 0.677412 6.892042 1.708600 3.769117
9908.485473 4 0.677408 6.891621 1.708603 3.769131
9908.585473 4 0.677404 6.891204 1.708606 3.769144
9908.685473 4 0.677400 6.890792 1.708609 3.769158
9908.785473 4 0.677397 6.890383 1.708612 3.769172
9908.885473 4 0.677393 6.889979 1.708615 3.769185
9908.985473 4 0.677389 6.889579 1.708619 3.769199
9909.085473 4 0.677385 6.889183 1.708622 3.769212
9909.185473 4 0.677382 6.888790 1.708626 3.769226
9909.285473 4 0.677378 6.888402 1.708630 3.769239
9909.385473 4 0.677375 6.888018 1.708633 3.769252
9909.485473 4 0.677371 6.887637 1.708637 3.769265
9909.585473 4 0.677368 6.887260 1.708641 3.769278
9909.685473 4 0.677364 6.886887 1.708645 3.769290
9909.785473 4 0.677361 6.886518 1.708649 3.769303
9909.885473 4 0.677357 6.886153 1.708653 3.769315
9909.985473 4 0.677354 6.885791 1.708657 3.769328
9910.085473 4 0.677351 6.885432 1.708661 3.769340
9910.185473 4 0.677347 6.885078 1.708665 3.769352
9910.285473 4 0.677344 6.884727 1.708670 3.769365
9910.385473 4 0.677341 6.884379 1.708674 3.769377
9910.485473 4 0.677338 6.884035 1.708678 3.769389
9910.585473 4 0.677334 6.883695 1.708683 3.769400
9910.685473 4 0.677331 6.883357 1.708687 3.769412
9910.785473 4 0.677328 6.883024 1.708692 3.769424
9910.885473 4 0.677325 6.882693 1.708696 3.769435
9910.985473 4 0.677322 6.882366 1.708701 3.769447
9911.085473 4 0.677319 6.882042 1.708706 3.769458
9911.185473 4 0.677316 6.881722 1.708710 3.769470
9911.285473 4 0.677313 6.881404 1.708715 3.769481
9911.385473 4 0.677310 6.881090 1.708719 3.769492
9911.485473 4 0.677307 6.880779 1.708724 3.769503
9911.585473 4 0.677304 6.880472 1.708729 3.769514
9911.685473 4 0.677302 6.880167 1.708734 3.769524
9911.785473 4 0.677299 6.879865 1.708738 3.769535
9911.885473 4 0.677296 6.879567 1.708743 3.769546
9911.985473 4 0.677294 6.879341 1.708747 3.769554
9913.121975 4 0.677176 6.866681 1.709008 3.770019
9914.258477 4 0.677058 6.854108 1.709375 3.770509
9915.394979 4 0.676940 6.841666 1.709840 3.771020
9916.531481 4 0.676822 6.829400 1.710399 3.771549
9917.667983 4 0.676705 6.817353 1.711048 3.772095
9918.804485 4 0.676587 6.805571 1.711784 3.772654
9919.940987 4 0.676469 6.794097 1.712605 3.773226
9921.077489 4 0.676351 6.782977 1.713509 3.773808
9922.213991 4 0.676233 6.772256 1.714493 3.774397
9923.350493 4 0.676115 6.761977 1.715557 3.774993
9924.486995 4 0.675997 6.752186 1.716699 3.775593
9925.623497 4 0.675879 6.742927 1.717917 3.776196
9926.759999 4 0.675761 6.734247 1.719211 3.776799
9927.896501 4 0.675642 6.726189 1.720580 3.777401
9929.033003 4 0.675523 6.718800 1.722023 3.778001
9930.169505 4 0.675404 6.712125 1.723539 3.778595
9931.306007 4 0.675284 6.706211 1.725128 3.779184
9932.442509 4 0.675164 6.701103 1.726789 3.779765
9933.579011 4 0.675044 6.696850 1.728522 3.780336
9934.715513 4 0.674924 6.693498 1.730326 3.780895
9935.852015 4 0.674802 6.691096 1.732201 3.781442
9936.988517 4 0.674681 6.689692 1.734147 3.781974
9938.125020 4 0.674559 6.689336 1.736163 3.782490
9939.261522 4 0.674436 6.690078 1.738249 3.782987
9940.398024 4 0.674312 6.691969 1.740406 3.783465
9941.534526 4 0.674188 6.695061 1.742632 3.783921
9942.671028 4 0.674063 6.699407 1.744929 3.784355
9943.807530 4 0.673938 6.705062 1.747296 3.784763
9944.944032 4 0.673812 6.712082 1.749733 3.785145
9946.080534 4 0.673684 6.720523 1.752241 3.785499
9947.217036 4 0.673556 6.730444 1.754819 3.785823
9948.353538 4 0.673427 6.741905 1.757467 3.786116
9949.490040 4 0.673297 6.754968 1.760187 3.786376
9950.626542 4 0.673166 6.769697 1.762977 3.786600
9951.763044 4 0.673033 6.786159 1.765838 3.786788
9952.899546 4 0.672899 6.804421 1.768772 3.786938
9954.036048 4 0.672764 6.824554 1.771777 3.787048
9955.172550 4 0.672628 6.846631 1.774854 3.787116
9956.309052 4 0.672490 6.870730 1.778005 3.787140
9957.445554 4 0.672351 6.896928 1.781228 3.787120
9958.582056 4 0.672210 6.925309 1.784525 3.787052
9959.718558 4 0.672068 6.955959 1.787896 3.786936
9960.855060 4 0.671923 6.988967 1.791342 3.786770
9961.991562 4 0.671777 7.024427 1.794864 3.786551
9963.128064 4 0.671629 7.062438 1.798461 3.786278
9964.264567 4 0.671479 7.103101 1.802135 3.785950
9965.401069 4 0.671326 7.146527 1.805886 3.785564
9966.537571 4 0.671171 7.192826 1.809714 3.785119
9967.674073 4 0.671014 7.242119 1.813622 3.784613
9968.810575 4 0.670854 7.294531 1.817609 3.784044
9969.947077 4 0.670692 7.350193 1.821676 3.783410
9971.083579 4 0.670527 7.409244 1.825825 3.782710
9972.220081 4 0.670359 7.471832 1.830056 3.781941
9973.356583 4 0.670187 7.538111 1.834370 3.781102
9974.493085 4 0.670013 7.608245 1.838767 3.780190
9975.629587 4 0.669835 7.682406 1.843250 3.779205
9976.197838 4 0.669744 7.721032 1.845524 3.778684
9976.766089 4 0.669652 7.760733 1.847819 3.778144
9977.334340 4 0.669559 7.801535 1.850135 3.777584
9977.902591 4 0.669465 7.843463 1.852474 3.777005
9978.470842 4 0.669371 7.886544 1.854835 3.776406
9979.039093 4 0.669275 7.930803 1.857218 3.775786
9979.607344 4 0.669178 7.976270 1.859624 3.775147
9980.175595 4 0.669080 8.022972 1.862052 3.774486
9980.743846 4 0.668981 8.070939 1.864503 3.773804
9981.312097 4 0.668880 8.120202 1.866977 3.773101
9981.880348 4 0.668779 8.170792 1.869474 3.772377
9982.448599 4 0.668676 8.222741 1.871995 3.771631
9983.016850 4 0.668572 8.276084 1.874539 3.770863
9983.585101 4 0.668466 8.330853 1.877107 3.770073
9984.153352 4 0.668360 8.387087 1.879699 3.769260
9984.721603 4 0.668252 8.444820 1.882314 3.768424
9985.289854 4 0.668142 8.504092 1.884955 3.767565
9985.858105 4 0.668031 8.564941 1.887620 3.766683
9986.426356 4 0.667919 8.627409 1.890309 3.765778
9986.994607 4 0.667804 8.691537 1.893024 3.764848
9987.562858 4 0.667689 8.757369 1.895764 3.763895
9988.131109 4 0.667572 8.824951 1.898529 3.762917
9988.699360 4 0.667453 8.894328 1.901320 3.761914
9989.267611 4 0.667332 8.965549 1.904138 3.760886
9989.835863 4 0.667210 9.038665 1.906981 3.759834
9990.404114 4 0.667085 9.113726 1.909851 3.758755
9990.972365 4 0.666959 9.190786 1.912748 3.757651
9991.540616 4 0.666831 9.269901 1.915672 3.756521
9992.108867 4 0.666701 9.351129 1.918623 3.755364
9992.677118 4 0.666569 9.434529 1.921602 3.754181
9993.245369 4 0.666434 9.520163 1.924610 3.752971
9993.813620 4 0.666298 9.608096 1.927645 3.751733
9994.381871 4 0.666159 9.698394 1.930710 3.750468
9994.950122 4 0.666018 9.791126 1.933803 3.749175
9995.518373 4 0.665875 9.886364 1.936926 3.747854
9996.086624 4 0.665729 9.984183 1.940079 3.746504
9996.370749 4 0.665655 10.034069 1.941666 3.745819
9996.654875 4 0.665580 10.084630 1.943261 3.745126
9996.939000 4 0.665504 10.135875 1.944864 3.744426
9997.223126 4 0.665428 10.187815 1.946474 3.743719
9997.507251 4 0.665351 10.240460 1.948092 3.743004
9997.791377 4 0.665273 10.293822 1.949718 3.742282
9998.075502 4 0.665195 10.347911 1.951352 3.741552
9998.359628 4 0.665116 10.402739 1.952994 3.740815
9998.643753 4 0.665036 10.458317 1.954644 3.740071
9998.927879 4 0.664956 10.514657 1.956301 3.739318
9999.212004 4 0.664874 10.571770 1.957967 3.738559
9999.496130 4 0.664792 10.629670 1.959641 3.737791
9999.780255 4 0.664710 10.688368 1.961324 3.737016
10000.064381 4 0.664626 10.747877 1.963014 3.736233
10000.348506 4 0.664542 10.808210 1.964713 3.735442
10000.632632 4 0.664456 10.869380 1.966421 3.734643
10000.916757 4 0.664370 10.931401 1.968137 3.733837
10001.200883 4 0.664284 10.994287 1.969861 3.733022
10001.485008 4 0.664196 11.058052 1.971595 3.732200
10001.769134 4 0.664107 11.122709 1.973336 3.731369
10002.053259 4 0.664018 11.188275 1.975087 3.730531
10002.337385 4 0.663927 11.254763 1.976847 3.729684
10002.621511 4 0.663836 11.322190 1.978615 3.728829
10002.905636 4 0.663744 11.390571 1.980393 3.727966
10003.189762 4 0.663650 11.459922 1.982180 3.727095
10003.473887 4 0.663556 11.530259 1.983976 3.726215
10003.758013 4 0.663461 11.601599 1.985781 3.725327
10004.042138 4 0.663365 11.673960 1.987596 3.724430
10004.326264 4 0.663268 11.747359 1.989420 3.723525
10004.610389 4 0.663170 11.821813 1.991254 3.722612
10004.894515 4 0.663070 11.897342 1.993097 3.721690
10005.178640 4 0.662970 11.973963 1.994950 3.720759
10005.462766 4 0.662868 12.051697 1.996813 3.719820
10005.746891 4 0.662766 12.130563 1.998686 3.718872
10006.031017 4 0.662662 12.210580 2.000569 3.717915
10006.315142 4 0.662557 12.291770 2.002462 3.716949
10006.599268 4 0.662451 12.374153 2.004365 3.715974
10006.883393 4 0.662344 12.457752 2.006279 3.714991
10007.167519 4 0.662236 12.542588 2.008204 3.713998
10007.451644 4 0.662126 12.628684 2.010139 3.712996
10007.735770 4 0.662015 12.716063 2.012084 3.711985
10008.019895 4 0.661903 12.804748 2.014041 3.710965
10008.304021 4 0.661789 12.894765 2.016009 3.709936
10008.588146 4 0.661674 12.986138 2.017987 3.708897
10008.872272 4 0.661558 13.078892 2.019977 3.707849
10009.156397 4 0.661441 13.173055 2.021979 3.706792
10009.440523 4 0.661322 13.268652 2.023992 3.705725
10009.724648 4 0.661201 13.365712 2.026017 3.704649
10010.008774 4 0.661079 13.464262 2.028053 3.703563
10010.292899 4 0.660956 13.564332 2.030102 3.702467
10010.577025 4 0.660831 13.665951 2.032163 3.701361
10010.861150 4 0.660704 13.769150 2.034236 3.700246
10011.145276 4 0.660576 13.873961 2.036321 3.699121
10011.429401 4 0.660446 13.980415 2.038420 3.697985
10011.713527 4 0.660315 14.088545 2.040531 3.696840
10011.997652 4 0.660182 14.198387 2.042655 3.695685
10012.281778 4 0.660047 14.309974 2.044793 3.694519
10012.565903 4 0.659910 14.423342 2.046944 3.693344
10012.850029 4 0.659772 14.538529 2.049109 3.692158
10013.134154 4 0.659632 14.655571 2.051287 3.690961
10013.418280 4 0.659490 14.774509 2.053480 3.689754
10013.702405 4 0.659346 14.895383 2.055687 3.688537
10013.986531 4 0.659200 15.018233 2.057909 3.687308
10014.270656 4 0.659052 15.143102 2.060145 3.686069
10014.554782 4 0.658902 15.270033 2.062513 3.684849
10014.838907 4 0.658750 15.399071 2.064928 3.683625
10015.123033 4 0.658595 15.530262 2.067353 3.682389
10015.407158 4 0.658439 15.663653 2.069787 3.681141
10015.691284 4 0.658280 15.799294 2.072232 3.679880
10015.975410 4 0.658119 15.937235 2.074686 3.678606
10016.259535 4 0.657956 16.077529 2.077151 3.677319
10016.543661 4 0.657790 16.220231 2.079625 3.676018
10016.827786 4 0.657622 16.365395 2.082109 3.674705
10017.111912 4 0.657451 16.513080 2.084603 3.673377
10017.396037 4 0.657277 16.663345 2.087107 3.672036
10017.680163 4 0.657101 16.816251 2.089621 3.670681
10017.964288 4 0.656922 16.971861 2.092146 3.669312
10018.248414 4 0.656741 17.130243 2.094680 3.667929
10018.532539 4 0.656557 17.291462 2.097224 3.666531
10018.816665 4 0.656369 17.455589 2.099778 3.665118
10019.100790 4 0.656179 17.622697 2.102342 3.663690
10019.384916 4 0.655986 17.792860 2.104916 3.662247
10019.669041 4 0.655790 17.966156 2.107501 3.660788
10019.953167 4 0.655590 18.141593 2.110095 3.659327
10020.237292 4 0.655388 18.318078 2.112700 3.657876
10020.521418 4 0.655182 18.497836 2.115314 3.656409
10020.805543 4 0.654973 18.680950 2.117939 3.654926
10021.089669 4 0.654760 18.867510 2.120574 3.653427
10021.231731 4 0.654652 18.962100 2.121895 3.652671
10021.373794 4 0.654543 19.057587 2.123219 3.651911
10021.515857 4 0.654433 19.153981 2.124545 3.651147
10021.657920 4 0.654322 19.251296 2.125874 3.650379
10021.799982 4 0.654211 19.349543 2.127205 3.649607
10021.942045 4 0.654098 19.448736 2.128539 3.648830
10022.084108 4 0.653984 19.548886 2.129876 3.648049
10022.226171 4 0.653870 19.650009 2.131215 3.647263
10022.368234 4 0.653754 19.752115 2.132557 3.646473
10022.510296 4 0.653638 19.855221 2.133901 3.645678
10022.652359 4 0.653520 19.959338 2.135247 3.644879
10022.794422 4 0.653402 20.064482 2.136597 3.644076
10022.930901 4 0.653287 20.166473 2.137895 3.643299
10023.169740 4 0.653085 20.347318 2.140174 3.641930
10023.348869 4 0.652931 20.484947 2.141887 3.640895
10023.483216 4 0.652814 20.589312 2.143175 3.640113
10023.684736 4 0.652637 20.747739 2.145111 3.638933
