t Ka M R logL logTeff
0.977382 1 5.000066 2.265543 2.777009 4.277807
1.954772 1 5.000048 2.277137 2.778738 4.277131
2.932169 1 5.000029 2.288795 2.780514 4.276466
3.909575 1 5.000011 2.300522 2.782336 4.275811
4.886988 1 4.999992 2.312320 2.784205 4.275168
5.864408 1 4.999973 2.324192 2.786122 4.274535
6.841837 1 4.999954 2.336143 2.788085 4.273912
7.819274 1 4.999935 2.348176 2.790094 4.273299
8.796718 1 4.999916 2.360293 2.792151 4.272695
9.774171 1 4.999896 2.372500 2.794254 4.272101
10.751632 1 4.999877 2.384798 2.796405 4.271516
11.729102 1 4.999857 2.397193 2.798602 4.270939
12.706579 1 4.999837 2.409688 2.800846 4.270372
13.684065 1 4.999817 2.422287 2.803136 4.269812
14.661560 1 4.999796 2.434993 2.805474 4.269260
15.639063 1 4.999775 2.447812 2.807858 4.268716
16.616574 1 4.999755 2.460746 2.810289 4.268179
17.594095 1 4.999733 2.473800 2.812767 4.267650
18.571624 1 4.999712 2.486978 2.815292 4.267127
19.549163 1 4.999690 2.500285 2.817863 4.266612
20.526710 1 4.999669 2.513725 2.820481 4.266102
21.504267 1 4.999646 2.527302 2.823146 4.265599
22.481833 1 4.999624 2.541021 2.825858 4.265101
23.459408 1 4.999601 2.554887 2.828617 4.264609
24.436993 1 4.999578 2.568905 2.831422 4.264122
25.414588 1 4.999555 2.583079 2.834275 4.263640
26.392192 1 4.999531 2.597414 2.837173 4.263163
27.369806 1 4.999508 2.611916 2.840119 4.262691
28.347431 1 4.999483 2.626589 2.843112 4.262222
29.325065 1 4.999459 2.641439 2.846151 4.261758
30.302710 1 4.999434 2.656471 2.849237 4.261297
31.280365 1 4.999408 2.671692 2.852370 4.260840
32.258031 1 4.999383 2.687105 2.855549 4.260386
33.235708 1 4.999357 2.702719 2.858776 4.259934
34.213396 1 4.999330 2.718538 2.862049 4.259485
35.191095 1 4.999303 2.734569 2.865368 4.259038
36.168805 1 4.999276 2.750818 2.868735 4.258593
37.146526 1 4.999248 2.767292 2.872148 4.258150
38.124260 1 4.999220 2.783999 2.875608 4.257708
39.102005 1 4.999191 2.800944 2.879115 4.257267
40.079762 1 4.999162 2.818136 2.882668 4.256827
41.057532 1 4.999132 2.835583 2.886268 4.256386
42.035314 1 4.999102 2.853292 2.889915 4.255946
43.013108 1 4.999071 2.871273 2.893609 4.255505
43.990916 1 4.999040 2.889534 2.897349 4.255064
44.968737 1 4.999008 2.908086 2.901136 4.254621
45.946571 1 4.998976 2.926938 2.904969 4.254176
46.924419 1 4.998943 2.946102 2.908850 4.253729
47.902281 1 4.998909 2.965590 2.912776 4.253279
48.880156 1 4.998875 2.985413 2.916750 4.252826
49.858047 1 4.998840 3.005585 2.920770 4.252369
50.835952 1 4.998804 3.026122 2.924837 4.251907
51.813872 1 4.998768 3.047038 2.928951 4.251439
52.791807 1 4.998730 3.068351 2.933111 4.250966
53.769758 1 4.998693 3.090079 2.937318 4.250485
54.747725 1 4.998654 3.112243 2.941571 4.249997
55.725708 1 4.998615 3.134865 2.945871 4.249499
56.703707 1 4.998574 3.157969 2.950218 4.248991
57.681724 1 4.998533 3.181582 2.954611 4.248472
58.659758 1 4.998491 3.205733 2.959051 4.247940
59.637809 1 4.998448 3.230454 2.963538 4.247393
60.615878 1 4.998405 3.255782 2.968071 4.246831
61.593966 1 4.998360 3.281755 2.972650 4.246250
62.572073 1 4.998314 3.308416 2.977276 4.245650
63.550199 1 4.998267 3.335814 2.981949 4.245027
64.528345 1 4.998219 3.364002 2.986668 4.244379
65.506510 1 4.998170 3.393039 2.991434 4.243705
66.484697 1 4.998120 3.422990 2.996246 4.242999
67.462904 1 4.998069 3.453927 3.001105 4.242260
68.441133 1 4.998017 3.485931 3.006010 4.241484
69.419384 1 4.997963 3.519092 3.010962 4.240666
70.397657 1 4.997908 3.553507 3.015960 4.239802
70.886805 1 4.997880 3.571220 3.018476 4.239351
71.375960 1 4.997852 3.589289 3.021004 4.238887
71.865120 1 4.997823 3.607730 3.023544 4.238410
72.354286 1 4.997794 3.626559 3.026095 4.237917
72.843458 1 4.997765 3.645794 3.028658 4.237409
73.332637 1 4.997735 3.665454 3.031232 4.236885
73.821822 1 4.997705 3.685558 3.033818 4.236344
74.311013 1 4.997674 3.706127 3.036416 4.235784
74.800210 1 4.997643 3.727182 3.039025 4.235207
75.289414 1 4.997612 3.748746 3.041646 4.234609
75.778625 1 4.997580 3.770844 3.044279 4.233991
76.267842 1 4.997548 3.793501 3.046923 4.233351
76.757066 1 4.997516 3.816745 3.049578 4.232689
77.246297 1 4.997483 3.840603 3.052246 4.232002
77.735534 1 4.997450 3.865107 3.054924 4.231291
78.224779 1 4.997417 3.890288 3.057615 4.230553
78.714031 1 4.997383 3.916180 3.060317 4.229788
79.203290 1 4.997348 3.942819 3.063030 4.228995
79.692556 1 4.997314 3.970243 3.065756 4.228171
80.181829 1 4.997278 3.998491 3.068492 4.227316
80.671110 1 4.997243 4.027607 3.071241 4.226427
81.160398 1 4.997207 4.057635 3.074001 4.225504
81.649694 1 4.997170 4.088623 3.076772 4.224545
82.138997 1 4.997133 4.120621 3.079555 4.223548
82.628309 1 4.997096 4.153684 3.082350 4.222511
83.117628 1 4.997058 4.187867 3.085156 4.221433
83.606955 1 4.997020 4.223231 3.087974 4.220312
84.096290 1 4.996982 4.259840 3.090803 4.219145
84.585633 1 4.996942 4.297763 3.093644 4.217930
85.074984 1 4.996903 4.337071 3.096496 4.216666
85.564344 1 4.996863 4.377841 3.099360 4.215351
86.053712 1 4.996822 4.420155 3.102236 4.213981
86.543089 1 4.996782 4.464100 3.105123 4.212554
86.787782 1 4.996761 4.486713 3.106571 4.211819
87.032477 1 4.996740 4.509769 3.108022 4.211069
87.277174 1 4.996719 4.533281 3.109475 4.210303
87.521873 1 4.996698 4.557261 3.110932 4.209522
87.766574 1 4.996677 4.581723 3.112391 4.208724
88.011278 1 4.996656 4.606681 3.113854 4.207910
88.255984 1 4.996634 4.632148 3.115319 4.207079
88.500692 1 4.996613 4.658140 3.116787 4.206231
88.745402 1 4.996591 4.684673 3.118258 4.205365
88.990115 1 4.996569 4.711761 3.119732 4.204482
89.234830 1 4.996548 4.739421 3.121209 4.203580
89.479547 1 4.996526 4.767670 3.122689 4.202660
89.724267 1 4.996504 4.796525 3.124171 4.201720
89.968989 1 4.996481 4.826004 3.125657 4.200761
90.213713 1 4.996459 4.856127 3.127145 4.199782
90.458440 1 4.996437 4.886911 3.128636 4.198782
90.703168 1 4.996414 4.918378 3.130130 4.197762
90.947900 1 4.996391 4.950548 3.131627 4.196721
91.192633 1 4.996369 4.983442 3.133127 4.195658
91.437370 1 4.996346 5.017083 3.134630 4.194572
91.682108 1 4.996323 5.051493 3.136136 4.193465
91.926849 1 4.996300 5.086696 3.137644 4.192334
92.171592 1 4.996276 5.122717 3.139156 4.191179
92.416338 1 4.996253 5.159582 3.140670 4.190001
92.661086 1 4.996230 5.197316 3.142187 4.188798
92.905837 1 4.996206 5.235948 3.143708 4.187570
93.150590 1 4.996182 5.275506 3.145231 4.186316
93.395346 1 4.996159 5.316019 3.146757 4.185036
93.640104 1 4.996135 5.357519 3.148285 4.183730
93.884865 1 4.996111 5.400036 3.149817 4.182397
94.129628 1 4.996087 5.443605 3.151352 4.181035
94.374394 1 4.996062 5.488259 3.152889 4.179646
94.619162 1 4.996038 5.534035 3.154430 4.178227
94.863933 1 4.996014 5.580968 3.155973 4.176779
95.108707 1 4.995989 5.629098 3.157519 4.175301
95.353483 1 4.995964 5.678465 3.159068 4.173792
95.598262 1 4.995940 5.729110 3.160620 4.172252
95.843043 1 4.995915 5.781076 3.162175 4.170680
96.087827 1 4.995890 5.834409 3.163733 4.169075
96.332613 1 4.995865 5.889156 3.165293 4.167437
96.577402 1 4.995840 5.945365 3.166857 4.165766
96.822194 1 4.995814 6.003087 3.168423 4.164059
97.311783 1 4.995764 5.956737 3.191362 4.171477
97.411783 1 4.995756 5.902414 3.197014 4.174879
97.511783 1 4.995753 5.873561 3.199682 4.176610
97.611783 1 4.995750 5.843555 3.202290 4.178374
97.711783 1 4.995747 5.812749 3.204829 4.180157
97.811783 1 4.995744 5.781458 3.207293 4.181945
97.911783 1 4.995741 5.749962 3.209676 4.183727
98.011783 1 4.995739 5.718502 3.211975 4.185493
98.111783 1 4.995736 5.687287 3.214186 4.187234
98.211783 1 4.995734 5.656492 3.216308 4.188944
98.311783 1 4.995732 5.626264 3.218342 4.190616
98.411783 1 4.995730 5.596723 3.220286 4.192245
98.511783 1 4.995727 5.567967 3.222143 4.193828
98.611783 1 4.995726 5.540070 3.223913 4.195361
98.711783 1 4.995722 5.485309 3.227309 4.198367
98.811783 1 4.995719 5.434759 3.230364 4.201141
98.911783 1 4.995716 5.388512 3.233100 4.203681
99.011783 1 4.995713 5.346505 3.235542 4.205991
99.111783 1 4.995711 5.308572 3.237716 4.208081
99.211783 1 4.995709 5.274483 3.239646 4.209962
99.311783 1 4.995707 5.243972 3.241357 4.211650
99.411783 1 4.995705 5.216754 3.242871 4.213158
99.511783 1 4.995702 5.167961 3.245558 4.215870
99.611783 1 4.995700 5.130402 3.247604 4.217966
99.711783 1 4.995698 5.101695 3.249156 4.219572
99.811783 1 4.995696 5.057779 3.251512 4.222039
99.911783 2 4.995693 5.012848 3.253902 4.224574
100.011783 2 4.995693 5.060103 3.253311 4.222389
100.111783 2 4.995693 5.088755 3.252955 4.221074
100.211783 2 4.995692 5.117570 3.252600 4.219759
100.311783 2 4.995692 5.146549 3.252244 4.218443
100.411783 2 4.995692 5.175691 3.251888 4.217128
100.511783 2 4.995692 5.204998 3.251532 4.215813
100.611783 2 4.995692 5.234471 3.251177 4.214498
100.711783 2 4.995691 5.264111 3.250821 4.213183
100.811783 2 4.995691 5.293919 3.250465 4.211868
100.911783 2 4.995691 5.323896 3.250110 4.210553
101.011783 2 4.995691 5.354042 3.249754 4.209238
101.111783 2 4.995691 5.384360 3.249398 4.207923
101.211783 2 4.995690 5.414848 3.249043 4.206608
101.311783 2 4.995690 5.445510 3.248687 4.205293
101.411783 2 4.995690 5.476345 3.248331 4.203978
101.511783 2 4.995690 5.507355 3.247976 4.202663
101.611783 2 4.995690 5.538540 3.247620 4.201348
101.711783 2 4.995689 5.569902 3.247264 4.200033
101.811783 2 4.995689 5.601441 3.246909 4.198718
101.911783 2 4.995689 5.633159 3.246553 4.197403
102.011783 2 4.995689 5.665057 3.246197 4.196088
102.111783 2 4.995689 5.697135 3.245842 4.194773
102.211783 2 4.995688 5.729395 3.245486 4.193458
102.311783 2 4.995688 5.761838 3.245130 4.192143
102.411783 2 4.995688 5.794464 3.244775 4.190828
102.511783 2 4.995688 5.827275 3.244419 4.189513
102.611783 2 4.995688 5.860272 3.244063 4.188197
102.711783 2 4.995688 5.893455 3.243707 4.186882
102.811783 2 4.995687 5.926827 3.243352 4.185567
102.911783 2 4.995687 5.960387 3.242996 4.184252
103.011783 2 4.995687 5.994138 3.242640 4.182937
103.111783 2 4.995687 6.028080 3.242285 4.181622
103.211783 2 4.995687 6.062213 3.241929 4.180307
103.311783 2 4.995687 6.096541 3.241573 4.178992
103.411783 2 4.995686 6.131062 3.241218 4.177677
103.511783 2 4.995686 6.165779 3.240862 4.176362
103.611783 2 4.995686 6.200693 3.240506 4.175047
103.711783 2 4.995686 6.235804 3.240151 4.173732
103.811783 2 4.995686 6.271114 3.239795 4.172417
103.911783 2 4.995685 6.306624 3.239439 4.171102
104.011783 2 4.995685 6.342335 3.239084 4.169787
104.111783 2 4.995685 6.378249 3.238728 4.168472
104.211783 2 4.995685 6.414365 3.238372 4.167157
104.311783 2 4.995685 6.450686 3.238017 4.165842
104.411783 2 4.995685 6.487213 3.237661 4.164527
104.511783 2 4.995684 6.523947 3.237305 4.163212
104.611783 2 4.995684 6.560889 3.236950 4.161897
104.711783 2 4.995684 6.598039 3.236594 4.160582
104.811783 2 4.995684 6.635401 3.236238 4.159267
104.911783 2 4.995684 6.672973 3.235883 4.157952
105.011783 2 4.995684 6.710759 3.235527 4.156636
105.111783 2 4.995683 6.748759 3.235171 4.155321
105.211783 2 4.995683 6.786973 3.234816 4.154006
105.311783 2 4.995683 6.825404 3.234460 4.152691
105.411783 2 4.995683 6.864053 3.234104 4.151376
105.511783 2 4.995683 6.902920 3.233749 4.150061
105.611783 2 4.995683 6.942008 3.233393 4.148746
105.711783 2 4.995683 6.981317 3.233037 4.147431
105.811783 2 4.995682 7.020849 3.232682 4.146116
105.911783 2 4.995682 7.060604 3.232326 4.144801
106.011783 2 4.995682 7.100584 3.231970 4.143486
106.111783 2 4.995682 7.140791 3.231615 4.142171
106.211783 2 4.995682 7.181226 3.231259 4.140856
106.311783 2 4.995682 7.221889 3.230903 4.139541
106.411783 2 4.995681 7.262783 3.230548 4.138226
106.511783 2 4.995681 7.303908 3.230192 4.136911
106.611783 2 4.995681 7.345267 3.229836 4.135596
106.711783 2 4.995681 7.386859 3.229481 4.134281
106.811783 2 4.995681 7.428687 3.229125 4.132966
106.911783 2 4.995681 7.470752 3.228769 4.131651
107.011783 2 4.995681 7.513054 3.228414 4.130336
107.111783 2 4.995680 7.555597 3.228058 4.129021
107.211783 2 4.995680 7.598380 3.227702 4.127706
107.311783 2 4.995680 7.641406 3.227347 4.126391
107.411783 2 4.995680 7.684675 3.226991 4.125076
107.511783 2 4.995680 7.728189 3.226635 4.123760
107.611783 2 4.995680 7.771950 3.226280 4.122445
107.711783 2 4.995680 7.815959 3.225924 4.121130
107.811783 2 4.995679 7.860216 3.225568 4.119815
107.911783 2 4.995679 7.904724 3.225213 4.118500
108.011783 2 4.995679 7.949485 3.224857 4.117185
108.111783 2 4.995679 7.994498 3.224501 4.115870
108.211783 2 4.995679 8.039767 3.224146 4.114555
108.311783 2 4.995679 8.085292 3.223790 4.113240
108.411783 2 4.995679 8.131075 3.223434 4.111925
108.511783 2 4.995678 8.177117 3.223079 4.110610
108.611783 2 4.995678 8.223419 3.222723 4.109295
108.711783 2 4.995678 8.269984 3.222367 4.107980
108.811783 2 4.995678 8.316813 3.222012 4.106665
108.911783 2 4.995678 8.363907 3.221656 4.105350
109.011783 2 4.995678 8.411267 3.221300 4.104035
109.111783 2 4.995678 8.458896 3.220945 4.102720
109.211783 2 4.995678 8.506794 3.220589 4.101405
109.311783 2 4.995677 8.554963 3.220233 4.100090
109.411783 2 4.995677 8.603405 3.219878 4.098775
109.511783 2 4.995677 8.652122 3.219522 4.097460
109.611783 2 4.995677 8.701114 3.219166 4.096145
109.711783 2 4.995676 8.750383 3.218810 4.094830
109.811783 2 4.995676 8.799931 3.218455 4.093515
109.911783 2 4.995675 8.849760 3.218099 4.092200
110.011783 2 4.995674 8.899870 3.217743 4.090884
110.111783 2 4.995674 8.950265 3.217387 4.089569
110.211783 2 4.995673 9.000944 3.217031 4.088254
110.311783 2 4.995672 9.051911 3.216676 4.086939
110.411783 2 4.995672 9.103166 3.216320 4.085624
110.511783 2 4.995671 9.154711 3.215964 4.084309
110.611783 2 4.995670 9.206549 3.215608 4.082994
110.711783 2 4.995670 9.258680 3.215252 4.081679
110.811783 2 4.995669 9.311105 3.214896 4.080364
110.911783 2 4.995668 9.363828 3.214541 4.079049
111.011783 2 4.995668 9.416849 3.214185 4.077734
111.111783 2 4.995667 9.470171 3.213829 4.076419
111.211783 2 4.995666 9.523794 3.213473 4.075104
111.311783 2 4.995666 9.577721 3.213117 4.073789
111.411783 2 4.995665 9.631954 3.212761 4.072474
111.511783 2 4.995664 9.686493 3.212405 4.071159
111.611783 2 4.995663 9.741341 3.212050 4.069844
111.711783 2 4.995663 9.796500 3.211694 4.068529
111.811783 2 4.995662 9.851971 3.211338 4.067213
111.911783 2 4.995661 9.907757 3.210982 4.065898
112.011783 2 4.995661 9.963858 3.210626 4.064583
112.111783 2 4.995660 10.020276 3.210270 4.063268
112.211783 2 4.995659 10.077014 3.209915 4.061953
112.311783 2 4.995658 10.134074 3.209559 4.060638
112.411783 2 4.995658 10.191456 3.209203 4.059323
112.511783 2 4.995657 10.249164 3.208847 4.058008
112.611783 2 4.995656 10.307198 3.208491 4.056693
112.711783 2 4.995655 10.365560 3.208135 4.055378
112.811783 2 4.995655 10.424253 3.207779 4.054063
112.911783 2 4.995654 10.483279 3.207424 4.052748
113.011783 2 4.995653 10.542639 3.207068 4.051433
113.111783 2 4.995652 10.602334 3.206712 4.050118
113.211783 2 4.995652 10.662368 3.206356 4.048803
113.311783 2 4.995651 10.722742 3.206000 4.047488
113.411783 2 4.995650 10.783457 3.205644 4.046173
113.511783 2 4.995649 10.844516 3.205288 4.044858
113.611783 2 4.995648 10.905921 3.204933 4.043543
113.711783 2 4.995648 10.967674 3.204577 4.042227
113.811783 2 4.995647 11.029776 3.204221 4.040912
113.911783 2 4.995646 11.092230 3.203865 4.039597
114.011783 2 4.995645 11.155038 3.203509 4.038282
114.111783 2 4.995644 11.218201 3.203153 4.036967
114.211783 2 4.995644 11.281722 3.202797 4.035652
114.311783 2 4.995643 11.345602 3.202441 4.034337
114.411783 2 4.995642 11.409844 3.202086 4.033022
114.511783 2 4.995641 11.474450 3.201730 4.031707
114.611783 2 4.995640 11.539422 3.201374 4.030392
114.711783 2 4.995640 11.604761 3.201018 4.029077
114.811783 2 4.995639 11.670471 3.200662 4.027762
114.911783 2 4.995638 11.736552 3.200306 4.026447
115.011783 2 4.995637 11.803008 3.199950 4.025132
115.111783 2 4.995636 11.869840 3.199594 4.023817
115.211783 2 4.995635 11.937050 3.199239 4.022502
115.311783 2 4.995634 12.004641 3.198883 4.021187
115.411783 2 4.995634 12.072614 3.198527 4.019872
115.511783 2 4.995633 12.140973 3.198171 4.018557
115.611783 2 4.995632 12.209718 3.197815 4.017241
115.711783 2 4.995631 12.278853 3.197459 4.015926
115.811783 2 4.995630 12.348379 3.197103 4.014611
115.911783 2 4.995629 12.418298 3.196747 4.013296
116.011783 2 4.995628 12.488614 3.196391 4.011981
116.111783 2 4.995628 12.559328 3.196036 4.010666
116.211783 2 4.995627 12.630442 3.195680 4.009351
116.311783 2 4.995626 12.701959 3.195324 4.008036
116.411783 2 4.995625 12.773880 3.194968 4.006721
116.511783 2 4.995624 12.846209 3.194612 4.005406
116.611783 2 4.995623 12.918947 3.194256 4.004091
116.711783 2 4.995622 12.992098 3.193900 4.002776
116.811783 2 4.995621 13.065662 3.193544 4.001461
116.911783 2 4.995620 13.139643 3.193188 4.000146
117.011783 2 4.995619 13.214043 3.192832 3.998831
117.111783 2 4.995618 13.288864 3.192476 3.997516
117.211783 2 4.995617 13.364108 3.192121 3.996201
117.311783 2 4.995617 13.439779 3.191765 3.994886
117.411783 2 4.995616 13.515878 3.191409 3.993571
117.511783 2 4.995615 13.592408 3.191053 3.992256
117.611783 2 4.995614 13.669371 3.190697 3.990941
117.711783 2 4.995613 13.746770 3.190341 3.989625
117.811783 2 4.995612 13.824607 3.189985 3.988310
117.911783 2 4.995611 13.902885 3.189629 3.986995
118.011783 2 4.995610 13.981606 3.189273 3.985680
118.111783 2 4.995609 14.060773 3.188917 3.984365
118.211783 2 4.995608 14.140388 3.188561 3.983050
118.311783 2 4.995607 14.220453 3.188205 3.981735
118.411783 2 4.995606 14.300972 3.187850 3.980420
118.511783 2 4.995605 14.381947 3.187494 3.979105
118.611783 2 4.995604 14.463381 3.187138 3.977790
118.711783 2 4.995603 14.545275 3.186782 3.976475
118.811783 2 4.995602 14.627633 3.186426 3.975160
118.911783 2 4.995601 14.710458 3.186070 3.973845
119.011783 2 4.995600 14.793751 3.185714 3.972530
119.111783 2 4.995599 14.877516 3.185358 3.971215
119.211783 2 4.995598 14.961755 3.185002 3.969900
119.311783 2 4.995597 15.046471 3.184646 3.968585
119.411783 2 4.995596 15.131667 3.184290 3.967270
119.511783 2 4.995595 15.217345 3.183934 3.965955
119.611783 2 4.995594 15.303508 3.183578 3.964640
119.711783 2 4.995593 15.390159 3.183222 3.963325
119.811783 2 4.995592 15.477301 3.182866 3.962010
119.911783 2 4.995591 15.564936 3.182510 3.960694
120.011783 2 4.995589 15.653067 3.182154 3.959379
120.111783 2 4.995588 15.741697 3.181798 3.958064
120.211783 2 4.995587 15.830829 3.181443 3.956749
120.311783 2 4.995586 15.920465 3.181087 3.955434
120.411783 2 4.995585 16.010609 3.180731 3.954119
120.511783 2 4.995584 16.101264 3.180375 3.952804
120.611783 2 4.995583 16.192431 3.180019 3.951489
120.711783 2 4.995582 16.284115 3.179663 3.950174
120.811783 2 4.995581 16.376318 3.179307 3.948859
120.911783 2 4.995580 16.469043 3.178951 3.947544
121.011783 2 4.995578 16.562293 3.178595 3.946229
121.111783 2 4.995577 16.656070 3.178239 3.944914
121.211783 2 4.995576 16.750379 3.177883 3.943599
121.311783 2 4.995575 16.845222 3.177527 3.942284
121.411783 2 4.995574 16.940601 3.177171 3.940969
121.511783 2 4.995573 17.036521 3.176815 3.939654
121.611783 2 4.995572 17.132984 3.176459 3.938339
121.711783 2 4.995570 17.229992 3.176103 3.937024
121.811783 2 4.995569 17.327550 3.175747 3.935709
121.911783 2 4.995568 17.425661 3.175391 3.934394
122.011783 2 4.995567 17.524326 3.175035 3.933079
122.111783 2 4.995566 17.623551 3.174679 3.931764
122.211783 2 4.995565 17.723337 3.174323 3.930449
122.311783 2 4.995563 17.823688 3.173967 3.929134
122.411783 2 4.995562 17.924607 3.173611 3.927818
122.511783 2 4.995561 18.026098 3.173255 3.926503
122.611783 2 4.995560 18.128163 3.172899 3.925188
122.711783 2 4.995559 18.230806 3.172543 3.923873
122.811783 2 4.995557 18.334030 3.172187 3.922558
122.911783 2 4.995556 18.437839 3.171831 3.921243
123.011783 2 4.995555 18.542235 3.171475 3.919928
123.111783 2 4.995554 18.647222 3.171119 3.918613
123.211783 2 4.995552 18.752804 3.170763 3.917298
123.311783 2 4.995551 18.858983 3.170407 3.915983
123.411783 2 4.995550 18.965764 3.170051 3.914668
123.511783 2 4.995549 19.073149 3.169695 3.913353
123.611783 2 4.995547 19.181142 3.169339 3.912038
123.711783 2 4.995546 19.289746 3.168983 3.910723
123.811783 2 4.995545 19.398966 3.168627 3.909408
123.911783 2 4.995543 19.508803 3.168271 3.908093
124.011783 2 4.995542 19.619263 3.167915 3.906778
124.111783 2 4.995541 19.730347 3.167559 3.905463
124.211783 2 4.995540 19.842061 3.167203 3.904148
124.311783 2 4.995538 19.954407 3.166847 3.902833
124.411783 2 4.995537 20.067389 3.166491 3.901518
124.511783 2 4.995536 20.181011 3.166135 3.900203
124.611783 2 4.995534 20.295276 3.165779 3.898888
124.711783 2 4.995533 20.410188 3.165423 3.897573
124.811783 2 4.995532 20.525751 3.165067 3.896258
124.911783 2 4.995530 20.641967 3.164710 3.894943
125.011783 2 4.995529 20.758842 3.164354 3.893628
125.111783 2 4.995528 20.876378 3.163998 3.892313
125.211783 2 4.995526 20.994580 3.163642 3.890998
125.311783 2 4.995525 21.113451 3.163286 3.889683
125.411783 2 4.995523 21.232995 3.162930 3.888367
125.511783 2 4.995522 21.353215 3.162574 3.887052
125.611783 2 4.995521 21.474117 3.162218 3.885737
125.711783 2 4.995519 21.595702 3.161862 3.884422
125.811783 2 4.995518 21.717976 3.161506 3.883107
125.911783 2 4.995516 21.840943 3.161150 3.881792
126.011783 2 4.995515 21.964605 3.160794 3.880477
126.111783 2 4.995513 22.088968 3.160438 3.879162
126.211783 2 4.995512 22.214034 3.160082 3.877847
126.311783 2 4.995511 22.339809 3.159726 3.876532
126.411783 2 4.995509 22.466295 3.159370 3.875217
126.511783 2 4.995508 22.593498 3.159013 3.873902
126.611783 2 4.995506 22.721421 3.158657 3.872587
126.711783 2 4.995505 22.850068 3.158301 3.871272
126.811783 2 4.995503 22.979443 3.157945 3.869957
126.911783 2 4.995502 23.109551 3.157589 3.868642
127.011783 2 4.995500 23.240395 3.157233 3.867327
127.111783 2 4.995499 23.371980 3.156877 3.866012
127.211783 2 4.995497 23.504310 3.156521 3.864697
127.311783 2 4.995496 23.637389 3.156165 3.863382
127.411783 2 4.995494 23.771221 3.155809 3.862067
127.511783 2 4.995493 23.905811 3.155453 3.860752
127.611783 2 4.995491 24.041163 3.155096 3.859437
127.711783 2 4.995490 24.177281 3.154740 3.858122
127.811783 2 4.995488 24.314170 3.154384 3.856807
127.911783 2 4.995486 24.451834 3.154028 3.855492
128.011783 2 4.995485 24.590277 3.153672 3.854177
128.111783 2 4.995483 24.729504 3.153316 3.852862
128.211783 2 4.995482 24.869519 3.152960 3.851547
128.311783 2 4.995480 25.010326 3.152604 3.850232
128.411783 2 4.995478 25.151931 3.152248 3.848917
128.511783 2 4.995477 25.294337 3.151891 3.847602
128.611783 2 4.995475 25.437550 3.151535 3.846287
128.711783 2 4.995474 25.581573 3.151179 3.844972
128.811783 2 4.995472 25.726412 3.150823 3.843657
128.911783 2 4.995470 25.872070 3.150467 3.842342
129.011783 2 4.995469 26.018553 3.150111 3.841027
129.111783 2 4.995467 26.165865 3.149755 3.839712
129.211783 2 4.995465 26.314012 3.149398 3.838397
129.311783 2 4.995464 26.462996 3.149042 3.837082
129.411783 2 4.995462 26.612825 3.148686 3.835767
129.511783 2 4.995460 26.763501 3.148330 3.834452
129.611783 2 4.995459 26.915030 3.147974 3.833137
129.711783 2 4.995457 27.067417 3.147618 3.831822
129.811783 2 4.995455 27.220667 3.147262 3.830507
129.911783 2 4.995453 27.374785 3.146905 3.829192
130.011783 2 4.995452 27.529774 3.146549 3.827877
130.111783 2 4.995450 27.685642 3.146193 3.826562
130.211783 2 4.995448 27.842391 3.145837 3.825247
130.311783 2 4.995447 28.000028 3.145481 3.823932
130.411783 2 4.995445 28.158557 3.145125 3.822616
130.511783 2 4.995443 28.317984 3.144768 3.821301
130.611783 2 4.995441 28.478313 3.144412 3.819986
130.711783 2 4.995439 28.639549 3.144056 3.818671
130.811783 2 4.995438 28.801699 3.143700 3.817356
130.911783 2 4.995436 28.964766 3.143344 3.816041
131.011783 2 4.995434 29.128756 3.142987 3.814726
131.111783 2 4.995432 29.293675 3.142631 3.813411
131.211783 2 4.995430 29.459527 3.142275 3.812096
131.311783 2 4.995428 29.626318 3.141919 3.810781
131.411783 2 4.995427 29.794053 3.141563 3.809466
131.511783 2 4.995425 29.962738 3.141206 3.808151
131.611783 2 4.995423 30.132378 3.140850 3.806836
131.711783 2 4.995421 30.302977 3.140494 3.805521
131.811783 2 4.995419 30.474543 3.140138 3.804206
131.911783 2 4.995417 30.647080 3.139782 3.802891
132.011783 2 4.995415 30.820593 3.139425 3.801576
132.111783 2 4.995413 30.995089 3.139069 3.800261
132.211783 2 4.995411 31.170572 3.138713 3.798946
132.311783 2 4.995410 31.347049 3.138357 3.797631
132.411783 2 4.995408 31.524524 3.138000 3.796316
132.511783 2 4.995406 31.703005 3.137644 3.795001
132.611783 2 4.995404 31.882495 3.137288 3.793686
132.711783 2 4.995402 32.063002 3.136932 3.792371
132.811783 2 4.995400 32.244530 3.136575 3.791056
132.911783 2 4.995398 32.427086 3.136219 3.789741
133.011783 2 4.995396 32.610675 3.135863 3.788426
133.111783 2 4.995394 32.795304 3.135507 3.787111
133.211783 2 4.995392 32.980977 3.135150 3.785796
133.311783 2 4.995390 33.167702 3.134794 3.784481
133.411783 2 4.995388 33.355484 3.134438 3.783166
133.511783 2 4.995386 33.544328 3.134082 3.781851
133.611783 2 4.995384 33.734241 3.133725 3.780536
133.711783 2 4.995381 33.925230 3.133369 3.779221
133.811783 2 4.995379 34.117299 3.133013 3.777906
133.911783 2 4.995377 34.310456 3.132657 3.776591
134.011783 2 4.995375 34.504706 3.132300 3.775276
134.111783 2 4.995373 34.700055 3.131944 3.773961
134.211783 2 4.995371 34.896511 3.131588 3.772646
134.311783 2 4.995369 35.094078 3.131231 3.771332
134.411783 2 4.995367 35.292763 3.130875 3.770017
134.511783 2 4.995365 35.492574 3.130519 3.768702
134.611783 2 4.995362 35.693515 3.130163 3.767387
134.711783 2 4.995360 35.895593 3.129806 3.766072
134.811783 2 4.995358 36.098816 3.129450 3.764757
134.911783 2 4.995356 36.303188 3.129094 3.763442
135.011783 2 4.995354 36.508718 3.128737 3.762127
135.111783 2 4.995351 36.715411 3.128381 3.760812
135.211783 2 4.995349 36.923274 3.128025 3.759497
135.311783 2 4.995347 37.132313 3.127668 3.758182
135.411783 2 4.995345 37.342535 3.127312 3.756867
135.511783 2 4.995342 37.553948 3.126956 3.755552
135.611783 2 4.995340 37.766557 3.126599 3.754237
135.711783 2 4.995338 37.980369 3.126243 3.752922
135.811783 2 4.995336 38.195392 3.125887 3.751607
135.911783 2 4.995333 38.411632 3.125530 3.750292
136.011783 2 4.995331 38.629095 3.125174 3.748977
136.111783 2 4.995329 38.847790 3.124818 3.747662
136.211783 2 4.995326 39.067722 3.124461 3.746347
136.311783 2 4.995324 39.288899 3.124105 3.745032
136.411783 2 4.995322 39.511328 3.123749 3.743717
136.511783 2 4.995319 39.735016 3.123392 3.742402
136.611783 2 4.995317 39.959971 3.123036 3.741087
136.711783 2 4.995314 40.186198 3.122679 3.739772
136.811783 2 4.995312 40.413706 3.122323 3.738457
136.911783 2 4.995310 40.642501 3.121967 3.737142
137.011783 2 4.995307 40.872592 3.121610 3.735827
137.111783 2 4.995305 41.103984 3.121254 3.734512
137.211783 2 4.995302 41.336687 3.120897 3.733197
137.311783 2 4.995300 41.570706 3.120541 3.731882
137.411783 2 4.995297 41.806050 3.120185 3.730567
137.511783 2 4.995295 42.042726 3.119828 3.729252
137.611783 2 4.995292 42.280742 3.119472 3.727937
137.711783 2 4.995290 42.520104 3.119115 3.726622
137.811783 2 4.995287 42.760822 3.118759 3.725307
137.911783 2 4.995285 43.002902 3.118403 3.723992
138.011783 2 4.995282 43.246352 3.118046 3.722677
138.111783 2 4.995280 43.491180 3.117690 3.721362
138.211783 2 4.995277 43.737393 3.117333 3.720047
138.311783 2 4.995275 43.985000 3.116977 3.718732
138.411783 2 4.995272 44.234009 3.116620 3.717418
138.511783 2 4.995269 44.484426 3.116264 3.716103
138.611783 2 4.995267 44.736261 3.115908 3.714788
138.711783 2 4.995264 44.989522 3.115551 3.713473
138.811783 2 4.995261 45.244216 3.115195 3.712158
138.911783 2 4.995259 45.500351 3.114838 3.710843
139.011783 2 4.995256 45.757936 3.114482 3.709528
139.111783 2 4.995253 46.016978 3.114125 3.708213
139.211783 2 4.995251 46.277487 3.113769 3.706898
139.311783 2 4.995248 46.539470 3.113412 3.705583
139.411783 2 4.995245 46.802936 3.113056 3.704268
139.511783 2 4.995243 47.067893 3.112699 3.702953
139.611783 2 4.995238 47.513495 3.112104 3.700758
139.711783 3 4.995233 47.963314 3.111509 3.698563
139.811783 3 4.995229 48.227815 3.115067 3.698259
139.911783 3 4.995221 48.636392 3.120523 3.697791
140.011783 3 4.995214 49.048618 3.125979 3.697322
140.111783 3 4.995207 49.464527 3.131435 3.696852
140.211783 3 4.995199 49.884153 3.136891 3.696382
140.311783 3 4.995192 50.307531 3.142347 3.695911
140.411783 3 4.995184 50.734696 3.147803 3.695439
140.511783 3 4.995177 51.165682 3.153259 3.694966
140.611783 3 4.995169 51.600526 3.158715 3.694492
140.711783 3 4.995161 52.039262 3.164171 3.694018
140.811783 3 4.995153 52.481928 3.169627 3.693543
140.911783 3 4.995145 52.928559 3.175083 3.693066
141.011783 3 4.995137 53.379192 3.180539 3.692589
141.111783 3 4.995129 53.833865 3.185995 3.692112
141.211783 3 4.995120 54.292615 3.191451 3.691633
141.311783 3 4.995112 54.755480 3.196907 3.691154
141.411783 3 4.995103 55.222498 3.202363 3.690673
141.511783 3 4.995095 55.693708 3.207819 3.690192
141.611783 3 4.995086 56.169148 3.213275 3.689711
141.711783 3 4.995077 56.648859 3.218731 3.689228
141.811783 3 4.995068 57.132879 3.224187 3.688744
141.911783 3 4.995059 57.621249 3.229643 3.688260
142.011783 3 4.995050 58.114009 3.235099 3.687775
142.111783 3 4.995041 58.611201 3.240555 3.687289
142.211783 3 4.995032 59.112864 3.246011 3.686802
142.311783 3 4.995022 59.619042 3.251467 3.686315
142.411783 3 4.995013 60.129776 3.256923 3.685827
142.511783 3 4.995003 60.645109 3.262379 3.685338
142.611783 3 4.994994 61.165082 3.267836 3.684848
142.711783 3 4.994984 61.689741 3.273292 3.684357
142.811783 3 4.994974 62.219127 3.278748 3.683865
142.911783 3 4.994964 62.753286 3.284204 3.683373
143.011783 3 4.994954 63.292262 3.289660 3.682880
143.111783 3 4.994944 63.836099 3.295116 3.682386
143.211783 3 4.994933 64.384844 3.300572 3.681892
143.311783 3 4.994923 64.938541 3.306028 3.681396
143.411783 3 4.994912 65.497237 3.311484 3.680900
143.511783 3 4.994901 66.060979 3.316940 3.680403
143.611783 3 4.994891 66.629814 3.322396 3.679905
143.711783 3 4.994880 67.203789 3.327852 3.679407
143.811783 3 4.994869 67.782952 3.333308 3.678907
143.911783 3 4.994857 68.367352 3.338764 3.678407
144.011783 3 4.994846 68.957038 3.344220 3.677906
144.111783 3 4.994835 69.552059 3.349676 3.677404
144.211783 3 4.994823 70.152464 3.355132 3.676902
144.311783 3 4.994811 70.758306 3.360588 3.676399
144.411783 3 4.994799 71.369633 3.366044 3.675895
144.511783 3 4.994787 71.986497 3.371500 3.675390
144.611783 3 4.994775 72.608951 3.376956 3.674884
144.711783 3 4.994763 73.237046 3.382412 3.674378
144.811783 3 4.994751 73.870835 3.387868 3.673871
144.911783 3 4.994738 74.510372 3.393324 3.673363
145.011783 3 4.994726 75.155710 3.398780 3.672854
145.111783 3 4.994713 75.806904 3.404236 3.672345
145.211783 3 4.994700 76.464008 3.409692 3.671835
145.311783 3 4.994687 77.127078 3.415148 3.671324
145.411783 3 4.994673 77.796170 3.420604 3.670812
145.511783 3 4.994660 78.471340 3.426060 3.670300
145.611783 3 4.994647 79.152644 3.431516 3.669787
145.711783 3 4.994633 79.840142 3.436972 3.669273
145.811783 3 4.994619 80.533889 3.442428 3.668758
145.911783 3 4.994605 81.233946 3.447884 3.668243
146.011783 3 4.994591 81.940372 3.453340 3.667727
146.111783 3 4.994577 82.653225 3.458796 3.667210
146.211783 3 4.994562 83.372567 3.464252 3.666692
146.311783 3 4.994547 84.098458 3.469708 3.666173
146.411783 3 4.994533 84.830959 3.475164 3.665654
146.511783 4 4.994531 84.895793 3.475644 3.665609
146.611783 4 4.994516 84.886438 3.475574 3.665615
146.711783 4 4.994512 84.883962 3.475556 3.665617
146.839225 4 4.993217 84.106039 3.469690 3.666150
146.966667 4 4.991951 83.367573 3.464068 3.666659
147.094109 4 4.990712 82.666945 3.458685 3.667146
147.221551 4 4.989498 82.002615 3.453534 3.667610
147.348993 4 4.988308 81.373110 3.448611 3.668053
147.476435 4 4.987140 80.777030 3.443911 3.668474
147.603876 4 4.985992 80.213035 3.439428 3.668875
147.731318 4 4.984864 79.679843 3.435158 3.669256
147.858760 4 4.983755 79.176228 3.431094 3.669617
147.986202 4 4.982662 78.701017 3.427233 3.669959
148.113644 4 4.981585 78.253082 3.423569 3.670282
148.241086 4 4.980524 77.831343 3.420097 3.670588
148.368528 4 4.979476 77.434759 3.416811 3.670875
148.495970 4 4.978441 77.062330 3.413707 3.671146
148.623412 4 4.977418 76.713091 3.410779 3.671400
148.750854 4 4.976406 76.386113 3.408022 3.671639
148.878296 4 4.975405 76.080496 3.405431 3.671862
149.005737 4 4.974414 75.795370 3.403001 3.672069
149.133179 4 4.973432 75.529893 3.400726 3.672263
149.260621 4 4.972458 75.283248 3.398602 3.672442
149.388063 4 4.971492 75.054640 3.396624 3.672608
149.515505 4 4.970533 74.843296 3.394786 3.672760
149.642947 4 4.969580 74.648464 3.393082 3.672901
149.770389 4 4.968633 74.469409 3.391509 3.673029
149.897831 4 4.967692 74.305413 3.390060 3.673145
150.025273 4 4.966756 74.155772 3.388731 3.673251
150.152715 4 4.965825 74.019798 3.387517 3.673346
150.280156 4 4.964898 73.896814 3.386412 3.673431
150.407598 4 4.963974 73.786155 3.385411 3.673506
150.535040 4 4.963054 73.687168 3.384509 3.673572
150.662482 4 4.962137 73.599205 3.383700 3.673629
150.789924 4 4.961222 73.521631 3.382981 3.673678
150.917366 4 4.960310 73.453815 3.382345 3.673720
151.044808 4 4.959399 73.395134 3.381787 3.673754
151.172250 4 4.958491 73.344970 3.381303 3.673781
151.299692 4 4.957584 73.302710 3.380887 3.673802
151.427134 4 4.956678 73.267746 3.380533 3.673817
151.554576 4 4.955773 73.239471 3.380237 3.673827
151.682017 4 4.954869 73.217283 3.379994 3.673832
151.809459 4 4.953965 73.200582 3.379799 3.673833
151.936901 4 4.953062 73.188771 3.379645 3.673830
152.064343 4 4.952160 73.181251 3.379529 3.673823
152.191785 4 4.951257 73.177428 3.379445 3.673813
152.319227 4 4.950355 73.176705 3.379388 3.673801
152.446669 4 4.949452 73.178489 3.379352 3.673787
152.574111 4 4.948549 73.182184 3.379333 3.673771
152.701553 4 4.947647 73.187196 3.379325 3.673754
152.828995 4 4.946743 73.192929 3.379324 3.673737
152.928995 4 4.946518 72.912460 3.384252 3.675803
153.028995 4 4.946461 72.499126 3.386851 3.677687
153.128995 4 4.946404 72.090178 3.388686 3.679374
153.228995 4 4.946347 71.685564 3.390180 3.680970
153.328995 4 4.946290 71.285230 3.391469 3.682508
153.428995 4 4.946234 70.889124 3.392617 3.684005
153.528995 4 4.946177 70.497198 3.393662 3.685470
153.628995 4 4.946121 70.109399 3.394626 3.686909
153.728995 4 4.946065 69.725680 3.395525 3.688326
153.828995 4 4.946009 69.345990 3.396371 3.689723
153.928995 4 4.945954 68.970284 3.397171 3.691102
154.028995 4 4.945898 68.598513 3.397932 3.692466
154.128995 4 4.945843 68.230630 3.398659 3.693815
154.228995 4 4.945788 67.866591 3.399355 3.695151
154.328995 4 4.945733 67.506350 3.400026 3.696475
154.428995 4 4.945679 67.149861 3.400672 3.697786
154.528995 4 4.945624 66.797082 3.401296 3.699086
154.628995 4 4.945570 66.447969 3.401901 3.700375
154.728995 4 4.945516 66.102478 3.402488 3.701654
154.828995 4 4.945462 65.760569 3.403059 3.702922
154.928995 4 4.945409 65.422199 3.403614 3.704181
155.028995 4 4.945355 65.087327 3.404155 3.705431
155.128995 4 4.945302 64.755913 3.404683 3.706671
155.228995 4 4.945249 64.427916 3.405198 3.707903
155.328995 4 4.945196 64.103298 3.405702 3.709126
155.428995 4 4.945091 63.464044 3.406679 3.711546
155.528995 4 4.944987 62.837845 3.407617 3.713934
155.628995 4 4.944883 62.224405 3.408521 3.716290
155.728995 4 4.944781 61.623435 3.409393 3.718616
155.828995 4 4.944679 61.034656 3.410238 3.720912
155.928995 4 4.944578 60.457794 3.411058 3.723179
156.028995 4 4.944477 59.892583 3.411853 3.725417
156.128995 4 4.944378 59.338766 3.412627 3.727628
156.228995 4 4.944279 58.796090 3.413381 3.729812
156.328995 4 4.944181 58.264310 3.414117 3.731968
156.428995 4 4.944083 57.743187 3.414835 3.734099
156.528995 4 4.943986 57.232489 3.415537 3.736203
156.628995 4 4.943890 56.731990 3.416223 3.738282
156.728995 4 4.943795 56.241468 3.416895 3.740336
156.828995 4 4.943700 55.760709 3.417554 3.742365
156.928995 4 4.943606 55.289503 3.418200 3.744369
157.028995 4 4.943513 54.827647 3.418834 3.746349
157.128995 4 4.943420 54.374942 3.419457 3.748305
157.228995 4 4.943328 53.931194 3.420069 3.750238
157.328995 4 4.943237 53.496215 3.420670 3.752147
157.428995 4 4.943146 53.069820 3.421262 3.754032
157.528995 4 4.943056 52.651830 3.421844 3.755895
157.628995 4 4.942966 52.242071 3.422417 3.757735
157.728995 4 4.942877 51.840371 3.422982 3.759552
157.828995 4 4.942789 51.446565 3.423538 3.761347
157.928995 4 4.942701 51.060491 3.424086 3.763120
158.028995 4 4.942613 50.681991 3.424627 3.764871
158.128995 4 4.942527 50.310910 3.425161 3.766600
158.228995 4 4.942440 49.947098 3.425688 3.768307
158.328995 4 4.942354 49.590408 3.426207 3.769994
158.428995 4 4.942269 49.240699 3.426721 3.771659
158.528995 4 4.942184 48.897829 3.427228 3.773303
158.628995 4 4.942100 48.561662 3.427729 3.774926
158.728995 4 4.942016 48.232067 3.428224 3.776529
158.828995 4 4.941933 47.908913 3.428713 3.778111
158.928995 4 4.941850 47.592073 3.429197 3.779673
159.028995 4 4.941767 47.281424 3.429676 3.781214
159.128995 4 4.941686 46.976845 3.430149 3.782736
159.228995 4 4.941604 46.678219 3.430618 3.784238
159.328995 4 4.941523 46.385430 3.431081 3.785720
159.428995 4 4.941442 46.098366 3.431540 3.787183
159.528995 4 4.941362 45.816918 3.431995 3.788626
159.628995 4 4.941282 45.540979 3.432445 3.790051
159.728995 4 4.941203 45.270443 3.432890 3.791456
159.828995 4 4.941123 45.005208 3.433332 3.792842
159.928995 4 4.941045 44.745176 3.433769 3.794210
160.028995 4 4.940966 44.490248 3.434202 3.795559
160.128995 4 4.940888 44.240328 3.434632 3.796889
160.228995 4 4.940811 43.995324 3.435057 3.798202
160.328995 4 4.940734 43.755145 3.435479 3.799496
160.428995 4 4.940657 43.519702 3.435897 3.800772
160.528995 4 4.940580 43.288907 3.436312 3.802030
160.628995 4 4.940504 43.062675 3.436724 3.803271
160.728995 4 4.940428 42.840924 3.437132 3.804494
160.828995 4 4.940352 42.623572 3.437536 3.805700
160.928995 4 4.940202 42.201749 3.438337 3.808059
161.028995 4 4.940052 41.796589 3.439124 3.810351
161.128995 4 4.939904 41.407504 3.439900 3.812576
161.228995 4 4.939757 41.033930 3.440665 3.814735
161.328995 4 4.939611 40.675326 3.441419 3.816830
161.428995 4 4.939466 40.331174 3.442163 3.818861
161.528995 4 4.939322 40.000977 3.442897 3.820829
161.628995 4 4.939179 39.684258 3.443621 3.822737
161.728995 4 4.939037 39.380561 3.444336 3.824584
161.828995 4 4.938896 39.089446 3.445042 3.826371
161.928995 4 4.938755 38.810491 3.445739 3.828101
162.028995 4 4.938615 38.543290 3.446429 3.829773
162.128995 4 4.938476 38.287453 3.447110 3.831390
162.228995 4 4.938338 38.042604 3.447783 3.832951
162.328995 4 4.938200 37.808381 3.448449 3.834459
162.428995 4 4.938063 37.584435 3.449107 3.835913
162.528995 4 4.937927 37.370431 3.449759 3.837316
162.628995 4 4.937791 37.166042 3.450404 3.838668
162.728995 4 4.937656 36.970957 3.451042 3.839971
162.828995 4 4.937386 36.607492 3.452299 3.842430
162.928995 4 4.937118 36.277731 3.453531 3.844703
163.028995 4 4.936852 35.979510 3.454741 3.846798
163.128995 4 4.936588 35.710792 3.455928 3.848723
163.228995 4 4.936324 35.469656 3.457095 3.850486
163.328995 4 4.936062 35.254278 3.458242 3.852095
163.428995 4 4.935801 35.062926 3.459370 3.853559
163.556437 4 4.935279 34.745750 3.461573 3.856083
163.683878 4 4.934760 34.505670 3.463711 3.858123
163.811320 4 4.934241 34.331066 3.465788 3.859744
163.938762 4 4.933723 34.210932 3.467809 3.861010
164.066204 4 4.933204 34.134695 3.469778 3.861987
164.193646 4 4.932684 34.092065 3.471699 3.862739
164.321088 4 4.932162 34.072919 3.473575 3.863330
164.448530 4 4.931638 34.067220 3.475409 3.863824
164.575972 4 4.931112 34.065898 3.477203 3.864282
164.703414 4 4.930583 34.071264 3.478961 3.864687
164.830856 4 4.930053 34.093200 3.480683 3.864977
164.958298 4 4.929520 34.141770 3.482372 3.865091
165.085739 4 4.928984 34.227151 3.484029 3.864963
165.213181 4 4.928444 34.359724 3.485657 3.864530
165.340623 4 4.927900 34.550200 3.487256 3.863729
165.468065 4 4.927352 34.809781 3.488829 3.862497
165.595507 4 4.926797 35.150358 3.490375 3.860770
165.695507 4 4.926515 35.354978 3.491139 3.859700
165.795507 4 4.926232 35.584742 3.491897 3.858483
165.895507 4 4.925946 35.841444 3.492650 3.857110
165.995507 4 4.925658 36.126976 3.493396 3.855574
166.095507 4 4.925367 36.443340 3.494137 3.853866
166.195507 4 4.925073 36.792661 3.494872 3.851978
166.295507 4 4.924924 36.980381 3.495238 3.850964
166.395507 4 4.924774 37.177201 3.495602 3.849903
166.495507 4 4.924624 37.383428 3.495965 3.848792
166.595507 4 4.924472 37.599381 3.496326 3.847632
166.695507 4 4.924320 37.825389 3.496687 3.846421
166.795507 4 4.924166 38.061794 3.497046 3.845157
166.895507 4 4.924011 38.308951 3.497403 3.843841
166.995507 4 4.923856 38.567227 3.497760 3.842471
167.095507 4 4.923698 38.837005 3.498115 3.841046
167.195507 4 4.923540 39.118682 3.498469 3.839566
167.295507 4 4.923381 39.412671 3.498822 3.838028
167.395507 4 4.923220 39.719403 3.499174 3.836433
167.495507 4 4.923058 40.039324 3.499524 3.834778
167.595507 4 4.922894 40.372902 3.499873 3.833064
167.695507 4 4.922729 40.720622 3.500221 3.831289
167.795507 4 4.922562 41.082991 3.500568 3.829452
167.895507 4 4.922393 41.460538 3.500914 3.827552
167.995507 4 4.922223 41.853815 3.501258 3.825588
168.095507 4 4.922052 42.263398 3.501602 3.823559
168.195507 4 4.921965 42.474492 3.501773 3.822520
168.295507 4 4.921877 42.689889 3.501944 3.821464
168.395507 4 4.921790 42.909671 3.502115 3.820392
168.495507 4 4.921701 43.133919 3.502285 3.819302
168.595507 4 4.921613 43.362715 3.502455 3.818196
168.695507 4 4.921523 43.596146 3.502625 3.817073
168.795507 4 4.921434 43.834297 3.502795 3.815932
168.895507 4 4.921343 44.077259 3.502964 3.814774
168.995507 4 4.921252 44.325121 3.503133 3.813599
169.095507 4 4.921161 44.577979 3.503302 3.812406
169.195507 4 4.921069 44.835926 3.503471 3.811195
169.295507 4 4.920977 45.099061 3.503639 3.809967
169.395507 4 4.920883 45.367484 3.503807 3.808720
169.495507 4 4.920790 45.641298 3.503975 3.807455
169.595507 4 4.920695 45.920606 3.504142 3.806172
169.695507 4 4.920600 46.205517 3.504310 3.804871
169.795507 4 4.920505 46.496140 3.504477 3.803551
169.895507 4 4.920409 46.792588 3.504643 3.802213
169.995507 4 4.920312 47.094977 3.504810 3.800856
170.095507 4 4.920214 47.403424 3.504976 3.799480
170.195507 4 4.920116 47.718050 3.505142 3.798085
170.295507 4 4.920017 48.038980 3.505308 3.796671
170.395507 4 4.919918 48.366341 3.505473 3.795237
170.495507 4 4.919817 48.700262 3.505638 3.793784
170.595507 4 4.919716 49.040878 3.505803 3.792312
170.695507 4 4.919615 49.388325 3.505968 3.790820
170.795507 4 4.919512 49.742742 3.506132 3.789309
170.895507 4 4.919409 50.104275 3.506296 3.787777
170.995507 4 4.919305 50.473070 3.506460 3.786226
171.095507 4 4.919200 50.849279 3.506624 3.784654
171.195507 4 4.919094 51.233056 3.506787 3.783062
171.295507 4 4.918987 51.624560 3.506950 3.781450
171.395507 4 4.918880 52.023954 3.507113 3.779817
171.495507 4 4.918772 52.431406 3.507276 3.778164
171.595507 4 4.918662 52.847087 3.507438 3.776490
171.695507 4 4.918552 53.271173 3.507601 3.774795
171.795507 4 4.918441 53.703845 3.507763 3.773079
171.895507 4 4.918329 54.145287 3.507924 3.771341
171.995507 4 4.918216 54.595690 3.508086 3.769583
172.095507 4 4.918102 55.055249 3.508247 3.767803
172.195507 4 4.917987 55.524164 3.508408 3.766002
172.295507 4 4.917871 56.002641 3.508569 3.764178
172.395507 4 4.917754 56.490892 3.508729 3.762334
172.495507 4 4.917636 56.989132 3.508890 3.760467
172.595507 4 4.917517 57.497585 3.509050 3.758578
172.695507 4 4.917397 58.016478 3.509209 3.756667
172.795507 4 4.917275 58.546048 3.509369 3.754734
172.895507 4 4.917153 59.086534 3.509528 3.752778
172.995507 4 4.917029 59.638185 3.509687 3.750800
173.095507 4 4.916904 60.201254 3.509846 3.748799
173.195507 4 4.916778 60.776005 3.510005 3.746776
173.295507 4 4.916651 61.362704 3.510163 3.744729
173.395507 4 4.916522 61.961628 3.510322 3.742660
173.495507 4 4.916392 62.573062 3.510480 3.740567
173.595507 4 4.916260 63.197296 3.510637 3.738451
173.695507 4 4.916194 63.514307 3.510716 3.737384
173.795507 4 4.916127 63.834631 3.510795 3.736311
173.895507 4 4.916060 64.158307 3.510874 3.735233
173.995507 4 4.915993 64.485374 3.510952 3.734148
174.095507 4 4.915925 64.815873 3.511031 3.733058
174.195507 4 4.915857 65.149844 3.511109 3.731961
174.295507 4 4.915788 65.487327 3.511188 3.730859
174.395507 4 4.915720 65.828364 3.511266 3.729751
174.495507 4 4.915650 66.172998 3.511344 3.728636
174.595507 4 4.915581 66.521272 3.511423 3.727516
174.695507 4 4.915511 66.873228 3.511501 3.726390
174.795507 4 4.915440 67.228911 3.511579 3.725257
174.895507 4 4.915370 67.588365 3.511657 3.724119
174.995507 4 4.915298 67.951635 3.511735 3.722974
175.095507 4 4.915227 68.318768 3.511813 3.721824
175.195507 4 4.915155 68.689811 3.511891 3.720667
175.295507 4 4.915083 69.064809 3.511969 3.719504
175.395507 4 4.915010 69.443811 3.512047 3.718336
175.495507 4 4.914937 69.826867 3.512125 3.717161
175.595507 4 4.914863 70.214024 3.512203 3.715979
175.695507 4 4.914789 70.605334 3.512280 3.714792
175.795507 4 4.914715 71.000846 3.512358 3.713598
175.895507 4 4.914640 71.400613 3.512436 3.712398
175.995507 4 4.914564 71.804686 3.512513 3.711192
176.095507 4 4.914489 72.213118 3.512590 3.709980
176.195507 4 4.914412 72.625964 3.512668 3.708762
176.295507 4 4.914336 73.043278 3.512745 3.707537
176.395507 4 4.914259 73.465114 3.512823 3.706306
176.495507 4 4.914181 73.891530 3.512900 3.705068
176.595507 4 4.914103 74.322582 3.512977 3.703824
176.695507 4 4.914025 74.758328 3.513054 3.702574
176.795507 4 4.913946 75.198826 3.513131 3.701318
176.895507 4 4.913866 75.644136 3.513208 3.700055
176.995507 4 4.913786 76.094319 3.513285 3.698786
177.095507 4 4.913706 76.549436 3.513362 3.697510
177.195507 4 4.913625 77.009549 3.513439 3.696228
177.295507 4 4.913543 77.474721 3.513516 3.694940
177.395507 4 4.913462 77.945016 3.513593 3.693645
177.495507 4 4.913379 78.420499 3.513669 3.692343
177.595507 4 4.913296 78.901236 3.513746 3.691035
177.695507 4 4.913214 79.380054 3.513822 3.689740
177.795507 4 4.913136 79.833695 3.513892 3.688521
177.895507 4 4.913063 80.263206 3.513959 3.687372
177.995507 4 4.912994 80.669625 3.514021 3.686291
178.095507 4 4.912864 81.441582 3.514137 3.684252
178.195507 4 4.912749 82.127829 3.514239 3.682455
178.295507 4 4.912648 82.736695 3.514327 3.680873
178.395507 4 4.912558 83.275982 3.514405 3.679482
178.495507 4 4.912480 83.752924 3.514473 3.678259
178.595507 4 4.912410 84.174172 3.514533 3.677184
178.695507 4 4.912288 84.920282 3.514636 3.675294
178.795507 4 4.912196 85.487425 3.514714 3.673868
178.895507 4 4.912126 85.917093 3.514773 3.672794
178.995507 4 4.912021 86.568614 3.514860 3.671175
