t Ka M R logL logTeff
0.100000 1 29.998264 5.959722 5.050848 4.636240
0.200000 1 29.996426 5.982782 5.052931 4.635922
0.300000 1 29.994568 6.005963 5.055047 4.635611
0.400000 1 29.992689 6.029280 5.057199 4.635308
0.500000 1 29.990791 6.052750 5.059384 4.635010
0.600000 1 29.988871 6.076392 5.061604 4.634719
0.700000 1 29.986930 6.100222 5.063858 4.634432
0.800000 1 29.984966 6.124259 5.066147 4.634150
0.900000 1 29.982980 6.148521 5.068470 4.633873
1.000000 1 29.980970 6.173026 5.070827 4.633598
1.100000 1 29.978936 6.197793 5.073218 4.633327
1.200000 1 29.976878 6.222841 5.075644 4.633057
1.300000 1 29.974794 6.248190 5.078103 4.632789
1.400000 1 29.972684 6.273859 5.080597 4.632523
1.500000 1 29.970547 6.299867 5.083125 4.632256
1.600000 1 29.968383 6.326236 5.085688 4.631990
1.700000 1 29.966191 6.352986 5.088284 4.631723
1.800000 1 29.963970 6.380137 5.090914 4.631454
1.900000 1 29.961719 6.407712 5.093579 4.631184
2.000000 1 29.959437 6.435732 5.096278 4.630911
2.100000 1 29.957125 6.464218 5.099010 4.630635
2.200000 1 29.954780 6.493194 5.101777 4.630356
2.300000 1 29.952403 6.522682 5.104578 4.630072
2.400000 1 29.949991 6.552706 5.107412 4.629783
2.500000 1 29.947545 6.583289 5.110281 4.629489
2.600000 1 29.945063 6.614456 5.113183 4.629189
2.700000 1 29.942545 6.646232 5.116120 4.628883
2.800000 1 29.939989 6.678641 5.119090 4.628569
2.900000 1 29.937395 6.711709 5.122094 4.628248
3.000000 1 29.934761 6.745464 5.125132 4.627918
3.100000 1 29.932087 6.779931 5.128204 4.627579
3.200000 1 29.929371 6.815139 5.131309 4.627230
3.300000 1 29.926613 6.851117 5.134448 4.626872
3.400000 1 29.923811 6.887892 5.137621 4.626503
3.500000 1 29.920964 6.925497 5.140827 4.626122
3.600000 1 29.918071 6.963960 5.144067 4.625729
3.700000 1 29.915130 7.003314 5.147341 4.625324
3.800000 1 29.912141 7.043593 5.150648 4.624905
3.900000 1 29.909103 7.084829 5.153989 4.624473
4.000000 1 29.906013 7.127059 5.157363 4.624026
4.100000 1 29.902871 7.170317 5.160771 4.623564
4.200000 1 29.899675 7.214644 5.164212 4.623086
4.300000 1 29.896424 7.260077 5.167686 4.622591
4.400000 1 29.893117 7.306659 5.171194 4.622080
4.500000 1 29.889751 7.354432 5.174735 4.621550
4.600000 1 29.886326 7.403441 5.178309 4.621001
4.700000 1 29.882840 7.453735 5.181916 4.620433
4.800000 1 29.879291 7.505364 5.185557 4.619844
4.900000 1 29.875678 7.558380 5.189230 4.619234
5.000000 1 29.872000 7.612840 5.192937 4.618601
5.100000 1 29.868254 7.668803 5.196677 4.617946
5.200000 1 29.864439 7.726333 5.200449 4.617266
5.300000 1 29.860552 7.785498 5.204255 4.616561
5.400000 1 29.856594 7.846370 5.208093 4.615830
5.500000 1 29.852560 7.909029 5.211965 4.615070
5.600000 1 29.848451 7.973558 5.215869 4.614282
5.700000 1 29.844263 8.040047 5.219806 4.613463
5.800000 1 29.839996 8.108595 5.223775 4.612612
5.900000 1 29.835646 8.179308 5.227777 4.611727
6.000000 1 29.831213 8.252302 5.231812 4.610806
6.100000 1 29.826694 8.327703 5.235879 4.609848
6.200000 1 29.822087 8.405648 5.239978 4.608850
6.300000 1 29.817391 8.486288 5.244111 4.607809
6.400000 1 29.812603 8.569786 5.248275 4.606724
6.500000 1 29.810162 8.612661 5.250369 4.606164
6.600000 1 29.807698 8.656320 5.252471 4.605592
6.700000 1 29.805209 8.700787 5.254581 4.605007
6.800000 1 29.802696 8.746091 5.256699 4.604408
6.900000 1 29.800159 8.792258 5.258825 4.603797
7.000000 1 29.797597 8.839317 5.260959 4.603171
7.100000 1 29.795011 8.887300 5.263102 4.602531
7.200000 1 29.792399 8.936239 5.265252 4.601876
7.300000 1 29.789762 8.986168 5.267410 4.601206
7.400000 1 29.787099 9.037123 5.269577 4.600520
7.500000 1 29.784411 9.089141 5.271751 4.599817
7.600000 1 29.781696 9.142261 5.273933 4.599097
7.700000 1 29.778956 9.196526 5.276124 4.598360
7.800000 1 29.776189 9.251978 5.278322 4.597604
7.900000 1 29.773396 9.308664 5.280529 4.596829
8.000000 1 29.770576 9.366633 5.282743 4.596035
8.100000 1 29.767729 9.425935 5.284966 4.595220
8.200000 1 29.764855 9.486625 5.287196 4.594384
8.300000 1 29.761954 9.548759 5.289434 4.593526
8.400000 1 29.759026 9.612397 5.291681 4.592645
8.500000 1 29.756071 9.677602 5.293935 4.591740
8.600000 1 29.753088 9.744440 5.296198 4.590812
8.700000 1 29.750078 9.812983 5.298468 4.589857
8.800000 1 29.747041 9.883304 5.300746 4.588876
8.900000 1 29.743976 9.955482 5.303033 4.587868
9.000000 1 29.740883 10.029600 5.305327 4.586831
9.100000 1 29.737763 10.105744 5.307629 4.585764
9.200000 1 29.734616 10.184009 5.309940 4.584666
9.300000 1 29.731442 10.264491 5.312258 4.583536
9.400000 1 29.728240 10.347294 5.314585 4.582373
9.500000 1 29.725012 10.432528 5.316919 4.581176
9.600000 1 29.721756 10.520308 5.319262 4.579942
9.700000 1 29.718475 10.610759 5.321612 4.578670
9.800000 1 29.715167 10.704009 5.323971 4.577360
9.900000 1 29.711833 10.800198 5.326337 4.576009
10.000000 1 29.708475 10.899472 5.328712 4.574616
10.100000 1 29.705091 11.001985 5.331095 4.573179
10.200000 1 29.701683 11.107904 5.333486 4.571696
10.300000 1 29.698251 11.217402 5.335885 4.570166
10.400000 1 29.696524 11.273551 5.337088 4.569382
10.500000 1 29.694791 11.330666 5.338292 4.568586
10.600000 1 29.693052 11.388771 5.339499 4.567777
10.700000 1 29.691308 11.447894 5.340708 4.566955
10.800000 1 29.689559 11.508059 5.341919 4.566119
10.900000 1 29.687804 11.569296 5.343131 4.565270
11.000000 1 29.686045 11.631632 5.344346 4.564407
11.100000 1 29.684280 11.695097 5.345563 4.563529
11.200000 1 29.682511 11.759721 5.346782 4.562638
11.300000 1 29.680737 11.825536 5.348003 4.561731
11.400000 1 29.678959 11.892572 5.349227 4.560809
11.500000 1 29.677176 11.960865 5.350452 4.559872
11.600000 1 29.675389 12.030448 5.351679 4.558920
11.700000 1 29.673598 12.101357 5.352909 4.557951
11.800000 1 29.671804 12.173628 5.354141 4.556966
11.900000 1 29.670005 12.247299 5.355374 4.555964
12.000000 1 29.668203 12.322411 5.356610 4.554945
12.100000 1 29.666398 12.399002 5.357848 4.553909
12.200000 1 29.664590 12.477115 5.359088 4.552856
12.300000 1 29.662779 12.556793 5.360331 4.551784
12.400000 1 29.660966 12.638081 5.361575 4.550694
12.500000 1 29.659150 12.721025 5.362822 4.549585
12.600000 1 29.657332 12.805672 5.364071 4.548457
12.700000 1 29.655512 12.892074 5.365322 4.547310
12.800000 1 29.653690 12.980280 5.366575 4.546142
12.900000 1 29.651868 13.070343 5.367830 4.544955
13.000000 1 29.650044 13.162320 5.369088 4.543746
13.100000 1 29.648220 13.256265 5.370347 4.542517
13.200000 1 29.646395 13.352239 5.371609 4.541266
13.300000 1 29.644570 13.450301 5.372874 4.539993
13.400000 1 29.642745 13.550516 5.374140 4.538698
13.500000 1 29.640921 13.652949 5.375409 4.537380
13.600000 1 29.639098 13.757667 5.376680 4.536038
13.700000 1 29.637277 13.864740 5.377953 4.534673
13.800000 1 29.635457 13.974242 5.379229 4.533284
13.900000 1 29.633639 14.086248 5.380507 4.531870
14.000000 1 29.631824 14.200837 5.381787 4.530430
14.100000 1 29.630011 14.318089 5.383069 4.528965
14.200000 1 29.628202 14.438089 5.384354 4.527474
14.300000 1 29.626397 14.560925 5.385641 4.525956
14.400000 1 29.624596 14.686687 5.386931 4.524411
14.500000 1 29.622800 14.815470 5.388223 4.522839
14.600000 1 29.621009 14.947372 5.389518 4.521238
14.700000 1 29.619224 15.082495 5.390814 4.519608
14.800000 1 29.617445 15.220944 5.392114 4.517948
14.900000 1 29.615673 15.362830 5.393416 4.516259
15.000000 1 29.613908 15.508268 5.394720 4.514539
15.100000 1 29.612151 15.657375 5.396027 4.512788
15.200000 1 29.610403 15.810276 5.397336 4.511005
15.300000 1 29.608663 15.967100 5.398648 4.509189
15.400000 1 29.607798 16.047026 5.399304 4.508269
15.500000 1 29.606936 16.127982 5.399962 4.507341
15.600000 1 29.606076 16.209988 5.400620 4.506404
15.700000 1 29.605219 16.293061 5.401279 4.505459
15.800000 1 29.604364 16.377219 5.401938 4.504505
15.900000 1 29.603513 16.462481 5.402598 4.503543
16.000000 1 29.602664 16.548866 5.403259 4.502571
16.100000 1 29.601818 16.636394 5.403921 4.501591
16.200000 1 29.600976 16.725084 5.404583 4.500602
16.300000 1 29.600136 16.814958 5.405245 4.499604
16.400000 1 29.599300 16.906035 5.405909 4.498597
16.500000 1 29.598467 16.998337 5.406573 4.497581
16.600000 1 29.597637 17.091885 5.407238 4.496555
16.700000 1 29.596811 17.186703 5.407903 4.495520
16.800000 1 29.595989 17.282811 5.408569 4.494476
16.900000 1 29.595170 17.380234 5.409236 4.493422
17.000000 1 29.594355 17.478994 5.409903 4.492358
17.100000 1 29.593543 17.579117 5.410571 4.491285
17.200000 1 29.592736 17.680625 5.411240 4.490202
17.300000 1 29.591932 17.783546 5.411910 4.489109
17.400000 1 29.591133 17.887903 5.412580 4.488006
17.500000 1 29.590338 17.993724 5.413251 4.486893
17.600000 1 29.589547 18.101036 5.413922 4.485769
17.700000 1 29.588760 18.209864 5.414595 4.484636
17.800000 1 29.585631 18.042187 5.426879 4.489716
17.900000 1 29.585415 17.949143 5.428283 4.491190
18.000000 1 29.585208 17.848801 5.429668 4.492753
18.100000 1 29.585010 17.742745 5.431026 4.494387
18.200000 1 29.584821 17.632438 5.432351 4.496072
18.300000 1 29.584640 17.519208 5.433639 4.497793
18.400000 1 29.584468 17.404240 5.434888 4.499535
18.500000 1 29.584303 17.288575 5.436094 4.501284
18.600000 1 29.584145 17.173116 5.437256 4.503030
18.700000 1 29.583995 17.058635 5.438373 4.504762
18.800000 1 29.583851 16.945783 5.439444 4.506471
18.900000 1 29.583714 16.835099 5.440470 4.508150
19.000000 1 29.583583 16.727023 5.441450 4.509794
19.100000 1 29.583459 16.621905 5.442385 4.511396
19.200000 1 29.583340 16.520019 5.443276 4.512954
19.300000 1 29.583227 16.421566 5.444124 4.514464
19.400000 1 29.583120 16.326692 5.444931 4.515924
19.500000 1 29.583018 16.235490 5.445696 4.517332
19.600000 1 29.582922 16.148008 5.446423 4.518687
19.700000 1 29.582830 16.064259 5.447111 4.519988
19.800000 1 29.582742 15.984227 5.447763 4.521236
19.900000 1 29.582577 15.830228 5.449004 4.523648
20.000000 1 29.582430 15.691296 5.450107 4.525838
20.100000 1 29.582298 15.566558 5.451087 4.527816
20.200000 1 29.582181 15.455008 5.451955 4.529595
20.300000 1 29.582077 15.355578 5.452723 4.531188
20.400000 1 29.581985 15.267193 5.453402 4.532611
20.500000 1 29.581903 15.188806 5.454000 4.533879
20.600000 1 29.581759 15.049296 5.455058 4.536147
20.700000 1 29.581649 14.942738 5.455861 4.537891
20.800000 1 29.581565 14.861749 5.456468 4.539223
20.900000 1 29.581438 14.738569 5.457388 4.541260
21.000000 2 29.581309 14.330980 5.458317 4.547582
21.100000 2 29.581307 14.356326 5.458386 4.547215
21.200000 2 29.581300 14.485830 5.458736 4.545353
21.300000 2 29.581292 14.616503 5.459087 4.543490
21.400000 2 29.581285 14.748354 5.459437 4.541628
21.500000 2 29.581277 14.881395 5.459788 4.539766
21.600000 2 29.581270 15.015635 5.460138 4.537903
21.700000 2 29.581262 15.151087 5.460489 4.536041
21.800000 2 29.581255 15.287760 5.460839 4.534178
21.900000 2 29.581248 15.425667 5.461190 4.532316
22.000000 2 29.581241 15.564817 5.461540 4.530454
22.100000 2 29.581233 15.705222 5.461891 4.528591
22.200000 2 29.581226 15.846894 5.462241 4.526729
22.300000 2 29.581219 15.989844 5.462592 4.524866
22.400000 2 29.581213 16.134083 5.462942 4.523004
22.500000 2 29.581206 16.279624 5.463293 4.521142
22.600000 2 29.581199 16.426477 5.463643 4.519279
22.700000 2 29.581192 16.574655 5.463994 4.517417
22.800000 2 29.581185 16.724169 5.464345 4.515554
22.900000 2 29.581179 16.875033 5.464695 4.513692
23.000000 2 29.581172 17.027257 5.465046 4.511830
23.100000 2 29.581166 17.180854 5.465396 4.509967
23.200000 2 29.581160 17.335836 5.465747 4.508105
23.300000 2 29.581153 17.492217 5.466097 4.506242
23.400000 2 29.581147 17.650008 5.466448 4.504380
23.500000 2 29.581141 17.809223 5.466798 4.502518
23.600000 2 29.581135 17.969874 5.467149 4.500655
23.700000 2 29.581129 18.131974 5.467500 4.498793
23.800000 2 29.581123 18.295536 5.467850 4.496931
23.900000 2 29.581117 18.460574 5.468201 4.495068
24.000000 2 29.581111 18.627100 5.468551 4.493206
24.100000 2 29.581105 18.795129 5.468902 4.491343
24.200000 2 29.581100 18.964673 5.469252 4.489481
24.300000 2 29.581094 19.135746 5.469603 4.487619
24.400000 2 29.581088 19.308363 5.469954 4.485756
24.500000 2 29.581083 19.482537 5.470304 4.483894
24.600000 2 29.581077 19.658282 5.470655 4.482031
24.700000 2 29.581072 19.835612 5.471005 4.480169
24.800000 2 29.581067 20.014542 5.471356 4.478307
24.900000 2 29.581062 20.195086 5.471706 4.476444
25.000000 2 29.581057 20.377259 5.472057 4.474582
25.100000 2 29.581052 20.561075 5.472408 4.472720
25.200000 2 29.581047 20.746549 5.472758 4.470857
25.300000 2 29.581042 20.933696 5.473109 4.468995
25.400000 2 29.581037 21.122531 5.473459 4.467132
25.500000 2 29.581032 21.313070 5.473810 4.465270
25.600000 2 29.581027 21.505327 5.474161 4.463408
25.700000 2 29.581023 21.699319 5.474511 4.461545
25.800000 2 29.581018 21.895060 5.474862 4.459683
25.900000 2 29.581014 22.092568 5.475213 4.457821
26.000000 2 29.581009 22.291857 5.475563 4.455958
26.100000 2 29.581005 22.492943 5.475914 4.454096
26.200000 2 29.581001 22.695844 5.476264 4.452233
26.300000 2 29.580997 22.900575 5.476615 4.450371
26.400000 2 29.580993 23.107153 5.476966 4.448509
26.500000 2 29.580988 23.315594 5.477316 4.446646
26.600000 2 29.580984 23.525916 5.477667 4.444784
26.700000 2 29.580981 23.738134 5.478017 4.442922
26.800000 2 29.580977 23.952268 5.478368 4.441059
26.900000 2 29.580973 24.168332 5.478719 4.439197
27.000000 2 29.580969 24.386346 5.479069 4.437335
27.100000 2 29.580965 24.606326 5.479420 4.435472
27.200000 2 29.580962 24.828291 5.479771 4.433610
27.300000 2 29.580958 25.052258 5.480121 4.431747
27.400000 2 29.580954 25.278245 5.480472 4.429885
27.500000 2 29.580950 25.506271 5.480823 4.428023
27.600000 2 29.580947 25.736353 5.481173 4.426160
27.700000 2 29.580943 25.968511 5.481524 4.424298
27.800000 2 29.580939 26.202763 5.481874 4.422436
27.900000 2 29.580935 26.439128 5.482225 4.420573
28.000000 2 29.580931 26.677625 5.482576 4.418711
28.100000 2 29.580928 26.918273 5.482926 4.416849
28.200000 2 29.580924 27.161092 5.483277 4.414986
28.300000 2 29.580920 27.406102 5.483628 4.413124
28.400000 2 29.580916 27.653321 5.483978 4.411261
28.500000 2 29.580912 27.902771 5.484329 4.409399
28.600000 2 29.580909 28.154470 5.484680 4.407537
28.700000 2 29.580905 28.408440 5.485030 4.405674
28.800000 2 29.580901 28.664701 5.485381 4.403812
28.900000 2 29.580897 28.923273 5.485731 4.401950
29.000000 2 29.580893 29.184178 5.486082 4.400087
29.100000 2 29.580889 29.447436 5.486433 4.398225
29.200000 2 29.580885 29.713069 5.486783 4.396363
29.300000 2 29.580851 29.981045 5.487133 4.394500
29.400000 2 29.580816 30.251438 5.487483 4.392638
29.500000 2 29.580781 30.524268 5.487832 4.390776
29.600000 2 29.580746 30.799558 5.488182 4.388914
29.700000 2 29.580711 31.077329 5.488532 4.387052
29.800000 2 29.580676 31.357605 5.488881 4.385189
29.900000 2 29.580640 31.640407 5.489231 4.383327
30.000000 2 29.580605 31.925759 5.489581 4.381465
30.100000 2 29.580570 32.213683 5.489931 4.379603
30.200000 2 29.580534 32.504203 5.490280 4.377741
30.300000 2 29.580499 32.797342 5.490630 4.375879
30.400000 2 29.580464 33.093124 5.490980 4.374017
30.500000 2 29.580428 33.391572 5.491329 4.372154
30.600000 2 29.580392 33.692711 5.491679 4.370292
30.700000 2 29.580357 33.996564 5.492029 4.368430
30.800000 2 29.580321 34.303156 5.492378 4.366568
30.900000 2 29.580285 34.612513 5.492728 4.364706
31.000000 2 29.580249 34.924658 5.493078 4.362844
31.100000 2 29.580213 35.239617 5.493427 4.360982
31.200000 2 29.580177 35.557415 5.493777 4.359120
31.300000 2 29.580141 35.878078 5.494127 4.357258
31.400000 2 29.580105 36.201631 5.494476 4.355396
31.500000 2 29.580069 36.528101 5.494826 4.353533
31.600000 2 29.580033 36.857514 5.495175 4.351671
31.700000 2 29.579996 37.189897 5.495525 4.349809
31.800000 2 29.579960 37.525277 5.495875 4.347947
31.900000 2 29.579924 37.863680 5.496224 4.346085
32.000000 2 29.579888 38.205133 5.496574 4.344223
32.100000 2 29.579852 38.549666 5.496924 4.342361
32.200000 2 29.579816 38.897304 5.497273 4.340499
32.300000 2 29.579781 39.248077 5.497623 4.338637
32.400000 2 29.579745 39.602012 5.497973 4.336775
32.500000 2 29.579710 39.959137 5.498322 4.334913
32.600000 2 29.579674 40.319483 5.498672 4.333051
32.700000 2 29.579639 40.683077 5.499022 4.331189
32.800000 2 29.579604 41.049949 5.499372 4.329327
32.900000 2 29.579569 41.420129 5.499721 4.327465
33.000000 2 29.579534 41.793646 5.500071 4.325603
33.100000 2 29.579499 42.170531 5.500421 4.323741
33.200000 2 29.579464 42.550813 5.500770 4.321879
33.300000 2 29.579429 42.934524 5.501120 4.320017
33.400000 2 29.579395 43.321694 5.501470 4.318155
33.500000 2 29.579360 43.712354 5.501819 4.316293
33.600000 2 29.579326 44.106537 5.502169 4.314431
33.700000 2 29.579292 44.504273 5.502519 4.312569
33.800000 2 29.579257 44.905595 5.502869 4.310707
33.900000 2 29.579223 45.310535 5.503218 4.308846
34.000000 2 29.579189 45.719126 5.503568 4.306984
34.100000 2 29.579155 46.131400 5.503918 4.305122
34.200000 2 29.579121 46.547391 5.504268 4.303260
34.300000 2 29.579088 46.967132 5.504617 4.301398
34.400000 2 29.579054 47.390658 5.504967 4.299536
34.500000 2 29.579021 47.818002 5.505317 4.297674
34.600000 2 29.578987 48.249198 5.505667 4.295812
34.700000 2 29.578954 48.684282 5.506016 4.293950
34.800000 2 29.578920 49.123288 5.506366 4.292088
34.900000 2 29.578887 49.566252 5.506716 4.290226
35.000000 2 29.578854 50.013209 5.507066 4.288365
35.100000 2 29.578821 50.464196 5.507415 4.286503
35.200000 2 29.578788 50.919248 5.507765 4.284641
35.300000 2 29.578755 51.378403 5.508115 4.282779
35.400000 2 29.578723 51.841697 5.508465 4.280917
35.500000 2 29.578690 52.309168 5.508814 4.279055
35.600000 2 29.578658 52.780854 5.509164 4.277193
35.700000 2 29.578625 53.256791 5.509514 4.275332
35.800000 2 29.578593 53.737020 5.509864 4.273470
35.900000 2 29.578561 54.221577 5.510214 4.271608
36.000000 2 29.578528 54.710504 5.510563 4.269746
36.100000 2 29.578496 55.203837 5.510913 4.267884
36.200000 2 29.578464 55.701619 5.511263 4.266022
36.300000 2 29.578432 56.203888 5.511613 4.264161
36.400000 2 29.578401 56.710685 5.511963 4.262299
36.500000 2 29.578369 57.222050 5.512312 4.260437
36.600000 2 29.578337 57.738026 5.512662 4.258575
36.700000 2 29.578306 58.258654 5.513012 4.256713
36.800000 2 29.578274 58.783975 5.513362 4.254852
36.900000 2 29.578243 59.314031 5.513712 4.252990
37.000000 2 29.578212 59.848867 5.514062 4.251128
37.100000 2 29.578181 60.388524 5.514411 4.249266
37.200000 2 29.578149 60.933045 5.514761 4.247404
37.300000 2 29.578118 61.482476 5.515111 4.245543
37.400000 2 29.578087 62.036860 5.515461 4.243681
37.500000 2 29.578057 62.596242 5.515811 4.241819
37.600000 2 29.578026 63.160667 5.516161 4.239957
37.700000 2 29.577995 63.730180 5.516510 4.238096
37.800000 2 29.577965 64.304827 5.516860 4.236234
37.900000 2 29.577934 64.884654 5.517210 4.234372
38.000000 2 29.577904 65.469709 5.517560 4.232510
38.100000 2 29.577873 66.060038 5.517910 4.230649
38.200000 2 29.577843 66.655689 5.518260 4.228787
38.300000 2 29.577813 67.256710 5.518610 4.226925
38.400000 2 29.577783 67.863148 5.518959 4.225063
38.500000 2 29.577753 68.475054 5.519309 4.223202
38.600000 2 29.577723 69.092476 5.519659 4.221340
38.700000 2 29.577693 69.715465 5.520009 4.219478
38.800000 2 29.577664 70.344069 5.520359 4.217617
38.900000 2 29.577634 70.978340 5.520709 4.215755
39.000000 2 29.577604 71.618329 5.521059 4.213893
39.100000 2 29.577575 72.264088 5.521409 4.212031
39.200000 2 29.577545 72.915668 5.521759 4.210170
39.300000 2 29.577516 73.573122 5.522108 4.208308
39.400000 2 29.577487 74.236503 5.522458 4.206446
39.500000 2 29.577458 74.905865 5.522808 4.204585
39.600000 2 29.577429 75.581260 5.523158 4.202723
39.700000 2 29.577400 76.262744 5.523508 4.200861
39.800000 2 29.577371 76.950372 5.523858 4.199000
39.900000 2 29.577342 77.644198 5.524208 4.197138
40.000000 2 29.577313 78.344280 5.524558 4.195276
40.100000 2 29.577284 79.050672 5.524908 4.193415
40.200000 2 29.577256 79.763432 5.525258 4.191553
40.300000 2 29.577227 80.482618 5.525608 4.189691
40.400000 2 29.577199 81.208288 5.525957 4.187830
40.500000 2 29.577171 81.940499 5.526307 4.185968
40.600000 2 29.577142 82.679310 5.526657 4.184106
40.700000 2 29.577114 83.424782 5.527007 4.182245
40.800000 2 29.577086 84.176975 5.527357 4.180383
40.900000 2 29.577058 84.935948 5.527707 4.178522
41.000000 2 29.577033 85.626115 5.528023 4.176843
41.100000 4 29.577008 86.322109 5.528339 4.175164
41.200000 4 29.577002 86.322094 5.528340 4.175165
41.300000 4 29.572827 86.312526 5.529100 4.175379
41.400000 4 29.568633 86.312929 5.529860 4.175568
41.500000 4 29.564420 86.333280 5.530620 4.175707
41.600000 4 29.560188 86.383581 5.531381 4.175770
41.700000 4 29.555939 86.473881 5.532141 4.175733
41.800000 4 29.551672 86.614320 5.532901 4.175571
41.900000 4 29.547390 86.815181 5.533661 4.175258
42.000000 4 29.543094 87.086954 5.534421 4.174769
42.100000 4 29.538785 87.440416 5.535181 4.174080
42.200000 4 29.534466 87.886719 5.535942 4.173164
42.300000 4 29.530139 88.437500 5.536702 4.171998
42.400000 4 29.525808 89.105001 5.537462 4.170555
42.500000 4 29.521474 89.902210 5.538222 4.168811
42.600000 4 29.519307 90.353758 5.538602 4.167818
42.700000 4 29.517142 90.843025 5.538982 4.166740
42.800000 4 29.514977 91.371921 5.539362 4.165575
42.900000 4 29.512815 91.942435 5.539742 4.164318
43.000000 4 29.510655 92.556647 5.540122 4.162967
43.100000 4 29.508498 93.216732 5.540503 4.161519
43.200000 4 29.506344 93.924970 5.540883 4.159971
43.300000 4 29.504193 94.683756 5.541263 4.158319
43.400000 4 29.502048 95.495606 5.541643 4.156560
43.500000 4 29.499907 96.363173 5.542023 4.154691
43.600000 4 29.497771 97.289252 5.542403 4.152709
43.700000 4 29.496707 97.775150 5.542593 4.151675
43.800000 4 29.495644 98.276797 5.542783 4.150611
43.900000 4 29.494582 98.794589 5.542973 4.149517
44.000000 4 29.493523 99.328932 5.543163 4.148393
44.100000 4 29.492465 99.880247 5.543353 4.147239
44.200000 4 29.491409 100.448966 5.543543 4.146054
44.300000 4 29.490356 101.035532 5.543733 4.144837
44.400000 4 29.489304 101.640405 5.543923 4.143588
44.500000 4 29.488255 102.264057 5.544113 4.142307
44.600000 4 29.487207 102.906974 5.544303 4.140994
44.700000 4 29.486162 103.569658 5.544493 4.139648
44.800000 4 29.485120 104.252628 5.544683 4.138268
44.900000 4 29.484080 104.956418 5.544874 4.136854
45.000000 4 29.483042 105.681579 5.545064 4.135407
45.100000 4 29.482008 106.428679 5.545254 4.133925
45.200000 4 29.480976 107.198308 5.545444 4.132408
45.300000 4 29.479946 107.991072 5.545634 4.130855
45.400000 4 29.478920 108.807597 5.545824 4.129267
45.500000 4 29.477897 109.648531 5.546014 4.127643
45.600000 4 29.476876 110.514545 5.546204 4.125982
45.700000 4 29.475859 111.406329 5.546394 4.124284
45.800000 4 29.474845 112.324600 5.546584 4.122549
45.900000 4 29.473834 113.270097 5.546774 4.120776
46.000000 4 29.472827 114.243586 5.546964 4.118966
46.100000 4 29.471823 115.245860 5.547154 4.117116
46.200000 4 29.470823 116.277737 5.547344 4.115228
46.300000 4 29.469826 117.340066 5.547534 4.113301
46.400000 4 29.468833 118.433727 5.547724 4.111334
46.500000 4 29.467844 119.559627 5.547914 4.109327
46.600000 4 29.466859 120.718711 5.548104 4.107279
46.700000 4 29.465877 121.911953 5.548294 4.105191
46.800000 4 29.465389 122.521698 5.548389 4.104131
46.900000 4 29.464901 123.140365 5.548484 4.103061
47.000000 4 29.464415 123.768086 5.548579 4.101981
47.100000 4 29.463929 124.404996 5.548674 4.100890
47.200000 4 29.463445 125.051231 5.548769 4.099789
47.300000 4 29.462961 125.706932 5.548864 4.098677
47.400000 4 29.462479 126.372240 5.548959 4.097555
47.500000 4 29.461998 127.047300 5.549054 4.096421
47.600000 4 29.460608 127.732314 5.549149 4.095278
47.700000 4 29.459212 128.427385 5.549244 4.094123
47.800000 4 29.457810 129.132667 5.549339 4.092957
47.900000 4 29.456401 129.848316 5.549435 4.091781
48.000000 4 29.454985 130.574491 5.549530 4.090594
48.100000 4 29.453563 131.311354 5.549625 4.089396
48.200000 4 29.452133 132.059069 5.549720 4.088186
48.300000 4 29.450697 132.817806 5.549815 4.086966
48.400000 4 29.449254 133.587734 5.549910 4.085735
48.500000 4 29.447803 134.369030 5.550005 4.084492
48.600000 4 29.446345 135.161869 5.550100 4.083238
48.700000 4 29.444880 135.966435 5.550195 4.081973
48.800000 4 29.443407 136.782911 5.550290 4.080697
48.900000 4 29.441927 137.611485 5.550385 4.079409
49.000000 4 29.440440 138.452349 5.550480 4.078110
49.100000 4 29.438944 139.305700 5.550575 4.076800
49.200000 4 29.437441 140.171735 5.550670 4.075478
49.300000 4 29.435929 141.050658 5.550765 4.074144
49.400000 4 29.434410 141.942677 5.550860 4.072799
49.500000 4 29.432882 142.848002 5.550955 4.071442
49.600000 4 29.431346 143.766848 5.551050 4.070074
49.700000 4 29.429802 144.699434 5.551145 4.068693
49.800000 4 29.428249 145.645985 5.551240 4.067301
49.900000 4 29.426688 146.606729 5.551335 4.065897
50.000000 4 29.425117 147.581897 5.551430 4.064482
50.100000 4 29.423538 148.571728 5.551525 4.063054
50.200000 4 29.421950 149.576463 5.551620 4.061614
50.300000 4 29.420353 150.596348 5.551715 4.060162
50.400000 4 29.418746 151.631635 5.551810 4.058698
50.500000 4 29.417131 152.682581 5.551905 4.057222
50.600000 4 29.415505 153.749447 5.552000 4.055734
50.700000 4 29.413870 154.832501 5.552095 4.054233
50.800000 4 29.412226 155.932015 5.552190 4.052720
50.900000 4 29.410571 157.048266 5.552285 4.051195
51.000000 4 29.408907 158.181537 5.552380 4.049658
51.100000 4 29.407232 159.332120 5.552475 4.048108
51.200000 4 29.405547 160.500307 5.552570 4.046545
51.300000 4 29.403851 161.686400 5.552665 4.044970
51.400000 4 29.402145 162.890707 5.552760 4.043382
51.500000 4 29.400429 164.113541 5.552855 4.041782
51.600000 4 29.398701 165.355222 5.552950 4.040169
51.700000 4 29.396962 166.616077 5.553045 4.038543
51.800000 4 29.395212 167.896438 5.553140 4.036905
51.900000 4 29.393451 169.196646 5.553235 4.035254
52.000000 4 29.391678 170.517049 5.553330 4.033589
52.100000 4 29.389894 171.858000 5.553425 4.031912
52.200000 4 29.388097 173.219862 5.553520 4.030222
52.300000 4 29.386289 174.603004 5.553615 4.028519
52.400000 4 29.384469 176.007804 5.553710 4.026802
52.500000 4 29.382636 177.434646 5.553805 4.025073
52.600000 4 29.380791 178.883924 5.553901 4.023330
52.700000 4 29.378933 180.356039 5.553996 4.021574
52.800000 4 29.377062 181.851402 5.554091 4.019805
52.900000 4 29.375178 183.370430 5.554186 4.018022
53.000000 4 29.373281 184.913553 5.554281 4.016226
53.100000 4 29.371370 186.481207 5.554376 4.014417
53.200000 4 29.369446 188.073838 5.554471 4.012594
53.300000 4 29.367508 189.691902 5.554566 4.010758
53.400000 4 29.365557 191.335865 5.554661 4.008908
53.500000 4 29.363590 193.006202 5.554756 4.007044
53.600000 4 29.361610 194.703399 5.554851 4.005166
53.700000 4 29.359615 196.427953 5.554946 4.003275
53.800000 4 29.357605 198.180372 5.555041 4.001370
53.900000 4 29.355580 199.961173 5.555136 3.999452
54.000000 4 29.353539 201.770887 5.555231 3.997519
54.100000 4 29.351484 203.610055 5.555326 3.995572
54.200000 4 29.349412 205.479230 5.555421 3.993612
54.300000 4 29.347325 207.378978 5.555516 3.991637
54.400000 4 29.345221 209.309877 5.555611 3.989648
54.500000 4 29.343101 211.272518 5.555706 3.987646
54.600000 4 29.340965 213.267504 5.555801 3.985628
54.700000 4 29.338811 215.295454 5.555896 3.983597
54.800000 4 29.336641 217.356998 5.555991 3.981551
54.900000 4 29.334453 219.452781 5.556086 3.979492
55.000000 4 29.332247 221.583465 5.556181 3.977417
55.100000 4 29.330023 223.749723 5.556276 3.975328
55.200000 4 29.327782 225.952246 5.556371 3.973225
55.300000 4 29.325522 228.191738 5.556466 3.971107
55.400000 4 29.323243 230.468923 5.556561 3.968975
55.500000 4 29.322094 231.621882 5.556609 3.967903
55.600000 4 29.320940 232.784542 5.556656 3.966828
55.700000 4 29.319781 233.956998 5.556704 3.965748
55.800000 4 29.318618 235.139346 5.556751 3.964666
55.900000 4 29.317449 236.331684 5.556799 3.963579
56.000000 4 29.316276 237.534108 5.556846 3.962489
56.100000 4 29.315098 238.746719 5.556894 3.961395
56.200000 4 29.313915 239.969617 5.556941 3.960298
56.300000 4 29.312726 241.202904 5.556989 3.959196
56.400000 4 29.311533 242.446682 5.557036 3.958091
56.500000 4 29.310334 243.701056 5.557084 3.956983
56.600000 4 29.309130 244.966130 5.557131 3.955870
56.700000 4 29.307921 246.242011 5.557179 3.954754
56.800000 4 29.306707 247.528806 5.557226 3.953634
56.900000 4 29.305487 248.826625 5.557274 3.952511
57.000000 4 29.304262 250.135576 5.557321 3.951383
57.100000 4 29.303032 251.455773 5.557369 3.950252
57.200000 4 29.301796 252.787327 5.557416 3.949117
57.300000 4 29.300555 254.130352 5.557464 3.947978
57.400000 4 29.299309 255.484963 5.557511 3.946836
57.500000 4 29.298057 256.851278 5.557559 3.945689
57.600000 4 29.296799 258.229413 5.557606 3.944539
57.700000 4 29.295535 259.619490 5.557654 3.943385
57.800000 4 29.294266 261.021627 5.557701 3.942228
57.900000 4 29.292991 262.435948 5.557749 3.941066
58.000000 4 29.291711 263.862576 5.557796 3.939901
58.100000 4 29.290425 265.301635 5.557844 3.938732
58.200000 4 29.289132 266.753254 5.557891 3.937559
58.300000 4 29.287834 268.217559 5.557939 3.936382
58.400000 4 29.286530 269.694680 5.557986 3.935201
58.500000 4 29.285220 271.184748 5.558034 3.934016
58.600000 4 29.283904 272.687896 5.558081 3.932828
58.700000 4 29.282582 274.204257 5.558129 3.931636
58.800000 4 29.281254 275.733969 5.558176 3.930440
58.900000 4 29.279920 277.277167 5.558224 3.929239
59.000000 4 29.278579 278.833991 5.558271 3.928036
59.100000 4 29.277232 280.404582 5.558319 3.926828
59.200000 4 29.275879 281.989082 5.558366 3.925616
59.300000 4 29.274519 283.587635 5.558414 3.924400
59.400000 4 29.273153 285.200387 5.558462 3.923181
59.500000 4 29.271781 286.827485 5.558509 3.921957
59.600000 4 29.270402 288.469078 5.558557 3.920730
59.700000 4 29.269016 290.125318 5.558604 3.919499
59.800000 4 29.267624 291.796357 5.558652 3.918264
59.900000 4 29.266225 293.482350 5.558699 3.917024
60.000000 4 29.264820 295.183454 5.558747 3.915781
60.100000 4 29.263408 296.899827 5.558794 3.914534
60.200000 4 29.261989 298.631630 5.558842 3.913283
60.300000 4 29.260562 300.379024 5.558889 3.912028
60.400000 4 29.259130 302.142174 5.558937 3.910769
60.500000 4 29.257690 303.921246 5.558984 3.909506
60.600000 4 29.256243 305.716409 5.559032 3.908239
60.700000 4 29.254788 307.527833 5.559079 3.906968
60.800000 4 29.253327 309.355690 5.559127 3.905693
60.900000 4 29.251859 311.200155 5.559174 3.904414
61.000000 4 29.250383 313.061405 5.559222 3.903131
61.100000 4 29.248900 314.939617 5.559269 3.901844
61.200000 4 29.247409 316.834974 5.559317 3.900553
61.300000 4 29.245911 318.747658 5.559364 3.899258
61.400000 4 29.244406 320.677855 5.559412 3.897959
61.500000 4 29.242893 322.625752 5.559459 3.896656
61.600000 4 29.241372 324.591540 5.559507 3.895349
61.700000 4 29.239844 326.575411 5.559554 3.894037
61.800000 4 29.238308 328.577560 5.559602 3.892722
61.900000 4 29.236764 330.598184 5.559649 3.891403
62.000000 4 29.235212 332.637482 5.559697 3.890079
62.100000 4 29.233652 334.695657 5.559744 3.888752
62.200000 4 29.232085 336.772913 5.559792 3.887420
62.300000 4 29.230509 338.869457 5.559839 3.886084
62.400000 4 29.228925 340.985500 5.559887 3.884744
62.500000 4 29.227332 343.121252 5.559934 3.883400
62.600000 4 29.225732 345.276930 5.559982 3.882052
62.700000 4 29.224123 347.452751 5.560029 3.880700
62.800000 4 29.222506 349.648935 5.560077 3.879344
62.900000 4 29.220880 351.865706 5.560124 3.877983
63.000000 4 29.219246 354.103290 5.560172 3.876619
63.100000 4 29.217603 356.361914 5.560219 3.875250
63.200000 4 29.215951 358.641812 5.560267 3.873877
63.300000 4 29.214291 360.943216 5.560314 3.872500
63.400000 4 29.212622 363.266366 5.560362 3.871118
63.500000 4 29.210944 365.611502 5.560409 3.869733
63.600000 4 29.209257 367.978867 5.560457 3.868343
63.700000 4 29.207561 370.368707 5.560504 3.866950
63.800000 4 29.205855 372.781274 5.560552 3.865552
63.900000 4 29.204141 375.216819 5.560599 3.864149
64.000000 4 29.202417 377.675598 5.560647 3.862743
64.100000 4 29.200684 380.157873 5.560694 3.861332
64.200000 4 29.198941 382.663904 5.560742 3.859917
64.300000 4 29.197189 385.193958 5.560790 3.858498
64.400000 4 29.195428 387.748306 5.560837 3.857075
64.500000 4 29.193656 390.327219 5.560885 3.855647
64.600000 4 29.191875 392.930975 5.560932 3.854215
64.700000 4 29.190084 395.559853 5.560980 3.852779
64.800000 4 29.188283 398.214136 5.561027 3.851339
64.900000 4 29.186472 400.894114 5.561075 3.849894
65.000000 4 29.184651 403.600075 5.561122 3.848445
65.100000 4 29.182820 406.332316 5.561170 3.846992
65.200000 4 29.180979 409.091135 5.561217 3.845535
65.300000 4 29.179127 411.876834 5.561265 3.844073
65.400000 4 29.177265 414.689719 5.561312 3.842607
65.500000 4 29.175392 417.530102 5.561360 3.841137
65.600000 4 29.173509 420.398296 5.561407 3.839662
65.700000 4 29.171614 423.294620 5.561455 3.838183
65.800000 4 29.169710 426.219397 5.561502 3.836700
65.900000 4 29.167794 429.172953 5.561550 3.835212
66.000000 4 29.165867 432.155620 5.561597 3.833720
66.100000 4 29.163929 435.167733 5.561645 3.832223
66.200000 4 29.161980 438.209632 5.561692 3.830723
66.300000 4 29.160020 441.281662 5.561740 3.829218
66.400000 4 29.158048 444.384171 5.561787 3.827708
66.500000 4 29.156065 447.517513 5.561835 3.826194
66.600000 4 29.154070 450.682046 5.561882 3.824676
66.700000 4 29.152064 453.878133 5.561930 3.823153
66.800000 4 29.150046 457.106142 5.561977 3.821626
66.900000 4 29.148016 460.366446 5.562025 3.820095
67.000000 4 29.145974 463.659421 5.562072 3.818559
67.100000 4 29.143920 466.985451 5.562120 3.817019
67.200000 4 29.141853 470.344923 5.562167 3.815474
67.300000 4 29.139775 473.738230 5.562215 3.813925
67.400000 4 29.137684 477.165770 5.562262 3.812372
67.500000 4 29.135580 480.627946 5.562310 3.810814
67.600000 4 29.133464 484.125168 5.562357 3.809251
67.700000 4 29.131336 487.657849 5.562405 3.807684
67.800000 4 29.129194 491.226409 5.562452 3.806113
67.900000 4 29.127039 494.831275 5.562500 3.804537
68.000000 4 29.124872 498.472876 5.562547 3.802957
68.100000 4 29.122691 502.151650 5.562595 3.801372
68.200000 4 29.120497 505.868041 5.562642 3.799783
68.300000 4 29.118289 509.622496 5.562690 3.798189
68.400000 4 29.116068 513.415471 5.562737 3.796590
68.500000 4 29.113833 517.247428 5.562785 3.794988
68.600000 4 29.111585 521.118833 5.562832 3.793380
68.700000 4 29.109322 525.030160 5.562880 3.791768
68.800000 4 29.107046 528.981890 5.562927 3.790152
68.900000 4 29.104755 532.974509 5.562975 3.788531
69.000000 4 29.102450 537.008511 5.563023 3.786906
69.100000 4 29.100131 541.084397 5.563070 3.785276
69.200000 4 29.097797 545.202672 5.563118 3.783641
69.300000 4 29.095449 549.363852 5.563165 3.782002
69.400000 4 29.093085 553.568456 5.563213 3.780358
69.500000 4 29.090707 557.817015 5.563260 3.778710
69.600000 4 29.088314 562.110062 5.563308 3.777057
69.700000 4 29.085905 566.448142 5.563355 3.775399
69.800000 4 29.083482 570.831804 5.563403 3.773737
69.900000 4 29.081042 575.261606 5.563450 3.772070
70.000000 4 29.078587 579.738115 5.563498 3.770399
70.100000 4 29.076117 584.261904 5.563545 3.768723
70.200000 4 29.073630 588.833554 5.563593 3.767042
70.300000 4 29.071127 593.453655 5.563640 3.765357
70.400000 4 29.068608 598.122806 5.563688 3.763667
70.500000 4 29.066073 602.841613 5.563735 3.761973
70.600000 4 29.063522 607.610689 5.563783 3.760274
70.700000 4 29.060953 612.430660 5.563830 3.758570
70.800000 4 29.058368 617.302156 5.563878 3.756861
70.900000 4 29.055766 622.225819 5.563925 3.755148
71.000000 4 29.053147 627.202299 5.563973 3.753430
71.100000 4 29.050510 632.232255 5.564020 3.751707
71.200000 4 29.047856 637.316356 5.564068 3.749980
71.300000 4 29.045185 642.455279 5.564115 3.748248
71.400000 4 29.042495 647.649712 5.564163 3.746511
71.500000 4 29.039788 652.900353 5.564210 3.744770
71.600000 4 29.037063 658.207908 5.564258 3.743023
71.700000 4 29.034319 663.573095 5.564305 3.741273
71.800000 4 29.031557 668.996641 5.564353 3.739517
71.900000 4 29.028776 674.479285 5.564400 3.737756
72.000000 4 29.025977 680.021773 5.564448 3.735991
72.100000 4 29.023159 685.624866 5.564495 3.734221
72.200000 4 29.020321 691.289334 5.564543 3.732446
72.300000 4 29.017464 697.015957 5.564590 3.730667
72.400000 4 29.014588 702.805527 5.564638 3.728882
72.500000 4 29.011692 708.658849 5.564685 3.727093
72.600000 4 29.008776 714.576736 5.564733 3.725299
72.700000 4 29.005840 720.560017 5.564780 3.723501
72.800000 4 29.002884 726.609531 5.564828 3.721697
72.900000 4 28.999907 732.726127 5.564875 3.719889
73.000000 4 28.996910 738.910670 5.564923 3.718075
73.100000 4 28.993892 745.164035 5.564970 3.716257
73.200000 4 28.990853 751.487111 5.565018 3.714434
73.300000 4 28.987793 757.880800 5.565065 3.712606
73.400000 4 28.984711 764.346016 5.565113 3.710774
73.500000 4 28.981607 770.883688 5.565160 3.708936
73.600000 4 28.978482 777.494757 5.565208 3.707094
73.700000 4 28.975335 784.180178 5.565256 3.705247
73.800000 4 28.972165 790.940922 5.565303 3.703394
73.900000 4 28.968973 797.777971 5.565351 3.701537
74.000000 4 28.965758 804.692324 5.565398 3.699675
74.100000 4 28.962520 811.684994 5.565446 3.697808
74.200000 4 28.959259 818.757009 5.565493 3.695936
74.300000 4 28.955975 825.909412 5.565541 3.694059
74.400000 4 28.952667 833.143261 5.565588 3.692178
74.500000 4 28.949335 840.459631 5.565636 3.690291
74.600000 4 28.945979 847.859611 5.565683 3.688399
74.700000 4 28.942599 855.344309 5.565731 3.686503
74.800000 4 28.939194 862.914847 5.565778 3.684601
74.900000 4 28.935765 870.572365 5.565826 3.682695
75.000000 4 28.932310 878.318019 5.565873 3.680783
75.100000 4 28.928831 886.152984 5.565921 3.678866
75.200000 4 28.925325 894.078451 5.565968 3.676945
75.300000 4 28.921794 902.095630 5.566016 3.675018
75.400000 4 28.918237 910.205748 5.566063 3.673087
75.500000 4 28.914653 918.410052 5.566111 3.671150
75.600000 4 28.911043 926.709806 5.566158 3.669208
75.700000 4 28.907407 935.106295 5.566206 3.667262
75.800000 4 28.903743 943.600822 5.566253 3.665310
75.900000 4 28.900051 952.194711 5.566301 3.663353
76.000000 4 28.896332 960.889305 5.566348 3.661391
76.100000 4 28.892586 969.685968 5.566396 3.659424
76.200000 4 28.888811 978.586085 5.566443 3.657452
76.300000 4 28.885007 987.591060 5.566491 3.655475
76.400000 4 28.881175 996.702323 5.566538 3.653492
76.500000 4 28.877313 1005.921321 5.566586 3.651505
76.600000 4 28.873423 1015.249526 5.566633 3.649512
76.700000 4 28.869502 1024.688432 5.566681 3.647515
76.800000 4 28.865552 1034.239556 5.566728 3.645512
76.900000 4 28.861572 1043.904438 5.566776 3.643504
77.000000 4 28.857561 1053.684643 5.566823 3.641491
77.100000 4 28.853519 1063.581757 5.566871 3.639473
77.200000 4 28.849445 1073.597394 5.566918 3.637449
77.300000 4 28.845341 1083.733193 5.566966 3.635421
77.400000 4 28.841204 1093.990815 5.567013 3.633387
77.500000 4 28.837036 1104.371951 5.567061 3.631348
77.600000 4 28.832835 1114.878315 5.567108 3.629304
77.700000 4 28.828601 1125.511650 5.567156 3.627255
77.800000 4 28.824333 1136.273725 5.567203 3.625200
77.900000 4 28.820033 1147.166337 5.567251 3.623140
78.000000 4 28.815698 1158.191312 5.567298 3.621075
78.100000 4 28.811330 1169.350504 5.567346 3.619005
78.200000 4 28.806927 1180.645795 5.567393 3.616929
78.300000 4 28.802489 1192.079099 5.567441 3.614848
78.400000 4 28.798015 1203.652358 5.567488 3.612762
78.500000 4 28.793506 1215.367547 5.567536 3.610671
78.600000 4 28.788961 1227.226670 5.567584 3.608574
78.700000 4 28.784380 1239.231765 5.567631 3.606472
78.800000 4 28.779761 1251.384899 5.567679 3.604365
78.900000 4 28.775106 1263.688177 5.567726 3.602252
79.000000 4 28.770413 1276.143732 5.567774 3.600134
79.100000 4 28.765682 1288.753736 5.567821 3.598011
79.200000 4 28.760913 1301.520392 5.567869 3.595882
79.300000 4 28.756105 1314.445941 5.567916 3.593748
79.400000 4 28.751258 1327.532657 5.567964 3.591609
79.500000 4 28.746371 1340.782855 5.568011 3.589464
79.600000 4 28.743908 1347.470085 5.568035 3.588390
79.700000 4 28.741434 1354.199072 5.568059 3.587314
79.800000 4 28.738951 1360.970115 5.568082 3.586237
79.900000 4 28.736457 1367.783515 5.568106 3.585158
80.000000 4 28.733953 1374.639578 5.568130 3.584079
80.100000 4 28.731438 1381.538610 5.568154 3.582997
80.200000 4 28.728914 1388.480920 5.568177 3.581915
80.300000 4 28.726379 1395.466822 5.568201 3.580831
80.400000 4 28.723833 1402.496628 5.568225 3.579746
80.500000 4 28.721277 1409.570657 5.568249 3.578659
80.600000 4 28.718710 1416.689227 5.568272 3.577571
80.700000 4 28.716133 1423.852661 5.568296 3.576482
80.800000 4 28.713545 1431.061283 5.568320 3.575391
80.900000 4 28.710946 1438.315422 5.568344 3.574299
81.000000 4 28.708337 1445.615407 5.568367 3.573206
81.100000 4 28.705717 1452.961571 5.568391 3.572111
81.200000 4 28.703085 1460.354249 5.568415 3.571015
81.300000 4 28.700443 1467.793780 5.568439 3.569918
81.400000 4 28.697790 1475.280504 5.568462 3.568819
81.500000 4 28.695125 1482.814766 5.568486 3.567719
81.600000 4 28.692450 1490.396911 5.568510 3.566617
81.700000 4 28.689763 1498.027290 5.568534 3.565514
81.800000 4 28.687065 1505.706254 5.568557 3.564410
81.900000 4 28.684355 1513.434159 5.568581 3.563304
82.000000 4 28.681635 1521.211363 5.568605 3.562197
82.100000 4 28.678902 1529.038226 5.568629 3.561089
82.200000 4 28.591101 1539.074071 5.569389 3.559858
82.300000 4 28.502684 1539.074071 5.570149 3.560048
82.400000 4 28.414120 1539.074071 5.570909 3.560238
82.500000 4 28.325407 1539.074071 5.571669 3.560428
82.600000 4 28.236546 1539.074071 5.572430 3.560618
82.700000 4 28.147536 1539.074071 5.573190 3.560808
82.800000 4 28.058378 1539.074071 5.573950 3.560998
82.900000 4 27.969072 1539.074071 5.574710 3.561188
83.000000 4 27.879617 1539.074071 5.575470 3.561378
83.100000 4 27.790014 1539.074071 5.576230 3.561568
83.200000 4 27.700263 1539.074071 5.576991 3.561758
83.300000 4 27.610363 1539.074071 5.577751 3.561948
83.400000 4 27.520314 1539.074071 5.578511 3.562139
83.500000 4 27.430117 1539.074071 5.579271 3.562329
83.600000 4 27.339772 1539.074071 5.580031 3.562519
83.700000 4 27.249278 1539.074071 5.580791 3.562709
83.800000 4 27.158635 1539.074071 5.581552 3.562899
83.900000 4 27.067844 1539.074071 5.582312 3.563089
84.000000 4 26.976904 1539.074071 5.583072 3.563279
84.100000 4 26.885816 1539.074071 5.583832 3.563469
84.200000 4 26.794580 1539.074071 5.584592 3.563659
84.300000 4 26.703194 1539.074071 5.585352 3.563849
84.400000 4 26.611661 1539.074071 5.586113 3.564039
84.500000 4 26.519978 1539.074071 5.586873 3.564229
84.600000 4 26.428148 1539.074071 5.587633 3.564419
84.700000 4 26.336169 1539.074071 5.588393 3.564609
84.800000 4 26.244041 1539.074071 5.589153 3.564799
84.900000 4 26.151765 1539.074071 5.589913 3.564989
85.000000 4 26.059341 1539.074071 5.590674 3.565179
85.100000 4 25.966768 1539.074071 5.591434 3.565369
85.200000 4 25.874047 1539.074071 5.592194 3.565559
85.300000 4 25.781177 1539.074071 5.592954 3.565749
85.400000 4 25.688160 1539.074071 5.593714 3.565939
85.500000 4 25.594994 1539.074071 5.594474 3.566129
85.600000 4 25.501680 1539.074071 5.595235 3.566319
85.700000 4 25.408217 1539.074071 5.595995 3.566509
85.800000 4 25.314607 1539.074071 5.596755 3.566700
85.900000 4 25.220849 1539.074071 5.597515 3.566890
86.000000 4 25.126943 1539.074071 5.598275 3.567080
86.100000 4 25.032889 1539.074071 5.599035 3.567270
86.200000 4 24.938687 1539.074071 5.599796 3.567460
86.300000 4 24.844337 1539.074071 5.600556 3.567650
86.400000 4 24.749840 1539.074071 5.601316 3.567840
86.500000 4 24.655195 1539.074071 5.602076 3.568030
86.600000 4 24.560403 1539.074071 5.602836 3.568220
86.700000 4 24.465463 1539.074071 5.603596 3.568410
