t Ka M R logL logTeff
143.573234 1 0.800084 0.746063 -0.335265 3.740937
287.146542 1 0.800084 0.747320 -0.332441 3.741277
430.719923 1 0.800084 0.748582 -0.329553 3.741633
574.293378 1 0.800084 0.749851 -0.326599 3.742003
717.866908 1 0.800083 0.751129 -0.323579 3.742388
861.440514 1 0.800083 0.752417 -0.320494 3.742788
1005.014196 1 0.800083 0.753717 -0.317344 3.743200
1148.587956 1 0.800083 0.755031 -0.314128 3.743626
1292.161794 1 0.800083 0.756360 -0.310846 3.744065
1435.735710 1 0.800083 0.757706 -0.307500 3.744515
1579.309707 1 0.800083 0.759071 -0.304088 3.744978
1722.883784 1 0.800083 0.760456 -0.300610 3.745451
1866.457942 1 0.800083 0.761863 -0.297067 3.745935
2010.032184 1 0.800082 0.763295 -0.293458 3.746430
2153.606508 1 0.800082 0.764752 -0.289784 3.746934
2297.180917 1 0.800082 0.766236 -0.286045 3.747448
2440.755412 1 0.800082 0.767750 -0.282240 3.747971
2584.329992 1 0.800082 0.769295 -0.278370 3.748502
2727.904661 1 0.800082 0.770873 -0.274434 3.749041
2871.479418 1 0.800082 0.772486 -0.270433 3.749587
3015.054266 1 0.800082 0.774135 -0.266366 3.750141
3158.629204 1 0.800081 0.775823 -0.262234 3.750701
3302.204234 1 0.800081 0.777552 -0.258037 3.751267
3445.779358 1 0.800081 0.779323 -0.253774 3.751838
3589.354577 1 0.800081 0.781138 -0.249445 3.752415
3732.929893 1 0.800081 0.783000 -0.245052 3.752997
3876.505305 1 0.800081 0.784910 -0.240592 3.753583
4020.080817 1 0.800081 0.786870 -0.236067 3.754172
4163.656429 1 0.800080 0.788883 -0.231477 3.754765
4307.232143 1 0.800080 0.790951 -0.226821 3.755361
4450.807961 1 0.800080 0.793075 -0.222100 3.755959
4594.383884 1 0.800080 0.795258 -0.217313 3.756559
4737.959913 1 0.800080 0.797501 -0.212460 3.757160
4881.536051 1 0.800080 0.799809 -0.207541 3.757762
5025.112299 1 0.800079 0.802181 -0.202557 3.758365
5168.688660 1 0.800079 0.804622 -0.197507 3.758968
5312.265134 1 0.800079 0.807133 -0.192391 3.759570
5455.841725 1 0.800079 0.809716 -0.187209 3.760172
5599.418433 1 0.800079 0.812375 -0.181960 3.760772
5742.995261 1 0.800079 0.815111 -0.176645 3.761371
5886.572211 1 0.800078 0.817927 -0.171264 3.761967
6030.149286 1 0.800078 0.820827 -0.165815 3.762561
6173.726487 1 0.800078 0.823812 -0.160299 3.763152
6317.303817 1 0.800078 0.826885 -0.154715 3.763739
6460.881279 1 0.800078 0.830051 -0.149063 3.764323
6604.458874 1 0.800077 0.833310 -0.143342 3.764902
6748.036606 1 0.800077 0.836668 -0.137552 3.765476
6891.614478 1 0.800077 0.840126 -0.131692 3.766045
7035.192491 1 0.800077 0.843689 -0.125761 3.766609
7178.770649 1 0.800077 0.847359 -0.119758 3.767167
7322.348955 1 0.800076 0.851142 -0.113682 3.767719
7465.927411 1 0.800076 0.855039 -0.107531 3.768265
7609.506022 1 0.800076 0.859057 -0.101304 3.768803
7753.084791 1 0.800076 0.863199 -0.095000 3.769335
7896.663720 1 0.800075 0.867469 -0.088617 3.769860
8040.242813 1 0.800075 0.871872 -0.082151 3.770376
8183.822075 1 0.800075 0.876414 -0.075601 3.770886
8327.401509 1 0.800075 0.881100 -0.068964 3.771387
8470.981119 1 0.800074 0.885935 -0.062236 3.771881
8614.560908 1 0.800074 0.890927 -0.055414 3.772366
8758.140882 1 0.800074 0.896081 -0.048493 3.772844
8901.721045 1 0.800074 0.901404 -0.041470 3.773313
9045.301402 1 0.800073 0.906905 -0.034338 3.773775
9188.881957 1 0.800073 0.912591 -0.027093 3.774229
9332.462716 1 0.800073 0.918472 -0.019727 3.774676
9476.043683 1 0.800072 0.924556 -0.012232 3.775116
9619.624865 1 0.800072 0.930855 -0.004602 3.775549
9763.206266 1 0.800072 0.937379 0.003173 3.775976
9906.787894 1 0.800071 0.944140 0.011103 3.776398
10050.369755 1 0.800071 0.951153 0.019199 3.776815
10193.951855 1 0.800071 0.958430 0.027474 3.777229
10337.534202 1 0.800070 0.965988 0.035940 3.777640
10481.116803 1 0.800070 0.973845 0.044614 3.778049
10624.699665 1 0.800070 0.982018 0.053511 3.778458
10768.282797 1 0.800069 0.990529 0.062649 3.778869
10911.866209 1 0.800069 0.999399 0.072049 3.779283
11055.449908 1 0.800068 1.008655 0.081733 3.779702
11199.033906 1 0.800068 1.018323 0.091724 3.780129
11342.618214 1 0.800067 1.028434 0.102048 3.780564
11414.410527 1 0.800067 1.033667 0.107345 3.780787
11486.202924 1 0.800067 1.039023 0.112736 3.781012
11557.995406 1 0.800067 1.044508 0.118225 3.781241
11629.787974 1 0.800066 1.050127 0.123817 3.781474
11701.580630 1 0.800066 1.055886 0.129517 3.781711
11773.373376 1 0.800066 1.061791 0.135327 3.781953
11845.166215 1 0.800066 1.067849 0.141255 3.782199
11916.959147 1 0.800065 1.074065 0.147303 3.782451
11988.752174 1 0.800065 1.080449 0.153478 3.782708
12060.545300 1 0.800065 1.087009 0.159786 3.782970
12132.338526 1 0.800064 1.093753 0.166230 3.783238
12204.131855 1 0.800064 1.100693 0.172819 3.783512
12275.925289 1 0.800064 1.107839 0.179557 3.783791
12347.718830 1 0.800063 1.115205 0.186451 3.784076
12419.512482 1 0.800063 1.122804 0.193509 3.784366
12491.306246 1 0.800063 1.130653 0.200735 3.784660
12563.100126 1 0.800062 1.138772 0.208139 3.784957
12634.894126 1 0.800062 1.147182 0.215728 3.785256
12706.688248 1 0.800062 1.155908 0.223509 3.785556
12778.482495 1 0.800061 1.164980 0.231490 3.785854
12850.276872 1 0.800061 1.174433 0.239680 3.786147
12922.071381 1 0.800061 1.184307 0.248088 3.786430
12993.866028 1 0.800060 1.194653 0.256724 3.786701
13065.660817 1 0.800060 1.205529 0.265596 3.786951
13137.455751 1 0.800059 1.217006 0.274714 3.787173
13209.250837 1 0.800059 1.229169 0.284089 3.787357
13245.148458 1 0.800059 1.235540 0.288876 3.787431
13281.046119 1 0.800058 1.242122 0.293732 3.787491
13316.943821 1 0.800058 1.248933 0.298657 3.787535
13352.841565 1 0.800058 1.255991 0.303653 3.787561
13388.739352 1 0.800058 1.263315 0.308722 3.787565
13424.637182 1 0.800057 1.270929 0.313865 3.787546
13460.535057 1 0.800057 1.278857 0.319083 3.787500
13496.432976 1 0.800057 1.287126 0.324379 3.787425
13532.330942 1 0.800057 1.295768 0.329753 3.787315
13568.228955 1 0.800056 1.304815 0.335207 3.787168
13604.127016 1 0.800056 1.314305 0.340744 3.786978
13640.025126 1 0.800056 1.324281 0.346363 3.786741
13675.923286 1 0.800055 1.334790 0.352069 3.786451
13711.821498 1 0.800055 1.345882 0.357861 3.786102
13747.719761 1 0.800055 1.357618 0.363742 3.785687
13783.618079 1 0.800054 1.370062 0.369713 3.785199
13819.516451 1 0.800054 1.383287 0.375777 3.784629
13837.465666 1 0.800054 1.390217 0.378844 3.784310
13855.414895 1 0.800054 1.397375 0.381935 3.783968
13873.364138 1 0.800054 1.404771 0.385049 3.783600
13891.313396 1 0.800053 1.412419 0.388189 3.783206
13909.262670 1 0.800053 1.420331 0.391352 3.782784
13927.211958 1 0.800053 1.428522 0.394541 3.782332
13945.161262 1 0.800053 1.437007 0.397754 3.781850
13963.110582 1 0.800053 1.445802 0.400993 3.781334
13981.059917 1 0.800053 1.454923 0.404257 3.780785
13999.009269 1 0.800052 1.464390 0.407546 3.780199
14016.958636 1 0.800052 1.474221 0.410862 3.779575
14034.908021 1 0.800052 1.484437 0.414204 3.778911
14052.857422 1 0.800052 1.495060 0.417573 3.778205
14070.806840 1 0.800052 1.506113 0.420968 3.777454
14088.756276 1 0.800051 1.517620 0.424391 3.776657
14106.705729 1 0.800051 1.529610 0.427841 3.775810
14124.655200 1 0.800051 1.542109 0.431318 3.774913
14142.604689 1 0.800051 1.555148 0.434823 3.773960
14160.554197 1 0.800051 1.568761 0.438356 3.772951
14178.503723 1 0.800050 1.582981 0.441918 3.771882
14196.453269 1 0.800050 1.597846 0.445508 3.770750
14214.402834 1 0.800050 1.613397 0.449128 3.769552
14223.377627 1 0.800050 1.621442 0.450948 3.768927
14240.205372 1 0.800049 1.637037 0.454382 3.767707
14254.929665 1 0.800049 1.651255 0.457408 3.766585
14267.813433 1 0.800049 1.664156 0.460072 3.765561
14279.086740 1 0.800049 1.675815 0.462415 3.764631
14288.950891 1 0.800049 1.686310 0.464476 3.763791
14297.582028 1 0.800049 1.695727 0.466286 3.763034
14305.134278 1 0.800049 1.704150 0.467876 3.762356
14318.350722 1 0.800048 1.719321 0.470672 3.761130
14328.263065 1 0.800048 1.731071 0.472779 3.760178
14335.697326 1 0.800048 1.740100 0.474366 3.759445
14346.848725 1 0.800048 1.754005 0.476757 3.758314
14358.000132 2 0.800048 1.768360 0.479160 3.757145
14361.056653 2 0.800044 1.773947 0.480231 3.756728
14364.673596 2 0.800039 1.780581 0.481499 3.756234
14368.290622 2 0.800034 1.787240 0.482767 3.755741
14371.907733 2 0.800029 1.793924 0.484035 3.755247
14375.524928 2 0.800024 1.800634 0.485304 3.754754
14379.142209 2 0.800019 1.807368 0.486572 3.754260
14382.759576 2 0.800014 1.814127 0.487840 3.753767
14386.377030 2 0.800009 1.820911 0.489108 3.753273
14389.994570 2 0.800004 1.827721 0.490376 3.752780
14393.612199 2 0.799999 1.834557 0.491644 3.752286
14397.229915 2 0.799994 1.841417 0.492912 3.751792
14400.847721 2 0.799989 1.848304 0.494180 3.751299
14404.465616 2 0.799983 1.855216 0.495448 3.750805
14408.083601 2 0.799978 1.862154 0.496716 3.750312
14411.701677 2 0.799973 1.869118 0.497984 3.749818
14415.319844 2 0.799968 1.876108 0.499253 3.749325
14418.938104 2 0.799962 1.883124 0.500521 3.748831
14422.556455 2 0.799957 1.890167 0.501789 3.748338
14426.174900 2 0.799951 1.897235 0.503057 3.747844
14429.793439 2 0.799946 1.904330 0.504325 3.747351
14433.412073 2 0.799940 1.911452 0.505593 3.746857
14437.030801 2 0.799935 1.918600 0.506861 3.746364
14440.649625 2 0.799929 1.925775 0.508129 3.745870
14444.268546 2 0.799924 1.932977 0.509397 3.745377
14447.887563 2 0.799918 1.940205 0.510666 3.744883
14451.506678 2 0.799912 1.947461 0.511934 3.744390
14455.125892 2 0.799907 1.954744 0.513202 3.743896
14458.745205 2 0.799901 1.962054 0.514470 3.743403
14462.364617 2 0.799895 1.969391 0.515738 3.742909
14465.984129 2 0.799889 1.976756 0.517006 3.742416
14469.603743 2 0.799883 1.984148 0.518274 3.741922
14473.223458 2 0.799877 1.991568 0.519543 3.741429
14476.843276 2 0.799871 1.999016 0.520811 3.740935
14480.463197 2 0.799865 2.006491 0.522079 3.740442
14484.083222 2 0.799859 2.013994 0.523347 3.739948
14487.703351 2 0.799853 2.021526 0.524615 3.739455
14491.323585 2 0.799847 2.029085 0.525883 3.738961
14494.943925 2 0.799841 2.036673 0.527152 3.738468
14498.564372 2 0.799835 2.044289 0.528420 3.737974
14502.184926 2 0.799829 2.051934 0.529688 3.737481
14505.805588 2 0.799822 2.059607 0.530956 3.736987
14509.426359 2 0.799816 2.067309 0.532225 3.736494
14513.047240 2 0.799810 2.075040 0.533493 3.736001
14516.668230 2 0.799803 2.082799 0.534761 3.735507
14520.289332 2 0.799797 2.090588 0.536029 3.735014
14523.910546 2 0.799790 2.098406 0.537298 3.734520
14527.531872 2 0.799784 2.106253 0.538566 3.734027
14531.153311 2 0.799777 2.114129 0.539834 3.733533
14534.774864 2 0.799770 2.122035 0.541102 3.733040
14538.396533 2 0.799764 2.129970 0.542371 3.732547
14542.018316 2 0.799757 2.137935 0.543639 3.732053
14545.640216 2 0.799750 2.145929 0.544907 3.731560
14549.262234 2 0.799743 2.153954 0.546176 3.731066
14552.884369 2 0.799736 2.162008 0.547444 3.730573
14556.506623 2 0.799730 2.170093 0.548713 3.730080
14560.128996 2 0.799723 2.178208 0.549981 3.729586
14563.751490 2 0.799716 2.186353 0.551249 3.729093
14567.374105 2 0.799709 2.194529 0.552518 3.728599
14570.996842 2 0.799701 2.202735 0.553786 3.728106
14574.619702 2 0.799694 2.210972 0.555055 3.727613
14578.242685 2 0.799687 2.219240 0.556323 3.727119
14581.865793 2 0.799680 2.227538 0.557592 3.726626
14585.489026 2 0.799673 2.235868 0.558860 3.726133
14589.112386 2 0.799665 2.244229 0.560129 3.725639
14592.735872 2 0.799658 2.252621 0.561397 3.725146
14596.359486 2 0.799650 2.261044 0.562666 3.724652
14599.983229 2 0.799643 2.269499 0.563934 3.724159
14603.607102 2 0.799635 2.277985 0.565203 3.723666
14607.231105 2 0.799628 2.286504 0.566471 3.723172
14610.855240 2 0.799620 2.295054 0.567740 3.722679
14614.479507 2 0.799613 2.303636 0.569009 3.722186
14618.103906 2 0.799605 2.312250 0.570277 3.721693
14621.728441 2 0.799597 2.320896 0.571546 3.721199
14625.353110 2 0.799589 2.329575 0.572815 3.720706
14628.977914 2 0.799581 2.338286 0.574083 3.720213
14632.602856 2 0.799573 2.347030 0.575352 3.719719
14636.227935 2 0.799565 2.355806 0.576621 3.719226
14639.853154 2 0.799557 2.364615 0.577890 3.718733
14643.478511 2 0.799549 2.373458 0.579159 3.718239
14647.104010 2 0.799541 2.382333 0.580427 3.717746
14650.729649 2 0.799533 2.391241 0.581696 3.717253
14654.355432 2 0.799524 2.400183 0.582965 3.716760
14657.981357 2 0.799516 2.409158 0.584234 3.716266
14661.607427 2 0.799508 2.418167 0.585503 3.715773
14665.233643 2 0.799499 2.427209 0.586772 3.715280
14668.860004 2 0.799491 2.436286 0.588041 3.714787
14672.486514 2 0.799482 2.445396 0.589310 3.714293
14676.113171 2 0.799474 2.454540 0.590579 3.713800
14679.739978 2 0.799465 2.463718 0.591848 3.713307
14683.366935 2 0.799456 2.472931 0.593117 3.712814
14686.994044 2 0.799447 2.482179 0.594386 3.712321
14690.621305 2 0.799439 2.491460 0.595655 3.711827
14694.248720 2 0.799430 2.500777 0.596925 3.711334
14697.876289 2 0.799421 2.510128 0.598194 3.710841
14701.504013 2 0.799412 2.519515 0.599463 3.710348
14705.131895 2 0.799403 2.528936 0.600732 3.709855
14708.759933 2 0.799393 2.538393 0.602002 3.709362
14712.388131 2 0.799384 2.547885 0.603271 3.708868
14716.016489 2 0.799375 2.557413 0.604540 3.708375
14719.645007 2 0.799366 2.566976 0.605810 3.707882
14720.207188 3 0.799364 2.568467 0.606008 3.707806
14723.340870 3 0.799356 2.578783 0.609080 3.707703
14728.641285 3 0.799342 2.596472 0.614318 3.707528
14733.888697 3 0.799328 2.614286 0.619556 3.707353
14739.083634 3 0.799314 2.632226 0.624793 3.707177
14744.226622 3 0.799300 2.650293 0.630031 3.707001
14749.318180 3 0.799285 2.668489 0.635269 3.706825
14754.358822 3 0.799271 2.686814 0.640507 3.706648
14759.349058 3 0.799256 2.705269 0.645744 3.706471
14764.289392 3 0.799241 2.723855 0.650982 3.706294
14769.180322 3 0.799226 2.742573 0.656220 3.706116
14774.022343 3 0.799211 2.761424 0.661458 3.705938
14778.815944 3 0.799196 2.780409 0.666696 3.705760
14783.561609 3 0.799181 2.799529 0.671933 3.705581
14788.259817 3 0.799165 2.818786 0.677171 3.705402
14792.911043 3 0.799150 2.838179 0.682409 3.705223
14797.515757 3 0.799134 2.857711 0.687647 3.705043
14802.074424 3 0.799118 2.877381 0.692884 3.704863
14806.587504 3 0.799102 2.897192 0.698122 3.704682
14811.055453 3 0.799086 2.917144 0.703360 3.704502
14815.478722 3 0.799070 2.937239 0.708598 3.704320
14819.857759 3 0.799053 2.957477 0.713835 3.704139
14824.193006 3 0.799036 2.977859 0.719073 3.703957
14828.484900 3 0.799020 2.998387 0.724311 3.703774
14832.733876 3 0.799003 3.019061 0.729549 3.703592
14836.940361 3 0.798986 3.039883 0.734787 3.703409
14841.104782 3 0.798969 3.060855 0.740024 3.703225
14845.227558 3 0.798951 3.081976 0.745262 3.703041
14849.309107 3 0.798934 3.103248 0.750500 3.702857
14853.349840 3 0.798916 3.124672 0.755738 3.702673
14857.350166 3 0.798898 3.146250 0.760975 3.702488
14861.310488 3 0.798880 3.167983 0.766213 3.702302
14865.231208 3 0.798862 3.189871 0.771451 3.702117
14869.112720 3 0.798844 3.211916 0.776689 3.701931
14872.955417 3 0.798825 3.234119 0.781926 3.701744
14876.759687 3 0.798807 3.256482 0.787164 3.701557
14880.525914 3 0.798788 3.279005 0.792402 3.701370
14884.254479 3 0.798769 3.301689 0.797640 3.701182
14887.945759 3 0.798750 3.324537 0.802877 3.700994
14891.600125 3 0.798730 3.347549 0.808115 3.700806
14895.217948 3 0.798711 3.370726 0.813353 3.700617
14898.799593 3 0.798691 3.394070 0.818591 3.700428
14902.345421 3 0.798671 3.417582 0.823829 3.700238
14905.855791 3 0.798651 3.441263 0.829066 3.700048
14909.331058 3 0.798631 3.465115 0.834304 3.699858
14912.771571 3 0.798611 3.489139 0.839542 3.699667
14916.177680 3 0.798590 3.513335 0.844780 3.699476
14919.549727 3 0.798569 3.537706 0.850017 3.699284
14922.888054 3 0.798548 3.562253 0.855255 3.699092
14926.192998 3 0.798527 3.586977 0.860493 3.698899
14929.464892 3 0.798506 3.611880 0.865731 3.698707
14932.704068 3 0.798484 3.636962 0.870968 3.698513
14935.910851 3 0.798463 3.662226 0.876206 3.698320
14939.085567 3 0.798441 3.687672 0.881444 3.698125
14942.228535 3 0.798419 3.713303 0.886682 3.697931
14945.340074 3 0.798396 3.739118 0.891920 3.697736
14948.420498 3 0.798374 3.765121 0.897157 3.697540
14951.470117 3 0.798351 3.791312 0.902395 3.697345
14954.489240 3 0.798328 3.817692 0.907633 3.697148
14957.478172 3 0.798305 3.844264 0.912871 3.696952
14960.437214 3 0.798282 3.871029 0.918108 3.696754
14963.366666 3 0.798258 3.897987 0.923346 3.696557
14966.266824 3 0.798235 3.925141 0.928584 3.696359
14969.137980 3 0.798211 3.952493 0.933822 3.696160
14971.980424 3 0.798187 3.980043 0.939059 3.695962
14974.794444 3 0.798162 4.007793 0.944297 3.695762
14977.580324 3 0.798138 4.035745 0.949535 3.695562
14980.338345 3 0.798113 4.063900 0.954773 3.695362
14983.068786 3 0.798088 4.092260 0.960010 3.695162
14985.771922 3 0.798062 4.120827 0.965248 3.694960
14988.448027 3 0.798037 4.149601 0.970486 3.694759
14991.097371 3 0.798011 4.178585 0.975724 3.694557
14993.720222 3 0.797985 4.207781 0.980962 3.694354
14996.316844 3 0.797959 4.237189 0.986199 3.694151
14998.887500 3 0.797933 4.266812 0.991437 3.693948
15001.432449 3 0.797906 4.296651 0.996675 3.693744
15003.951949 3 0.797879 4.326709 1.001913 3.693540
15006.446253 3 0.797852 4.356985 1.007150 3.693335
15008.915615 3 0.797824 4.387483 1.012388 3.693130
15011.360283 3 0.797797 4.418204 1.017626 3.692924
15013.780505 3 0.797769 4.449150 1.022864 3.692718
15016.176524 3 0.797741 4.480323 1.028101 3.692511
15018.548583 3 0.797712 4.511723 1.033339 3.692304
15020.896921 3 0.797683 4.543354 1.038577 3.692097
15023.221776 3 0.797655 4.575216 1.043815 3.691888
15025.523383 3 0.797625 4.607313 1.049053 3.691680
15027.801973 3 0.797596 4.639644 1.054290 3.691471
15030.057778 3 0.797566 4.672213 1.059528 3.691261
15032.291024 3 0.797536 4.705022 1.064766 3.691051
15034.501938 3 0.797506 4.738071 1.070004 3.690841
15036.690743 3 0.797475 4.771363 1.075241 3.690630
15038.857660 3 0.797444 4.804901 1.080479 3.690418
15041.002907 3 0.797413 4.838684 1.085717 3.690206
15043.126702 3 0.797382 4.872717 1.090955 3.689994
15045.229260 3 0.797350 4.907000 1.096192 3.689781
15047.310791 3 0.797318 4.941536 1.101430 3.689567
15049.371508 3 0.797286 4.976327 1.106668 3.689353
15051.411617 3 0.797253 5.011374 1.111906 3.689139
15053.431325 3 0.797221 5.046680 1.117143 3.688924
15055.430836 3 0.797187 5.082247 1.122381 3.688708
15057.410352 3 0.797154 5.118076 1.127619 3.688492
15059.370072 3 0.797120 5.154170 1.132857 3.688275
15061.310196 3 0.797086 5.190531 1.138095 3.688058
15063.230918 3 0.797052 5.227162 1.143332 3.687841
15065.132433 3 0.797017 5.264063 1.148570 3.687623
15067.014933 3 0.796982 5.301237 1.153808 3.687404
15068.878608 3 0.796947 5.338687 1.159046 3.687185
15070.723646 3 0.796911 5.376415 1.164283 3.686965
15072.550234 3 0.796875 5.414423 1.169521 3.686745
15074.358556 3 0.796839 5.452712 1.174759 3.686524
15076.148794 3 0.796802 5.491286 1.179997 3.686303
15077.921131 3 0.796765 5.530147 1.185234 3.686081
15079.675744 3 0.796728 5.569296 1.190472 3.685858
15081.412810 3 0.796690 5.608736 1.195710 3.685636
15083.132507 3 0.796652 5.648470 1.200948 3.685412
15084.835006 3 0.796614 5.688500 1.206185 3.685188
15086.520480 3 0.796575 5.728828 1.211423 3.684963
15088.189099 3 0.796536 5.769456 1.216661 3.684738
15089.841033 3 0.796497 5.810388 1.221899 3.684513
15091.476446 3 0.796457 5.851624 1.227137 3.684286
15093.095506 3 0.796417 5.893169 1.232374 3.684060
15094.698375 3 0.796376 5.935024 1.237612 3.683832
15096.285216 3 0.796335 5.977191 1.242850 3.683604
15097.856188 3 0.796294 6.019674 1.248088 3.683376
15099.411450 3 0.796253 6.062474 1.253325 3.683147
15100.951160 3 0.796210 6.105595 1.258563 3.682917
15102.475473 3 0.796168 6.149039 1.263801 3.682687
15103.984542 3 0.796125 6.192808 1.269039 3.682456
15105.478521 3 0.796082 6.236905 1.274276 3.682225
15106.957560 3 0.796039 6.281334 1.279514 3.681993
15108.421809 3 0.795995 6.326095 1.284752 3.681761
15109.871415 3 0.795950 6.371193 1.289990 3.681528
15111.306525 3 0.795905 6.416629 1.295228 3.681294
15112.727284 3 0.795860 6.462407 1.300465 3.681060
15114.133835 3 0.795815 6.508529 1.305703 3.680825
15115.526321 3 0.795768 6.554999 1.310941 3.680589
15116.904882 3 0.795722 6.601818 1.316179 3.680353
15118.269658 3 0.795675 6.648990 1.321416 3.680117
15119.620785 3 0.795628 6.696517 1.326654 3.679880
15120.958402 3 0.795580 6.744403 1.331892 3.679642
15122.282642 3 0.795532 6.792650 1.337130 3.679403
15123.593640 3 0.795483 6.841262 1.342367 3.679164
15124.891527 3 0.795434 6.890241 1.347605 3.678925
15126.176436 3 0.795384 6.939590 1.352843 3.678684
15127.448496 3 0.795334 6.989312 1.358081 3.678444
15128.707836 3 0.795284 7.039411 1.363318 3.678202
15129.954581 3 0.795233 7.089889 1.368556 3.677960
15131.188860 3 0.795182 7.140749 1.373794 3.677717
15132.410795 3 0.795130 7.191995 1.379032 3.677474
15133.620512 3 0.795077 7.243630 1.384270 3.677230
15134.818131 3 0.795024 7.295656 1.389507 3.676985
15136.003774 3 0.794971 7.348078 1.394745 3.676740
15137.177560 3 0.794917 7.400898 1.399983 3.676494
15138.339609 3 0.794863 7.454119 1.405221 3.676248
15139.490037 3 0.794808 7.507746 1.410458 3.676000
15140.628961 3 0.794753 7.561780 1.415696 3.675753
15141.756495 3 0.794697 7.616226 1.420934 3.675504
15142.872755 3 0.794640 7.671087 1.426172 3.675255
15143.977851 3 0.794584 7.726367 1.431409 3.675005
15145.071897 3 0.794526 7.782068 1.436647 3.674755
15146.155002 3 0.794468 7.838194 1.441885 3.674504
15147.227277 3 0.794410 7.894749 1.447123 3.674252
15148.288828 3 0.794350 7.951736 1.452361 3.674000
15149.339764 3 0.794291 8.009160 1.457598 3.673747
15150.380191 3 0.794231 8.067022 1.462836 3.673493
15151.410213 3 0.794170 8.125328 1.468074 3.673239
15152.429935 3 0.794109 8.184080 1.473312 3.672984
15153.439460 3 0.794047 8.243283 1.478549 3.672728
15154.438890 3 0.793984 8.302940 1.483787 3.672471
15155.428325 3 0.793921 8.363055 1.489025 3.672214
15156.407866 3 0.793858 8.423632 1.494263 3.671957
15157.377611 3 0.793793 8.484674 1.499500 3.671698
15158.337660 3 0.793729 8.546185 1.504738 3.671439
15159.288107 3 0.793663 8.608170 1.509976 3.671179
15160.229050 3 0.793597 8.670632 1.515214 3.670919
15161.160584 3 0.793530 8.733575 1.520451 3.670657
15162.082802 3 0.793463 8.797004 1.525689 3.670395
15162.995799 3 0.793395 8.860922 1.530927 3.670133
15163.899665 3 0.793327 8.925333 1.536165 3.669870
15164.794493 3 0.793257 8.990242 1.541403 3.669606
15165.680372 3 0.793188 9.055652 1.546640 3.669341
15166.557392 3 0.793117 9.121568 1.551878 3.669075
15167.425643 3 0.793046 9.187994 1.557116 3.668809
15168.285210 3 0.792974 9.254934 1.562354 3.668542
15169.136183 3 0.792902 9.322394 1.567591 3.668275
15169.978645 3 0.792828 9.390376 1.572829 3.668006
15170.812683 3 0.792754 9.458885 1.578067 3.667737
15171.638380 3 0.792680 9.527926 1.583305 3.667468
15172.455821 3 0.792605 9.597504 1.588542 3.667197
15173.265087 3 0.792529 9.667622 1.593780 3.666926
15174.066260 3 0.792452 9.738286 1.599018 3.666654
15174.859422 3 0.792374 9.809500 1.604256 3.666381
15175.644652 3 0.792296 9.881268 1.609494 3.666108
15176.422029 3 0.792217 9.953595 1.614731 3.665833
15177.191633 3 0.792138 10.026487 1.619969 3.665558
15177.953541 3 0.792057 10.099947 1.625207 3.665283
15178.707830 3 0.791976 10.173981 1.630445 3.665006
15179.454576 3 0.791894 10.248593 1.635682 3.664729
15180.193854 3 0.791812 10.323789 1.640920 3.664451
15180.925740 3 0.791728 10.399573 1.646158 3.664172
15181.650307 3 0.791644 10.475950 1.651396 3.663893
15182.367628 3 0.791559 10.552925 1.656633 3.663612
15183.077776 3 0.791473 10.630504 1.661871 3.663331
15183.780822 3 0.791386 10.708692 1.667109 3.663050
15184.476838 3 0.791299 10.787493 1.672347 3.662767
15185.165894 3 0.791210 10.866913 1.677584 3.662484
15185.848060 3 0.791121 10.946957 1.682822 3.662199
15186.523403 3 0.791031 11.027631 1.688060 3.661914
15187.191993 3 0.790940 11.108940 1.693298 3.661629
15187.853898 3 0.790848 11.190889 1.698536 3.661342
15188.509183 3 0.790756 11.273484 1.703773 3.661055
15189.157915 3 0.790662 11.356730 1.709011 3.660767
15189.800160 3 0.790568 11.440634 1.714249 3.660478
15190.435983 3 0.790473 11.525200 1.719487 3.660188
15191.065447 3 0.790376 11.610434 1.724724 3.659897
15191.688617 3 0.790279 11.696342 1.729962 3.659606
15192.305555 3 0.790181 11.782930 1.735200 3.659314
15192.916324 3 0.790082 11.870204 1.740438 3.659021
15193.520985 3 0.789982 11.958169 1.745675 3.658727
15194.119599 3 0.789881 12.046832 1.750913 3.658432
15194.712228 3 0.789779 12.136199 1.756151 3.658137
15195.298930 3 0.789677 12.226275 1.761389 3.657841
15195.879764 3 0.789573 12.317067 1.766627 3.657544
15196.454791 3 0.789468 12.408580 1.771864 3.657246
15197.024067 3 0.789362 12.500822 1.777102 3.656947
15197.587651 3 0.789255 12.593799 1.782340 3.656647
15198.145599 3 0.789147 12.687517 1.787578 3.656347
15198.697967 3 0.789038 12.781981 1.792815 3.656045
15199.244811 3 0.788929 12.877200 1.798053 3.655743
15199.786188 3 0.788818 12.973179 1.803291 3.655440
15200.322150 3 0.788705 13.069925 1.808529 3.655136
15200.852753 3 0.788592 13.167444 1.813766 3.654831
15201.378049 3 0.788478 13.265744 1.819004 3.654526
15201.898093 3 0.788363 13.364832 1.824242 3.654219
15202.412936 3 0.788246 13.464713 1.829480 3.653912
15202.922631 3 0.788129 13.565395 1.834717 3.653604
15203.427229 3 0.788010 13.666886 1.839955 3.653295
15203.926781 3 0.787890 13.769191 1.845193 3.652985
15204.421338 3 0.787769 13.872319 1.850431 3.652674
15204.910948 3 0.787647 13.976276 1.855669 3.652362
15205.395663 3 0.787523 14.081070 1.860906 3.652049
15205.875531 3 0.787399 14.186708 1.866144 3.651736
15206.350600 3 0.787273 14.293198 1.871382 3.651421
15206.820918 3 0.787146 14.400546 1.876620 3.651106
15207.286533 3 0.787018 14.508761 1.881857 3.650790
15207.747492 3 0.786888 14.617850 1.887095 3.650473
15208.203841 3 0.786758 14.727822 1.892333 3.650155
15208.655627 3 0.786626 14.838682 1.897571 3.649836
15209.102895 3 0.786492 14.950441 1.902808 3.649516
15209.545690 3 0.786358 15.063105 1.908046 3.649195
15209.984058 3 0.786222 15.176682 1.913284 3.648873
15210.418041 3 0.786085 15.291181 1.918522 3.648550
15210.847685 3 0.785946 15.406610 1.923760 3.648227
15211.273032 3 0.785806 15.522977 1.928997 3.647902
15211.694126 3 0.785665 15.640290 1.934235 3.647577
15212.111009 3 0.785522 15.758558 1.939473 3.647251
15212.523723 3 0.785378 15.877789 1.944711 3.646923
15212.932310 3 0.785233 15.997992 1.949948 3.646595
15213.336812 3 0.785086 16.119175 1.955186 3.646266
15213.737268 3 0.784938 16.241348 1.960424 3.645935
15214.133719 3 0.784788 16.364519 1.965662 3.645604
15214.526206 3 0.784637 16.488697 1.970899 3.645272
15214.914768 3 0.784484 16.613891 1.976137 3.644939
15215.299445 3 0.784330 16.740109 1.981375 3.644605
15215.680275 3 0.784174 16.867363 1.986613 3.644270
15216.057296 3 0.784017 16.995660 1.991850 3.643934
15216.430547 3 0.783858 17.125009 1.997088 3.643597
15216.800066 3 0.783697 17.255421 2.002326 3.643259
15217.165890 3 0.783535 17.386906 2.007564 3.642920
15217.528055 3 0.783372 17.519471 2.012802 3.642580
15217.886599 3 0.783207 17.653128 2.018039 3.642240
15218.241557 3 0.783040 17.787887 2.023277 3.641898
15218.592966 3 0.782871 17.923756 2.028515 3.641555
15218.940860 3 0.782701 18.060747 2.033753 3.641211
15219.285276 3 0.782530 18.198869 2.038990 3.640866
15219.626247 3 0.782356 18.338132 2.044228 3.640520
15219.963809 3 0.782181 18.478547 2.049466 3.640173
15220.297995 3 0.782004 18.620125 2.054704 3.639825
15220.628840 3 0.781825 18.762876 2.059941 3.639476
15220.956375 3 0.781645 18.906810 2.065179 3.639126
15221.280636 3 0.781462 19.051938 2.070417 3.638775
15221.601654 3 0.781278 19.198272 2.075655 3.638423
15221.919461 3 0.781092 19.345822 2.080892 3.638070
15222.234091 3 0.780905 19.494599 2.086130 3.637716
15222.545574 3 0.780715 19.644614 2.091368 3.637361
15222.853943 3 0.780524 19.795879 2.096606 3.637005
15223.159228 3 0.780330 19.948406 2.101844 3.636647
15223.461460 3 0.780135 20.102205 2.107081 3.636289
15223.760669 3 0.779937 20.257288 2.112319 3.635930
15224.056887 3 0.779738 20.413668 2.117557 3.635569
15224.350142 3 0.779537 20.571356 2.122795 3.635208
15224.640465 3 0.779334 20.730364 2.128032 3.634845
15224.927885 3 0.779128 20.890704 2.133270 3.634482
15225.212430 3 0.778921 21.052388 2.138508 3.634117
15225.494130 3 0.778711 21.215430 2.143746 3.633751
15225.773013 3 0.778500 21.379840 2.148983 3.633384
15226.049107 3 0.778286 21.545633 2.154221 3.633016
15226.322440 3 0.778070 21.712821 2.159459 3.632647
15226.593040 3 0.777852 21.881416 2.164697 3.632277
15226.860934 3 0.777632 22.051432 2.169935 3.631906
15227.126149 3 0.777410 22.222882 2.175172 3.631533
15227.388711 3 0.777185 22.395779 2.180410 3.631160
15227.648648 3 0.776958 22.570137 2.185648 3.630785
15227.905986 3 0.776729 22.745969 2.190886 3.630410
15228.160751 3 0.776497 22.923289 2.196123 3.630033
15228.412967 3 0.776263 23.102111 2.201361 3.629655
15228.662662 3 0.776027 23.282448 2.206599 3.629276
15228.909859 3 0.775788 23.464315 2.211837 3.628896
15229.154585 3 0.775547 23.647727 2.217074 3.628514
15229.396863 3 0.775303 23.832697 2.222312 3.628132
15229.636719 3 0.775057 24.019241 2.227550 3.627748
15229.874176 3 0.774809 24.207372 2.232788 3.627364
15230.109259 3 0.774558 24.397106 2.238025 3.626978
15230.341990 3 0.774304 24.588458 2.243263 3.626591
15230.572395 3 0.774048 24.781444 2.248501 3.626203
15230.800495 3 0.773789 24.976077 2.253739 3.625813
15231.026314 3 0.773528 25.172375 2.258977 3.625423
15231.249875 3 0.773264 25.370353 2.264214 3.625031
15231.471201 3 0.772997 25.570026 2.269452 3.624638
15231.690313 3 0.772727 25.771410 2.274690 3.624244
15231.907234 3 0.772455 25.974522 2.279928 3.623849
15232.121986 3 0.772180 26.179378 2.285165 3.623452
15232.334590 3 0.771902 26.385995 2.290403 3.623055
15232.545069 3 0.771621 26.594389 2.295641 3.622656
15232.753442 3 0.771337 26.804577 2.300879 3.622256
15232.959732 3 0.771050 27.016577 2.306116 3.621855
15233.163959 3 0.770761 27.230405 2.311354 3.621452
15233.366144 3 0.770468 27.446078 2.316592 3.621048
15233.566306 3 0.770173 27.663616 2.321830 3.620644
15233.764467 3 0.769874 27.883034 2.327068 3.620237
15233.960647 3 0.769572 28.104351 2.332305 3.619830
15234.154865 3 0.769267 28.327586 2.337543 3.619422
15234.347140 3 0.768959 28.552757 2.342781 3.619012
15234.537493 3 0.768648 28.779882 2.348019 3.618601
15234.725942 3 0.768333 29.008980 2.353256 3.618188
15234.912507 3 0.768016 29.240070 2.358494 3.617775
15235.097206 3 0.767695 29.473171 2.363732 3.617360
15235.280059 3 0.767370 29.708302 2.368970 3.616944
15235.461082 3 0.767042 29.945484 2.374207 3.616527
15235.640296 3 0.766711 30.184735 2.379445 3.616108
15235.817717 3 0.766377 30.426076 2.384683 3.615688
15235.993364 3 0.766038 30.669527 2.389921 3.615267
15236.167255 3 0.765697 30.915109 2.395158 3.614845
15236.339406 3 0.765351 31.162842 2.400396 3.614421
15236.509836 3 0.765002 31.412747 2.405634 3.613996
15236.678562 3 0.764650 31.664844 2.410872 3.613570
15236.845601 3 0.764293 31.919156 2.416110 3.613142
15237.010969 3 0.763933 32.175705 2.421347 3.612713
15237.174684 3 0.763569 32.434510 2.426585 3.612283
15237.336761 3 0.763202 32.695596 2.431823 3.611852
15237.497218 3 0.762830 32.958984 2.437061 3.611419
15237.656070 3 0.762455 33.224696 2.442298 3.610985
15237.813333 3 0.762075 33.492755 2.447536 3.610549
15237.969024 3 0.761692 33.763185 2.452774 3.610112
15238.123158 3 0.761304 34.036008 2.458012 3.609674
15238.275751 3 0.760912 34.311249 2.463249 3.609235
15238.426818 3 0.760517 34.588930 2.468487 3.608794
15238.576374 3 0.760116 34.869076 2.473725 3.608352
15238.724434 3 0.759712 35.151712 2.478963 3.607908
15238.871014 3 0.759303 35.436861 2.484201 3.607463
15239.016128 3 0.758890 35.724549 2.489438 3.607017
15239.159791 3 0.758473 36.014801 2.494676 3.606569
15239.302017 3 0.758051 36.307642 2.499914 3.606120
15239.442821 3 0.757625 36.603098 2.505152 3.605670
15239.582217 3 0.757194 36.901194 2.510389 3.605218
15239.720219 3 0.756758 37.201958 2.515627 3.604764
15239.856841 3 0.756318 37.505416 2.520865 3.604310
15239.992097 3 0.755873 37.811594 2.526103 3.603854
15240.126001 3 0.755423 38.120520 2.531340 3.603396
15240.258565 3 0.754968 38.432221 2.536578 3.602937
15240.389803 3 0.754508 38.746725 2.541816 3.602477
15240.519730 3 0.754044 39.064061 2.547054 3.602015
15240.648357 3 0.753574 39.384256 2.552291 3.601552
15240.775697 3 0.753099 39.707339 2.557529 3.601087
15240.901764 3 0.752619 40.033339 2.562767 3.600621
15241.026571 3 0.752134 40.362286 2.568005 3.600154
15241.150130 3 0.751644 40.694210 2.573243 3.599685
15241.272452 3 0.751148 41.029140 2.578480 3.599214
15241.393552 3 0.750647 41.367108 2.583718 3.598743
15241.513441 3 0.750140 41.708143 2.588956 3.598269
15241.632131 3 0.749628 42.052277 2.594194 3.597794
15241.749634 3 0.749110 42.399541 2.599431 3.597318
15241.865962 3 0.748586 42.749968 2.604669 3.596840
15241.981126 3 0.748057 43.103589 2.609907 3.596361
15242.095139 3 0.747522 43.460437 2.615145 3.595880
15242.208012 3 0.746981 43.820545 2.620382 3.595397
15242.319756 3 0.746434 44.183947 2.625620 3.594913
15242.430383 3 0.745881 44.550676 2.630858 3.594428
15242.539903 3 0.745321 44.920766 2.636096 3.593941
15242.648328 3 0.744756 45.294253 2.641334 3.593452
15242.755669 3 0.744184 45.671170 2.646571 3.592962
15242.861937 3 0.743606 46.051553 2.651809 3.592471
15242.967142 3 0.743022 46.435439 2.657047 3.591977
15243.071294 3 0.742431 46.822863 2.662285 3.591483
15243.174406 3 0.741833 47.213862 2.667522 3.590986
15243.276486 3 0.741229 47.608473 2.672760 3.590488
15243.377545 3 0.740618 48.006733 2.677998 3.589989
15243.477594 3 0.740000 48.408681 2.683236 3.589488
15243.577594 3 0.739375 48.814356 2.688473 3.588985
15243.677594 3 0.738743 49.223795 2.693711 3.588481
15243.777594 3 0.738104 49.637039 2.698949 3.587975
15243.877594 3 0.737458 50.054127 2.704187 3.587467
15243.977594 3 0.736804 50.475099 2.709424 3.586958
15244.077594 3 0.736143 50.899997 2.714662 3.586447
15244.177594 3 0.735475 51.328862 2.719900 3.585935
15244.277594 3 0.734798 51.761735 2.725138 3.585421
15244.377594 3 0.734115 52.198660 2.730376 3.584905
15244.477594 3 0.733423 52.639678 2.735613 3.584387
15244.577594 3 0.732724 53.084834 2.740851 3.583868
15244.677594 3 0.732016 53.534171 2.746089 3.583347
15244.777594 3 0.731300 53.987734 2.751327 3.582825
15244.877594 3 0.730576 54.445568 2.756564 3.582300
15244.977594 3 0.729844 54.907718 2.761802 3.581774
15245.077594 3 0.729104 55.374231 2.767040 3.581247
15245.177594 3 0.728354 55.845154 2.772278 3.580717
15245.277594 3 0.727597 56.320534 2.777515 3.580186
15245.377594 3 0.726830 56.800418 2.782753 3.579653
15245.477594 3 0.726054 57.284856 2.787991 3.579118
15245.577594 3 0.725270 57.773897 2.793229 3.578582
15245.677594 3 0.724476 58.267591 2.798467 3.578044
15245.777594 3 0.723673 58.765988 2.803704 3.577504
15245.877594 3 0.722861 59.269139 2.808942 3.576962
15245.977594 3 0.722039 59.777096 2.814180 3.576418
15246.077594 3 0.721207 60.289912 2.819418 3.575873
15246.177594 3 0.720366 60.807640 2.824655 3.575325
15246.277594 3 0.719514 61.330334 2.829893 3.574776
15246.377594 3 0.718653 61.858048 2.835131 3.574225
15246.477594 3 0.717781 62.390837 2.840369 3.573672
15246.577594 3 0.716900 62.928759 2.845606 3.573118
15246.677594 3 0.716007 63.471869 2.850844 3.572561
15246.777594 3 0.715104 64.020225 2.856082 3.572002
15246.877594 3 0.714190 64.573886 2.861320 3.571442
15246.977594 3 0.713265 65.132910 2.866557 3.570880
15247.077594 3 0.712330 65.697358 2.871795 3.570315
15247.177594 3 0.711382 66.267291 2.877033 3.569749
15247.277594 3 0.710424 66.842769 2.882271 3.569181
15247.377594 3 0.709454 67.423856 2.887509 3.568611
15247.477594 3 0.708472 68.010615 2.892746 3.568039
15247.577594 3 0.707478 68.603110 2.897984 3.567465
15247.677594 3 0.706472 69.201407 2.903222 3.566889
15247.777594 3 0.705454 69.805570 2.908460 3.566310
15247.877594 3 0.704424 70.415668 2.913697 3.565730
15247.977594 3 0.703380 71.031768 2.918935 3.565148
15248.077594 3 0.702324 71.653938 2.924173 3.564564
15248.177594 3 0.701256 72.282250 2.929411 3.563977
15248.277594 3 0.700173 72.916774 2.934648 3.563389
15248.377594 3 0.699078 73.557581 2.939886 3.562798
15248.477594 3 0.697969 74.204745 2.945124 3.562206
15248.577594 3 0.696846 74.858340 2.950362 3.561611
15248.677594 3 0.695709 75.518441 2.955600 3.561014
15248.777594 3 0.694558 76.185124 2.960837 3.560415
15248.877594 3 0.693392 76.858467 2.966075 3.559813
15248.977594 3 0.692212 77.538549 2.971313 3.559210
15249.077594 3 0.691017 78.225448 2.976551 3.558604
15249.177594 3 0.689806 78.919246 2.981788 3.557996
15249.277594 3 0.688581 79.620026 2.987026 3.557386
15249.377594 3 0.687340 80.327871 2.992264 3.556773
15249.477594 3 0.686083 81.042866 2.997502 3.556159
15249.577594 3 0.684810 81.765097 3.002739 3.555541
15249.677594 3 0.683521 82.494651 3.007977 3.554922
15249.777594 3 0.682215 83.231618 3.013215 3.554300
15249.877594 3 0.680892 83.976088 3.018453 3.553676
15249.977594 3 0.679552 84.728152 3.023690 3.553049
15250.077594 3 0.678195 85.487905 3.028928 3.552420
15250.177594 3 0.676820 86.255440 3.034166 3.551789
15250.277594 3 0.675427 87.030855 3.039404 3.551155
15250.377594 3 0.674016 87.814248 3.044642 3.550518
15250.477594 3 0.672586 88.605718 3.049879 3.549880
15250.577594 3 0.671138 89.405366 3.055117 3.549238
15250.677594 3 0.669670 90.213297 3.060355 3.548594
15250.777594 3 0.668183 91.029614 3.065593 3.547947
15250.877594 3 0.666676 91.854425 3.070830 3.547298
15250.977594 3 0.665148 92.687839 3.076068 3.546646
15251.077594 3 0.663601 93.529966 3.081306 3.545992
15251.177594 3 0.662032 94.380918 3.086544 3.545334
15251.277594 3 0.660442 95.240811 3.091781 3.544674
15251.377594 3 0.658831 96.109761 3.097019 3.544012
15251.477594 3 0.657198 96.987888 3.102257 3.543346
15251.577594 3 0.655542 97.875312 3.107495 3.542678
15251.677594 3 0.653864 98.772156 3.112732 3.542006
15251.777594 3 0.652162 99.678548 3.117970 3.541332
15251.877594 3 0.650437 100.594615 3.123208 3.540655
15251.977594 3 0.648688 101.520487 3.128446 3.539975
15252.077594 3 0.646914 102.456299 3.133684 3.539292
15252.177594 3 0.645116 103.402187 3.138921 3.538606
15252.277594 3 0.643292 104.358289 3.144159 3.537917
15252.377594 3 0.641443 105.324747 3.149397 3.537225
15252.477594 3 0.639567 106.301706 3.154635 3.536529
15252.577594 3 0.637665 107.289314 3.159872 3.535830
15252.677594 3 0.635735 108.287721 3.165110 3.535128
15252.777594 3 0.633777 109.297083 3.170348 3.534423
15252.877594 3 0.631791 110.317555 3.175586 3.533715
15252.977594 3 0.629776 111.349300 3.180823 3.533003
15253.077594 3 0.627732 112.392483 3.186061 3.532287
15253.177594 3 0.625658 113.447271 3.191299 3.531568
15253.277594 3 0.623553 114.513837 3.196537 3.530846
15253.377594 3 0.621416 115.592358 3.201775 3.530120
15253.477594 3 0.619248 116.683015 3.207012 3.529390
15253.577594 3 0.617048 117.785992 3.212250 3.528656
15253.677594 3 0.614814 118.901480 3.217488 3.527919
15253.777594 3 0.612546 120.029673 3.222726 3.527178
15253.877594 3 0.610244 121.170770 3.227963 3.526432
15253.977594 3 0.607906 122.324977 3.233201 3.525683
15254.077594 3 0.605532 123.492503 3.238439 3.524930
15254.177594 3 0.603121 124.673564 3.243677 3.524173
15254.277594 3 0.600673 125.868382 3.248914 3.523411
15254.377594 3 0.598186 127.077184 3.254152 3.522645
15254.477594 3 0.595660 128.300206 3.259390 3.521874
15254.577594 3 0.593093 129.537688 3.264628 3.521099
15254.677594 3 0.590485 130.603802 3.269865 3.520629
15254.777594 3 0.587839 131.512904 3.275103 3.520432
15254.877594 3 0.585157 132.413822 3.280341 3.520259
15254.977594 3 0.582439 133.304882 3.285578 3.520112
15255.077594 3 0.579684 134.184186 3.290816 3.519994
15255.177594 3 0.576892 135.049575 3.296054 3.519907
15255.277594 3 0.574063 135.898579 3.301291 3.519856
15255.377594 3 0.571196 136.728363 3.306529 3.519843
15255.477594 3 0.568292 137.535649 3.311766 3.519875
15255.577594 3 0.565349 138.316625 3.317004 3.519954
15255.677594 3 0.562369 139.066819 3.322241 3.520089
15255.777594 3 0.559350 139.780948 3.327479 3.520286
15255.877594 3 0.556293 140.452692 3.332716 3.520554
15255.977594 3 0.553199 141.074410 3.337953 3.520905
15256.077594 3 0.550067 141.636717 3.343189 3.521350
15256.177594 3 0.546898 142.127887 3.348426 3.521907
15256.277594 3 0.543694 142.532949 3.353662 3.522598
15256.377594 3 0.540455 142.832265 3.358897 3.523452
15256.477594 3 0.537183 142.999205 3.364131 3.524507
15256.577594 3 0.533881 142.996096 3.369364 3.525819
15256.677594 3 0.530552 142.766702 3.374593 3.527475
15256.777594 3 0.527201 142.221107 3.379818 3.529613
15256.877594 4 0.527077 0.383106 1.337552 4.303869
15256.977594 4 0.527077 0.382910 1.337552 4.303980
15257.077594 4 0.527077 0.382716 1.337552 4.304090
15257.177594 4 0.527077 0.382524 1.337552 4.304199
15257.277594 4 0.527077 0.382335 1.337552 4.304307
15257.377594 4 0.527077 0.382147 1.337552 4.304414
15257.477594 4 0.527077 0.381961 1.337552 4.304519
15257.577594 4 0.527077 0.381777 1.337552 4.304624
15257.677594 4 0.527077 0.381595 1.337552 4.304727
15257.777594 4 0.527077 0.381415 1.337553 4.304830
15257.877594 4 0.527077 0.381236 1.337553 4.304932
15257.977594 4 0.527077 0.381060 1.337553 4.305032
15258.077594 4 0.527077 0.380885 1.337553 4.305132
15258.177594 4 0.527077 0.380712 1.337553 4.305230
15258.277594 4 0.527077 0.380541 1.337554 4.305328
15258.377594 4 0.527077 0.380372 1.337554 4.305425
15258.477594 4 0.527077 0.380204 1.337554 4.305521
15258.577594 4 0.527077 0.380038 1.337555 4.305615
15258.677594 4 0.527077 0.379874 1.337555 4.305709
15258.777594 4 0.527077 0.379712 1.337556 4.305802
15258.877594 4 0.527077 0.379551 1.337556 4.305894
15258.977594 4 0.527077 0.379392 1.337556 4.305986
15259.077594 4 0.527077 0.379234 1.337557 4.306076
15259.177594 4 0.527077 0.379079 1.337557 4.306165
15259.277594 4 0.527077 0.378924 1.337558 4.306254
15259.377594 4 0.527077 0.378772 1.337558 4.306342
15259.477594 4 0.527077 0.378620 1.337559 4.306428
15259.577594 4 0.527077 0.378471 1.337560 4.306514
15259.677594 4 0.527077 0.378323 1.337560 4.306599
15259.777594 4 0.527077 0.378176 1.337561 4.306684
15259.877594 4 0.527077 0.378031 1.337562 4.306767
15259.977594 4 0.527076 0.377888 1.337562 4.306850
15260.077594 4 0.527076 0.377746 1.337563 4.306931
15260.177594 4 0.527076 0.377605 1.337564 4.307012
15260.277594 4 0.527076 0.377466 1.337565 4.307093
15260.377594 4 0.527076 0.377329 1.337565 4.307172
15260.477594 4 0.527076 0.377192 1.337566 4.307251
15260.577594 4 0.527076 0.377057 1.337567 4.307329
15260.677594 4 0.527076 0.376924 1.337568 4.307406
15260.777594 4 0.527076 0.376792 1.337569 4.307482
15260.877594 4 0.527076 0.376661 1.337570 4.307558
15260.977594 4 0.527076 0.376532 1.337570 4.307632
15261.077594 4 0.527076 0.376404 1.337571 4.307707
15261.177594 4 0.527076 0.376277 1.337572 4.307780
15261.277594 4 0.527076 0.376151 1.337573 4.307853
15261.377594 4 0.527076 0.376027 1.337574 4.307924
15261.477594 4 0.527076 0.375904 1.337575 4.307996
15261.577594 4 0.527076 0.375783 1.337576 4.308066
15261.677594 4 0.527076 0.375662 1.337577 4.308136
15261.777594 4 0.527076 0.375543 1.337578 4.308205
15261.877594 4 0.527076 0.375425 1.337579 4.308274
15261.977594 4 0.527076 0.375309 1.337580 4.308341
15262.077594 4 0.527076 0.375193 1.337581 4.308409
15262.177594 4 0.527076 0.375079 1.337583 4.308475
15262.277594 4 0.527076 0.374966 1.337584 4.308541
15262.377594 4 0.527076 0.374854 1.337585 4.308606
15262.477594 4 0.527076 0.374743 1.337586 4.308670
15262.577594 4 0.527076 0.374633 1.337587 4.308734
15262.677594 4 0.527076 0.374524 1.337588 4.308797
15262.777594 4 0.527076 0.374417 1.337589 4.308860
15262.877594 4 0.527076 0.374311 1.337590 4.308922
15262.977594 4 0.527076 0.374205 1.337592 4.308983
15263.077594 4 0.527076 0.374101 1.337593 4.309044
15263.177594 4 0.527076 0.373998 1.337594 4.309104
15263.277594 4 0.527076 0.373896 1.337595 4.309164
15263.377594 4 0.527076 0.373795 1.337596 4.309223
15263.477594 4 0.527076 0.373695 1.337598 4.309281
15263.577594 4 0.527076 0.373596 1.337599 4.309339
15263.677594 4 0.527076 0.373498 1.337600 4.309396
15263.777594 4 0.527076 0.373401 1.337601 4.309453
15263.877594 4 0.527076 0.373305 1.337603 4.309509
15263.977594 4 0.527076 0.373210 1.337604 4.309565
15264.077594 4 0.527076 0.373116 1.337605 4.309620
15264.177594 4 0.527076 0.373023 1.337606 4.309674
15264.277594 4 0.527076 0.372931 1.337608 4.309728
15264.377594 4 0.527076 0.372840 1.337609 4.309782
15264.477594 4 0.527076 0.372750 1.337610 4.309834
15264.577594 4 0.527076 0.372660 1.337611 4.309887
15264.677594 4 0.527076 0.372572 1.337613 4.309939
15264.777594 4 0.527076 0.372484 1.337614 4.309990
15264.877594 4 0.527076 0.372444 1.337615 4.310014
15265.561561 4 0.527076 0.370184 1.337654 4.311345
15266.245527 4 0.527076 0.367939 1.337705 4.312679
15266.929494 4 0.527076 0.365709 1.337769 4.314015
15267.613460 4 0.527076 0.363496 1.337847 4.315353
15268.297427 4 0.527076 0.361299 1.337940 4.316692
15268.981394 4 0.527076 0.359120 1.338048 4.318033
15269.665360 4 0.527076 0.356960 1.338173 4.319374
15270.349327 4 0.527076 0.354820 1.338315 4.320715
15271.033293 4 0.527076 0.352701 1.338474 4.322056
15271.717260 4 0.527076 0.350603 1.338653 4.323396
15272.401226 4 0.527076 0.348528 1.338850 4.324734
15273.085193 4 0.527075 0.346475 1.339067 4.326071
15273.769160 4 0.527075 0.344447 1.339305 4.327406
15274.453126 4 0.527075 0.342443 1.339564 4.328737
15275.137093 4 0.527075 0.340465 1.339845 4.330066
15275.821059 4 0.527075 0.338513 1.340148 4.331390
15276.505026 4 0.527075 0.336588 1.340474 4.332709
15277.188992 4 0.527075 0.334691 1.340823 4.334024
15277.872959 4 0.527075 0.332823 1.341196 4.335333
15278.556926 4 0.527075 0.330983 1.341593 4.336636
15279.240892 4 0.527075 0.329174 1.342016 4.337932
15279.924859 4 0.527075 0.327395 1.342464 4.339221
15280.608825 4 0.527075 0.325647 1.342938 4.340501
15281.292792 4 0.527074 0.323931 1.343438 4.341774
15281.976758 4 0.527074 0.322248 1.343965 4.343037
15282.660725 4 0.527074 0.320598 1.344519 4.344290
15283.344692 4 0.527074 0.318982 1.345102 4.345533
15284.028658 4 0.527074 0.317400 1.345712 4.346765
15284.712625 4 0.527074 0.315853 1.346351 4.347986
15285.396591 4 0.527074 0.314343 1.347020 4.349194
15286.080558 4 0.527074 0.312868 1.347718 4.350389
15286.764524 4 0.527074 0.311431 1.348446 4.351571
15288.132458 4 0.527074 0.308670 1.349993 4.353892
15289.500391 4 0.527073 0.306064 1.351665 4.356150
15290.868324 4 0.527073 0.303620 1.353466 4.358342
15292.236257 4 0.527073 0.301340 1.355398 4.360461
15293.604190 4 0.527073 0.299231 1.357464 4.362503
15294.972123 4 0.527073 0.297299 1.359667 4.364461
15296.340056 4 0.527073 0.295547 1.362010 4.366330
15297.707990 4 0.527072 0.293983 1.364496 4.368104
15299.075923 4 0.527072 0.292611 1.367129 4.369777
15300.443856 4 0.527072 0.291439 1.369909 4.371344
15301.811789 4 0.527072 0.290471 1.372841 4.372799
15303.179722 4 0.527072 0.289716 1.375927 4.374136
15304.547655 4 0.527071 0.289180 1.379169 4.375348
15305.915588 4 0.527071 0.288872 1.382570 4.376430
15307.283522 4 0.527071 0.288799 1.386133 4.377376
15308.651455 4 0.527071 0.288971 1.389860 4.378178
15310.019388 4 0.527071 0.289397 1.393753 4.378832
15311.387321 4 0.527070 0.290089 1.397815 4.379329
15312.755254 4 0.527070 0.291056 1.402049 4.379664
15314.123187 4 0.527070 0.292312 1.406456 4.379831
15315.491121 4 0.527070 0.293871 1.411039 4.379822
15316.859054 4 0.527070 0.295746 1.415800 4.379631
15318.226987 4 0.527069 0.297955 1.420741 4.379251
15319.594920 4 0.527069 0.300514 1.425865 4.378674
15320.962853 4 0.527069 0.303443 1.431174 4.377895
15321.646820 4 0.527069 0.305053 1.433898 4.377427
15322.330786 4 0.527069 0.306763 1.436670 4.376906
15323.014753 4 0.527068 0.308577 1.439488 4.376331
15323.698719 4 0.527068 0.310498 1.442355 4.375700
15324.382686 4 0.527068 0.312528 1.445269 4.375013
15325.066653 4 0.527068 0.314671 1.448231 4.374270
15325.750619 4 0.527068 0.316931 1.451241 4.373468
15326.434586 4 0.527068 0.319312 1.454300 4.372608
15327.118552 4 0.527068 0.321817 1.457408 4.371688
15327.802519 4 0.527067 0.324451 1.460565 4.370707
15328.486485 4 0.527067 0.327217 1.463772 4.369665
15329.170452 4 0.527067 0.330121 1.467028 4.368561
15329.854419 4 0.527067 0.333167 1.470333 4.367393
15330.538385 4 0.527067 0.336360 1.473689 4.366161
15331.222352 4 0.527067 0.339705 1.477096 4.364864
15331.564335 4 0.527067 0.341436 1.478818 4.364190
15331.906318 4 0.527066 0.343207 1.480553 4.363500
15332.248302 4 0.527066 0.345019 1.482300 4.362794
15332.590285 4 0.527066 0.346873 1.484060 4.362070
15332.932268 4 0.527066 0.348769 1.485833 4.361330
15333.274251 4 0.527066 0.350709 1.487619 4.360572
15333.616235 4 0.527066 0.352692 1.489418 4.359797
15333.958218 4 0.527066 0.354720 1.491229 4.359005
15334.300201 4 0.527066 0.356793 1.493054 4.358196
15334.642185 4 0.527066 0.358913 1.494891 4.357369
15334.984168 4 0.527066 0.361080 1.496742 4.356524
15335.326151 4 0.527066 0.363296 1.498605 4.355662
15335.668134 4 0.527065 0.365560 1.500481 4.354781
15336.010118 4 0.527065 0.367875 1.502371 4.353883
15336.352101 4 0.527065 0.370241 1.504273 4.352967
15336.694084 4 0.527065 0.372658 1.506189 4.352032
15337.036068 4 0.527065 0.375129 1.508117 4.351079
15337.378051 4 0.527065 0.377654 1.510059 4.350108
15337.720034 4 0.527065 0.380234 1.512014 4.349118
15338.062017 4 0.527065 0.382871 1.513983 4.348110
15338.404001 4 0.527065 0.385565 1.515964 4.347083
15338.745984 4 0.527065 0.388317 1.517959 4.346037
15339.087967 4 0.527065 0.391129 1.519967 4.344972
15339.429951 4 0.527064 0.394002 1.521988 4.343889
15339.771934 4 0.527064 0.396937 1.524023 4.342786
15340.113917 4 0.527064 0.399936 1.526072 4.341663
15340.455900 4 0.527064 0.402999 1.528133 4.340522
15340.797884 4 0.527064 0.406129 1.530208 4.339361
15341.139867 4 0.527064 0.409326 1.532297 4.338180
15341.481850 4 0.527064 0.412591 1.534399 4.336980
15341.823834 4 0.527064 0.415927 1.536515 4.335760
15342.165817 4 0.527064 0.419335 1.538644 4.334521
15342.507800 4 0.527063 0.422816 1.540787 4.333261
15342.849783 4 0.527063 0.426372 1.542943 4.331982
15343.191767 4 0.527063 0.430005 1.545113 4.330682
15343.533750 4 0.527063 0.433715 1.547297 4.329363
15343.875733 4 0.527063 0.437505 1.549494 4.328023
15344.217717 4 0.527063 0.441376 1.551706 4.326662
15344.559700 4 0.527063 0.445331 1.553931 4.325282
15344.901683 4 0.527063 0.449370 1.556169 4.323881
15345.243666 4 0.527063 0.453497 1.558422 4.322459
15345.585650 4 0.527062 0.457711 1.560688 4.321017
15345.927633 4 0.527062 0.462017 1.562969 4.319554
15346.269616 4 0.527062 0.466415 1.565263 4.318070
15346.611600 4 0.527062 0.470907 1.567571 4.316566
15346.953583 4 0.527062 0.475497 1.569893 4.315040
15347.295566 4 0.527062 0.480184 1.572229 4.313494
15347.637549 4 0.527062 0.484973 1.574579 4.311927
15347.808541 4 0.527062 0.487406 1.575760 4.311135
15347.979533 4 0.527062 0.489865 1.576944 4.310338
15348.150524 4 0.527062 0.492350 1.578131 4.309536
15348.321516 4 0.527062 0.494862 1.579322 4.308729
15348.492508 4 0.527061 0.497401 1.580516 4.307916
15348.663499 4 0.527061 0.499968 1.581714 4.307098
15348.834491 4 0.527061 0.502561 1.582915 4.306275
15349.005483 4 0.527061 0.505183 1.584120 4.305446
15349.176474 4 0.527061 0.507832 1.585329 4.304613
15349.347466 4 0.527061 0.510510 1.586541 4.303773
15349.518458 4 0.527061 0.513217 1.587756 4.302929
15349.689449 4 0.527061 0.515953 1.588976 4.302079
15349.860441 4 0.527061 0.518719 1.590198 4.301224
15350.031432 4 0.527061 0.521514 1.591424 4.300364
15350.202424 4 0.527061 0.524339 1.592654 4.299498
15350.373416 4 0.527061 0.527194 1.593887 4.298627
15350.544407 4 0.527061 0.530080 1.595124 4.297751
15350.715399 4 0.527061 0.532998 1.596365 4.296869
15350.886391 4 0.527061 0.535946 1.597609 4.295982
15351.057382 4 0.527060 0.538927 1.598856 4.295090
15351.228374 4 0.527060 0.541939 1.600108 4.294192
15351.399366 4 0.527060 0.544985 1.601362 4.293289
15351.570357 4 0.527060 0.548062 1.602621 4.292381
15351.741349 4 0.527060 0.551173 1.603882 4.291467
15351.912341 4 0.527060 0.554318 1.605148 4.290548
15352.083332 4 0.527060 0.557496 1.606417 4.289624
15352.254324 4 0.527060 0.560709 1.607690 4.288694
15352.425315 4 0.527060 0.563957 1.608966 4.287759
15352.596307 4 0.527060 0.567239 1.610246 4.286819
15352.767299 4 0.527060 0.570557 1.611529 4.285873
15352.938290 4 0.527060 0.573911 1.612816 4.284922
15353.109282 4 0.527060 0.577301 1.614107 4.283966
15353.280274 4 0.527060 0.580728 1.615401 4.283005
15353.451265 4 0.527060 0.584192 1.616699 4.282038
15353.622257 4 0.527059 0.587693 1.618001 4.281066
15353.793249 4 0.527059 0.591232 1.619306 4.280088
15353.964240 4 0.527059 0.594809 1.620615 4.279105
15354.135232 4 0.527059 0.598425 1.621927 4.278117
15354.306224 4 0.527059 0.602080 1.623243 4.277124
15354.477215 4 0.527059 0.605775 1.624563 4.276126
15354.648207 4 0.527059 0.609510 1.625886 4.275122
15354.819198 4 0.527059 0.613285 1.627213 4.274113
15354.990190 4 0.527059 0.617101 1.628543 4.273098
15355.161182 4 0.527059 0.620958 1.629877 4.272079
15355.332173 4 0.527059 0.624857 1.631215 4.271054
15355.503165 4 0.527059 0.628798 1.632557 4.270024
15355.674157 4 0.527059 0.632782 1.633902 4.268989
15355.845148 4 0.527059 0.636809 1.635251 4.267949
15356.016140 4 0.527058 0.640879 1.636603 4.266903
15356.187132 4 0.527058 0.644994 1.637959 4.265853
15356.358123 4 0.527058 0.649153 1.639319 4.264797
15356.529115 4 0.527058 0.653357 1.640682 4.263736
15356.700107 4 0.527058 0.657607 1.642050 4.262670
15356.871098 4 0.527058 0.661902 1.643420 4.261599
15357.042090 4 0.527058 0.666244 1.644795 4.260522
15357.213081 4 0.527058 0.670633 1.646173 4.259441
15357.384073 4 0.527058 0.675070 1.647555 4.258355
15357.555065 4 0.527058 0.679554 1.648940 4.257264
15357.726056 4 0.527058 0.684087 1.650329 4.256167
15357.897048 4 0.527058 0.688669 1.651722 4.255066
15358.068040 4 0.527058 0.693300 1.653119 4.253960
15358.239031 4 0.527057 0.697981 1.654519 4.252848
15358.410023 4 0.527057 0.702713 1.655923 4.251732
15358.581015 4 0.527057 0.707496 1.657331 4.250611
15358.752006 4 0.527057 0.712330 1.658742 4.249485
15358.922998 4 0.527057 0.717216 1.660157 4.248355
15359.093990 4 0.527057 0.722155 1.661576 4.247219
15359.264981 4 0.527057 0.727147 1.662998 4.246079
15359.435973 4 0.527057 0.732193 1.664424 4.244934
15359.606964 4 0.527057 0.737293 1.665854 4.243784
15359.777956 4 0.527057 0.742447 1.667288 4.242630
15359.948948 4 0.527057 0.747657 1.668725 4.241471
15360.119939 4 0.527057 0.752923 1.670166 4.240307
15360.290931 4 0.527056 0.758245 1.671611 4.239139
15360.461923 4 0.527056 0.763623 1.673060 4.237966
15360.632914 4 0.527056 0.769060 1.674512 4.236788
15360.803906 4 0.527056 0.774554 1.675968 4.235607
15360.974898 4 0.527056 0.780106 1.677427 4.234420
15361.145889 4 0.527056 0.785718 1.678891 4.233230
15361.316881 4 0.527056 0.791390 1.680358 4.232035
15361.487873 4 0.527056 0.797121 1.681829 4.230836
15361.658864 4 0.527056 0.802913 1.683303 4.229632
15361.829856 4 0.527056 0.808766 1.684782 4.228424
15362.000847 4 0.527056 0.814682 1.686264 4.227213
15362.171839 4 0.527056 0.820659 1.687750 4.225997
15362.342831 4 0.527055 0.826699 1.689239 4.224777
15362.513822 4 0.527055 0.832803 1.690733 4.223553
15362.684814 4 0.527055 0.838971 1.692230 4.222325
15362.855806 4 0.527055 0.845203 1.693731 4.221093
15363.026797 4 0.527055 0.851500 1.695235 4.219857
15363.197789 4 0.527055 0.857862 1.696744 4.218618
15363.368781 4 0.527055 0.864291 1.698256 4.217375
15363.539772 4 0.527055 0.870786 1.699772 4.216128
15363.710764 4 0.527055 0.877348 1.701292 4.214877
15363.881756 4 0.527055 0.883978 1.702815 4.213624
15364.052747 4 0.527055 0.890676 1.704342 4.212366
15364.223739 4 0.527054 0.897442 1.705873 4.211106
15364.394730 4 0.527054 0.904277 1.707408 4.209842
15364.565722 4 0.527054 0.911182 1.708947 4.208575
15364.736714 4 0.527054 0.918157 1.710489 4.207304
15364.907705 4 0.527054 0.925202 1.712035 4.206031
15365.078697 4 0.527054 0.932318 1.713585 4.204755
15365.249689 4 0.527054 0.939505 1.715139 4.203476
15365.420680 4 0.527054 0.946764 1.716696 4.202194
15365.591672 4 0.527054 0.954095 1.718257 4.200909
15365.762664 4 0.527054 0.961499 1.719822 4.199622
15365.933655 4 0.527053 0.968975 1.721391 4.198332
15366.104647 4 0.527053 0.976525 1.722964 4.197040
15366.275639 4 0.527053 0.984148 1.724540 4.195745
15366.446630 4 0.527053 0.991845 1.726120 4.194449
15366.617622 4 0.527053 0.999616 1.727704 4.193150
15366.788614 4 0.527053 1.007462 1.729292 4.191849
15366.959605 4 0.527053 1.015382 1.730883 4.190547
15367.130597 4 0.527053 1.023378 1.732479 4.189242
15367.301588 4 0.527053 1.031448 1.734078 4.187936
15367.472580 4 0.527053 1.039594 1.735681 4.186629
15367.643572 4 0.527052 1.047816 1.737287 4.185320
15367.814563 4 0.527052 1.056113 1.738898 4.184010
15367.985555 4 0.527052 1.064487 1.740512 4.182699
15368.156547 4 0.527052 1.072935 1.742130 4.181386
15368.327538 4 0.527052 1.081460 1.743752 4.180073
15368.498530 4 0.527052 1.090061 1.745378 4.178760
15368.669522 4 0.527052 1.098738 1.747007 4.177445
15368.840513 4 0.527052 1.107491 1.748641 4.176131
15369.011505 4 0.527052 1.116319 1.750278 4.174816
15369.182497 4 0.527052 1.125223 1.751918 4.173501
15369.353488 4 0.527051 1.134202 1.753563 4.172186
15369.524480 4 0.527051 1.143256 1.755212 4.170872
15369.695471 4 0.527051 1.152386 1.756864 4.169558
15369.866463 4 0.527051 1.161589 1.758520 4.168244
15370.037455 4 0.527051 1.170867 1.760180 4.166932
15370.208446 4 0.527051 1.180219 1.761843 4.165620
15370.379438 4 0.527051 1.189644 1.763511 4.164310
15370.550430 4 0.527051 1.199141 1.765182 4.163001
15370.721421 4 0.527051 1.208710 1.766857 4.161694
15370.892413 4 0.527050 1.218351 1.768536 4.160388
15371.063405 4 0.527050 1.228062 1.770218 4.159085
15371.234396 4 0.527050 1.237843 1.771905 4.157784
15371.405388 4 0.527050 1.247693 1.773595 4.156485
15371.576380 4 0.527050 1.257610 1.775289 4.155190
15371.747371 4 0.527050 1.267594 1.776986 4.153897
15371.918363 4 0.527050 1.277644 1.778688 4.152608
15372.089354 4 0.527050 1.287758 1.780393 4.151322
15372.260346 4 0.527050 1.297935 1.782102 4.150040
15372.431338 4 0.527049 1.308174 1.783815 4.148762
15372.602329 4 0.527049 1.318472 1.785532 4.147488
15372.773321 4 0.527049 1.328829 1.787252 4.146219
15372.944313 4 0.527049 1.339243 1.788976 4.144955
15373.115304 4 0.527049 1.349712 1.790704 4.143696
15373.286296 4 0.527049 1.360233 1.792435 4.142443
15373.457288 4 0.527049 1.370805 1.794171 4.141195
15373.628279 4 0.527049 1.381426 1.795910 4.139954
15373.799271 4 0.527048 1.392093 1.797653 4.138720
15373.970263 4 0.527048 1.402804 1.799399 4.137492
15374.141254 4 0.527048 1.413556 1.801150 4.136271
15374.312246 4 0.527048 1.424346 1.802904 4.135059
15374.483237 4 0.527048 1.435172 1.804662 4.133854
15374.654229 4 0.527048 1.446031 1.806423 4.132658
15374.825221 4 0.527048 1.456919 1.808188 4.131470
15374.996212 4 0.527048 1.467832 1.809957 4.130292
15375.167204 4 0.527047 1.478768 1.811730 4.129123
15375.338196 4 0.527047 1.489723 1.813506 4.127964
15375.509187 4 0.527047 1.500692 1.815286 4.126816
15375.680179 4 0.527047 1.511673 1.817070 4.125679
15375.851171 4 0.527047 1.522659 1.818857 4.124554
15376.022162 4 0.527047 1.533648 1.820648 4.123440
15376.193154 4 0.527047 1.544634 1.822443 4.122339
15376.364146 4 0.527046 1.555612 1.824241 4.121250
15376.535137 4 0.527046 1.566578 1.826043 4.120175
15376.706129 4 0.527046 1.577526 1.827849 4.119115
15376.877120 4 0.527046 1.588450 1.829658 4.118068
15377.048112 4 0.527046 1.599346 1.831471 4.117037
15377.219104 4 0.527046 1.610206 1.833288 4.116022
15377.390095 4 0.527046 1.621024 1.835108 4.115023
15377.561087 4 0.527046 1.631795 1.836931 4.114041
15377.732079 4 0.527045 1.642511 1.838758 4.113076
15377.903070 4 0.527045 1.653166 1.840589 4.112130
15378.074062 4 0.527045 1.663751 1.842423 4.111202
15378.245054 4 0.527045 1.674260 1.844261 4.110294
15378.416045 4 0.527045 1.684685 1.846103 4.109407
15378.587037 4 0.527045 1.695018 1.847947 4.108540
15378.758029 4 0.527045 1.705250 1.849796 4.107695
15378.929020 4 0.527044 1.715373 1.851647 4.106873
15379.100012 4 0.527044 1.725378 1.853503 4.106074
15379.271003 4 0.527044 1.735255 1.855361 4.105299
15379.441995 4 0.527044 1.744996 1.857223 4.104549
15379.612987 4 0.527044 1.754589 1.859089 4.103825
15379.783978 4 0.527044 1.764026 1.860957 4.103127
15379.954970 4 0.527043 1.773295 1.862829 4.102457
15380.125962 4 0.527043 1.782387 1.864705 4.101816
15380.296953 4 0.527043 1.791289 1.866584 4.101204
15380.467945 4 0.527043 1.799991 1.868466 4.100622
15380.638937 4 0.527043 1.808480 1.870351 4.100071
15380.809928 4 0.527043 1.816746 1.872239 4.099553
15381.151912 4 0.527042 1.832556 1.876026 4.098618
15381.493895 4 0.527042 1.847320 1.879825 4.097826
15381.835878 4 0.527042 1.860931 1.883636 4.097185
15382.177861 4 0.527041 1.873278 1.887460 4.096704
15382.519845 4 0.527023 1.874684 1.891276 4.097495
15382.861828 4 0.527022 1.883687 1.895121 4.097416
15383.203811 4 0.527022 1.891056 1.898977 4.097533
15383.545795 4 0.527021 1.896669 1.902844 4.097856
15384.229761 4 0.527021 1.902136 1.910607 4.099171
15385.597694 4 0.527019 1.886624 1.926238 4.104857
15385.939678 4 0.527019 1.876543 1.930163 4.107002
15386.281661 4 0.527018 1.863777 1.934094 4.109467
15386.623644 4 0.527018 1.848238 1.938030 4.112269
15386.965627 4 0.527017 1.829850 1.941970 4.115425
15387.136619 4 0.527017 1.819567 1.943940 4.117142
15387.307611 4 0.527017 1.808550 1.945912 4.118953
15387.478602 4 0.527016 1.796795 1.947883 4.120862
15387.649594 4 0.527016 1.784298 1.949855 4.122871
15387.820586 4 0.527016 1.771056 1.951827 4.124981
15387.991577 4 0.527016 1.757068 1.953799 4.127196
15388.162569 4 0.527015 1.742335 1.955770 4.129517
15388.333561 4 0.527015 1.726859 1.957741 4.131947
15388.504552 4 0.527015 1.710642 1.959711 4.134489
15388.675544 4 0.527015 1.693690 1.961679 4.137143
15388.775544 4 0.527014 1.684939 1.962663 4.138514
15388.875544 4 0.527014 1.676007 1.963647 4.139914
15388.975544 4 0.527014 1.666895 1.964630 4.141344
15389.075544 4 0.527014 1.657604 1.965613 4.142803
15389.175544 4 0.527014 1.648136 1.966596 4.144293
15389.275544 4 0.527014 1.638491 1.967578 4.145813
15389.375544 4 0.527014 1.628671 1.968559 4.147364
15389.475544 4 0.527013 1.618678 1.969540 4.148945
15389.575544 4 0.527013 1.608514 1.970520 4.150558
15389.675544 4 0.527013 1.598180 1.971500 4.152203
15389.775544 4 0.527013 1.587679 1.972479 4.153879
15389.875544 4 0.527013 1.577012 1.973457 4.155587
15389.975544 4 0.527013 1.566182 1.974435 4.157328
15390.075544 4 0.527012 1.555191 1.975412 4.159102
15390.175544 4 0.527012 1.544042 1.976388 4.160908
15390.275544 4 0.527012 1.532736 1.977363 4.162748
15390.375544 4 0.527012 1.521278 1.978337 4.164621
15390.475544 4 0.527012 1.509669 1.979310 4.166527
15390.575544 4 0.527012 1.497913 1.980283 4.168468
15390.675544 4 0.527011 1.486012 1.981254 4.170443
15390.775544 4 0.527011 1.473970 1.982224 4.172452
15390.875544 4 0.527011 1.461789 1.983193 4.174496
15390.975544 4 0.527011 1.449474 1.984161 4.176575
15391.075544 4 0.527011 1.437028 1.985127 4.178690
15391.175544 4 0.527011 1.424454 1.986092 4.180839
15391.275544 4 0.527010 1.411756 1.987056 4.183025
15391.375544 4 0.527010 1.398938 1.988018 4.185246
15391.475544 4 0.527010 1.386004 1.988979 4.187503
15391.575544 4 0.527010 1.372957 1.989938 4.189797
15391.675544 4 0.527010 1.359803 1.990895 4.192127
15391.775544 4 0.527010 1.346544 1.991851 4.194493
15391.875544 4 0.527009 1.333185 1.992805 4.196897
15391.975544 4 0.527009 1.326470 1.993282 4.198112
15392.075544 4 0.527009 1.319731 1.993757 4.199337
15392.175544 4 0.527009 1.312969 1.994233 4.200572
15392.275544 4 0.527009 1.306185 1.994708 4.201815
15392.375544 4 0.527009 1.299380 1.995182 4.203068
15392.475544 4 0.527009 1.292554 1.995656 4.204330
15392.575544 4 0.527009 1.285707 1.996129 4.205602
15392.675544 4 0.527009 1.278840 1.996602 4.206883
15392.775544 4 0.527008 1.271954 1.997074 4.208173
15392.875544 4 0.527008 1.265050 1.997546 4.209473
15392.975544 4 0.527008 1.258127 1.998017 4.210783
15393.075544 4 0.527008 1.251187 1.998488 4.212101
15393.175544 4 0.527008 1.244230 1.998958 4.213430
15393.275544 4 0.527008 1.237257 1.999427 4.214767
15393.375544 4 0.527008 1.230268 1.999896 4.216115
15393.475544 4 0.527008 1.223264 2.000364 4.217471
15393.575544 4 0.527008 1.216246 2.000831 4.218838
15393.675544 4 0.527007 1.209214 2.001298 4.220214
15393.775544 4 0.527007 1.202169 2.001764 4.221599
15393.875544 4 0.527007 1.195111 2.002230 4.222994
15393.975544 4 0.527007 1.188042 2.002695 4.224398
15394.075544 4 0.527007 1.180961 2.003159 4.225812
15394.175544 4 0.527007 1.173870 2.003622 4.227236
15394.275544 4 0.527007 1.166769 2.004085 4.228669
15394.375544 4 0.527007 1.159659 2.004547 4.230112
15394.475544 4 0.527007 1.152540 2.005009 4.231565
15394.575544 4 0.527007 1.145413 2.005469 4.233027
15394.675544 4 0.527006 1.138278 2.005929 4.234499
15394.775544 4 0.527006 1.131137 2.006388 4.235980
15394.875544 4 0.527006 1.123990 2.006846 4.237471
15394.975544 4 0.527006 1.116838 2.007303 4.238971
15395.075544 4 0.527006 1.109680 2.007760 4.240482
15395.175544 4 0.527006 1.102519 2.008215 4.242001
15395.275544 4 0.527006 1.095355 2.008670 4.243531
15395.375544 4 0.527006 1.088187 2.009124 4.245070
15395.475544 4 0.527005 1.081018 2.009577 4.246618
15395.575544 4 0.527005 1.073847 2.010029 4.248177
15395.675544 4 0.527005 1.066675 2.010481 4.249745
15395.775544 4 0.527005 1.059504 2.010931 4.251322
15395.875544 4 0.527005 1.052333 2.011380 4.252909
15395.975544 4 0.527005 1.045163 2.011829 4.254506
15396.075544 4 0.527005 1.037995 2.012276 4.256112
15396.175544 4 0.527005 1.030830 2.012722 4.257728
15396.275544 4 0.527005 1.023668 2.013168 4.259353
15396.375544 4 0.527004 1.016510 2.013612 4.260988
15396.475544 4 0.527004 1.009356 2.014055 4.262632
15396.575544 4 0.527004 1.002207 2.014497 4.264286
15396.675544 4 0.527004 0.995065 2.014938 4.265949
15396.775544 4 0.527004 0.987929 2.015378 4.267622
15396.875544 4 0.527004 0.980800 2.015817 4.269305
15396.975544 4 0.527004 0.973679 2.016255 4.270996
15397.075544 4 0.527003 0.966566 2.016691 4.272698
15397.175544 4 0.527003 0.959463 2.017127 4.274408
15397.275544 4 0.527003 0.952369 2.017561 4.276128
15397.375544 4 0.527003 0.945286 2.017993 4.277857
15397.475544 4 0.527003 0.938213 2.018425 4.279596
15397.575544 4 0.527003 0.931152 2.018855 4.281344
15397.675544 4 0.527003 0.924104 2.019284 4.283101
15397.775544 4 0.527003 0.917068 2.019712 4.284868
15397.875544 4 0.527002 0.910046 2.020138 4.286643
15397.975544 4 0.527002 0.903039 2.020563 4.288428
15398.075544 4 0.527002 0.896046 2.020986 4.290222
15398.175544 4 0.527002 0.889068 2.021409 4.292025
15398.275544 4 0.527002 0.882106 2.021829 4.293837
15398.375544 4 0.527002 0.875161 2.022248 4.295659
15398.475544 4 0.527002 0.868233 2.022666 4.297489
15398.575544 4 0.527001 0.861323 2.023082 4.299328
15398.675544 4 0.527001 0.854431 2.023497 4.301176
15398.775544 4 0.527001 0.847558 2.023910 4.303033
15398.875544 4 0.527001 0.840705 2.024321 4.304899
15398.975544 4 0.527001 0.833871 2.024731 4.306774
15399.075544 4 0.527001 0.827058 2.025139 4.308657
15399.175544 4 0.527001 0.820267 2.025545 4.310549
15399.275544 4 0.527000 0.813497 2.025950 4.312450
15399.375544 4 0.527000 0.806750 2.026353 4.314359
15399.475544 4 0.527000 0.800025 2.026754 4.316277
15399.575544 4 0.527000 0.793324 2.027153 4.318204
15399.675544 4 0.527000 0.786647 2.027551 4.320138
15399.775544 4 0.527000 0.779994 2.027946 4.322082
15399.875544 4 0.526999 0.773366 2.028340 4.324033
15399.975544 4 0.526999 0.766763 2.028732 4.325993
15400.075544 4 0.526999 0.760187 2.029122 4.327961
15400.175544 4 0.526999 0.753637 2.029509 4.329937
15400.275544 4 0.526999 0.747113 2.029895 4.331921
15400.375544 4 0.526999 0.740618 2.030279 4.333913
15400.475544 4 0.526998 0.734150 2.030660 4.335913
15400.575544 4 0.526998 0.727710 2.031040 4.337921
15400.675544 4 0.526998 0.721299 2.031417 4.339937
15400.775544 4 0.526998 0.714918 2.031792 4.341961
15400.875544 4 0.526998 0.708566 2.032165 4.343992
15400.975544 4 0.526998 0.702244 2.032535 4.346030
15401.075544 4 0.526997 0.695953 2.032903 4.348077
15401.175544 4 0.526997 0.689692 2.033269 4.350130
15401.275544 4 0.526997 0.683463 2.033632 4.352191
15401.375544 4 0.526997 0.677266 2.033993 4.354259
15401.475544 4 0.526997 0.671102 2.034351 4.356334
15401.575544 4 0.526997 0.664970 2.034707 4.358416
15401.675544 4 0.526996 0.658873 2.035060 4.360505
15401.775544 4 0.526996 0.652809 2.035411 4.362600
15401.875544 4 0.526996 0.646780 2.035759 4.364702
15401.975544 4 0.526996 0.640785 2.036104 4.366810
15402.075544 4 0.526996 0.634826 2.036446 4.368925
15402.175544 4 0.526996 0.628901 2.036786 4.371046
15402.275544 4 0.526995 0.623012 2.037122 4.373173
15402.375544 4 0.526995 0.617160 2.037456 4.375306
15402.475544 4 0.526995 0.611343 2.037787 4.377445
15402.575544 4 0.526995 0.605563 2.038115 4.379590
15402.675544 4 0.526995 0.599819 2.038440 4.381740
15402.775544 4 0.526994 0.594113 2.038762 4.383897
15402.875544 4 0.526994 0.588444 2.039080 4.386058
15402.975544 4 0.526994 0.582812 2.039395 4.388225
15403.075544 4 0.526994 0.577218 2.039707 4.390397
15403.175544 4 0.526994 0.571662 2.040016 4.392575
15403.275544 4 0.526994 0.566144 2.040322 4.394757
15403.375544 4 0.526993 0.560665 2.040623 4.396945
15403.475544 4 0.526993 0.555224 2.040922 4.399137
15403.575544 4 0.526993 0.549935 2.041221 4.401290
15403.675544 4 0.526993 0.544683 2.041518 4.403448
15403.775544 4 0.526993 0.539468 2.041810 4.405610
15403.875544 4 0.526993 0.534290 2.042099 4.407777
15403.975544 4 0.526993 0.529150 2.042384 4.409947
15404.075544 4 0.526993 0.524049 2.042666 4.412121
15404.175544 4 0.526993 0.518984 2.042944 4.414299
15404.275544 4 0.526993 0.513959 2.043218 4.416481
15404.375544 4 0.526993 0.508971 2.043488 4.418666
15404.475544 4 0.526993 0.504021 2.043753 4.420855
15404.575544 4 0.526993 0.499110 2.044015 4.423046
15404.675544 4 0.526993 0.494237 2.044273 4.425241
15404.775544 4 0.526993 0.489403 2.044527 4.427439
15404.875544 4 0.526993 0.484607 2.044776 4.429640
15404.975544 4 0.526993 0.479850 2.045021 4.431843
15405.075544 4 0.526993 0.475132 2.045261 4.434049
15405.175544 4 0.526993 0.470452 2.045498 4.436257
15405.275544 4 0.526993 0.465811 2.045729 4.438468
15405.375544 4 0.526993 0.461266 2.045953 4.440653
15405.475544 4 0.526993 0.456899 2.046166 4.442772
15405.575544 4 0.526993 0.452702 2.046367 4.444826
15405.675544 4 0.526993 0.448668 2.046559 4.446818
15405.775544 4 0.526993 0.444789 2.046740 4.448749
15405.875544 4 0.526993 0.441060 2.046912 4.450620
15405.975544 4 0.526993 0.437473 2.047076 4.452434
15406.075544 4 0.526993 0.434023 2.047231 4.454192
15406.175544 4 0.526993 0.430703 2.047378 4.455896
15406.275544 4 0.526993 0.427509 2.047517 4.457547
15406.375544 4 0.526993 0.424435 2.047649 4.459147
15406.475544 4 0.526993 0.421476 2.047775 4.460698
15406.575544 4 0.526993 0.418627 2.047894 4.462200
15406.675544 4 0.526993 0.415884 2.048006 4.463656
15406.775544 4 0.526993 0.413242 2.048113 4.465066
15406.875544 4 0.526993 0.410698 2.048214 4.466433
15406.975544 4 0.526993 0.408247 2.048310 4.467757
15407.075544 4 0.526992 0.405885 2.048402 4.469039
15407.175544 4 0.526992 0.403609 2.048488 4.470282
15407.275544 4 0.526992 0.401416 2.048570 4.471486
15407.375544 4 0.526992 0.399302 2.048647 4.472652
15407.475544 4 0.526992 0.397264 2.048721 4.473781
15407.575544 4 0.526992 0.393343 2.048859 4.475970
15407.675544 4 0.526992 0.389700 2.048983 4.478021
15407.775544 4 0.526992 0.386315 2.049094 4.479944
15407.875544 4 0.526992 0.383166 2.049195 4.481746
15407.975544 4 0.526992 0.380237 2.049284 4.483434
15408.075544 4 0.526992 0.377511 2.049365 4.485017
15408.175544 4 0.526992 0.374972 2.049438 4.486500
15408.275544 4 0.526992 0.372608 2.049503 4.487891
15408.375544 4 0.526992 0.370404 2.049562 4.489193
15408.475544 4 0.526992 0.368350 2.049615 4.490414
15408.575544 4 0.526992 0.366434 2.049663 4.491558
15408.675544 4 0.526992 0.362869 2.049747 4.493702
15408.775544 4 0.526992 0.359778 2.049816 4.495577
15408.875544 4 0.526992 0.357095 2.049871 4.497216
15408.975544 4 0.526992 0.354765 2.049916 4.498650
15409.075544 4 0.526992 0.352738 2.049953 4.499903
15409.175544 4 0.526992 0.349219 2.050012 4.502095
15409.275544 4 0.526992 0.346604 2.050052 4.503737
15409.375544 4 0.526992 0.344656 2.050078 4.504967
15409.475544 4 0.526992 0.341755 2.050114 4.506812
