t Ka M R logL logTeff
0.100000 1 89.971704 10.908031 6.014128 4.745799
0.200000 1 89.943103 10.936775 6.015606 4.745597
0.300000 1 89.914273 10.965704 6.017121 4.745403
0.400000 1 89.885206 10.994874 6.018675 4.745214
0.500000 1 89.855895 11.024342 6.020267 4.745031
0.600000 1 89.826332 11.054167 6.021896 4.744852
0.700000 1 89.796509 11.084405 6.023563 4.744675
0.800000 1 89.766417 11.115117 6.025268 4.744501
0.900000 1 89.736049 11.146361 6.027010 4.744326
1.000000 1 89.705396 11.178197 6.028789 4.744152
1.100000 1 89.674450 11.210687 6.030606 4.743976
1.200000 1 89.643200 11.243891 6.032460 4.743797
1.300000 1 89.611639 11.277873 6.034351 4.743615
1.400000 1 89.579757 11.312694 6.036279 4.743427
1.500000 1 89.547545 11.348419 6.038244 4.743234
1.600000 1 89.514993 11.385112 6.040245 4.743033
1.700000 1 89.482090 11.422838 6.042284 4.742824
1.800000 1 89.448828 11.461665 6.044359 4.742606
1.900000 1 89.415195 11.501659 6.046470 4.742378
2.000000 1 89.381180 11.542888 6.048618 4.742138
2.100000 1 89.346774 11.585423 6.050801 4.741885
2.200000 1 89.311965 11.629334 6.053021 4.741618
2.300000 1 89.276741 11.674693 6.055277 4.741337
2.400000 1 89.241090 11.721574 6.057569 4.741040
2.500000 1 89.205002 11.770051 6.059897 4.740726
2.600000 1 89.168463 11.820201 6.062260 4.740393
2.700000 1 89.131461 11.872101 6.064658 4.740041
2.800000 1 89.093983 11.925832 6.067092 4.739669
2.900000 1 89.056015 11.981475 6.069561 4.739276
3.000000 1 89.017545 12.039113 6.072065 4.738859
3.100000 1 88.978558 12.098831 6.074603 4.738420
3.200000 1 88.939040 12.160719 6.077177 4.737955
3.300000 1 88.898976 12.224866 6.079785 4.737465
3.400000 1 88.858352 12.291366 6.082427 4.736947
3.500000 1 88.817151 12.360313 6.085104 4.736402
3.600000 1 88.775359 12.431808 6.087814 4.735827
3.700000 1 88.732958 12.505952 6.090559 4.735222
3.800000 1 88.689933 12.582850 6.093337 4.734585
3.900000 1 88.646265 12.662613 6.096148 4.733916
4.000000 1 88.601937 12.745353 6.098993 4.733213
4.100000 1 88.556932 12.831190 6.101871 4.732475
4.200000 1 88.511231 12.920247 6.104781 4.731701
4.300000 1 88.464814 13.012651 6.107725 4.730889
4.400000 1 88.417661 13.108537 6.110700 4.730039
4.500000 1 88.369754 13.208047 6.113708 4.729148
4.600000 1 88.321071 13.311326 6.116748 4.728217
4.700000 1 88.271590 13.418532 6.119820 4.727243
4.800000 1 88.221291 13.529828 6.122923 4.726225
4.900000 1 88.170150 13.645386 6.126057 4.725162
5.000000 1 88.118144 13.765390 6.129222 4.724052
5.100000 1 88.065250 13.890034 6.132418 4.722893
5.200000 1 88.011443 14.019525 6.135645 4.721685
5.300000 1 87.956698 14.154083 6.138901 4.720425
5.400000 1 87.900989 14.293944 6.142187 4.719111
5.500000 1 87.872640 14.365930 6.143840 4.718434
5.600000 1 87.844037 14.439338 6.145501 4.717742
5.700000 1 87.815179 14.514202 6.147168 4.717036
5.800000 1 87.786062 14.590557 6.148843 4.716315
5.900000 1 87.756681 14.668441 6.150525 4.715580
6.000000 1 87.727033 14.747892 6.152215 4.714829
6.100000 1 87.697115 14.828949 6.153911 4.714063
6.200000 1 87.666923 14.911655 6.155614 4.713281
6.300000 1 87.636454 14.996053 6.157325 4.712483
6.400000 1 87.605702 15.082188 6.159042 4.711669
6.500000 1 87.574665 15.170106 6.160767 4.710838
6.600000 1 87.543339 15.259857 6.162498 4.709990
6.700000 1 87.511719 15.351491 6.164236 4.709124
6.800000 1 87.479802 15.445061 6.165981 4.708241
6.900000 1 87.447583 15.540623 6.167733 4.707340
7.000000 1 87.415059 15.638235 6.169491 4.706419
7.100000 1 87.382224 15.737957 6.171256 4.705480
7.200000 1 87.349076 15.839853 6.173028 4.704522
7.300000 1 87.315609 15.943987 6.174806 4.703544
7.400000 1 87.281819 16.050431 6.176590 4.702545
7.500000 1 87.247702 16.159255 6.178382 4.701525
7.600000 1 87.213254 16.270536 6.180179 4.700484
7.700000 1 87.178468 16.384353 6.181983 4.699422
7.800000 1 87.143342 16.500789 6.183793 4.698336
7.900000 1 87.107809 16.619925 6.185609 4.697228
8.000000 1 87.071819 16.741848 6.187430 4.696096
8.100000 1 87.035365 16.866653 6.189256 4.694940
8.200000 1 86.998439 16.994441 6.191087 4.693759
8.300000 1 86.961035 17.125315 6.192923 4.692552
8.400000 1 86.923144 17.259388 6.194764 4.691319
8.500000 1 86.884761 17.396776 6.196609 4.690059
8.600000 1 86.845878 17.537602 6.198460 4.688770
8.700000 1 86.806487 17.681993 6.200315 4.687454
8.800000 1 86.766582 17.830086 6.202174 4.686107
8.900000 1 86.726155 17.982025 6.204038 4.684731
9.000000 1 86.685201 18.137960 6.205907 4.683323
9.100000 1 86.643711 18.298050 6.207780 4.681883
9.200000 1 86.601679 18.462464 6.209656 4.680410
9.300000 1 86.559100 18.631378 6.211537 4.678902
9.400000 1 86.515966 18.804979 6.213422 4.677360
9.500000 1 86.472271 18.983466 6.215311 4.675781
9.600000 1 86.428009 19.167047 6.217204 4.674164
9.700000 1 86.383175 19.355944 6.219101 4.672509
9.800000 1 86.360470 19.452448 6.220050 4.671666
9.900000 1 86.337619 19.550369 6.221000 4.670813
10.000000 1 86.314622 19.649740 6.221951 4.669950
10.100000 1 86.291479 19.750591 6.222903 4.669076
10.200000 1 86.268189 19.852957 6.223855 4.668192
10.300000 1 86.244752 19.956872 6.224809 4.667297
10.400000 1 86.221167 20.062370 6.225763 4.666390
10.500000 1 86.197433 20.169488 6.226719 4.665473
10.600000 1 86.173551 20.278265 6.227675 4.664544
10.700000 1 86.149520 20.388737 6.228632 4.663603
10.800000 1 86.125339 20.500944 6.229590 4.662651
10.900000 1 86.101008 20.614929 6.230548 4.661687
11.000000 1 86.076528 20.730732 6.231508 4.660710
11.100000 1 86.051897 20.848396 6.232468 4.659721
11.200000 1 86.027116 20.967968 6.233429 4.658720
11.300000 1 86.002185 21.089492 6.234391 4.657705
11.400000 1 85.977104 21.213017 6.235354 4.656678
11.500000 1 85.951872 21.338591 6.236318 4.655637
11.600000 1 85.926490 21.466264 6.237282 4.654583
11.700000 1 85.900957 21.596089 6.238248 4.653515
11.800000 1 85.875275 21.728120 6.239214 4.652433
11.900000 1 85.849443 21.862412 6.240181 4.651337
12.000000 1 85.823462 21.999023 6.241148 4.650226
12.100000 1 85.797332 22.138010 6.242117 4.649100
12.200000 1 85.771053 22.279436 6.243086 4.647960
12.300000 1 85.744627 22.423363 6.244056 4.646804
12.400000 1 85.718054 22.569856 6.245027 4.645633
12.500000 1 85.691334 22.718982 6.245999 4.644446
12.600000 1 85.664469 22.870811 6.246971 4.643243
12.700000 1 85.637459 23.025413 6.247945 4.642023
12.800000 1 85.610306 23.182864 6.248919 4.640787
12.900000 1 85.583011 23.343239 6.249894 4.639534
13.000000 1 85.555575 23.506617 6.250870 4.638263
13.100000 1 85.527999 23.673081 6.251847 4.636975
13.200000 1 85.500286 23.842714 6.252824 4.635669
13.300000 1 85.472435 24.015603 6.253803 4.634344
13.400000 1 85.444451 24.191840 6.254782 4.633002
13.500000 1 85.416333 24.371517 6.255762 4.631640
13.600000 1 85.388086 24.554731 6.256743 4.630259
13.700000 1 85.359709 24.741582 6.257725 4.628858
13.800000 1 85.331207 24.932173 6.258708 4.627438
13.900000 1 85.302582 25.126613 6.259692 4.625997
14.000000 1 85.273836 25.325010 6.260677 4.624535
14.100000 1 85.244972 25.527482 6.261663 4.623052
14.200000 1 85.215994 25.734146 6.262650 4.621548
14.300000 1 85.186904 25.945126 6.263639 4.620022
14.400000 1 85.157706 26.160550 6.264628 4.618474
14.500000 1 85.128404 26.380550 6.265618 4.616903
14.600000 1 85.099001 26.605263 6.266610 4.615309
14.700000 1 85.069503 26.834833 6.267602 4.613692
14.800000 1 85.039912 27.069406 6.268596 4.612050
14.900000 1 85.010233 27.309137 6.269591 4.610384
15.000000 1 84.980473 27.554183 6.270588 4.608694
15.100000 1 84.950634 27.804711 6.271586 4.606978
15.200000 1 84.920723 28.060891 6.272585 4.605236
15.300000 1 84.890745 28.322902 6.273586 4.603468
15.400000 1 84.860706 28.590928 6.274588 4.601673
15.500000 1 84.830612 28.865161 6.275592 4.599852
15.600000 1 84.800470 29.145801 6.276597 4.598002
15.700000 1 84.770286 29.433056 6.277604 4.596124
15.800000 1 84.740066 29.727140 6.278613 4.594217
15.900000 1 84.724943 29.876812 6.279118 4.593253
16.000000 1 84.709814 30.028277 6.279624 4.592281
16.100000 1 84.694680 30.181563 6.280130 4.591302
16.200000 1 84.679543 30.336701 6.280636 4.590315
16.300000 1 84.664403 30.493722 6.281143 4.589321
16.400000 1 84.649262 30.652657 6.281651 4.588319
16.500000 1 84.634120 30.813537 6.282159 4.587309
16.600000 1 84.618978 30.976395 6.282667 4.586292
16.700000 1 84.603839 31.141265 6.283176 4.585266
16.800000 1 84.588702 31.308180 6.283686 4.584233
16.900000 1 84.573568 31.477175 6.284196 4.583192
17.000000 1 84.558440 31.648285 6.284707 4.582142
17.100000 1 84.543318 31.821546 6.285218 4.581084
17.200000 1 84.528204 31.996995 6.285730 4.580018
17.300000 1 84.513098 32.174670 6.286242 4.578944
17.400000 1 84.498001 32.354608 6.286755 4.577861
17.500000 1 84.482916 32.536849 6.287269 4.576770
17.600000 1 84.467843 32.721432 6.287783 4.575670
17.700000 1 84.452784 32.908400 6.288298 4.574562
17.800000 1 84.437740 33.097792 6.288814 4.573444
17.900000 1 84.422712 33.289652 6.289330 4.572318
18.000000 1 84.407701 33.484024 6.289847 4.571184
18.100000 1 84.392710 33.680950 6.290365 4.570040
18.200000 1 84.377739 33.880478 6.290883 4.568887
18.300000 1 84.362790 34.082652 6.291402 4.567724
18.400000 1 84.347864 34.287521 6.291922 4.566553
18.500000 1 84.332963 34.495132 6.292443 4.565372
18.600000 1 84.318088 34.705536 6.292964 4.564182
18.700000 1 84.303241 34.918782 6.293486 4.562983
18.800000 1 84.288423 35.134921 6.294009 4.561773
18.900000 1 84.273636 35.354007 6.294533 4.560554
19.000000 1 84.258881 35.576094 6.295057 4.559326
19.100000 1 84.244161 35.801236 6.295583 4.558087
19.200000 1 84.229476 36.029490 6.296109 4.556839
19.300000 1 84.214828 36.260913 6.296636 4.555580
19.400000 1 84.200219 36.495563 6.297164 4.554312
19.500000 1 84.185651 36.733502 6.297693 4.553033
19.600000 1 84.171125 36.974790 6.298223 4.551744
19.700000 1 84.156643 37.219491 6.298754 4.550444
19.800000 1 84.142207 37.467668 6.299286 4.549134
19.900000 1 84.127818 37.719387 6.299819 4.547813
20.000000 1 84.113479 37.974716 6.300352 4.546481
20.100000 1 84.099190 38.233723 6.300887 4.545139
20.200000 1 84.084954 38.496479 6.301423 4.543786
20.300000 1 84.070773 38.763055 6.301960 4.542421
20.400000 1 84.056649 39.033525 6.302497 4.541046
20.500000 1 84.042583 39.307966 6.303036 4.539659
20.600000 1 84.028576 39.586453 6.303576 4.538261
20.700000 1 84.014632 39.869065 6.304118 4.536852
20.800000 1 84.000752 40.155884 6.304660 4.535431
20.900000 1 83.986938 40.446992 6.305203 4.533998
21.000000 1 83.973192 40.742474 6.305748 4.532554
21.100000 1 83.959515 41.042416 6.306294 4.531098
21.200000 1 83.945909 41.346908 6.306841 4.529629
21.300000 1 83.932378 41.656039 6.307389 4.528149
21.400000 1 83.918922 41.969904 6.307939 4.526656
21.500000 1 83.905543 42.288597 6.308490 4.525151
21.600000 1 83.892244 42.612216 6.309042 4.523634
21.700000 1 83.879026 42.940860 6.309595 4.522104
21.800000 1 83.865891 43.274633 6.310150 4.520561
21.900000 1 83.852842 43.613640 6.310706 4.519006
22.000000 1 83.839880 43.957986 6.311263 4.517437
22.100000 1 83.827008 44.307784 6.311822 4.515856
22.200000 1 83.814227 44.663145 6.312382 4.514262
22.300000 1 83.801539 45.024186 6.312944 4.512654
22.400000 1 83.788946 45.391024 6.313507 4.511032
22.500000 1 83.776451 45.731268 6.314396 4.509633
22.600000 1 83.754687 45.749463 6.317515 4.510326
22.700000 1 83.746353 45.392537 6.319196 4.512447
22.800000 1 83.742623 45.151939 6.320018 4.513807
22.900000 1 83.739079 44.874887 6.320838 4.515348
23.000000 1 83.735709 44.567366 6.321648 4.517044
23.100000 1 83.732501 44.235189 6.322445 4.518868
23.200000 1 83.729446 43.883844 6.323224 4.520794
23.300000 1 83.726536 43.518388 6.323984 4.522800
23.400000 1 83.723762 43.143397 6.324721 4.524864
23.500000 1 83.721120 42.762937 6.325434 4.526965
23.600000 1 83.718601 42.380565 6.326122 4.529088
23.700000 1 83.716203 41.999348 6.326784 4.531215
23.800000 1 83.713918 41.621888 6.327419 4.533334
23.900000 1 83.711744 41.250361 6.328028 4.535434
24.000000 1 83.709675 40.886553 6.328610 4.537503
24.100000 1 83.707707 40.531903 6.329165 4.539533
24.200000 1 83.705838 40.187542 6.329695 4.541519
24.300000 1 83.704061 39.854329 6.330200 4.543453
24.400000 1 83.702375 39.532893 6.330680 4.545331
24.500000 1 83.700775 39.223659 6.331136 4.547150
24.600000 1 83.699258 38.926883 6.331568 4.548908
24.700000 1 83.697821 38.642675 6.331978 4.550602
24.800000 1 83.696460 38.371028 6.332367 4.552231
24.900000 1 83.695171 38.111834 6.332735 4.553794
25.000000 1 83.693952 37.864904 6.333083 4.555293
25.100000 1 83.692799 37.629985 6.333412 4.556727
25.200000 1 83.691709 37.406773 6.333723 4.558096
25.300000 1 83.690680 37.194925 6.334016 4.559403
25.400000 1 83.689708 36.994067 6.334294 4.560648
25.500000 1 83.688791 36.803806 6.334555 4.561833
25.600000 1 83.687060 36.442033 6.335049 4.564102
25.700000 1 83.685527 36.120181 6.335487 4.566137
25.800000 1 83.684172 35.834580 6.335873 4.567958
25.900000 1 83.682976 35.581686 6.336213 4.569581
26.000000 1 83.681920 35.358150 6.336513 4.571024
26.100000 1 83.680991 35.160857 6.336777 4.572305
26.200000 1 83.679354 34.811847 6.337243 4.574588
26.300000 1 83.678113 34.547020 6.337595 4.576334
26.400000 1 83.677175 34.346709 6.337861 4.577663
26.500000 1 83.675760 34.043580 6.338262 4.579689
26.600000 2 83.674332 32.387382 6.338667 4.590619
26.700000 2 83.674329 32.421744 6.338677 4.590392
26.800000 2 83.674316 32.622343 6.338739 4.589068
26.900000 2 83.674302 32.824184 6.338801 4.587744
27.000000 2 83.674289 33.027274 6.338863 4.586420
27.100000 2 83.674276 33.231620 6.338925 4.585096
27.200000 2 83.674262 33.437231 6.338987 4.583772
27.300000 2 83.674249 33.644114 6.339049 4.582448
27.400000 2 83.674236 33.852277 6.339111 4.581124
27.500000 2 83.674223 34.061728 6.339173 4.579801
27.600000 2 83.674209 34.272475 6.339235 4.578477
27.700000 2 83.674196 34.484526 6.339297 4.577153
27.800000 2 83.674183 34.697890 6.339359 4.575829
27.900000 2 83.674170 34.912573 6.339421 4.574505
28.000000 2 83.674157 35.128585 6.339483 4.573181
28.100000 2 83.674145 35.345933 6.339545 4.571857
28.200000 2 83.674132 35.564626 6.339607 4.570533
28.300000 2 83.674119 35.784673 6.339669 4.569209
28.400000 2 83.674106 36.006080 6.339731 4.567885
28.500000 2 83.674094 36.228858 6.339793 4.566562
28.600000 2 83.674081 36.453015 6.339855 4.565238
28.700000 2 83.674069 36.678558 6.339917 4.563914
28.800000 2 83.674056 36.905497 6.339979 4.562590
28.900000 2 83.674044 37.133840 6.340041 4.561266
29.000000 2 83.674032 37.363596 6.340103 4.559942
29.100000 2 83.674019 37.594773 6.340165 4.558618
29.200000 2 83.674007 37.827381 6.340227 4.557294
29.300000 2 83.673995 38.061429 6.340289 4.555970
29.400000 2 83.673983 38.296924 6.340351 4.554646
29.500000 2 83.673971 38.533877 6.340413 4.553322
29.600000 2 83.673959 38.772295 6.340475 4.551999
29.700000 2 83.673947 39.012190 6.340537 4.550675
29.800000 2 83.673936 39.253568 6.340599 4.549351
29.900000 2 83.673924 39.496440 6.340661 4.548027
30.000000 2 83.673912 39.740815 6.340723 4.546703
30.100000 2 83.673901 39.986701 6.340785 4.545379
30.200000 2 83.673889 40.234110 6.340847 4.544055
30.300000 2 83.673878 40.483049 6.340909 4.542731
30.400000 2 83.673866 40.733528 6.340971 4.541407
30.500000 2 83.673855 40.985558 6.341033 4.540083
30.600000 2 83.673844 41.239146 6.341095 4.538759
30.700000 2 83.673833 41.494304 6.341157 4.537436
30.800000 2 83.673822 41.751041 6.341219 4.536112
30.900000 2 83.673811 42.009366 6.341281 4.534788
31.000000 2 83.673800 42.269290 6.341343 4.533464
31.100000 2 83.673789 42.530822 6.341405 4.532140
31.200000 2 83.673778 42.793972 6.341467 4.530816
31.300000 2 83.673768 43.058751 6.341529 4.529492
31.400000 2 83.673757 43.325168 6.341591 4.528168
31.500000 2 83.673747 43.593233 6.341653 4.526844
31.600000 2 83.673736 43.862958 6.341715 4.525520
31.700000 2 83.673726 44.134351 6.341777 4.524196
31.800000 2 83.673716 44.407423 6.341839 4.522873
31.900000 2 83.673706 44.682185 6.341901 4.521549
32.000000 2 83.673695 44.958647 6.341963 4.520225
32.100000 2 83.673685 45.236820 6.342025 4.518901
32.200000 2 83.673675 45.516714 6.342087 4.517577
32.300000 2 83.673666 45.798340 6.342149 4.516253
32.400000 2 83.673656 46.081708 6.342211 4.514929
32.500000 2 83.673646 46.366830 6.342273 4.513605
32.600000 2 83.673637 46.653717 6.342335 4.512281
32.700000 2 83.673627 46.942378 6.342397 4.510957
32.800000 2 83.673618 47.232825 6.342459 4.509633
32.900000 2 83.673608 47.525070 6.342521 4.508309
33.000000 2 83.673599 47.819123 6.342583 4.506986
33.100000 2 83.673590 48.114995 6.342645 4.505662
33.200000 2 83.673580 48.412699 6.342707 4.504338
33.300000 2 83.673571 48.712244 6.342769 4.503014
33.400000 2 83.673562 49.013643 6.342831 4.501690
33.500000 2 83.673554 49.316907 6.342893 4.500366
33.600000 2 83.673545 49.622047 6.342955 4.499042
33.700000 2 83.673536 49.929075 6.343017 4.497718
33.800000 2 83.673527 50.238003 6.343079 4.496394
33.900000 2 83.673519 50.548843 6.343141 4.495070
34.000000 2 83.673510 50.861606 6.343203 4.493746
34.100000 2 83.673502 51.176305 6.343265 4.492422
34.200000 2 83.673494 51.492950 6.343327 4.491099
34.300000 2 83.673485 51.811555 6.343389 4.489775
34.400000 2 83.673477 52.132132 6.343452 4.488451
34.500000 2 83.673469 52.454692 6.343514 4.487127
34.600000 2 83.673461 52.779248 6.343576 4.485803
34.700000 2 83.673453 53.105812 6.343638 4.484479
34.800000 2 83.673445 53.434397 6.343700 4.483155
34.900000 2 83.673438 53.765015 6.343762 4.481831
35.000000 2 83.673430 54.097679 6.343824 4.480507
35.100000 2 83.673422 54.432401 6.343886 4.479183
35.200000 2 83.673415 54.769194 6.343948 4.477859
35.300000 2 83.673408 55.108072 6.344010 4.476535
35.400000 2 83.673400 55.449046 6.344072 4.475211
35.500000 2 83.673393 55.792130 6.344134 4.473888
35.600000 2 83.673386 56.137337 6.344196 4.472564
35.700000 2 83.673379 56.484681 6.344258 4.471240
35.800000 2 83.673372 56.834173 6.344320 4.469916
35.900000 2 83.673365 57.185828 6.344382 4.468592
36.000000 2 83.673358 57.539659 6.344444 4.467268
36.100000 2 83.673351 57.895679 6.344506 4.465944
36.200000 2 83.673344 58.253902 6.344568 4.464620
36.300000 2 83.673338 58.614342 6.344630 4.463296
36.400000 2 83.673331 58.977012 6.344692 4.461972
36.500000 2 83.673325 59.341927 6.344754 4.460648
36.600000 2 83.673318 59.709099 6.344816 4.459324
36.700000 2 83.673312 60.078543 6.344878 4.458000
36.800000 2 83.673306 60.450274 6.344940 4.456677
36.900000 2 83.673300 60.824304 6.345002 4.455353
37.000000 2 83.673293 61.200649 6.345065 4.454029
37.100000 2 83.673287 61.579322 6.345127 4.452705
37.200000 2 83.673281 61.960339 6.345189 4.451381
37.300000 2 83.673276 62.343714 6.345251 4.450057
37.400000 2 83.673270 62.729460 6.345313 4.448733
37.500000 2 83.673264 63.117594 6.345375 4.447409
37.600000 2 83.673258 63.508129 6.345437 4.446085
37.700000 2 83.673253 63.901081 6.345499 4.444761
37.800000 2 83.673247 64.296464 6.345561 4.443437
37.900000 2 83.673242 64.694293 6.345623 4.442113
38.000000 2 83.673236 65.094585 6.345685 4.440789
38.100000 2 83.673231 65.497353 6.345747 4.439465
38.200000 2 83.673226 65.902614 6.345809 4.438142
38.300000 2 83.673221 66.310382 6.345871 4.436818
38.400000 2 83.673215 66.720673 6.345933 4.435494
38.500000 2 83.673210 67.133503 6.345995 4.434170
38.600000 2 83.673205 67.548888 6.346057 4.432846
38.700000 2 83.672754 67.966344 6.346115 4.431522
38.800000 2 83.672303 68.386377 6.346173 4.430199
38.900000 2 83.671853 68.809004 6.346231 4.428876
39.000000 2 83.671402 69.234239 6.346289 4.427552
39.100000 2 83.670951 69.662100 6.346346 4.426229
39.200000 2 83.670500 70.092602 6.346404 4.424905
39.300000 2 83.670049 70.525762 6.346462 4.423582
39.400000 2 83.669599 70.961596 6.346520 4.422259
39.500000 2 83.669148 71.400120 6.346577 4.420935
39.600000 2 83.668697 71.841351 6.346635 4.419612
39.700000 2 83.668246 72.285306 6.346693 4.418289
39.800000 2 83.667795 72.732002 6.346751 4.416965
39.900000 2 83.667345 73.181455 6.346809 4.415642
40.000000 2 83.666894 73.633682 6.346866 4.414319
40.100000 2 83.666443 74.088701 6.346924 4.412996
40.200000 2 83.665992 74.546529 6.346982 4.411672
40.300000 2 83.665541 75.007183 6.347040 4.410349
40.400000 2 83.665091 75.470681 6.347098 4.409026
40.500000 2 83.664640 75.937039 6.347155 4.407703
40.600000 2 83.664189 76.406277 6.347213 4.406379
40.700000 2 83.663738 76.878410 6.347271 4.405056
40.800000 2 83.663287 77.353458 6.347329 4.403733
40.900000 2 83.662836 77.831439 6.347386 4.402410
41.000000 2 83.662386 78.312370 6.347444 4.401086
41.100000 2 83.661935 78.796269 6.347502 4.399763
41.200000 2 83.661484 79.283155 6.347560 4.398440
41.300000 2 83.661033 79.773047 6.347618 4.397117
41.400000 2 83.660582 80.265962 6.347675 4.395794
41.500000 2 83.660131 80.761920 6.347733 4.394471
41.600000 2 83.659681 81.260939 6.347791 4.393147
41.700000 2 83.659230 81.763038 6.347849 4.391824
41.800000 2 83.658779 82.268236 6.347907 4.390501
41.900000 2 83.658328 82.776552 6.347964 4.389178
42.000000 2 83.657877 83.288006 6.348022 4.387855
42.100000 2 83.657426 83.802616 6.348080 4.386532
42.200000 2 83.656975 84.320403 6.348138 4.385209
42.300000 2 83.656525 84.841385 6.348195 4.383886
42.400000 2 83.656074 85.365583 6.348253 4.382562
42.500000 2 83.655623 85.893016 6.348311 4.381239
42.600000 2 83.655172 86.423705 6.348369 4.379916
42.700000 2 83.654721 86.957669 6.348427 4.378593
42.800000 2 83.654270 87.494928 6.348484 4.377270
42.900000 2 83.653819 88.035504 6.348542 4.375947
43.000000 2 83.653368 88.579415 6.348600 4.374624
43.100000 2 83.652918 89.126684 6.348658 4.373301
43.200000 2 83.652467 89.677330 6.348716 4.371978
43.300000 2 83.652016 90.231374 6.348773 4.370655
43.400000 2 83.651565 90.788838 6.348831 4.369332
43.500000 2 83.651114 91.349742 6.348889 4.368009
43.600000 2 83.650663 91.914108 6.348947 4.366686
43.700000 2 83.650212 92.481956 6.349004 4.365363
43.800000 2 83.649761 93.053309 6.349062 4.364040
43.900000 2 83.649310 93.628188 6.349120 4.362717
44.000000 2 83.648860 94.206615 6.349178 4.361394
44.100000 2 83.648409 94.788612 6.349236 4.360071
44.200000 2 83.647958 95.374200 6.349293 4.358748
44.300000 2 83.647507 95.963402 6.349351 4.357426
44.400000 2 83.647056 96.556240 6.349409 4.356103
44.500000 2 83.646605 97.152736 6.349467 4.354780
44.600000 2 83.646154 97.752914 6.349525 4.353457
44.700000 2 83.645703 98.356795 6.349582 4.352134
44.800000 2 83.645252 98.964403 6.349640 4.350811
44.900000 2 83.644801 99.575760 6.349698 4.349488
45.000000 2 83.644350 100.190890 6.349756 4.348165
45.100000 2 83.643899 100.809816 6.349813 4.346843
45.200000 2 83.643449 101.432561 6.349871 4.345520
45.300000 2 83.642998 102.059149 6.349929 4.344197
45.400000 2 83.642547 102.689603 6.349987 4.342874
45.500000 2 83.642096 103.323948 6.350045 4.341551
45.600000 2 83.641645 103.962207 6.350102 4.340228
45.700000 2 83.641194 104.604405 6.350160 4.338906
45.800000 2 83.640743 105.250565 6.350218 4.337583
45.900000 2 83.640292 105.900712 6.350276 4.336260
46.000000 2 83.639841 106.554872 6.350334 4.334937
46.100000 2 83.639390 107.213067 6.350391 4.333615
46.200000 2 83.638939 107.875324 6.350449 4.332292
46.300000 2 83.638488 108.541667 6.350507 4.330969
46.400000 2 83.638037 109.212122 6.350565 4.329646
46.500000 2 83.637586 109.886714 6.350623 4.328324
46.600000 2 83.637135 110.565468 6.350680 4.327001
46.700000 2 83.636684 111.248410 6.350738 4.325678
46.800000 2 83.636233 111.935566 6.350796 4.324355
46.900000 2 83.635782 112.626962 6.350854 4.323033
47.000000 2 83.635331 113.322624 6.350911 4.321710
47.100000 2 83.634880 114.022578 6.350969 4.320387
47.200000 2 83.634430 114.726851 6.351027 4.319065
47.300000 2 83.633979 115.435469 6.351085 4.317742
47.400000 2 83.633528 116.148460 6.351143 4.316419
47.500000 2 83.633077 116.865849 6.351200 4.315097
47.600000 2 83.632626 117.587664 6.351258 4.313774
47.700000 2 83.632175 118.313933 6.351316 4.312452
47.800000 2 83.631724 119.044683 6.351374 4.311129
47.900000 2 83.631273 119.779941 6.351432 4.309806
48.000000 2 83.630822 120.519736 6.351489 4.308484
48.100000 2 83.630371 121.264095 6.351547 4.307161
48.200000 2 83.629920 122.013046 6.351605 4.305839
48.300000 2 83.629469 122.766618 6.351663 4.304516
48.400000 2 83.629018 123.524839 6.351721 4.303194
48.500000 2 83.628567 124.287738 6.351778 4.301871
48.600000 2 83.628116 125.055343 6.351836 4.300548
48.700000 2 83.627665 125.827685 6.351894 4.299226
48.800000 2 83.627214 126.604791 6.351952 4.297903
48.900000 2 83.626763 127.386691 6.352009 4.296581
49.000000 2 83.626312 128.173415 6.352067 4.295258
49.100000 2 83.625861 128.964992 6.352125 4.293936
49.200000 2 83.625410 129.761453 6.352183 4.292613
49.300000 2 83.624959 130.562827 6.352241 4.291291
49.400000 2 83.624508 131.369145 6.352298 4.289968
49.500000 2 83.624056 132.180437 6.352356 4.288646
49.600000 2 83.623605 132.996734 6.352414 4.287324
49.700000 2 83.623154 133.818066 6.352472 4.286001
49.800000 2 83.622703 134.644466 6.352530 4.284679
49.900000 2 83.622252 135.475963 6.352587 4.283356
50.000000 2 83.621801 136.312590 6.352645 4.282034
50.100000 2 83.621350 137.154377 6.352703 4.280711
50.200000 2 83.620899 138.001358 6.352761 4.279389
50.300000 2 83.620448 138.853563 6.352819 4.278067
50.400000 2 83.619997 139.711025 6.352876 4.276744
50.500000 2 83.619546 140.573777 6.352934 4.275422
50.600000 2 83.619095 141.441850 6.352992 4.274100
50.700000 2 83.618644 142.315278 6.353050 4.272777
50.800000 2 83.618193 143.194094 6.353107 4.271455
50.900000 2 83.617742 144.078331 6.353165 4.270133
51.000000 2 83.617291 144.968022 6.353223 4.268810
51.100000 2 83.616840 145.863201 6.353281 4.267488
51.200000 2 83.616389 146.763902 6.353339 4.266166
51.300000 2 83.615938 147.670159 6.353396 4.264843
51.400000 2 83.615487 148.582005 6.353454 4.263521
51.500000 2 83.615035 149.499476 6.353512 4.262199
51.600000 2 83.614584 150.422606 6.353570 4.260876
51.700000 2 83.614133 151.351431 6.353628 4.259554
51.800000 2 83.613682 152.285984 6.353685 4.258232
51.900000 2 83.613231 153.226301 6.353743 4.256910
52.000000 2 83.612780 154.172419 6.353801 4.255587
52.100000 2 83.612329 155.124372 6.353859 4.254265
52.200000 2 83.611878 156.082196 6.353917 4.252943
52.300000 2 83.611427 157.045929 6.353974 4.251621
52.400000 2 83.610976 158.015605 6.354032 4.250299
52.500000 2 83.610525 158.991262 6.354090 4.248976
52.600000 2 83.610074 159.972937 6.354148 4.247654
52.700000 2 83.609622 160.960667 6.354206 4.246332
52.800000 2 83.609171 161.954488 6.354263 4.245010
52.900000 2 83.608720 162.954439 6.354321 4.243688
53.000000 2 83.608269 163.960557 6.354379 4.242366
53.100000 2 83.607818 164.972881 6.354437 4.241043
53.200000 2 83.607367 165.991447 6.354494 4.239721
53.300000 2 83.606916 167.016296 6.354552 4.238399
53.400000 2 83.606465 168.047466 6.354610 4.237077
53.500000 2 83.606014 169.084995 6.354668 4.235755
53.600000 2 83.605562 170.128923 6.354726 4.234433
53.700000 2 83.605111 171.179289 6.354783 4.233111
53.800000 2 83.604660 172.236133 6.354841 4.231789
53.900000 2 83.604209 173.299495 6.354899 4.230467
54.000000 2 83.603758 174.369414 6.354957 4.229145
54.100000 2 83.603307 175.445932 6.355015 4.227823
54.200000 2 83.602856 176.529089 6.355072 4.226501
54.300000 2 83.602405 177.618926 6.355130 4.225178
54.400000 2 83.601953 178.715484 6.355188 4.223856
54.500000 2 83.601502 179.818804 6.355246 4.222534
54.600000 2 83.601051 180.928928 6.355304 4.221212
54.700000 2 83.600600 182.045898 6.355361 4.219890
54.800000 2 83.600149 183.169757 6.355419 4.218568
54.900000 2 83.599698 184.300546 6.355477 4.217246
55.000000 2 83.599247 185.438308 6.355535 4.215925
55.100000 2 83.598795 186.583087 6.355593 4.214603
55.200000 2 83.598344 187.734924 6.355650 4.213281
55.300000 2 83.597893 188.893865 6.355708 4.211959
55.400000 2 83.597442 190.059953 6.355766 4.210637
55.500000 2 83.596991 191.233231 6.355824 4.209315
55.600000 2 83.596540 192.413744 6.355881 4.207993
55.700000 2 83.596088 193.601537 6.355939 4.206671
55.800000 2 83.595637 194.796654 6.355997 4.205349
55.900000 2 83.595186 195.999141 6.356055 4.204027
56.000000 2 83.594735 197.209043 6.356113 4.202705
56.100000 2 83.594284 198.426405 6.356170 4.201383
56.200000 2 83.593833 199.651274 6.356228 4.200062
56.300000 2 83.593381 200.883695 6.356286 4.198740
56.400000 2 83.592930 202.123716 6.356344 4.197418
56.500000 2 83.592479 203.371383 6.356402 4.196096
56.600000 2 83.592028 204.626743 6.356459 4.194774
56.700000 2 83.591577 205.889844 6.356517 4.193452
56.800000 2 83.591125 207.160733 6.356575 4.192131
56.900000 2 83.590674 208.439458 6.356633 4.190809
57.000000 2 83.590223 209.726068 6.356691 4.189487
57.100000 2 83.589772 211.020611 6.356748 4.188165
57.200000 2 83.589321 212.323135 6.356806 4.186843
57.300000 2 83.588869 213.633691 6.356864 4.185522
57.400000 2 83.588418 214.952327 6.356922 4.184200
57.500000 2 83.587967 216.279094 6.356980 4.182878
57.600000 2 83.587516 217.614041 6.357037 4.181556
57.700000 2 83.587065 218.957218 6.357095 4.180235
57.800000 2 83.586613 220.308677 6.357153 4.178913
57.900000 2 83.586162 221.668469 6.357211 4.177591
58.000000 2 83.585711 223.036644 6.357269 4.176270
58.100000 2 83.585260 224.413255 6.357326 4.174948
58.200000 2 83.584809 225.798353 6.357384 4.173626
58.300000 2 83.584357 227.191991 6.357442 4.172305
58.400000 2 83.583906 228.594221 6.357500 4.170983
58.500000 2 83.583455 230.005096 6.357558 4.169661
58.600000 2 83.583004 231.424669 6.357615 4.168340
58.700000 2 83.582552 232.852995 6.357673 4.167018
58.800000 2 83.582101 234.290126 6.357731 4.165696
58.900000 2 83.581650 235.736117 6.357789 4.164375
59.000000 2 83.581199 237.191023 6.357847 4.163053
59.100000 2 83.580747 238.654898 6.357904 4.161731
59.200000 2 83.580296 240.127798 6.357962 4.160410
59.300000 2 83.579845 241.609779 6.358020 4.159088
59.400000 2 83.579394 243.100896 6.358078 4.157767
59.500000 2 83.578942 244.601205 6.358136 4.156445
59.600000 2 83.578491 246.110763 6.358193 4.155124
59.700000 2 83.578040 247.629628 6.358251 4.153802
59.800000 2 83.577589 249.157856 6.358309 4.152480
59.900000 2 83.577137 250.695505 6.358367 4.151159
60.000000 2 83.576686 252.242632 6.358424 4.149837
60.100000 2 83.576235 253.799298 6.358482 4.148516
60.200000 2 83.575784 255.365559 6.358540 4.147194
60.300000 2 83.575332 256.941476 6.358598 4.145873
60.400000 2 83.574881 258.527108 6.358656 4.144551
60.500000 2 83.574430 260.122514 6.358713 4.143230
60.600000 2 83.573979 261.727754 6.358771 4.141908
60.700000 2 83.573527 263.342890 6.358829 4.140587
60.800000 2 83.573076 264.967982 6.358887 4.139266
60.900000 2 83.572625 266.603092 6.358945 4.137944
61.000000 2 83.572173 268.248281 6.359002 4.136623
61.100000 2 83.571722 269.903611 6.359060 4.135301
61.200000 2 83.571271 271.569145 6.359118 4.133980
61.300000 2 83.570820 273.244945 6.359176 4.132658
61.400000 2 83.570368 274.931075 6.359234 4.131337
61.500000 2 83.569917 276.627598 6.359291 4.130016
61.600000 2 83.569466 278.334579 6.359349 4.128694
61.700000 2 83.569014 280.052081 6.359407 4.127373
61.800000 2 83.568563 281.780170 6.359465 4.126052
61.900000 2 83.568112 283.518911 6.359523 4.124730
62.000000 2 83.567660 285.268369 6.359580 4.123409
62.100000 2 83.567209 287.028610 6.359638 4.122088
62.200000 2 83.566758 288.799700 6.359696 4.120766
62.300000 2 83.566306 290.581708 6.359754 4.119445
62.400000 2 83.565855 292.374698 6.359812 4.118124
62.500000 2 83.565404 294.178740 6.359869 4.116802
62.600000 2 83.564952 295.993902 6.359927 4.115481
62.700000 2 83.564501 297.820251 6.359985 4.114160
62.800000 2 83.564050 299.657857 6.360043 4.112838
62.900000 2 83.563599 301.506788 6.360101 4.111517
63.000000 2 83.563147 303.367116 6.360158 4.110196
63.100000 2 83.562696 305.238909 6.360216 4.108875
63.200000 2 83.562245 307.122239 6.360274 4.107553
63.300000 2 83.561793 309.017176 6.360332 4.106232
63.400000 2 83.561342 310.923792 6.360390 4.104911
63.500000 2 83.560890 312.842159 6.360447 4.103590
63.600000 2 83.560439 314.772349 6.360505 4.102269
63.700000 2 83.559988 316.714435 6.360563 4.100947
63.800000 2 83.559536 318.668490 6.360621 4.099626
63.900000 2 83.559085 320.634588 6.360679 4.098305
64.000000 2 83.558634 322.612803 6.360736 4.096984
64.100000 2 83.558182 324.603209 6.360794 4.095663
64.200000 2 83.557731 326.605883 6.360852 4.094342
64.300000 2 83.557280 328.620898 6.360910 4.093020
64.400000 2 83.556828 330.648332 6.360968 4.091699
64.500000 2 83.556377 332.688260 6.361025 4.090378
64.600000 2 83.555926 334.740759 6.361083 4.089057
64.700000 2 83.555474 336.805908 6.361141 4.087736
64.800000 2 83.555023 338.883783 6.361199 4.086415
64.900000 2 83.554571 340.974463 6.361257 4.085094
65.000000 2 83.554120 343.078028 6.361314 4.083773
65.100000 2 83.553669 345.194555 6.361372 4.082452
65.200000 2 83.553217 347.324126 6.361430 4.081131
65.300000 2 83.552766 349.466820 6.361488 4.079810
65.400000 2 83.552315 351.622718 6.361546 4.078488
65.500000 2 83.551863 353.791901 6.361603 4.077167
65.600000 2 83.551412 355.974451 6.361661 4.075846
65.700000 2 83.550960 358.170451 6.361719 4.074525
65.800000 2 83.550509 360.379983 6.361777 4.073204
65.900000 2 83.550058 362.603131 6.361835 4.071883
66.000000 2 83.549606 364.839978 6.361892 4.070562
66.100000 2 83.549155 367.090609 6.361950 4.069241
66.200000 2 83.548703 369.355108 6.362008 4.067921
66.300000 2 83.548252 371.633561 6.362066 4.066600
66.400000 2 83.547801 373.926053 6.362124 4.065279
66.500000 2 83.547349 376.232672 6.362181 4.063958
66.600000 2 83.546898 378.553504 6.362239 4.062637
66.700000 2 83.546446 380.888637 6.362297 4.061316
66.800000 2 83.545995 383.238158 6.362355 4.059995
66.900000 2 83.545543 385.602156 6.362413 4.058674
67.000000 2 83.545092 387.980721 6.362470 4.057353
67.100000 2 83.544641 390.373941 6.362528 4.056032
67.200000 2 83.544189 392.781908 6.362586 4.054711
67.300000 2 83.543738 395.204712 6.362644 4.053390
67.400000 2 83.543286 397.642443 6.362702 4.052070
67.500000 2 83.542835 400.095195 6.362759 4.050749
67.600000 2 83.542383 402.563060 6.362817 4.049428
67.700000 2 83.541932 405.046130 6.362875 4.048107
67.800000 2 83.541481 407.544499 6.362933 4.046786
67.900000 2 83.541029 410.058261 6.362991 4.045465
68.000000 2 83.540578 412.587511 6.363048 4.044145
68.100000 2 83.540126 415.132345 6.363106 4.042824
68.200000 2 83.539675 417.692858 6.363164 4.041503
68.300000 2 83.539223 420.269147 6.363222 4.040182
68.400000 2 83.538772 422.861308 6.363280 4.038861
68.500000 2 83.538320 425.469440 6.363337 4.037541
68.600000 2 83.537869 428.093641 6.363395 4.036220
68.700000 2 83.537418 430.734010 6.363453 4.034899
68.800000 2 83.536966 433.390645 6.363511 4.033578
68.900000 2 83.536515 436.063649 6.363569 4.032258
69.000000 2 83.536063 438.753120 6.363626 4.030937
69.100000 2 83.535612 441.459160 6.363684 4.029616
69.200000 2 83.535160 444.181872 6.363742 4.028296
69.300000 2 83.534709 446.921358 6.363800 4.026975
69.400000 2 83.534257 449.677721 6.363858 4.025654
69.500000 2 83.533806 452.451064 6.363915 4.024334
69.600000 2 83.533354 455.241494 6.363973 4.023013
69.700000 2 83.532903 458.049114 6.364031 4.021692
69.800000 2 83.532451 460.874031 6.364089 4.020372
69.900000 2 83.532000 463.716350 6.364147 4.019051
70.000000 2 83.531548 466.576179 6.364204 4.017730
70.100000 2 83.531097 469.453627 6.364262 4.016410
70.200000 2 83.530645 472.348800 6.364320 4.015089
70.300000 2 83.530194 475.261808 6.364378 4.013769
70.400000 2 83.529742 478.192762 6.364436 4.012448
70.500000 2 83.529291 481.141771 6.364493 4.011127
70.600000 2 83.528839 484.108946 6.364551 4.009807
70.700000 2 83.528388 487.094400 6.364609 4.008486
70.800000 2 83.527936 490.098244 6.364667 4.007166
70.900000 2 83.527485 493.120592 6.364725 4.005845
71.000000 2 83.527033 496.161558 6.364782 4.004525
71.100000 2 83.526582 499.221257 6.364840 4.003204
71.200000 2 83.526130 502.299803 6.364898 4.001884
71.300000 2 83.525679 505.397312 6.364956 4.000563
71.400000 2 83.525227 508.513902 6.365014 3.999243
71.500000 2 83.524776 511.649689 6.365071 3.997922
71.600000 2 83.524324 514.804792 6.365129 3.996602
71.700000 2 83.523873 517.979330 6.365187 3.995281
71.800000 2 83.523421 521.173422 6.365245 3.993961
71.900000 2 83.522970 524.387189 6.365303 3.992640
72.000000 2 83.522518 527.620751 6.365360 3.991320
72.100000 2 83.522066 530.874230 6.365418 3.989999
72.200000 2 83.521615 534.147749 6.365476 3.988679
72.300000 2 83.521163 537.441432 6.365534 3.987358
72.400000 2 83.520712 540.755401 6.365592 3.986038
72.500000 2 83.520260 544.089783 6.365649 3.984718
72.600000 2 83.519809 547.444703 6.365707 3.983397
72.700000 2 83.519357 550.820286 6.365765 3.982077
72.800000 2 83.518906 554.216661 6.365823 3.980756
72.900000 2 83.518454 557.633955 6.365881 3.979436
73.000000 2 83.518003 561.072296 6.365939 3.978116
73.100000 2 83.517551 564.531815 6.365996 3.976795
73.200000 2 83.517099 568.012641 6.366054 3.975475
73.300000 2 83.516648 571.514906 6.366112 3.974155
73.400000 2 83.516196 575.038742 6.366170 3.972834
73.500000 2 83.515745 578.584281 6.366228 3.971514
73.600000 2 83.515293 582.151656 6.366285 3.970194
73.700000 2 83.514842 585.741003 6.366343 3.968874
73.800000 2 83.514390 589.352456 6.366401 3.967553
73.900000 2 83.513938 592.986151 6.366459 3.966233
74.000000 2 83.513487 596.642225 6.366517 3.964913
74.100000 2 83.513035 600.320816 6.366574 3.963592
74.200000 2 83.512584 604.022063 6.366632 3.962272
74.300000 2 83.512132 607.746104 6.366690 3.960952
74.400000 2 83.511680 611.493080 6.366748 3.959632
74.500000 2 83.511229 615.263132 6.366806 3.958312
74.600000 2 83.510777 619.056402 6.366863 3.956991
74.700000 2 83.510326 622.873032 6.366921 3.955671
74.800000 2 83.509874 626.713167 6.366979 3.954351
74.900000 2 83.509422 630.576952 6.367037 3.953031
75.000000 2 83.508971 634.464530 6.367095 3.951711
75.100000 2 83.508519 638.376050 6.367152 3.950390
75.200000 2 83.508068 642.311658 6.367210 3.949070
75.300000 2 83.507616 646.271502 6.367268 3.947750
75.400000 2 83.507164 650.255732 6.367326 3.946430
75.500000 2 83.506713 654.264497 6.367384 3.945110
75.600000 2 83.506261 658.297949 6.367441 3.943790
75.700000 2 83.505810 662.356239 6.367499 3.942470
75.800000 2 83.505358 666.439520 6.367557 3.941149
75.900000 2 83.504906 670.547945 6.367615 3.939829
76.000000 2 83.504455 674.681670 6.367673 3.938509
76.100000 2 83.504003 678.840850 6.367730 3.937189
76.200000 2 83.503551 683.025642 6.367788 3.935869
76.300000 2 83.503100 687.236203 6.367846 3.934549
76.400000 2 83.502648 691.472691 6.367904 3.933229
76.500000 2 83.502197 695.735267 6.367962 3.931909
76.600000 2 83.501745 700.024090 6.368019 3.930589
76.700000 2 83.501293 704.339322 6.368077 3.929269
76.800000 2 83.500842 708.681126 6.368135 3.927949
76.900000 2 83.500390 713.049664 6.368193 3.926629
77.000000 2 83.499938 717.445102 6.368251 3.925309
77.100000 2 83.499487 721.867605 6.368309 3.923989
77.200000 2 83.499035 726.317339 6.368366 3.922669
77.300000 2 83.498583 730.794471 6.368424 3.921349
77.400000 2 83.498132 735.299171 6.368482 3.920029
77.500000 2 83.497680 739.831608 6.368540 3.918709
77.600000 2 83.497228 744.391952 6.368598 3.917389
77.700000 2 83.496777 748.980375 6.368655 3.916069
77.800000 2 83.496325 753.597050 6.368713 3.914749
77.900000 2 83.495873 758.242150 6.368771 3.913429
78.000000 2 83.495422 762.915851 6.368829 3.912109
78.100000 2 83.494970 767.618328 6.368887 3.910790
78.200000 2 83.494518 772.349758 6.368944 3.909470
78.300000 2 83.494067 777.110320 6.369002 3.908150
78.400000 2 83.493615 781.900191 6.369060 3.906830
78.500000 2 83.493163 786.719554 6.369118 3.905510
78.600000 2 83.492712 791.568588 6.369176 3.904190
78.700000 2 83.492260 796.447477 6.369233 3.902870
78.800000 2 83.491808 801.356405 6.369291 3.901551
78.900000 2 83.491357 806.295555 6.369349 3.900231
79.000000 2 83.490905 811.265113 6.369407 3.898911
79.100000 2 83.490453 816.265268 6.369465 3.897591
79.200000 2 83.490001 821.296206 6.369522 3.896271
79.300000 2 83.489550 826.358118 6.369580 3.894951
79.400000 2 83.489098 831.451193 6.369638 3.893632
79.500000 2 83.488646 836.575624 6.369696 3.892312
79.600000 2 83.488195 841.731603 6.369754 3.890992
79.700000 2 83.487743 846.919324 6.369811 3.889672
79.800000 2 83.487291 852.138982 6.369869 3.888353
79.900000 2 83.486839 857.390774 6.369927 3.887033
80.000000 2 83.486388 862.674897 6.369985 3.885713
80.100000 2 83.485936 867.991551 6.370043 3.884393
80.200000 2 83.485484 873.340935 6.370101 3.883074
80.300000 2 83.485033 878.723250 6.370158 3.881754
80.400000 2 83.484581 884.138699 6.370216 3.880434
80.500000 2 83.484129 889.587487 6.370274 3.879115
80.600000 2 83.483677 895.069816 6.370332 3.877795
80.700000 2 83.483226 900.585895 6.370390 3.876475
80.800000 2 83.482774 906.135930 6.370447 3.875156
80.900000 2 83.482322 911.720131 6.370505 3.873836
81.000000 2 83.481870 917.338707 6.370563 3.872516
81.100000 2 83.481419 922.991870 6.370621 3.871197
81.200000 2 83.480967 928.679832 6.370679 3.869877
81.300000 2 83.480515 934.402808 6.370736 3.868558
81.400000 2 83.480063 940.161012 6.370794 3.867238
81.500000 2 83.479612 945.954662 6.370852 3.865918
81.600000 2 83.479160 951.783974 6.370910 3.864599
81.700000 2 83.478708 957.649170 6.370968 3.863279
81.800000 2 83.478256 963.550469 6.371025 3.861960
81.900000 2 83.477805 969.488093 6.371083 3.860640
82.000000 2 83.477353 975.462265 6.371141 3.859321
82.100000 2 83.476901 981.473211 6.371199 3.858001
82.200000 2 83.476449 987.521155 6.371257 3.856682
82.300000 2 83.475998 993.606327 6.371315 3.855362
82.400000 2 83.475546 999.728955 6.371372 3.854043
82.500000 2 83.475094 1005.889268 6.371430 3.852723
82.600000 2 83.474642 1012.087499 6.371488 3.851404
82.700000 2 83.474191 1018.323882 6.371546 3.850084
82.800000 2 83.473739 1024.598649 6.371604 3.848765
82.900000 2 83.473287 1030.912038 6.371661 3.847445
83.000000 2 83.472835 1037.264285 6.371719 3.846126
83.100000 2 83.472383 1043.655631 6.371777 3.844806
83.200000 2 83.471932 1050.086314 6.371835 3.843487
83.300000 2 83.471480 1056.556578 6.371893 3.842167
83.400000 2 83.471028 1063.066665 6.371950 3.840848
83.500000 2 83.470576 1069.616820 6.372008 3.839529
83.600000 2 83.470124 1076.207289 6.372066 3.838209
83.700000 2 83.469673 1082.838321 6.372124 3.836890
83.800000 2 83.469221 1089.510165 6.372182 3.835570
83.900000 2 83.468769 1096.223071 6.372239 3.834251
84.000000 2 83.468317 1102.977292 6.372297 3.832932
84.100000 2 83.467865 1109.773083 6.372355 3.831612
84.200000 2 83.467414 1116.610697 6.372413 3.830293
84.300000 2 83.466962 1123.490394 6.372471 3.828974
84.400000 2 83.466510 1130.412431 6.372529 3.827654
84.500000 2 83.466058 1137.377069 6.372586 3.826335
84.600000 2 83.465606 1144.384569 6.372644 3.825016
84.700000 2 83.465154 1151.435195 6.372702 3.823696
84.800000 2 83.464703 1158.529213 6.372760 3.822377
84.900000 2 83.464251 1165.666888 6.372818 3.821058
85.000000 2 83.463799 1172.848490 6.372875 3.819738
85.100000 2 83.463347 1180.074288 6.372933 3.818419
85.200000 2 83.462895 1187.344555 6.372991 3.817100
85.300000 2 83.462443 1194.659562 6.373049 3.815781
85.400000 2 83.461992 1202.019586 6.373107 3.814461
85.500000 2 83.461540 1209.424903 6.373164 3.813142
85.600000 2 83.461088 1216.875792 6.373222 3.811823
85.700000 2 83.460636 1224.372532 6.373280 3.810504
85.800000 2 83.460184 1231.915406 6.373338 3.809185
85.900000 2 83.459732 1239.504697 6.373396 3.807865
86.000000 2 83.459281 1247.140690 6.373454 3.806546
86.100000 2 83.458829 1254.823673 6.373511 3.805227
86.200000 2 83.458377 1262.553935 6.373569 3.803908
86.300000 2 83.457925 1270.331765 6.373627 3.802589
86.400000 2 83.457473 1278.157456 6.373685 3.801270
86.500000 2 83.457021 1286.031303 6.373743 3.799950
86.600000 2 83.456569 1293.953602 6.373800 3.798631
86.700000 2 83.456117 1301.924650 6.373858 3.797312
86.800000 2 83.455666 1309.944747 6.373916 3.795993
86.900000 2 83.455214 1318.014194 6.373974 3.794674
87.000000 2 83.454762 1326.133295 6.374032 3.793355
87.100000 2 83.454310 1334.302356 6.374089 3.792036
87.200000 2 83.453858 1342.521682 6.374147 3.790717
87.300000 2 83.453406 1350.791583 6.374205 3.789398
87.400000 2 83.452954 1359.112370 6.374263 3.788079
87.500000 2 83.452502 1367.484355 6.374321 3.786760
87.600000 2 83.452051 1375.907854 6.374379 3.785441
87.700000 2 83.451599 1384.383183 6.374436 3.784121
87.800000 2 83.451147 1392.910660 6.374494 3.782802
87.900000 2 83.450695 1401.490606 6.374552 3.781483
88.000000 2 83.450243 1410.123344 6.374610 3.780164
88.100000 2 83.449791 1418.809197 6.374668 3.778845
88.200000 2 83.449339 1427.548493 6.374725 3.777526
88.300000 2 83.448887 1436.341560 6.374783 3.776207
88.400000 2 83.448435 1445.188728 6.374841 3.774889
88.500000 2 83.447983 1454.090329 6.374899 3.773570
88.600000 2 83.447531 1463.046699 6.374957 3.772251
88.700000 2 83.447080 1472.058174 6.375014 3.770932
88.800000 2 83.446628 1481.125092 6.375072 3.769613
88.900000 2 83.446176 1490.247794 6.375130 3.768294
89.000000 2 83.445724 1499.426624 6.375188 3.766975
89.100000 2 83.445272 1508.661926 6.375246 3.765656
89.200000 2 83.444820 1517.954046 6.375304 3.764337
89.300000 2 83.444368 1527.303335 6.375361 3.763018
89.400000 2 83.443916 1536.710144 6.375419 3.761699
89.500000 2 83.443464 1546.174826 6.375477 3.760381
89.600000 2 83.443012 1555.697736 6.375535 3.759062
89.700000 2 83.442560 1565.279233 6.375593 3.757743
89.800000 2 83.442108 1574.919676 6.375650 3.756424
89.900000 2 83.441656 1584.619429 6.375708 3.755105
90.000000 2 83.441204 1594.378854 6.375766 3.753786
90.100000 2 83.440753 1604.198320 6.375824 3.752467
90.200000 2 83.440301 1614.078194 6.375882 3.751149
90.300000 2 83.439849 1624.018849 6.375939 3.749830
90.400000 2 83.439397 1634.020657 6.375997 3.748511
90.500000 2 83.438945 1644.083995 6.376055 3.747192
90.600000 2 83.438493 1654.209241 6.376113 3.745874
90.700000 2 83.438041 1664.396774 6.376171 3.744555
90.800000 2 83.437589 1674.646978 6.376229 3.743236
90.900000 2 83.437137 1684.960238 6.376286 3.741917
91.000000 2 83.436685 1695.336941 6.376344 3.740599
91.100000 2 83.436233 1705.777477 6.376402 3.739280
91.200000 2 83.435781 1716.282238 6.376460 3.737961
91.300000 2 83.435329 1726.851620 6.376518 3.736642
91.400000 2 83.434877 1737.486018 6.376575 3.735324
91.500000 2 83.434425 1748.185833 6.376633 3.734005
91.600000 2 83.433973 1758.951467 6.376691 3.732686
91.700000 2 83.433521 1769.783323 6.376749 3.731368
91.800000 2 83.433069 1780.681810 6.376807 3.730049
91.900000 2 83.432617 1791.647335 6.376865 3.728730
92.000000 2 83.432165 1802.680312 6.376922 3.727412
92.100000 2 83.431713 1813.781154 6.376980 3.726093
92.200000 2 83.431261 1824.950279 6.377038 3.724775
92.300000 2 83.430809 1836.188106 6.377096 3.723456
92.400000 2 83.430357 1847.495057 6.377154 3.722137
92.500000 2 83.429905 1858.871557 6.377211 3.720819
92.600000 2 83.429453 1870.318033 6.377269 3.719500
92.700000 2 83.429001 1881.834916 6.377327 3.718182
92.800000 2 83.428549 1893.422637 6.377385 3.716863
92.900000 2 83.428097 1905.081632 6.377443 3.715544
93.000000 2 83.427645 1916.812339 6.377500 3.714226
93.100000 2 83.427193 1928.615199 6.377558 3.712907
93.200000 2 83.426741 1940.490654 6.377616 3.711589
93.300000 2 83.426289 1952.439151 6.377674 3.710270
93.400000 2 83.425837 1964.461139 6.377732 3.708952
93.500000 2 83.425385 1976.557069 6.377790 3.707633
93.600000 2 83.424933 1988.727395 6.377847 3.706315
93.700000 2 83.424481 2000.972574 6.377905 3.704996
93.800000 2 83.424029 2013.293066 6.377963 3.703678
93.900000 2 83.423577 2025.689335 6.378021 3.702359
94.000000 2 83.423125 2038.161845 6.378079 3.701041
94.100000 2 83.422673 2050.711065 6.378136 3.699722
94.200000 2 83.422221 2063.337466 6.378194 3.698404
94.300000 2 83.421769 2076.041522 6.378252 3.697086
94.400000 2 83.421317 2088.823711 6.378310 3.695767
94.500000 2 83.420865 2101.684511 6.378368 3.694449
94.600000 2 83.420412 2114.624408 6.378426 3.693130
94.700000 2 83.419960 2127.643885 6.378483 3.691812
94.800000 2 83.419508 2140.743432 6.378541 3.690494
94.900000 2 83.419056 2153.923541 6.378599 3.689175
95.000000 2 83.418604 2167.184707 6.378657 3.687857
95.100000 2 83.418152 2180.527428 6.378715 3.686538
95.200000 2 83.417700 2193.952204 6.378772 3.685220
95.300000 2 83.417248 2207.459540 6.378830 3.683902
95.400000 2 83.416796 2221.049944 6.378888 3.682583
95.500000 2 83.416344 2234.723924 6.378946 3.681265
95.600000 2 83.415892 2248.481995 6.379004 3.679947
95.700000 2 83.415440 2262.324673 6.379062 3.678628
95.800000 2 83.414988 2276.252478 6.379119 3.677310
95.900000 2 83.414536 2290.265933 6.379177 3.675992
96.000000 2 83.414084 2304.365564 6.379235 3.674674
96.100000 2 83.413631 2318.551899 6.379293 3.673355
96.200000 2 83.413179 2332.825473 6.379351 3.672037
96.300000 2 83.412727 2347.186821 6.379408 3.670719
96.400000 2 83.412275 2361.636481 6.379466 3.669401
96.500000 2 83.411823 2376.174997 6.379524 3.668082
96.600000 2 83.411371 2390.802914 6.379582 3.666764
96.700000 2 83.410919 2405.520781 6.379640 3.665446
96.800000 2 83.410467 2420.329150 6.379698 3.664128
96.900000 2 83.410015 2435.228579 6.379755 3.662810
97.000000 2 83.409563 2450.219625 6.379813 3.661491
97.100000 2 83.409110 2465.302852 6.379871 3.660173
97.200000 2 83.408658 2480.478825 6.379929 3.658855
97.300000 2 83.408206 2495.748116 6.379987 3.657537
97.400000 2 83.407754 2511.111296 6.380044 3.656219
97.500000 2 83.407302 2526.568942 6.380102 3.654901
97.600000 2 83.406850 2542.121635 6.380160 3.653582
97.700000 2 83.406398 2557.769958 6.380218 3.652264
97.800000 2 83.405946 2573.514498 6.380276 3.650946
97.900000 2 83.405494 2589.355848 6.380334 3.649628
98.000000 2 83.405041 2605.294600 6.380391 3.648310
98.100000 2 83.404589 2621.331354 6.380449 3.646992
98.200000 2 83.404137 2637.466711 6.380507 3.645674
98.300000 2 83.403685 2653.701278 6.380565 3.644356
98.400000 2 83.403233 2670.035662 6.380623 3.643038
98.500000 2 83.402781 2686.470478 6.380680 3.641720
98.600000 2 83.402329 2703.006341 6.380738 3.640402
98.700000 2 83.401876 2719.643874 6.380796 3.639084
98.800000 2 83.401424 2736.383699 6.380854 3.637766
98.900000 2 83.400972 2753.226446 6.380912 3.636448
99.000000 2 83.397355 2773.495188 6.381374 3.634970
99.100000 2 83.393738 2773.495188 6.381837 3.635086
99.200000 2 83.390120 2773.495188 6.382299 3.635202
99.300000 2 83.386502 2773.495188 6.382762 3.635317
99.400000 2 83.382885 2773.495188 6.383225 3.635433
99.500000 2 83.379267 2773.495188 6.383687 3.635549
99.600000 2 83.375649 2773.495188 6.384150 3.635664
99.700000 2 83.372030 2773.495188 6.384612 3.635780
99.800000 2 83.368412 2773.495188 6.385075 3.635896
99.900000 4 83.365776 2773.495188 6.385437 3.635986
100.000000 4 83.365698 2773.495188 6.385437 3.635986
100.100000 4 82.825996 2773.495188 6.386048 3.636139
100.200000 4 82.286295 2773.495188 6.386659 3.636292
100.300000 4 81.746593 2773.495188 6.387270 3.636444
100.400000 4 81.206891 2773.495188 6.387882 3.636597
100.500000 4 80.667189 2773.495188 6.388493 3.636750
100.600000 4 80.127488 2773.495188 6.389104 3.636903
100.700000 4 79.587786 2773.495188 6.389715 3.637056
100.800000 4 79.048084 2773.495188 6.390326 3.637208
100.900000 4 78.508383 2773.495188 6.390937 3.637361
101.000000 4 77.968681 2773.495188 6.391548 3.637514
101.100000 4 77.428979 2773.495188 6.392159 3.637667
101.200000 4 76.889277 2773.495188 6.392770 3.637819
101.300000 4 76.349576 2773.495188 6.393381 3.637972
101.400000 4 75.809874 2773.495188 6.393993 3.638125
101.500000 4 75.270172 2773.495188 6.394604 3.638278
101.600000 4 74.730470 2773.495188 6.395215 3.638431
101.700000 4 74.190769 2773.495188 6.395826 3.638583
101.800000 4 73.651067 2773.495188 6.396437 3.638736
101.900000 4 73.111365 2773.495188 6.397048 3.638889
102.000000 4 72.571664 2773.495188 6.397659 3.639042
102.100000 4 72.031962 2773.495188 6.398270 3.639194
102.200000 4 71.492260 2773.495188 6.398881 3.639347
102.300000 4 70.952558 2773.495188 6.399492 3.639500
102.400000 4 70.412857 2773.495188 6.400104 3.639653
102.500000 4 69.873155 2773.495188 6.400715 3.639806
102.600000 4 69.333453 2773.495188 6.401326 3.639958
102.700000 4 68.793752 2773.495188 6.401937 3.640111
102.800000 4 68.254050 2773.495188 6.402548 3.640264
102.900000 4 67.714348 2773.495188 6.403159 3.640417
103.000000 4 67.174646 2773.495188 6.403770 3.640569
103.100000 4 66.634945 2773.495188 6.404381 3.640722
103.200000 4 66.095243 2773.495188 6.404992 3.640875
103.300000 4 65.555541 2773.495188 6.405603 3.641028
103.400000 4 65.015840 2773.495188 6.406215 3.641181
103.500000 4 64.476138 2773.495188 6.406826 3.641333
103.600000 4 63.936436 2773.495188 6.407437 3.641486
103.700000 4 63.396734 2773.495188 6.408048 3.641639
103.800000 4 62.857033 2773.495188 6.408659 3.641792
103.900000 4 62.317331 2773.495188 6.409270 3.641944
104.000000 4 61.777629 2773.495188 6.409881 3.642097
104.100000 4 61.237928 2773.495188 6.410492 3.642250
104.200000 4 60.698226 2773.495188 6.411103 3.642403
104.300000 4 60.158524 2773.495188 6.411715 3.642555
104.400000 4 59.618822 2773.495188 6.412326 3.642708
104.500000 4 59.079121 2773.495188 6.412937 3.642861
104.600000 4 58.539419 2773.495188 6.413548 3.643014
104.700000 4 57.999717 2773.495188 6.414159 3.643167
104.800000 4 57.460016 2773.495188 6.414770 3.643319
104.900000 4 56.920314 2773.495188 6.415381 3.643472
105.000000 4 56.380612 2773.495188 6.415992 3.643625
105.100000 4 55.840910 2773.495188 6.416603 3.643778
105.200000 4 55.301209 2773.495188 6.417214 3.643930
105.300000 4 54.761507 2773.495188 6.417826 3.644083
105.400000 4 54.221805 2773.495188 6.418437 3.644236
105.500000 4 53.682104 2773.495188 6.419048 3.644389
105.600000 4 53.145283 2773.495188 6.419656 3.644541
105.700000 4 52.613830 2773.495188 6.420257 3.644691
105.800000 4 52.087693 2773.495188 6.420853 3.644840
105.900000 4 51.566816 2773.495188 6.421443 3.644988
106.000000 4 51.051148 2773.495188 6.422027 3.645134
106.100000 4 50.540637 2773.495188 6.422605 3.645278
106.200000 4 50.035231 2773.495188 6.423177 3.645421
106.300000 4 49.534879 2773.495188 6.423744 3.645563
106.400000 4 49.039531 2773.495188 6.424304 3.645703
106.500000 4 48.549136 2773.495188 6.424860 3.645842
106.600000 4 48.063645 2773.495188 6.425409 3.645979
106.700000 4 47.583009 2773.495188 6.425954 3.646115
106.800000 4 47.107179 2773.495188 6.426492 3.646250
106.900000 4 46.636108 2773.495188 6.427026 3.646383
107.000000 4 46.169747 2773.495188 6.427554 3.646515
107.100000 4 45.708050 2773.495188 6.428076 3.646646
107.200000 4 45.250970 2773.495188 6.428594 3.646775
107.300000 4 44.798460 2773.495188 6.429106 3.646903
107.400000 4 44.350476 2773.495188 6.429613 3.647030
107.500000 4 43.906972 2773.495188 6.430115 3.647156
107.600000 4 43.467902 2773.495188 6.430612 3.647280
107.700000 4 43.033224 2773.495188 6.431104 3.647403
107.800000 4 42.602892 2773.495188 6.431591 3.647524
107.900000 4 42.176863 2773.495188 6.432072 3.647645
108.000000 4 41.755095 2773.495188 6.432547 3.647764
108.100000 4 41.337544 2773.495188 6.433015 3.647881
108.200000 4 40.924169 2773.495188 6.433469 3.647994
108.300000 4 40.514928 2773.495188 6.433880 3.648097
108.400000 4 40.109779 2773.495188 6.433887 3.648099
108.500000 4 40.084710 2773.495188 6.433815 3.648081
108.600000 4 40.072184 2754.444886 6.433770 3.649566
108.700000 4 40.070619 2730.822048 6.433763 3.651435
108.800000 4 40.069053 2707.102032 6.433757 3.653327
