t Ka M R logL logTeff
0.100000 1 79.830257 14.862729 5.936872 4.659309
0.200000 1 79.659201 14.944469 5.937481 4.658271
0.300000 1 79.486903 15.026408 5.938101 4.657238
0.400000 1 79.313348 15.108591 5.938732 4.656211
0.500000 1 79.138520 15.191063 5.939373 4.655190
0.600000 1 78.962405 15.273871 5.940025 4.654172
0.700000 1 78.784987 15.357062 5.940686 4.653158
0.800000 1 78.606251 15.440682 5.941357 4.652147
0.900000 1 78.426180 15.524781 5.942037 4.651137
1.000000 1 78.244761 15.609408 5.942726 4.650129
1.100000 1 78.061976 15.694613 5.943423 4.649121
1.200000 1 77.877811 15.780447 5.944128 4.648113
1.300000 1 77.692249 15.866961 5.944840 4.647104
1.400000 1 77.505274 15.954207 5.945560 4.646093
1.500000 1 77.316873 16.042241 5.946286 4.645080
1.600000 1 77.127028 16.131114 5.947019 4.644063
1.700000 1 76.935725 16.220882 5.947757 4.643043
1.800000 1 76.742949 16.311602 5.948500 4.642017
1.900000 1 76.548684 16.403329 5.949249 4.640987
2.000000 1 76.352918 16.496122 5.950002 4.639950
2.100000 1 76.155635 16.590039 5.950759 4.638907
2.200000 1 75.956821 16.685140 5.951520 4.637856
2.300000 1 75.756464 16.781485 5.952284 4.636796
2.400000 1 75.554551 16.879136 5.953050 4.635728
2.500000 1 75.351070 16.978157 5.953819 4.634650
2.600000 1 75.146008 17.078610 5.954590 4.633562
2.700000 1 74.939355 17.180562 5.955363 4.632463
2.800000 1 74.731100 17.284079 5.956136 4.631351
2.900000 1 74.521235 17.389229 5.956910 4.630228
3.000000 1 74.309749 17.496082 5.957684 4.629091
3.100000 1 74.096636 17.604710 5.958457 4.627940
3.200000 1 73.881889 17.715186 5.959230 4.626775
3.300000 1 73.665501 17.827584 5.960002 4.625595
3.400000 1 73.447468 17.941983 5.960772 4.624398
3.500000 1 73.227787 18.058463 5.961539 4.623185
3.600000 1 73.006454 18.177106 5.962305 4.621954
3.700000 1 72.783470 18.297997 5.963068 4.620706
3.800000 1 72.558834 18.421227 5.963827 4.619438
3.900000 1 72.332548 18.546887 5.964583 4.618151
4.000000 1 72.104616 18.675075 5.965335 4.616843
4.100000 1 71.875043 18.805892 5.966082 4.615514
4.200000 1 71.643836 18.939445 5.966825 4.614163
4.300000 1 71.411004 19.075848 5.967563 4.612789
4.400000 1 71.176558 19.215219 5.968295 4.611392
4.500000 1 70.940511 19.357686 5.969022 4.609969
4.600000 1 70.702877 19.503385 5.969743 4.608521
4.700000 1 70.463675 19.652460 5.970458 4.607047
4.800000 1 70.222925 19.805068 5.971167 4.605544
4.900000 1 69.980650 19.961376 5.971869 4.604012
5.000000 1 69.736875 20.121568 5.972564 4.602451
5.100000 1 69.491630 20.285839 5.973253 4.600857
5.200000 1 69.244946 20.454405 5.973935 4.599231
5.300000 1 68.996860 20.627501 5.974610 4.597570
5.400000 1 68.747410 20.805383 5.975278 4.595872
5.500000 1 68.496640 20.988332 5.975940 4.594137
5.600000 1 68.244598 21.176658 5.976595 4.592360
5.700000 1 67.991336 21.370702 5.977243 4.590542
5.800000 1 67.736912 21.570841 5.977885 4.588678
5.900000 1 67.481388 21.777492 5.978521 4.586767
6.000000 1 67.224833 21.991115 5.979152 4.584805
6.100000 1 67.096078 22.100668 5.979464 4.583804
6.200000 1 66.967100 22.212162 5.979775 4.582789
6.300000 1 66.837910 22.325669 5.980085 4.581760
6.400000 1 66.708519 22.441267 5.980394 4.580715
6.500000 1 66.578938 22.559037 5.980702 4.579656
6.600000 1 66.449180 22.679064 5.981009 4.578580
6.700000 1 66.319258 22.801440 5.981316 4.577488
6.800000 1 66.189185 22.926261 5.981622 4.576380
6.900000 1 66.058975 23.053626 5.981928 4.575253
7.000000 1 65.928644 23.183642 5.982234 4.574108
7.100000 1 65.798205 23.316424 5.982539 4.572944
7.200000 1 65.667676 23.452089 5.982845 4.571761
7.300000 1 65.537073 23.590764 5.983151 4.570557
7.400000 1 65.406414 23.732583 5.983457 4.569332
7.500000 1 65.275717 23.877685 5.983764 4.568085
7.600000 1 65.145001 24.026222 5.984071 4.566816
7.700000 1 65.014287 24.178350 5.984380 4.565522
7.800000 1 64.883596 24.334238 5.984690 4.564204
7.900000 1 64.752950 24.494062 5.985001 4.562860
8.000000 1 64.622372 24.658011 5.985314 4.561490
8.100000 1 64.491887 24.826283 5.985630 4.560092
8.200000 1 64.361519 24.999089 5.985948 4.558665
8.300000 1 64.231296 25.176654 5.986268 4.557209
8.400000 1 64.101245 25.359214 5.986591 4.555721
8.500000 1 63.971396 25.547022 5.986918 4.554200
8.600000 1 63.841779 25.740345 5.987249 4.552646
8.700000 1 63.712426 25.939467 5.987584 4.551056
8.800000 1 63.583371 26.144690 5.987924 4.549430
8.900000 1 63.454649 26.356335 5.988268 4.547765
9.000000 1 63.326297 26.574742 5.988619 4.546061
9.100000 1 63.198354 26.800275 5.988975 4.544315
9.200000 1 63.070860 27.033319 5.989338 4.542525
9.300000 1 62.943857 27.274286 5.989708 4.540691
9.400000 1 62.817389 27.523613 5.990086 4.538809
9.500000 1 62.691504 27.781768 5.990473 4.536879
9.600000 1 62.566249 28.049247 5.990868 4.534897
9.700000 1 62.441676 28.326583 5.991274 4.532862
9.800000 1 62.379756 28.469164 5.991482 4.531824
9.900000 1 62.318030 28.614427 5.991692 4.530771
10.000000 1 62.256504 28.762449 5.991906 4.529704
10.100000 1 62.195187 28.913310 5.992123 4.528622
10.200000 1 62.134085 29.067092 5.992342 4.527525
10.300000 1 62.073206 29.223879 5.992565 4.526413
10.400000 1 62.012557 29.383761 5.992791 4.525285
10.500000 1 61.952147 29.546828 5.993021 4.524140
10.600000 1 61.891983 29.713175 5.993254 4.522980
10.700000 1 61.832074 29.882899 5.993491 4.521802
10.800000 1 61.772428 30.056102 5.993732 4.520607
10.900000 1 61.713053 30.232888 5.993976 4.519395
11.000000 1 61.653959 30.413366 5.994225 4.518164
11.100000 1 61.595153 30.597647 5.994477 4.516916
11.200000 1 61.536646 30.785848 5.994734 4.515649
11.300000 1 61.478446 30.978090 5.994996 4.514362
11.400000 1 61.420563 31.174497 5.995262 4.513056
11.500000 1 61.363007 31.375199 5.995533 4.511730
11.600000 1 61.305786 31.580330 5.995808 4.510384
11.700000 1 61.248912 31.790030 5.996089 4.509017
11.800000 1 61.192393 32.004442 5.996375 4.507629
11.900000 1 61.136241 32.223716 5.996666 4.506219
12.000000 1 61.080466 32.448008 5.996962 4.504787
12.100000 1 61.025078 32.677478 5.997265 4.503332
12.200000 1 60.970088 32.912295 5.997573 4.501855
12.300000 1 60.915507 33.152633 5.997887 4.500353
12.400000 1 60.861346 33.398670 5.998207 4.498828
12.500000 1 60.807617 33.650597 5.998533 4.497277
12.600000 1 60.754331 33.908606 5.998866 4.495702
12.700000 1 60.701499 34.172901 5.999206 4.494101
12.800000 1 60.649133 34.443692 5.999552 4.492474
12.900000 1 60.597245 34.721199 5.999905 4.490820
13.000000 1 60.545847 35.005648 6.000266 4.489138
13.100000 1 60.494951 35.297278 6.000634 4.487428
13.200000 1 60.444568 35.596334 6.001009 4.485690
13.300000 1 60.394712 35.903073 6.001393 4.483923
13.400000 1 60.345395 36.217762 6.001784 4.482126
13.500000 1 60.296630 36.540680 6.002183 4.480298
13.600000 1 60.248427 36.872116 6.002591 4.478439
13.700000 1 60.200802 37.212374 6.003007 4.476549
13.800000 1 60.153765 37.561766 6.003432 4.474626
13.900000 1 60.107329 37.920623 6.003866 4.472669
14.000000 1 60.061508 38.289285 6.004309 4.470679
14.100000 1 60.016314 38.668111 6.004761 4.468654
14.200000 1 59.994037 38.861511 6.004992 4.467629
14.300000 1 59.971921 39.057594 6.005225 4.466594
14.400000 1 59.949970 39.256409 6.005461 4.465551
14.500000 1 59.928184 39.458007 6.005699 4.464498
14.600000 1 59.906564 39.662439 6.005940 4.463436
14.700000 1 59.885113 39.869758 6.006183 4.462365
14.800000 1 59.863832 40.080017 6.006429 4.461284
14.900000 1 59.842723 40.293271 6.006677 4.460194
15.000000 1 59.821786 40.509575 6.006928 4.459094
15.100000 1 59.801024 40.728988 6.007182 4.457984
15.200000 1 59.780438 40.951568 6.007438 4.456865
15.300000 1 59.760029 41.177375 6.007697 4.455735
15.400000 1 59.739800 41.406469 6.007958 4.454596
15.500000 1 59.719751 41.638914 6.008222 4.453446
15.600000 1 59.699884 41.874773 6.008489 4.452287
15.700000 1 59.680200 42.114112 6.008759 4.451116
15.800000 1 59.660701 42.356998 6.009031 4.449936
15.900000 1 59.641388 42.603500 6.009307 4.448745
16.000000 1 59.622262 42.853686 6.009585 4.447543
16.100000 1 59.603326 43.107630 6.009866 4.446330
16.200000 1 59.584580 43.365405 6.010150 4.445106
16.300000 1 59.566025 43.627084 6.010436 4.443872
16.400000 1 59.547664 43.892746 6.010726 4.442626
16.500000 1 59.529496 44.162469 6.011019 4.441369
16.600000 1 59.511524 44.436333 6.011314 4.440100
16.700000 1 59.493749 44.714421 6.011613 4.438820
16.800000 1 59.476078 44.996730 6.011913 4.437528
16.900000 1 59.458371 45.283210 6.012213 4.436225
17.000000 1 59.440628 45.573943 6.012512 4.434910
17.100000 1 59.422849 45.869010 6.012812 4.433584
17.200000 1 59.405034 46.168497 6.013111 4.432245
17.300000 1 59.387183 46.472489 6.013410 4.430895
17.400000 1 59.369296 46.781075 6.013708 4.429532
17.500000 1 59.351372 47.094345 6.014006 4.428158
17.600000 1 59.333412 47.412393 6.014304 4.426771
17.700000 1 59.315416 47.735311 6.014602 4.425371
17.800000 1 59.297383 48.063198 6.014899 4.423959
17.900000 1 59.279313 48.396153 6.015196 4.422534
18.000000 1 59.261207 48.734278 6.015493 4.421097
18.100000 1 59.243064 49.077676 6.015790 4.419646
18.200000 1 59.224884 49.426454 6.016086 4.418182
18.300000 1 59.206667 49.780721 6.016382 4.416705
18.400000 1 59.188414 50.140590 6.016677 4.415215
18.500000 1 59.170123 50.506174 6.016973 4.413712
18.600000 1 59.151795 50.877592 6.017268 4.412194
18.700000 1 59.133430 51.254962 6.017562 4.410663
18.800000 1 59.115028 51.638410 6.017857 4.409118
18.900000 1 59.096589 52.028060 6.018151 4.407559
19.000000 1 59.078112 52.424042 6.018445 4.405986
19.100000 1 59.059598 52.826490 6.018738 4.404399
19.200000 1 59.041046 53.235538 6.019031 4.402798
19.300000 1 59.022457 53.651326 6.019324 4.401181
19.400000 1 59.003830 54.073998 6.019617 4.399550
19.500000 1 58.985165 54.503699 6.019909 4.397905
19.600000 1 58.690239 54.944708 6.016701 4.395353
19.700000 1 58.396788 55.399629 6.013494 4.392761
19.800000 1 58.104804 55.868945 6.010287 4.390127
19.900000 1 57.814280 56.353157 6.007079 4.387451
20.000000 1 57.525209 56.852790 6.003872 4.384733
20.100000 1 57.237583 57.368392 6.000665 4.381970
20.200000 1 56.951395 57.900534 5.997458 4.379164
20.300000 1 56.666638 58.449812 5.994251 4.376312
20.400000 1 56.383304 59.016850 5.991044 4.373414
20.500000 1 56.101388 59.602301 5.987837 4.370468
20.600000 1 55.961134 59.902718 5.986237 4.368977
20.700000 1 55.821232 60.208003 5.984637 4.367473
20.800000 1 55.681679 60.518246 5.983037 4.365957
20.900000 1 55.542474 60.833541 5.981436 4.364428
21.000000 1 54.987050 60.982180 5.979125 4.363320
21.100000 1 54.918316 60.558892 5.979632 4.364960
21.200000 1 54.849668 59.973687 5.980310 4.367238
21.300000 1 54.815387 59.616982 5.980710 4.368633
21.400000 1 54.781127 59.215652 5.981151 4.370210
21.500000 1 54.746889 58.768754 5.981632 4.371975
21.600000 1 54.713038 58.281122 5.982147 4.373913
21.700000 1 54.681183 57.780280 5.982665 4.375917
21.800000 1 54.651210 57.271654 5.983184 4.377967
21.900000 1 54.623008 56.760016 5.983698 4.380044
22.000000 1 54.596474 56.249500 5.984205 4.382133
22.100000 1 54.571513 55.743627 5.984702 4.384219
22.200000 1 54.548034 55.245352 5.985187 4.386290
22.300000 1 54.525950 54.757115 5.985659 4.388335
22.400000 1 54.505182 54.280886 5.986115 4.390346
22.500000 1 54.485653 53.818223 5.986556 4.392315
22.600000 1 54.467292 53.370320 5.986981 4.394236
22.700000 1 54.450031 52.938053 5.987389 4.396104
22.800000 1 54.433806 52.522026 5.987780 4.397915
22.900000 1 54.418556 52.122611 5.988155 4.399666
23.000000 1 54.416960 51.757056 5.988707 4.401333
23.100000 1 54.415458 51.407004 5.989231 4.402937
23.200000 1 54.414047 51.072429 5.989728 4.404479
23.300000 1 54.412721 50.753191 5.990199 4.405959
23.400000 1 54.411474 50.449051 5.990645 4.407375
23.500000 1 54.410303 50.159691 5.991066 4.408730
23.600000 1 54.409202 49.884735 5.991464 4.410023
23.700000 1 54.408169 49.623758 5.991841 4.411256
23.800000 1 54.407197 49.376300 5.992196 4.412430
23.900000 1 54.405373 48.905123 5.992869 4.414681
24.000000 1 54.403772 48.485256 5.993464 4.416702
24.100000 1 54.402366 48.112162 5.993991 4.418511
24.200000 1 54.401133 47.781404 5.994456 4.420125
24.300000 1 54.400051 47.488746 5.994866 4.421562
24.400000 1 54.399102 47.230220 5.995227 4.422837
24.500000 1 54.397439 46.772388 5.995864 4.425112
24.600000 1 54.396188 46.424573 5.996347 4.426853
24.700000 1 54.395247 46.161259 5.996712 4.428180
24.800000 1 54.393833 45.762423 5.997262 4.430202
24.900000 2 54.392415 43.973322 5.997818 4.439000
25.000000 2 54.392413 43.997994 5.997817 4.438878
25.100000 2 54.392374 44.425540 5.997797 4.436773
25.200000 2 54.392335 44.857240 5.997776 4.434668
25.300000 2 54.392296 45.293136 5.997756 4.432563
25.400000 2 54.392257 45.733267 5.997735 4.430458
25.500000 2 54.392217 46.177676 5.997715 4.428353
25.600000 2 54.392178 46.626403 5.997695 4.426248
25.700000 2 54.392139 47.079491 5.997674 4.424143
25.800000 2 54.392100 47.536982 5.997654 4.422038
25.900000 2 54.392061 47.998919 5.997633 4.419933
26.000000 2 54.392022 48.465344 5.997613 4.417828
26.100000 2 54.391983 48.936303 5.997593 4.415723
26.200000 2 54.391944 49.411838 5.997572 4.413618
26.300000 2 54.391904 49.891994 5.997552 4.411513
26.400000 2 54.391865 50.376816 5.997531 4.409408
26.500000 2 54.391826 50.866350 5.997511 4.407303
26.600000 2 54.391787 51.360641 5.997491 4.405198
26.700000 2 54.391748 51.859735 5.997470 4.403093
26.800000 2 54.391709 52.363680 5.997450 4.400988
26.900000 2 54.391670 52.872521 5.997429 4.398883
27.000000 2 54.391631 53.386308 5.997409 4.396778
27.100000 2 54.391280 53.904676 5.997384 4.394673
27.200000 2 54.390929 54.428079 5.997359 4.392569
27.300000 2 54.390578 54.956565 5.997334 4.390464
27.400000 2 54.390228 55.490183 5.997308 4.388360
27.500000 2 54.389877 56.028984 5.997283 4.386255
27.600000 2 54.389526 56.573017 5.997258 4.384150
27.700000 2 54.389176 57.122334 5.997233 4.382046
27.800000 2 54.388825 57.676986 5.997208 4.379941
27.900000 2 54.388475 58.237024 5.997183 4.377837
28.000000 2 54.388124 58.802501 5.997158 4.375732
28.100000 2 54.387774 59.373471 5.997133 4.373627
28.200000 2 54.387423 59.949985 5.997107 4.371523
28.300000 2 54.387073 60.532098 5.997082 4.369418
28.400000 2 54.386723 61.119865 5.997057 4.367314
28.500000 2 54.386372 61.713340 5.997032 4.365209
28.600000 2 54.386022 62.312578 5.997007 4.363104
28.700000 2 54.385672 62.917637 5.996982 4.361000
28.800000 2 54.385322 63.528572 5.996957 4.358895
28.900000 2 54.384972 64.145440 5.996932 4.356791
29.000000 2 54.384622 64.768299 5.996907 4.354686
29.100000 2 54.384272 65.397207 5.996881 4.352581
29.200000 2 54.383922 66.032223 5.996856 4.350477
29.300000 2 54.383573 66.673409 5.996831 4.348372
29.400000 2 54.383226 67.320825 5.996806 4.346267
29.500000 2 54.382882 67.974532 5.996781 4.344163
29.600000 2 54.382539 68.634590 5.996756 4.342058
29.700000 2 54.382197 69.301063 5.996731 4.339953
29.800000 2 54.381858 69.974010 5.996706 4.337849
29.900000 2 54.381521 70.653497 5.996681 4.335744
30.000000 2 54.381185 71.339586 5.996656 4.333639
30.100000 2 54.380851 72.032342 5.996632 4.331535
30.200000 2 54.380518 72.731829 5.996607 4.329430
30.300000 2 54.380188 73.438113 5.996582 4.327325
30.400000 2 54.379859 74.151259 5.996557 4.325221
30.500000 2 54.379532 74.871335 5.996532 4.323116
30.600000 2 54.379207 75.598408 5.996508 4.321011
30.700000 2 54.378883 76.332546 5.996483 4.318906
30.800000 2 54.378561 77.073818 5.996458 4.316802
30.900000 2 54.378241 77.822292 5.996434 4.314697
31.000000 2 54.377923 78.578039 5.996409 4.312592
31.100000 2 54.377606 79.341130 5.996384 4.310487
31.200000 2 54.377291 80.111635 5.996360 4.308383
31.300000 2 54.376977 80.889628 5.996335 4.306278
31.400000 2 54.376666 81.675180 5.996311 4.304173
31.500000 2 54.376355 82.468366 5.996286 4.302068
31.600000 2 54.376047 83.269259 5.996262 4.299964
31.700000 2 54.375740 84.077934 5.996237 4.297859
31.800000 2 54.375435 84.894467 5.996213 4.295754
31.900000 2 54.375131 85.718935 5.996189 4.293649
32.000000 2 54.374829 86.551414 5.996164 4.291545
32.100000 2 54.374529 87.391983 5.996140 4.289440
32.200000 2 54.374230 88.240719 5.996115 4.287335
32.300000 2 54.373932 89.097703 5.996091 4.285230
32.400000 2 54.373637 89.963014 5.996067 4.283125
32.500000 2 54.373343 90.836734 5.996043 4.281020
32.600000 2 54.373050 91.718943 5.996018 4.278916
32.700000 2 54.372759 92.609726 5.995994 4.276811
32.800000 2 54.372469 93.509164 5.995970 4.274706
32.900000 2 54.372181 94.417343 5.995946 4.272601
33.000000 2 54.371895 95.334346 5.995922 4.270496
33.100000 2 54.371610 96.260261 5.995898 4.268391
33.200000 2 54.371327 97.195173 5.995874 4.266287
33.300000 2 54.371045 98.139169 5.995850 4.264182
33.400000 2 54.370764 99.092339 5.995826 4.262077
33.500000 2 54.370485 100.054772 5.995802 4.259972
33.600000 2 54.370208 101.026556 5.995778 4.257867
33.700000 2 54.368634 102.004739 5.995734 4.255764
33.800000 2 54.367061 102.992401 5.995690 4.253661
33.900000 2 54.365488 103.989632 5.995647 4.251557
34.000000 2 54.363914 104.996527 5.995603 4.249454
34.100000 2 54.362341 106.013178 5.995560 4.247351
34.200000 2 54.360767 107.039681 5.995516 4.245247
34.300000 2 54.359193 108.076130 5.995472 4.243144
34.400000 2 54.357620 109.122622 5.995429 4.241040
34.500000 2 54.356046 110.179256 5.995385 4.238937
34.600000 2 54.354472 111.246128 5.995342 4.236834
34.700000 2 54.352899 112.323338 5.995298 4.234730
34.800000 2 54.351325 113.410987 5.995254 4.232627
34.900000 2 54.349751 114.509176 5.995211 4.230523
35.000000 2 54.348177 115.618006 5.995167 4.228420
35.100000 2 54.346603 116.737582 5.995124 4.226316
35.200000 2 54.345029 117.868007 5.995080 4.224213
35.300000 2 54.343455 119.009387 5.995037 4.222109
35.400000 2 54.341881 120.161827 5.994993 4.220006
35.500000 2 54.340307 121.325436 5.994949 4.217902
35.600000 2 54.338733 122.500321 5.994906 4.215798
35.700000 2 54.337159 123.686592 5.994862 4.213695
35.800000 2 54.335585 124.884358 5.994819 4.211591
35.900000 2 54.334010 126.093733 5.994775 4.209488
36.000000 2 54.332436 127.314828 5.994732 4.207384
36.100000 2 54.330862 128.547756 5.994688 4.205280
36.200000 2 54.329287 129.792634 5.994644 4.203177
36.300000 2 54.327713 131.049575 5.994601 4.201073
36.400000 2 54.326139 132.318699 5.994557 4.198969
36.500000 2 54.324564 133.600122 5.994514 4.196866
36.600000 2 54.322990 134.893964 5.994470 4.194762
36.700000 2 54.321415 136.200346 5.994427 4.192658
36.800000 2 54.319840 137.519388 5.994383 4.190554
36.900000 2 54.318266 138.851215 5.994339 4.188451
37.000000 2 54.316691 140.195949 5.994296 4.186347
37.100000 2 54.315116 141.553716 5.994252 4.184243
37.200000 2 54.313542 142.924643 5.994209 4.182139
37.300000 2 54.311967 144.308857 5.994165 4.180035
37.400000 2 54.310392 145.706487 5.994122 4.177932
37.500000 2 54.308817 147.117662 5.994078 4.175828
37.600000 2 54.307242 148.542516 5.994035 4.173724
37.700000 2 54.305667 149.981179 5.993991 4.171620
37.800000 2 54.304092 151.433787 5.993948 4.169516
37.900000 2 54.302517 152.900473 5.993904 4.167412
38.000000 2 54.300942 154.381376 5.993860 4.165308
38.100000 2 54.299367 155.876633 5.993817 4.163204
38.200000 2 54.297792 157.386382 5.993773 4.161100
38.300000 2 54.296216 158.910765 5.993730 4.158996
38.400000 2 54.294641 160.449924 5.993686 4.156892
38.500000 2 54.293066 162.004001 5.993643 4.154788
38.600000 2 54.291490 163.573142 5.993599 4.152684
38.700000 2 54.289915 165.157493 5.993556 4.150580
38.800000 2 54.288340 166.757201 5.993512 4.148476
38.900000 2 54.286764 168.372415 5.993469 4.146372
39.000000 2 54.285189 170.003286 5.993425 4.144268
39.100000 2 54.283613 171.649965 5.993382 4.142164
39.200000 2 54.282038 173.312606 5.993338 4.140060
39.300000 2 54.280462 174.991363 5.993295 4.137956
39.400000 2 54.278886 176.686394 5.993251 4.135852
39.500000 2 54.277311 178.397856 5.993208 4.133748
39.600000 2 54.275735 180.125907 5.993164 4.131643
39.700000 2 54.274159 181.870710 5.993121 4.129539
39.800000 2 54.272583 183.632427 5.993077 4.127435
39.900000 2 54.271007 185.411221 5.993034 4.125331
40.000000 2 54.269431 187.207259 5.992990 4.123227
40.100000 2 54.267855 189.020707 5.992947 4.121123
40.200000 2 54.266279 190.851736 5.992903 4.119018
40.300000 2 54.264703 192.700514 5.992860 4.116914
40.400000 2 54.263127 194.567215 5.992816 4.114810
40.500000 2 54.261551 196.452011 5.992773 4.112705
40.600000 2 54.259975 198.355080 5.992729 4.110601
40.700000 2 54.258399 200.276598 5.992686 4.108497
40.800000 2 54.256823 202.216743 5.992642 4.106393
40.900000 2 54.255246 204.175698 5.992599 4.104288
41.000000 2 54.253670 206.153644 5.992555 4.102184
41.100000 2 54.252094 208.150765 5.992512 4.100079
41.200000 2 54.250517 210.167247 5.992468 4.097975
41.300000 2 54.248941 212.203279 5.992425 4.095871
41.400000 2 54.247364 214.259050 5.992381 4.093766
41.500000 2 54.245788 216.334752 5.992338 4.091662
41.600000 2 54.244211 218.430577 5.992294 4.089557
41.700000 2 54.242635 220.546722 5.992251 4.087453
41.800000 2 54.241058 222.683383 5.992207 4.085348
41.900000 2 54.239481 224.840759 5.992164 4.083244
42.000000 2 54.237905 227.019052 5.992120 4.081139
42.100000 2 54.236328 229.218463 5.992077 4.079035
42.200000 2 54.234751 231.439199 5.992033 4.076930
42.300000 2 54.233174 233.681466 5.991990 4.074826
42.400000 2 54.231597 235.945473 5.991946 4.072721
42.500000 2 54.230020 238.231431 5.991903 4.070617
42.600000 2 54.228443 240.539553 5.991859 4.068512
42.700000 2 54.226866 242.870054 5.991816 4.066408
42.800000 2 54.225289 245.223150 5.991772 4.064303
42.900000 2 54.223712 247.599063 5.991729 4.062198
43.000000 2 54.222135 249.998011 5.991686 4.060094
43.100000 2 54.220558 252.420220 5.991642 4.057989
43.200000 2 54.218981 254.865915 5.991599 4.055884
43.300000 2 54.217404 257.335324 5.991555 4.053780
43.400000 2 54.215826 259.828677 5.991512 4.051675
43.500000 2 54.214249 262.346206 5.991468 4.049570
43.600000 2 54.212672 264.888146 5.991425 4.047466
43.700000 2 54.211094 267.454733 5.991381 4.045361
43.800000 2 54.209517 270.046208 5.991338 4.043256
43.900000 2 54.207939 272.662811 5.991294 4.041151
44.000000 2 54.206362 275.304786 5.991251 4.039046
44.100000 2 54.204784 277.972379 5.991208 4.036942
44.200000 2 54.203206 280.665840 5.991164 4.034837
44.300000 2 54.201629 283.385418 5.991121 4.032732
44.400000 2 54.200051 286.131368 5.991077 4.030627
44.500000 2 54.198473 288.903946 5.991034 4.028522
44.600000 2 54.196896 291.703409 5.990990 4.026417
44.700000 2 54.195318 294.530019 5.990947 4.024313
44.800000 2 54.193740 297.384039 5.990903 4.022208
44.900000 2 54.192162 300.265735 5.990860 4.020103
45.000000 2 54.190584 303.175376 5.990817 4.017998
45.100000 2 54.189006 306.113233 5.990773 4.015893
45.200000 2 54.187428 309.079580 5.990730 4.013788
45.300000 2 54.185850 312.074692 5.990686 4.011683
45.400000 2 54.184272 315.098850 5.990643 4.009578
45.500000 2 54.182694 318.152336 5.990599 4.007473
45.600000 2 54.181115 321.235433 5.990556 4.005368
45.700000 2 54.179537 324.348429 5.990513 4.003263
45.800000 2 54.177959 327.491615 5.990469 4.001158
45.900000 2 54.176381 330.665283 5.990426 3.999053
46.000000 2 54.174802 333.869730 5.990382 3.996948
46.100000 2 54.173224 337.105253 5.990339 3.994843
46.200000 2 54.171645 340.372155 5.990296 3.992737
46.300000 2 54.170067 343.670740 5.990252 3.990632
46.400000 2 54.168488 347.001316 5.990209 3.988527
46.500000 2 54.166910 350.364193 5.990165 3.986422
46.600000 2 54.165331 353.759684 5.990122 3.984317
46.700000 2 54.163753 357.188106 5.990079 3.982212
46.800000 2 54.162174 360.649779 5.990035 3.980107
46.900000 2 54.160595 364.145026 5.989992 3.978001
47.000000 2 54.159016 367.674171 5.989948 3.975896
47.100000 2 54.157438 371.237545 5.989905 3.973791
47.200000 2 54.155859 374.835480 5.989862 3.971686
47.300000 2 54.154280 378.468311 5.989818 3.969580
47.400000 2 54.152701 382.136376 5.989775 3.967475
47.500000 2 54.151122 385.840018 5.989731 3.965370
47.600000 2 54.149543 389.579582 5.989688 3.963264
47.700000 2 54.147964 393.355416 5.989645 3.961159
47.800000 2 54.146385 397.167873 5.989601 3.959054
47.900000 2 54.144806 401.017309 5.989558 3.956948
48.000000 2 54.143226 404.904081 5.989514 3.954843
48.100000 2 54.141647 408.828553 5.989471 3.952738
48.200000 2 54.140068 412.791091 5.989428 3.950632
48.300000 2 54.138489 416.792063 5.989384 3.948527
48.400000 2 54.136909 420.831843 5.989341 3.946421
48.500000 2 54.135330 424.910808 5.989297 3.944316
48.600000 2 54.133750 429.029339 5.989254 3.942211
48.700000 2 54.132171 433.187818 5.989211 3.940105
48.800000 2 54.130592 437.386634 5.989167 3.938000
48.900000 2 54.129012 441.626179 5.989124 3.935894
49.000000 2 54.127432 445.906847 5.989081 3.933789
49.100000 2 54.125853 450.229039 5.989037 3.931683
49.200000 2 54.124273 454.593156 5.988994 3.929578
49.300000 2 54.122693 458.999607 5.988950 3.927472
49.400000 2 54.121114 463.448801 5.988907 3.925366
49.500000 2 54.119534 467.941155 5.988864 3.923261
49.600000 2 54.117954 472.477087 5.988820 3.921155
49.700000 2 54.116374 477.057019 5.988777 3.919050
49.800000 2 54.114794 481.681380 5.988734 3.916944
49.900000 2 54.113214 486.350600 5.988690 3.914838
50.000000 2 54.111634 491.065115 5.988647 3.912733
50.100000 2 54.110054 495.825364 5.988604 3.910627
50.200000 2 54.108474 500.631792 5.988560 3.908521
50.300000 2 54.106894 505.484847 5.988517 3.906416
50.400000 2 54.105314 510.384982 5.988474 3.904310
50.500000 2 54.103734 515.332653 5.988430 3.902204
50.600000 2 54.102153 520.328322 5.988387 3.900099
50.700000 2 54.100573 525.372456 5.988344 3.897993
50.800000 2 54.098993 530.465524 5.988300 3.895887
50.900000 2 54.097412 535.608001 5.988257 3.893781
51.000000 2 54.095832 540.800368 5.988213 3.891675
51.100000 2 54.094251 546.043109 5.988170 3.889570
51.200000 2 54.092671 551.336713 5.988127 3.887464
51.300000 2 54.091090 556.681673 5.988083 3.885358
51.400000 2 54.089510 562.078488 5.988040 3.883252
51.500000 2 54.087929 567.527662 5.987997 3.881146
51.600000 2 54.086349 573.029703 5.987953 3.879040
51.700000 2 54.084768 578.585124 5.987910 3.876934
51.800000 2 54.083187 584.194444 5.987867 3.874829
51.900000 2 54.081606 589.858186 5.987823 3.872723
52.000000 2 54.080026 595.576878 5.987780 3.870617
52.100000 2 54.078445 601.351054 5.987737 3.868511
52.200000 2 54.076864 607.181252 5.987694 3.866405
52.300000 2 54.075283 613.068017 5.987650 3.864299
52.400000 2 54.073702 619.011897 5.987607 3.862193
52.500000 2 54.072121 625.013448 5.987564 3.860087
52.600000 2 54.070540 631.073228 5.987520 3.857981
52.700000 2 54.068959 637.191805 5.987477 3.855875
52.800000 2 54.067377 643.369748 5.987434 3.853769
52.900000 2 54.065796 649.607633 5.987390 3.851663
53.000000 2 54.064215 655.906044 5.987347 3.849556
53.100000 2 54.062634 662.265567 5.987304 3.847450
53.200000 2 54.061052 668.686797 5.987260 3.845344
53.300000 2 54.059471 675.170331 5.987217 3.843238
53.400000 2 54.057890 681.716776 5.987174 3.841132
53.500000 2 54.056308 688.326742 5.987130 3.839026
53.600000 2 54.054727 695.000846 5.987087 3.836920
53.700000 2 54.053145 701.739710 5.987044 3.834814
53.800000 2 54.051564 708.543964 5.987001 3.832707
53.900000 2 54.049982 715.414243 5.986957 3.830601
54.000000 2 54.048400 722.351187 5.986914 3.828495
54.100000 2 54.046819 729.355444 5.986871 3.826389
54.200000 2 54.045237 736.427668 5.986827 3.824282
54.300000 2 54.043655 743.568519 5.986784 3.822176
54.400000 2 54.042073 750.778662 5.986741 3.820070
54.500000 2 54.040492 758.058772 5.986698 3.817964
54.600000 2 54.038910 765.409527 5.986654 3.815857
54.700000 2 54.037328 772.831613 5.986611 3.813751
54.800000 2 54.035746 780.325724 5.986568 3.811645
54.900000 2 54.034164 787.892558 5.986524 3.809538
55.000000 2 54.032582 795.532822 5.986481 3.807432
55.100000 2 54.031000 803.247229 5.986438 3.805325
55.200000 2 54.029417 811.036499 5.986395 3.803219
55.300000 2 54.027835 818.901360 5.986351 3.801113
55.400000 2 54.026253 826.842544 5.986308 3.799006
55.500000 2 54.024671 834.860793 5.986265 3.796900
55.600000 2 54.023088 842.956856 5.986221 3.794793
55.700000 2 54.021506 851.131489 5.986178 3.792687
55.800000 2 54.019924 859.385454 5.986135 3.790580
55.900000 2 54.018341 867.719523 5.986092 3.788474
56.000000 2 54.016759 876.134472 5.986048 3.786367
56.100000 2 54.015176 884.631088 5.986005 3.784261
56.200000 2 54.013594 893.210163 5.985962 3.782154
56.300000 2 54.012011 901.872498 5.985919 3.780048
56.400000 2 54.010428 910.618903 5.985875 3.777941
56.500000 2 54.008846 919.450194 5.985832 3.775834
56.600000 2 54.007263 928.367194 5.985789 3.773728
56.700000 2 54.005680 937.370737 5.985746 3.771621
56.800000 2 54.004097 946.461663 5.985702 3.769515
56.900000 2 54.002515 955.640821 5.985659 3.767408
57.000000 2 54.000932 964.909067 5.985616 3.765301
57.100000 2 53.999349 974.267268 5.985573 3.763195
57.200000 2 53.997766 983.716296 5.985529 3.761088
57.300000 2 53.996183 993.257034 5.985486 3.758981
57.400000 2 53.994600 1002.890373 5.985443 3.756875
57.500000 2 53.993017 1012.617212 5.985400 3.754768
57.600000 2 53.991434 1022.438459 5.985356 3.752661
57.700000 2 53.989850 1032.355031 5.985313 3.750554
57.800000 2 53.988267 1042.367855 5.985270 3.748448
57.900000 2 53.986684 1052.477864 5.985227 3.746341
58.000000 2 53.985101 1062.686004 5.985183 3.744234
58.100000 2 53.983517 1072.993227 5.985140 3.742127
58.200000 2 53.981934 1083.400495 5.985097 3.740020
58.300000 2 53.980350 1093.908782 5.985054 3.737913
58.400000 2 53.978767 1104.519066 5.985011 3.735807
58.500000 2 53.977183 1115.232341 5.984967 3.733700
58.600000 2 53.975600 1126.049605 5.984924 3.731593
58.700000 2 53.974016 1136.971869 5.984881 3.729486
58.800000 2 53.972433 1148.000154 5.984838 3.727379
58.900000 2 53.970849 1159.135488 5.984794 3.725272
59.000000 2 53.969265 1170.378912 5.984751 3.723165
59.100000 2 53.967681 1181.731475 5.984708 3.721058
59.200000 2 53.966098 1193.194239 5.984665 3.718951
59.300000 2 53.964514 1204.768273 5.984622 3.716844
59.400000 2 53.962930 1216.454658 5.984578 3.714737
59.500000 2 53.961346 1228.254487 5.984535 3.712630
59.600000 2 53.959762 1240.168860 5.984492 3.710523
59.700000 2 53.958178 1252.198890 5.984449 3.708416
59.800000 2 53.956594 1264.345702 5.984406 3.706309
59.900000 2 53.955010 1276.610429 5.984362 3.704202
60.000000 2 53.953426 1288.994218 5.984319 3.702095
60.100000 2 53.951842 1301.498224 5.984276 3.699988
60.200000 2 53.950257 1314.123615 5.984233 3.697881
60.300000 2 53.948673 1326.871572 5.984190 3.695774
60.400000 2 53.947089 1339.743284 5.984146 3.693666
60.500000 2 53.945504 1352.739955 5.984103 3.691559
60.600000 2 53.943920 1365.862797 5.984060 3.689452
60.700000 2 53.942336 1379.113036 5.984017 3.687345
60.800000 2 53.940751 1392.491911 5.983974 3.685238
60.900000 2 53.939167 1406.000671 5.983930 3.683130
61.000000 2 53.937582 1419.640578 5.983887 3.681023
61.100000 2 53.935998 1433.412907 5.983844 3.678916
61.200000 2 53.934413 1447.318942 5.983801 3.676809
61.300000 2 53.932828 1461.359985 5.983758 3.674701
61.400000 2 53.931243 1475.537346 5.983715 3.672594
61.500000 2 53.929659 1489.852350 5.983671 3.670487
61.600000 2 53.928074 1504.306333 5.983628 3.668379
61.700000 2 53.926489 1518.900648 5.983585 3.666272
61.800000 2 53.924904 1533.636656 5.983542 3.664165
61.900000 2 53.923319 1548.515734 5.983499 3.662057
62.000000 2 53.921734 1563.539273 5.983455 3.659950
62.100000 2 53.920149 1578.708677 5.983412 3.657843
62.200000 2 53.918564 1594.025362 5.983369 3.655735
62.300000 2 53.916979 1609.490759 5.983326 3.653628
62.400000 2 53.915394 1625.106314 5.983283 3.651520
62.500000 2 53.913809 1640.873485 5.983240 3.649413
62.600000 2 53.912224 1656.793746 5.983196 3.647305
62.700000 2 53.910638 1672.868584 5.983153 3.645198
62.800000 2 53.909053 1689.099501 5.983110 3.643090
62.900000 2 53.907468 1705.488014 5.983067 3.640983
63.000000 2 53.905882 1722.035653 5.983024 3.638875
63.100000 2 53.904297 1738.743966 5.982981 3.636768
63.200000 2 53.902711 1755.614513 5.982938 3.634660
63.300000 2 53.901126 1772.648871 5.982894 3.632553
63.400000 2 53.899540 1789.848632 5.982851 3.630445
63.500000 2 53.897955 1807.215402 5.982808 3.628338
63.600000 2 53.896369 1824.750805 5.982765 3.626230
63.700000 2 53.894784 1842.456479 5.982722 3.624122
63.800000 2 53.893198 1860.334079 5.982679 3.622015
63.900000 2 53.891612 1878.385276 5.982636 3.619907
64.000000 2 53.890026 1896.611756 5.982592 3.617799
64.100000 2 53.888440 1915.015223 5.982549 3.615692
64.200000 2 53.886855 1933.597397 5.982506 3.613584
64.300000 2 53.885269 1952.360013 5.982463 3.611476
64.400000 2 53.883683 1971.304827 5.982420 3.609369
64.500000 2 53.882097 1990.433608 5.982377 3.607261
64.600000 2 53.880511 2009.748144 5.982334 3.605153
64.700000 2 53.878947 2028.966102 5.982291 3.603076
64.800000 2 53.877775 2043.500162 5.982259 3.601518
64.900000 2 53.876896 2054.469039 5.982235 3.600350
65.000000 2 53.875577 2071.032931 5.982199 3.598597
65.100000 4 53.874258 2087.794745 5.982183 3.596843
65.200000 4 53.874166 2087.796540 5.982184 3.596842
65.300000 4 53.335424 2098.336080 5.982987 3.595950
65.400000 4 52.802070 2108.871264 5.983783 3.595061
65.500000 4 52.274050 2119.401009 5.984571 3.594177
65.600000 4 51.751309 2129.924186 5.985351 3.593296
65.700000 4 51.233796 2140.439621 5.986123 3.592420
65.800000 4 50.721459 2150.946091 5.986887 3.591548
65.900000 4 50.214244 2161.442322 5.987644 3.590680
66.000000 4 49.712102 2171.926985 5.988393 3.589816
66.100000 4 49.214981 2182.398697 5.989135 3.588957
66.200000 4 48.722831 2192.856014 5.989869 3.588103
66.300000 4 48.235603 2203.297430 5.990596 3.587253
66.400000 4 47.753247 2213.721371 5.991315 3.586408
66.500000 4 47.275715 2224.126198 5.992028 3.585568
66.600000 4 46.802958 2234.510194 5.992733 3.584733
66.700000 4 46.334929 2244.871567 5.993431 3.583903
66.800000 4 45.871580 2255.208444 5.994123 3.583078
66.900000 4 45.412864 2265.518863 5.994807 3.582258
67.000000 4 44.958735 2275.800773 5.995485 3.581445
67.100000 4 44.509148 2286.052024 5.996155 3.580636
67.200000 4 44.064057 2296.270366 5.996819 3.579834
67.300000 4 43.623417 2306.453437 5.997477 3.579037
67.400000 4 43.187183 2316.598763 5.998128 3.578247
67.500000 4 42.755311 2326.703743 5.998772 3.577463
67.600000 4 42.327758 2336.765648 5.999410 3.576685
67.700000 4 41.904481 2346.781610 6.000041 3.575915
67.800000 4 41.485436 2356.748610 6.000666 3.575151
67.900000 4 41.070582 2366.663474 6.001285 3.574394
68.000000 4 40.659876 2376.522856 6.001898 3.573644
68.100000 4 40.253277 2386.323231 6.002505 3.572902
68.200000 4 39.850745 2396.060879 6.003105 3.572168
68.300000 4 39.452238 2405.731873 6.003700 3.571442
68.400000 4 39.057715 2415.332062 6.004288 3.570724
68.500000 4 38.667138 2424.857056 6.004871 3.570015
68.600000 4 38.280467 2434.302206 6.005448 3.569315
68.700000 4 37.897663 2443.662585 6.006019 3.568625
68.800000 4 37.518686 2452.932965 6.006584 3.567944
68.900000 4 37.143500 2462.107793 6.007144 3.567273
69.000000 4 36.772065 2471.181162 6.007698 3.566613
69.100000 4 36.404344 2480.146786 6.008247 3.565964
69.200000 4 36.040301 2488.997958 6.008790 3.565326
69.300000 4 35.679898 2497.727522 6.009328 3.564700
69.400000 4 35.323099 2506.327823 6.009860 3.564087
69.500000 4 34.969868 2514.790669 6.010387 3.563486
69.600000 4 34.620170 2523.107270 6.010909 3.562900
69.700000 4 34.273968 2531.268186 6.011425 3.562328
69.800000 4 33.931229 2539.263255 6.011936 3.561771
69.900000 4 33.591917 2547.081523 6.012443 3.561230
70.000000 4 33.255998 2554.711155 6.012944 3.560706
70.100000 4 32.923438 2562.139337 6.013440 3.560199
70.200000 4 32.594204 2569.352166 6.013931 3.559712
70.300000 4 32.268262 2576.334518 6.014417 3.559244
70.400000 4 31.945579 2583.069904 6.014899 3.558797
70.500000 4 31.626124 2589.540291 6.015375 3.558373
70.600000 4 31.309863 2595.725907 6.015847 3.557973
70.700000 4 30.996764 2601.604997 6.016314 3.557598
70.800000 4 30.686797 2607.153554 6.016777 3.557251
70.900000 4 30.379929 2612.344977 6.017235 3.556934
71.000000 4 30.076130 2617.149684 6.017688 3.556648
71.100000 4 29.775369 2621.534633 6.018137 3.556397
71.200000 4 29.477615 2625.462746 6.018581 3.556183
71.300000 4 29.182839 2628.892203 6.019021 3.556009
71.400000 4 28.891011 2631.775571 6.019456 3.555880
71.500000 4 28.602101 2634.058718 6.019887 3.555800
71.600000 4 28.316080 2635.679440 6.020314 3.555773
71.700000 4 28.032920 2636.565710 6.020736 3.555805
71.800000 4 27.752591 2636.633402 6.021154 3.555904
71.900000 4 27.475065 2635.783290 6.021568 3.556078
72.000000 4 27.200314 2633.897022 6.021978 3.556336
72.100000 4 26.928311 2630.831585 6.022384 3.556690
72.200000 4 26.659028 2626.411504 6.022786 3.557156
72.300000 4 26.392438 2620.417530 6.023183 3.557751
72.400000 4 26.128514 2612.569610 6.023577 3.558501
72.500000 4 25.867229 2602.500120 6.023967 3.559437
72.600000 4 25.608557 2589.709491 6.024352 3.560603
72.700000 4 25.352472 2573.487562 6.024734 3.562063
72.800000 4 25.098947 2552.761964 6.025112 3.563913
72.900000 4 24.973452 2540.236878 6.025298 3.565028
73.000000 4 24.848585 2525.850377 6.025484 3.566308
73.100000 4 24.724342 2509.150932 6.025669 3.567794
73.200000 4 24.600721 2489.482274 6.025852 3.569549
73.300000 4 24.477717 2465.840243 6.026034 3.571666
73.400000 4 24.416523 2452.074111 6.026124 3.572905
73.500000 4 24.355482 2436.631110 6.026213 3.574299
73.600000 4 24.294593 2419.112670 6.026302 3.575888
73.700000 4 24.233857 2398.970048 6.026390 3.577726
73.800000 4 24.173272 2375.428314 6.026477 3.579889
73.900000 4 24.143055 2362.058440 6.026520 3.581125
74.000000 4 24.112877 2347.381316 6.026563 3.582489
74.100000 4 24.082736 2331.167792 6.026605 3.584005
74.200000 4 24.052632 2313.133116 6.026647 3.585702
74.300000 4 24.022566 2292.920264 6.026687 3.587618
74.400000 4 23.992538 2270.077416 6.026727 3.589802
74.500000 4 23.977543 2257.499366 6.026747 3.591013
74.600000 4 23.962557 2244.036005 6.026766 3.592317
74.700000 4 23.947580 2229.588774 6.026785 3.593724
74.800000 4 23.932613 2214.045196 6.026804 3.595248
74.900000 4 23.917655 2197.276605 6.026822 3.596904
75.000000 4 23.902707 2179.135458 6.026839 3.598708
75.100000 4 23.887768 2159.452182 6.026856 3.600683
75.200000 4 23.872838 2138.031458 6.026873 3.602852
75.300000 4 23.865377 2126.602244 6.026880 3.604018
75.400000 4 23.857920 2114.651684 6.026888 3.605243
75.500000 4 23.850464 2102.146077 6.026895 3.606533
75.600000 4 23.843011 2089.049165 6.026903 3.607892
75.700000 4 23.835560 2075.321920 6.026910 3.609325
75.800000 4 23.828111 2060.922332 6.026916 3.610839
75.900000 4 23.820665 2045.805172 6.026922 3.612439
76.000000 4 23.813221 2029.921743 6.026928 3.614133
76.100000 4 23.805779 2013.219622 6.026934 3.615928
76.200000 4 23.798340 1995.642381 6.026939 3.617834
76.300000 4 23.790903 1977.129308 6.026944 3.619859
76.400000 4 23.783468 1957.615113 6.026948 3.622014
76.500000 4 23.779752 1947.461672 6.026950 3.623144
76.600000 4 23.776037 1937.031288 6.026952 3.624310
76.700000 4 23.772322 1926.314384 6.026954 3.625515
76.800000 4 23.768607 1915.301045 6.026955 3.626761
76.900000 4 23.764893 1903.981006 6.026957 3.628048
77.000000 4 23.761180 1892.343647 6.026958 3.629380
77.100000 4 23.757467 1880.377985 6.026959 3.630758
77.200000 4 23.753755 1868.072667 6.026960 3.632184
77.300000 4 23.750044 1855.415968 6.026960 3.633660
77.400000 4 23.746333 1842.395781 6.026961 3.635189
77.500000 4 23.742622 1828.999617 6.026961 3.636774
77.600000 4 23.738913 1815.214606 6.026961 3.638417
77.700000 4 23.735203 1801.027492 6.026961 3.640121
77.800000 4 23.731495 1786.424640 6.026960 3.641888
77.900000 4 23.727787 1771.392040 6.026959 3.643723
78.000000 4 23.724079 1755.915312 6.026958 3.645628
78.100000 4 23.720372 1739.979723 6.026957 3.647608
78.200000 4 23.716666 1723.570195 6.026955 3.649665
78.300000 4 23.712960 1706.671331 6.026953 3.651804
78.400000 4 23.711108 1698.033844 6.026952 3.652905
78.500000 4 23.709255 1689.268126 6.026951 3.654029
78.600000 4 23.707403 1680.372173 6.026950 3.655175
78.700000 4 23.705551 1671.343967 6.026948 3.656345
78.800000 4 23.703699 1662.181479 6.026947 3.657538
78.900000 4 23.701847 1652.882666 6.026945 3.658756
79.000000 4 23.699995 1643.445474 6.026943 3.659999
79.100000 4 23.698144 1633.867843 6.026942 3.661267
79.200000 4 23.696292 1624.147704 6.026940 3.662563
79.300000 4 23.694441 1614.282986 6.026938 3.663885
79.400000 4 23.692590 1604.271613 6.026936 3.665235
79.500000 4 23.690739 1594.111510 6.026933 3.666615
79.600000 4 23.688888 1583.800604 6.026931 3.668023
79.700000 4 23.687038 1573.336828 6.026928 3.669462
79.800000 4 23.685187 1562.718120 6.026926 3.670932
79.900000 4 23.683337 1551.942433 6.026923 3.672433
80.000000 4 23.681486 1541.007731 6.026920 3.673968
80.100000 4 23.679636 1529.911997 6.026917 3.675537
80.200000 4 23.677786 1518.653237 6.026914 3.677140
80.300000 4 23.675936 1507.229480 6.026910 3.678778
80.400000 4 23.674087 1495.638788 6.026907 3.680454
80.500000 4 23.672237 1483.879254 6.026903 3.682167
80.600000 4 23.670388 1471.949014 6.026899 3.683919
80.700000 4 23.668539 1459.846247 6.026895 3.685711
80.800000 4 23.666689 1447.569183 6.026891 3.687544
80.900000 4 23.664841 1435.116108 6.026887 3.689419
81.000000 4 23.662992 1422.485369 6.026882 3.691337
81.100000 4 23.661143 1409.675385 6.026877 3.693300
81.200000 4 23.659295 1396.684648 6.026872 3.695309
81.300000 4 23.657446 1383.511735 6.026867 3.697366
81.400000 4 23.655598 1370.155313 6.026862 3.699471
81.500000 4 23.653750 1356.614149 6.026856 3.701626
81.600000 4 23.652826 1349.774067 6.026853 3.702723
81.700000 4 23.651902 1342.887389 6.026850 3.703833
81.800000 4 23.650978 1335.953991 6.026847 3.704957
81.900000 4 23.650054 1328.973760 6.026844 3.706093
82.000000 4 23.649130 1321.946589 6.026841 3.707244
82.100000 4 23.648206 1314.872381 6.026838 3.708408
82.200000 4 23.647283 1307.751048 6.026834 3.709587
82.300000 4 23.646359 1300.582508 6.026831 3.710779
82.400000 4 23.645435 1293.366692 6.026828 3.711987
82.500000 4 23.644512 1286.103540 6.026824 3.713209
82.600000 4 23.643588 1278.793003 6.026821 3.714446
82.700000 4 23.642664 1271.435039 6.026817 3.715698
82.800000 4 23.641741 1264.029621 6.026813 3.716965
82.900000 4 23.640817 1256.576732 6.026810 3.718248
83.000000 4 23.639894 1249.076366 6.026806 3.719547
83.100000 4 23.638971 1241.528529 6.026802 3.720863
83.200000 4 23.638047 1233.933241 6.026798 3.722194
83.300000 4 23.637124 1226.290534 6.026794 3.723542
83.400000 4 23.636200 1218.600453 6.026790 3.724907
83.500000 4 23.635277 1210.863057 6.026785 3.726289
83.600000 4 23.634354 1203.078419 6.026781 3.727689
83.700000 4 23.633431 1195.246628 6.026777 3.729106
83.800000 4 23.632508 1187.367785 6.026772 3.730541
83.900000 4 23.631584 1179.442010 6.026767 3.731994
84.000000 4 23.630661 1171.469437 6.026763 3.733466
84.100000 4 23.629738 1163.450217 6.026758 3.734956
84.200000 4 23.628815 1155.384517 6.026753 3.736466
84.300000 4 23.627892 1147.272522 6.026748 3.737994
84.400000 4 23.626969 1139.114437 6.026743 3.739543
84.500000 4 23.626046 1130.910481 6.026738 3.741111
84.600000 4 23.625123 1122.660895 6.026733 3.742699
84.700000 4 23.624201 1114.365939 6.026727 3.744308
