t Ka M R logL logTeff
0.928570 1 5.000076 2.027530 2.803347 4.308494
1.857143 1 5.000067 2.037120 2.805098 4.307907
2.785719 1 5.000059 2.046760 2.806900 4.307332
3.714298 1 5.000050 2.056454 2.808753 4.306769
4.642881 1 5.000042 2.066204 2.810656 4.306218
5.571466 1 5.000033 2.076014 2.812610 4.305678
6.500056 1 5.000024 2.085887 2.814615 4.305149
7.428648 1 5.000015 2.095826 2.816671 4.304631
8.357244 1 5.000006 2.105835 2.818777 4.304123
9.285844 1 4.999997 2.115915 2.820934 4.303625
10.214447 1 4.999988 2.126072 2.823141 4.303137
11.143053 1 4.999979 2.136308 2.825399 4.302659
12.071663 1 4.999970 2.146626 2.827708 4.302189
13.000277 1 4.999961 2.157031 2.830068 4.301729
13.928894 1 4.999951 2.167526 2.832478 4.301278
14.857515 1 4.999942 2.178114 2.834939 4.300835
15.786139 1 4.999932 2.188800 2.837450 4.300400
16.714767 1 4.999922 2.199586 2.840013 4.299973
17.643399 1 4.999912 2.210477 2.842625 4.299554
18.572035 1 4.999902 2.221477 2.845289 4.299142
19.500674 1 4.999892 2.232590 2.848003 4.298737
20.429318 1 4.999882 2.243820 2.850768 4.298339
21.357965 1 4.999871 2.255170 2.853583 4.297947
22.286617 1 4.999861 2.266646 2.856450 4.297561
23.215272 1 4.999850 2.278251 2.859366 4.297181
24.143932 1 4.999839 2.289990 2.862334 4.296807
25.072596 1 4.999828 2.301868 2.865352 4.296438
26.001264 1 4.999817 2.313888 2.868421 4.296075
26.929937 1 4.999805 2.326056 2.871540 4.295716
27.858613 1 4.999794 2.338376 2.874710 4.295361
28.787295 1 4.999782 2.350854 2.877931 4.295010
29.715980 1 4.999770 2.363494 2.881202 4.294664
30.644671 1 4.999758 2.376301 2.884524 4.294321
31.573365 1 4.999746 2.389281 2.887897 4.293981
32.502065 1 4.999733 2.402439 2.891320 4.293644
33.430770 1 4.999721 2.415781 2.894794 4.293310
34.359479 1 4.999708 2.429312 2.898318 4.292978
35.288193 1 4.999695 2.443039 2.901893 4.292649
36.216913 1 4.999681 2.456968 2.905519 4.292321
37.145637 1 4.999668 2.471104 2.909196 4.291994
38.074367 1 4.999654 2.485456 2.912923 4.291668
39.003102 1 4.999640 2.500029 2.916700 4.291343
39.931842 1 4.999626 2.514831 2.920529 4.291018
40.860588 1 4.999611 2.529870 2.924407 4.290693
41.789340 1 4.999596 2.545154 2.928337 4.290368
42.718097 1 4.999581 2.560691 2.932317 4.290041
43.646860 1 4.999565 2.576491 2.936348 4.289713
44.575629 1 4.999549 2.592563 2.940429 4.289383
45.504404 1 4.999533 2.608917 2.944561 4.289051
46.433186 1 4.999517 2.625565 2.948743 4.288715
47.361974 1 4.999500 2.642518 2.952976 4.288376
48.290768 1 4.999483 2.659789 2.957260 4.288032
49.219569 1 4.999465 2.677392 2.961594 4.287683
50.148376 1 4.999448 2.695341 2.965979 4.287329
51.077190 1 4.999429 2.713652 2.970415 4.286967
52.006012 1 4.999411 2.732345 2.974901 4.286598
52.934840 1 4.999392 2.751436 2.979437 4.286220
53.863676 1 4.999372 2.770948 2.984024 4.285832
54.792520 1 4.999352 2.790903 2.988662 4.285434
55.721371 1 4.999332 2.811327 2.993350 4.285022
56.650230 1 4.999311 2.832247 2.998089 4.284597
57.579097 1 4.999290 2.853695 3.002878 4.284156
58.507972 1 4.999268 2.875702 3.007718 4.283698
59.436856 1 4.999245 2.898307 3.012609 4.283221
60.365748 1 4.999222 2.921551 3.017550 4.282721
61.294649 1 4.999199 2.945479 3.022541 4.282198
62.223559 1 4.999175 2.970141 3.027583 4.281648
63.152478 1 4.999150 2.995592 3.032676 4.281068
64.081407 1 4.999125 3.021895 3.037819 4.280456
65.010346 1 4.999099 3.049117 3.043012 4.279807
65.939294 1 4.999072 3.077335 3.048256 4.279117
66.868253 1 4.999045 3.106632 3.053551 4.278383
67.797222 1 4.999017 3.137102 3.058896 4.277600
68.261712 1 4.999003 3.152809 3.061587 4.277189
68.726205 1 4.998989 3.168849 3.064291 4.276763
69.190700 1 4.998974 3.185237 3.067008 4.276322
69.655198 1 4.998959 3.201988 3.069737 4.275865
70.119700 1 4.998944 3.219119 3.072479 4.275392
70.584204 1 4.998929 3.236648 3.075233 4.274901
71.048711 1 4.998913 3.254593 3.078000 4.274392
71.513221 1 4.998898 3.272972 3.080780 4.273864
71.977734 1 4.998882 3.291807 3.083572 4.273316
72.442250 1 4.998866 3.311119 3.086377 4.272747
72.906769 1 4.998849 3.330932 3.089195 4.272156
73.371291 1 4.998833 3.351268 3.092025 4.271542
73.835817 1 4.998816 3.372154 3.094868 4.270904
74.300345 1 4.998799 3.393616 3.097723 4.270240
74.764877 1 4.998782 3.415684 3.100591 4.269549
75.229412 1 4.998765 3.438386 3.103472 4.268831
75.693951 1 4.998747 3.461755 3.106365 4.268084
76.158493 1 4.998729 3.485825 3.109270 4.267305
76.623038 1 4.998711 3.510631 3.112189 4.266495
77.087587 1 4.998693 3.536211 3.115120 4.265651
77.552139 1 4.998675 3.562605 3.118063 4.264773
78.016695 1 4.998656 3.589855 3.121019 4.263857
78.481254 1 4.998637 3.618007 3.123988 4.262903
78.945818 1 4.998618 3.647107 3.126970 4.261909
79.410384 1 4.998598 3.677206 3.129963 4.260872
79.874955 1 4.998579 3.708359 3.132970 4.259792
80.339529 1 4.998559 3.740621 3.135989 4.258666
80.804108 1 4.998538 3.774054 3.139021 4.257492
81.268690 1 4.998518 3.808721 3.142065 4.256267
81.733276 1 4.998497 3.844690 3.145122 4.254990
82.197866 1 4.998476 3.882035 3.148192 4.253659
82.662460 1 4.998455 3.920833 3.151274 4.252270
82.894759 1 4.998444 3.940803 3.152819 4.251553
83.127059 1 4.998433 3.961166 3.154368 4.250821
83.359360 1 4.998422 3.981936 3.155920 4.250074
83.591663 1 4.998411 4.003122 3.157476 4.249310
83.823966 1 4.998400 4.024738 3.159034 4.248530
84.056270 1 4.998389 4.046795 3.160595 4.247734
84.288576 1 4.998378 4.069306 3.162160 4.246920
84.520882 1 4.998367 4.092284 3.163728 4.246090
84.753190 1 4.998356 4.115743 3.165299 4.245241
84.985498 1 4.998344 4.139696 3.166873 4.244375
85.217808 1 4.998333 4.164159 3.168450 4.243489
85.450119 1 4.998321 4.189145 3.170030 4.242585
85.682431 1 4.998310 4.214672 3.171614 4.241662
85.914744 1 4.998298 4.240754 3.173201 4.240719
86.147058 1 4.998286 4.267408 3.174790 4.239756
86.379373 1 4.998275 4.294651 3.176383 4.238772
86.611690 1 4.998263 4.322502 3.177979 4.237768
86.844007 1 4.998251 4.350978 3.179579 4.236742
87.076326 1 4.998239 4.380099 3.181181 4.235694
87.308646 1 4.998227 4.409884 3.182787 4.234624
87.540967 1 4.998215 4.440353 3.184395 4.233531
87.773289 1 4.998203 4.471529 3.186007 4.232414
88.005612 1 4.998191 4.503432 3.187622 4.231274
88.237937 1 4.998178 4.536085 3.189240 4.230110
88.470263 1 4.998166 4.569513 3.190862 4.228921
88.702589 1 4.998153 4.603739 3.192486 4.227707
88.934918 1 4.998141 4.638789 3.194114 4.226467
89.167247 1 4.998128 4.674689 3.195744 4.225200
89.399577 1 4.998116 4.711466 3.197378 4.223907
89.631909 1 4.998103 4.749149 3.199015 4.222586
89.864242 1 4.998090 4.787768 3.200655 4.221238
90.096576 1 4.998077 4.827352 3.202299 4.219861
90.328912 1 4.998065 4.867933 3.203945 4.218455
90.561248 1 4.998052 4.909545 3.205595 4.217019
90.793586 1 4.998039 4.952221 3.207248 4.215552
91.025925 1 4.998026 4.995998 3.208903 4.214055
91.258266 1 4.998012 5.040912 3.210563 4.212527
91.490607 1 4.997999 5.087001 3.212225 4.210966
91.722950 1 4.997986 5.134307 3.213890 4.209372
91.955295 1 4.997973 5.182870 3.215559 4.207745
92.419986 1 4.997946 5.146139 3.236769 4.214592
92.519986 1 4.997942 5.101360 3.241933 4.217781
92.619986 1 4.997939 5.051034 3.246909 4.221178
92.719986 1 4.997937 5.025545 3.249221 4.222854
92.819986 1 4.997936 4.999661 3.251463 4.224536
92.919986 1 4.997934 4.973610 3.253629 4.226212
93.019986 1 4.997933 4.947591 3.255718 4.227873
93.119986 1 4.997932 4.921776 3.257727 4.229511
93.219986 1 4.997930 4.896308 3.259654 4.231120
93.319986 1 4.997929 4.871309 3.261500 4.232693
93.419986 1 4.997928 4.846877 3.263265 4.234226
93.519986 1 4.997926 4.798452 3.266664 4.237256
93.619986 1 4.997924 4.753264 3.269733 4.240078
93.719986 1 4.997923 4.711557 3.272492 4.242681
93.819986 1 4.997921 4.673402 3.274962 4.245064
93.919986 1 4.997920 4.638745 3.277166 4.247232
94.019986 1 4.997919 4.607449 3.279127 4.249192
94.119986 1 4.997917 4.579324 3.280869 4.250957
94.219986 1 4.997917 4.554149 3.282412 4.252540
94.319986 1 4.997915 4.508830 3.285155 4.255397
94.419986 1 4.997914 4.473792 3.287249 4.257615
94.519986 1 4.997913 4.446929 3.288839 4.259320
94.619986 1 4.997911 4.405702 3.291258 4.261948
94.719986 2 4.997910 4.363368 3.293716 4.264659
94.819986 2 4.997910 4.386327 3.293589 4.263487
94.919986 2 4.997910 4.409407 3.293461 4.262316
95.019986 2 4.997909 4.440999 3.293288 4.260722
95.119986 2 4.997909 4.472817 3.293115 4.259129
95.219986 2 4.997909 4.504863 3.292942 4.257535
95.319986 2 4.997909 4.537138 3.292769 4.255942
95.419986 2 4.997909 4.569645 3.292596 4.254348
95.519986 2 4.997909 4.602385 3.292423 4.252755
95.619986 2 4.997909 4.635359 3.292250 4.251161
95.719986 2 4.997909 4.668570 3.292077 4.249568
95.819986 2 4.997909 4.702018 3.291904 4.247974
95.919986 2 4.997908 4.735706 3.291731 4.246381
96.019986 2 4.997908 4.769636 3.291558 4.244788
96.119986 2 4.997908 4.803808 3.291385 4.243194
96.219986 2 4.997908 4.838226 3.291212 4.241601
96.319986 2 4.997908 4.872890 3.291039 4.240007
96.419986 2 4.997908 4.907802 3.290866 4.238414
96.519986 2 4.997908 4.942964 3.290693 4.236820
96.619986 2 4.997908 4.978379 3.290520 4.235227
96.719986 2 4.997908 5.014047 3.290347 4.233633
96.819986 2 4.997907 5.049971 3.290174 4.232040
96.919986 2 4.997907 5.086152 3.290001 4.230446
97.019986 2 4.997907 5.122592 3.289828 4.228853
97.119986 2 4.997907 5.159293 3.289655 4.227259
97.219986 2 4.997907 5.196258 3.289482 4.225666
97.319986 2 4.997907 5.233487 3.289309 4.224072
97.419986 2 4.997907 5.270983 3.289136 4.222479
97.519986 2 4.997907 5.308747 3.288963 4.220885
97.619986 2 4.997907 5.346782 3.288790 4.219292
97.719986 2 4.997907 5.385090 3.288617 4.217698
97.819986 2 4.997906 5.423672 3.288444 4.216105
97.919986 2 4.997906 5.462530 3.288271 4.214511
98.019986 2 4.997906 5.501667 3.288098 4.212918
98.119986 2 4.997906 5.541084 3.287925 4.211324
98.219986 2 4.997906 5.580784 3.287752 4.209731
98.319986 2 4.997906 5.620768 3.287579 4.208137
98.419986 2 4.997906 5.661039 3.287406 4.206544
98.519986 2 4.997906 5.701598 3.287233 4.204950
98.619986 2 4.997906 5.742447 3.287060 4.203357
98.719986 2 4.997906 5.783590 3.286887 4.201764
98.819986 2 4.997906 5.825027 3.286714 4.200170
98.919986 2 4.997905 5.866761 3.286541 4.198577
99.019986 2 4.997905 5.908794 3.286368 4.196983
99.119986 2 4.997905 5.951128 3.286195 4.195390
99.219986 2 4.997905 5.993766 3.286022 4.193796
99.319986 2 4.997905 6.036709 3.285849 4.192203
99.419986 2 4.997905 6.079959 3.285676 4.190609
99.519986 2 4.997905 6.123520 3.285503 4.189016
99.619986 2 4.997905 6.167392 3.285330 4.187422
99.719986 2 4.997905 6.211579 3.285157 4.185829
99.819986 2 4.997905 6.256083 3.284984 4.184235
99.919986 2 4.997904 6.300905 3.284811 4.182642
100.019986 2 4.997904 6.346049 3.284638 4.181048
100.119986 2 4.997904 6.391516 3.284465 4.179455
100.219986 2 4.997904 6.437308 3.284292 4.177861
100.319986 2 4.997904 6.483429 3.284119 4.176268
100.419986 2 4.997904 6.529880 3.283945 4.174674
100.519986 2 4.997904 6.576664 3.283772 4.173081
100.619986 2 4.997904 6.623783 3.283599 4.171487
100.719986 2 4.997904 6.671240 3.283426 4.169894
100.819986 2 4.997904 6.719037 3.283253 4.168300
100.919986 2 4.997904 6.767176 3.283080 4.166707
101.019986 2 4.997904 6.815660 3.282907 4.165113
101.119986 2 4.997903 6.864492 3.282734 4.163520
101.219986 2 4.997903 6.913673 3.282561 4.161926
101.319986 2 4.997903 6.963207 3.282388 4.160333
101.419986 2 4.997903 7.013096 3.282215 4.158740
101.519986 2 4.997903 7.063342 3.282042 4.157146
101.619986 2 4.997903 7.113948 3.281869 4.155553
101.719986 2 4.997903 7.164916 3.281696 4.153959
101.819986 2 4.997903 7.216250 3.281523 4.152366
101.919986 2 4.997903 7.267952 3.281350 4.150772
102.019986 2 4.997903 7.320024 3.281177 4.149179
102.119986 2 4.997903 7.372469 3.281004 4.147585
102.219986 2 4.997903 7.425289 3.280831 4.145992
102.319986 2 4.997902 7.478489 3.280658 4.144398
102.419986 2 4.997902 7.532069 3.280485 4.142805
102.519986 2 4.997902 7.586033 3.280312 4.141211
102.619986 2 4.997902 7.640384 3.280139 4.139618
102.719986 2 4.997902 7.695125 3.279966 4.138024
102.819986 2 4.997902 7.750257 3.279793 4.136431
102.919986 2 4.997902 7.805785 3.279620 4.134837
103.019986 2 4.997902 7.861710 3.279447 4.133244
103.119986 2 4.997902 7.918036 3.279274 4.131650
103.219986 2 4.997902 7.974766 3.279101 4.130057
103.319986 2 4.997902 8.031902 3.278928 4.128463
103.419986 2 4.997902 8.089447 3.278755 4.126870
103.519986 2 4.997902 8.147405 3.278582 4.125276
103.619986 2 4.997901 8.205778 3.278409 4.123683
103.719986 2 4.997901 8.264569 3.278236 4.122089
103.819986 2 4.997901 8.323781 3.278063 4.120496
103.919986 2 4.997901 8.383418 3.277890 4.118903
104.019986 2 4.997901 8.443481 3.277717 4.117309
104.119986 2 4.997901 8.503976 3.277544 4.115716
104.219986 2 4.997901 8.564903 3.277371 4.114122
104.319986 2 4.997901 8.626267 3.277198 4.112529
104.419986 2 4.997901 8.688071 3.277025 4.110935
104.519986 2 4.997901 8.750318 3.276852 4.109342
104.619986 2 4.997901 8.813010 3.276679 4.107748
104.719986 2 4.997901 8.876152 3.276506 4.106155
104.819986 2 4.997901 8.939746 3.276333 4.104561
104.919986 2 4.997900 9.003796 3.276160 4.102968
105.019986 2 4.997900 9.068304 3.275987 4.101374
105.119986 2 4.997900 9.133275 3.275814 4.099781
105.219986 2 4.997900 9.198711 3.275641 4.098187
105.319986 2 4.997900 9.264617 3.275468 4.096594
105.419986 2 4.997899 9.330992 3.275295 4.095000
105.519986 2 4.997899 9.397844 3.275121 4.093407
105.619986 2 4.997898 9.465174 3.274948 4.091813
105.719986 2 4.997897 9.532987 3.274775 4.090220
105.819986 2 4.997896 9.601285 3.274602 4.088626
105.919986 2 4.997895 9.670073 3.274429 4.087033
106.019986 2 4.997894 9.739354 3.274255 4.085439
106.119986 2 4.997894 9.809130 3.274082 4.083846
106.219986 2 4.997893 9.879407 3.273909 4.082252
106.319986 2 4.997892 9.950188 3.273736 4.080659
106.419986 2 4.997891 10.021475 3.273562 4.079065
106.519986 2 4.997890 10.093273 3.273389 4.077472
106.619986 2 4.997889 10.165585 3.273216 4.075878
106.719986 2 4.997888 10.238416 3.273043 4.074285
106.819986 2 4.997887 10.311768 3.272869 4.072691
106.919986 2 4.997886 10.385646 3.272696 4.071098
107.019986 2 4.997886 10.460053 3.272523 4.069504
107.119986 2 4.997885 10.534993 3.272350 4.067911
107.219986 2 4.997884 10.610470 3.272176 4.066317
107.319986 2 4.997883 10.686487 3.272003 4.064724
107.419986 2 4.997882 10.763050 3.271830 4.063130
107.519986 2 4.997881 10.840160 3.271656 4.061537
107.619986 2 4.997880 10.917823 3.271483 4.059943
107.719986 2 4.997879 10.996043 3.271310 4.058350
107.819986 2 4.997878 11.074823 3.271137 4.056756
107.919986 2 4.997877 11.154167 3.270963 4.055163
108.019986 2 4.997876 11.234080 3.270790 4.053569
108.119986 2 4.997875 11.314565 3.270617 4.051976
108.219986 2 4.997874 11.395627 3.270444 4.050382
108.319986 2 4.997873 11.477269 3.270270 4.048789
108.419986 2 4.997872 11.559497 3.270097 4.047195
108.519986 2 4.997871 11.642313 3.269924 4.045602
108.619986 2 4.997870 11.725723 3.269750 4.044008
108.719986 2 4.997869 11.809730 3.269577 4.042415
108.819986 2 4.997868 11.894339 3.269404 4.040821
108.919986 2 4.997867 11.979554 3.269230 4.039228
109.019986 2 4.997866 12.065380 3.269057 4.037634
109.119986 2 4.997865 12.151821 3.268884 4.036041
109.219986 2 4.997864 12.238880 3.268711 4.034447
109.319986 2 4.997863 12.326564 3.268537 4.032854
109.419986 2 4.997862 12.414876 3.268364 4.031260
109.519986 2 4.997861 12.503820 3.268191 4.029667
109.619986 2 4.997860 12.593401 3.268017 4.028073
109.719986 2 4.997859 12.683625 3.267844 4.026480
109.819986 2 4.997858 12.774494 3.267671 4.024886
109.919986 2 4.997856 12.866015 3.267497 4.023293
110.019986 2 4.997855 12.958191 3.267324 4.021699
110.119986 2 4.997854 13.051028 3.267151 4.020106
110.219986 2 4.997853 13.144529 3.266977 4.018512
110.319986 2 4.997852 13.238701 3.266804 4.016919
110.419986 2 4.997851 13.333547 3.266631 4.015325
110.519986 2 4.997850 13.429072 3.266457 4.013732
110.619986 2 4.997848 13.525282 3.266284 4.012138
110.719986 2 4.997847 13.622181 3.266111 4.010545
110.819986 2 4.997846 13.719774 3.265937 4.008951
110.919986 2 4.997845 13.818067 3.265764 4.007358
111.019986 2 4.997844 13.917063 3.265591 4.005764
111.119986 2 4.997843 14.016769 3.265417 4.004171
111.219986 2 4.997841 14.117189 3.265244 4.002577
111.319986 2 4.997840 14.218328 3.265071 4.000984
111.419986 2 4.997839 14.320192 3.264897 3.999390
111.519986 2 4.997838 14.422786 3.264724 3.997797
111.619986 2 4.997836 14.526114 3.264551 3.996203
111.719986 2 4.997835 14.630183 3.264377 3.994610
111.819986 2 4.997834 14.734997 3.264204 3.993016
111.919986 2 4.997833 14.840563 3.264030 3.991423
112.019986 2 4.997831 14.946884 3.263857 3.989830
112.119986 2 4.997830 15.053967 3.263684 3.988236
112.219986 2 4.997829 15.161817 3.263510 3.986643
112.319986 2 4.997828 15.270440 3.263337 3.985049
112.419986 2 4.997826 15.379841 3.263164 3.983456
112.519986 2 4.997825 15.490025 3.262990 3.981862
112.619986 2 4.997824 15.600999 3.262817 3.980269
112.719986 2 4.997822 15.712768 3.262643 3.978675
112.819986 2 4.997821 15.825338 3.262470 3.977082
112.919986 2 4.997820 15.938714 3.262297 3.975488
113.019986 2 4.997818 16.052902 3.262123 3.973895
113.119986 2 4.997817 16.167908 3.261950 3.972301
113.219986 2 4.997815 16.283738 3.261776 3.970708
113.319986 2 4.997814 16.400398 3.261603 3.969114
113.419986 2 4.997813 16.517893 3.261430 3.967521
113.519986 2 4.997811 16.636231 3.261256 3.965927
113.619986 2 4.997810 16.755415 3.261083 3.964334
113.719986 2 4.997808 16.875454 3.260909 3.962740
113.819986 2 4.997807 16.996353 3.260736 3.961147
113.919986 2 4.997806 17.118117 3.260563 3.959553
114.019986 2 4.997804 17.240754 3.260389 3.957960
114.119986 2 4.997803 17.364269 3.260216 3.956366
114.219986 2 4.997801 17.488670 3.260042 3.954773
114.319986 2 4.997800 17.613961 3.259869 3.953179
114.419986 2 4.997798 17.740150 3.259695 3.951586
114.519986 2 4.997797 17.867243 3.259522 3.949992
114.619986 2 4.997795 17.995246 3.259349 3.948399
114.719986 2 4.997794 18.124166 3.259175 3.946805
114.819986 2 4.997792 18.254010 3.259002 3.945212
114.919986 2 4.997791 18.384783 3.258828 3.943618
115.019986 2 4.997789 18.516494 3.258655 3.942025
115.119986 2 4.997787 18.649148 3.258481 3.940431
115.219986 2 4.997786 18.782752 3.258308 3.938838
115.319986 2 4.997784 18.917314 3.258134 3.937244
115.419986 2 4.997783 19.052839 3.257961 3.935651
115.519986 2 4.997781 19.189335 3.257787 3.934057
115.619986 2 4.997779 19.326809 3.257614 3.932464
115.719986 2 4.997778 19.465268 3.257440 3.930870
115.819986 2 4.997776 19.604718 3.257267 3.929277
115.919986 2 4.997775 19.745167 3.257093 3.927684
116.019986 2 4.997773 19.886623 3.256920 3.926090
116.119986 2 4.997771 20.029092 3.256747 3.924497
116.219986 2 4.997769 20.172581 3.256573 3.922903
116.319986 2 4.997768 20.317098 3.256400 3.921310
116.419986 2 4.997766 20.462650 3.256226 3.919716
116.519986 2 4.997764 20.609245 3.256053 3.918123
116.619986 2 4.997763 20.756890 3.255879 3.916529
116.719986 2 4.997761 20.905593 3.255705 3.914936
116.819986 2 4.997759 21.055361 3.255532 3.913342
116.919986 2 4.997757 21.206201 3.255358 3.911749
117.019986 2 4.997756 21.358123 3.255185 3.910155
117.119986 2 4.997754 21.511132 3.255011 3.908562
117.219986 2 4.997752 21.665237 3.254838 3.906968
117.319986 2 4.997750 21.820447 3.254664 3.905375
117.419986 2 4.997748 21.976768 3.254491 3.903781
117.519986 2 4.997746 22.134209 3.254317 3.902188
117.619986 2 4.997745 22.292777 3.254144 3.900594
117.719986 2 4.997743 22.452482 3.253970 3.899001
117.819986 2 4.997741 22.613330 3.253797 3.897407
117.919986 2 4.997739 22.775330 3.253623 3.895814
118.019986 2 4.997737 22.938491 3.253450 3.894221
118.119986 2 4.997735 23.102821 3.253276 3.892627
118.219986 2 4.997733 23.268328 3.253102 3.891034
118.319986 2 4.997731 23.435020 3.252929 3.889440
118.419986 2 4.997729 23.602907 3.252755 3.887847
118.519986 2 4.997727 23.771995 3.252582 3.886253
118.619986 2 4.997725 23.942295 3.252408 3.884660
118.719986 2 4.997723 24.113815 3.252234 3.883066
118.819986 2 4.997721 24.286564 3.252061 3.881473
118.919986 2 4.997719 24.460550 3.251887 3.879879
119.019986 2 4.997717 24.635782 3.251714 3.878286
119.119986 2 4.997715 24.812269 3.251540 3.876692
119.219986 2 4.997713 24.990020 3.251366 3.875099
119.319986 2 4.997711 25.169045 3.251193 3.873505
119.419986 2 4.997709 25.349352 3.251019 3.871912
119.519986 2 4.997707 25.530950 3.250846 3.870318
119.619986 2 4.997705 25.713850 3.250672 3.868725
119.719986 2 4.997703 25.898059 3.250498 3.867132
119.819986 2 4.997701 26.083588 3.250325 3.865538
119.919986 2 4.997698 26.270445 3.250151 3.863945
120.019986 2 4.997696 26.458641 3.249977 3.862351
120.119986 2 4.997694 26.648185 3.249804 3.860758
120.219986 2 4.997692 26.839087 3.249630 3.859164
120.319986 2 4.997690 27.031356 3.249456 3.857571
120.419986 2 4.997687 27.225002 3.249283 3.855977
120.519986 2 4.997685 27.420035 3.249109 3.854384
120.619986 2 4.997683 27.616465 3.248935 3.852790
120.719986 2 4.997680 27.814303 3.248762 3.851197
120.819986 2 4.997678 28.013557 3.248588 3.849603
120.919986 2 4.997676 28.214238 3.248414 3.848010
121.019986 2 4.997674 28.416357 3.248241 3.846417
121.119986 2 4.997671 28.619923 3.248067 3.844823
121.219986 2 4.997669 28.824947 3.247893 3.843230
121.319986 2 4.997666 29.031440 3.247720 3.841636
121.419986 2 4.997664 29.239412 3.247546 3.840043
121.519986 2 4.997662 29.448874 3.247372 3.838449
121.619986 2 4.997659 29.659835 3.247199 3.836856
121.719986 2 4.997657 29.872308 3.247025 3.835262
121.819986 2 4.997654 30.086303 3.246851 3.833669
121.919986 2 4.997652 30.301830 3.246677 3.832075
122.019986 2 4.997649 30.518901 3.246504 3.830482
122.119986 2 4.997647 30.737527 3.246330 3.828889
122.219986 2 4.997644 30.957718 3.246156 3.827295
122.319986 2 4.997642 31.179487 3.245982 3.825702
122.419986 2 4.997639 31.402844 3.245809 3.824108
122.519986 2 4.997637 31.627801 3.245635 3.822515
122.619986 2 4.997634 31.854369 3.245461 3.820921
122.719986 2 4.997631 32.082559 3.245287 3.819328
122.819986 2 4.997629 32.312385 3.245114 3.817734
122.919986 2 4.997626 32.543856 3.244940 3.816141
123.019986 2 4.997623 32.776985 3.244766 3.814548
123.119986 2 4.997621 33.011783 3.244592 3.812954
123.219986 2 4.997618 33.248264 3.244418 3.811361
123.319986 2 4.997615 33.486438 3.244245 3.809767
123.419986 2 4.997613 33.726317 3.244071 3.808174
123.519986 2 4.997610 33.967915 3.243897 3.806580
123.619986 2 4.997607 34.211243 3.243723 3.804987
123.719986 2 4.997604 34.456314 3.243549 3.803393
123.819986 2 4.997601 34.703140 3.243375 3.801800
123.919986 2 4.997599 34.951734 3.243202 3.800207
124.019986 2 4.997596 35.202109 3.243028 3.798613
124.119986 2 4.997593 35.454276 3.242854 3.797020
124.219986 2 4.997590 35.708250 3.242680 3.795426
124.319986 2 4.997587 35.964042 3.242506 3.793833
124.419986 2 4.997584 36.221666 3.242332 3.792239
124.519986 2 4.997581 36.481136 3.242158 3.790646
124.619986 2 4.997578 36.742463 3.241985 3.789053
124.719986 2 4.997575 37.005663 3.241811 3.787459
124.819986 2 4.997572 37.270747 3.241637 3.785866
124.919986 2 4.997569 37.537730 3.241463 3.784272
125.019986 2 4.997566 37.806624 3.241289 3.782679
125.119986 2 4.997563 38.077445 3.241115 3.781085
125.219986 2 4.997560 38.350205 3.240941 3.779492
125.319986 2 4.997557 38.624918 3.240767 3.777899
125.419986 2 4.997554 38.901599 3.240593 3.776305
125.519986 2 4.997551 39.180262 3.240419 3.774712
125.619986 2 4.997547 39.460920 3.240245 3.773118
125.719986 2 4.997544 39.743587 3.240071 3.771525
125.819986 2 4.997541 40.028280 3.239897 3.769931
125.919986 2 4.997538 40.315011 3.239723 3.768338
126.019986 2 4.997534 40.603795 3.239550 3.766745
126.119986 2 4.997531 40.894648 3.239376 3.765151
126.219986 2 4.997528 41.187583 3.239202 3.763558
126.319986 2 4.997524 41.482617 3.239028 3.761964
126.419986 2 4.997521 41.779763 3.238854 3.760371
126.519986 2 4.997518 42.079037 3.238680 3.758778
126.619986 2 4.997514 42.380455 3.238506 3.757184
126.719986 2 4.997511 42.684030 3.238332 3.755591
126.819986 2 4.997507 42.989780 3.238158 3.753997
126.919986 2 4.997504 43.297720 3.237983 3.752404
127.019986 2 4.997500 43.607864 3.237809 3.750811
127.119986 2 4.997497 43.920230 3.237635 3.749217
127.219986 2 4.997493 44.234833 3.237461 3.747624
127.319986 2 4.997490 44.551688 3.237287 3.746030
127.419986 2 4.997486 44.870812 3.237113 3.744437
127.519986 2 4.997483 45.192222 3.236939 3.742843
127.619986 2 4.997479 45.515933 3.236765 3.741250
127.719986 2 4.997475 45.841963 3.236591 3.739657
127.819986 2 4.997472 46.170327 3.236417 3.738063
127.919986 2 4.997468 46.501043 3.236243 3.736470
128.019986 2 4.997464 46.834126 3.236069 3.734877
128.119986 2 4.997460 47.169595 3.235895 3.733283
128.219986 2 4.997457 47.507466 3.235720 3.731690
128.319986 2 4.997453 47.847757 3.235546 3.730096
128.419986 2 4.997449 48.190484 3.235372 3.728503
128.519986 2 4.997445 48.535666 3.235198 3.726910
128.619986 2 4.997441 48.883319 3.235024 3.725316
128.719986 2 4.997437 49.233462 3.234850 3.723723
128.819986 2 4.997433 49.586112 3.234675 3.722129
128.919986 2 4.997429 49.941287 3.234501 3.720536
129.019986 2 4.997425 50.299005 3.234327 3.718943
129.119986 2 4.997421 50.659285 3.234153 3.717349
129.219986 2 4.997417 51.022145 3.233979 3.715756
129.319986 2 4.997413 51.387603 3.233804 3.714163
129.419986 2 4.997409 51.755677 3.233630 3.712569
129.519986 2 4.997405 52.126388 3.233456 3.710976
129.619986 2 4.997401 52.499752 3.233282 3.709382
129.719986 2 4.997397 52.875791 3.233108 3.707789
129.819986 2 4.997392 53.254521 3.232933 3.706196
129.919986 2 4.997388 53.635964 3.232759 3.704602
130.019986 2 4.997384 54.020138 3.232585 3.703009
130.119986 2 4.997380 54.407062 3.232410 3.701416
130.219986 2 4.997375 54.796757 3.232236 3.699822
130.319986 2 4.997371 55.189242 3.232062 3.698229
130.419986 2 4.997367 55.584538 3.231888 3.696635
130.519986 2 4.997362 55.982663 3.231713 3.695042
130.619986 2 4.997358 56.383640 3.231539 3.693449
130.719986 2 4.997353 56.787487 3.231365 3.691855
130.819986 2 4.997349 57.194226 3.231190 3.690262
130.919986 2 4.997344 57.603877 3.231016 3.688669
131.019986 2 4.997340 58.016461 3.230841 3.687075
131.119986 2 4.997335 58.431999 3.230667 3.685482
131.219986 2 4.997330 58.850513 3.230493 3.683889
131.319986 2 4.997326 59.272023 3.230318 3.682295
131.419986 2 4.997321 59.696550 3.230144 3.680702
131.519986 2 4.997316 60.124117 3.229970 3.679109
131.619986 2 4.997311 60.554746 3.229795 3.677515
131.719986 2 4.997307 60.988457 3.229621 3.675922
131.819986 2 4.997302 61.425274 3.229446 3.674329
131.919986 2 4.997297 61.865218 3.229272 3.672735
132.019986 2 4.997292 62.308312 3.229097 3.671142
132.119986 2 4.997287 62.754578 3.228923 3.669549
132.219986 2 4.997282 63.204039 3.228748 3.667955
132.319986 2 4.997277 63.656718 3.228574 3.666362
132.419986 2 4.997272 64.112637 3.228399 3.664769
132.519986 2 4.997267 64.571821 3.228225 3.663175
132.619986 2 4.997262 65.034293 3.228050 3.661582
132.719986 2 4.997257 65.500075 3.227876 3.659989
132.819986 2 4.997252 65.969191 3.227701 3.658395
132.919986 2 4.997246 66.441666 3.227527 3.656802
133.019986 2 4.997241 66.917524 3.227352 3.655209
133.119986 2 4.997236 67.396788 3.227178 3.653615
133.219986 2 4.997231 67.879484 3.227003 3.652022
133.319986 2 4.997225 68.365634 3.226828 3.650429
133.419986 2 4.997220 68.855265 3.226654 3.648835
133.519986 2 4.997214 69.348402 3.226479 3.647242
133.619986 2 4.997209 69.845068 3.226305 3.645649
133.719986 2 4.997204 70.345290 3.226130 3.644056
133.819986 2 4.997198 70.849093 3.225955 3.642462
133.919986 2 4.997192 71.356503 3.225781 3.640869
134.019986 2 4.997187 71.867544 3.225606 3.639276
134.119986 2 4.997181 72.382244 3.225431 3.637682
134.219986 2 4.997176 72.900629 3.225257 3.636089
134.319986 2 4.997170 73.422724 3.225082 3.634496
134.419986 2 4.997164 73.948557 3.224907 3.632902
134.519986 2 4.997159 74.415702 3.224753 3.631496
134.619986 2 4.997151 75.121957 3.224522 3.629388
134.719986 3 4.997143 75.834911 3.224290 3.627279
134.819986 3 4.997139 76.084362 3.226238 3.627052
134.919986 3 4.997135 76.335604 3.228192 3.626825
135.019986 3 4.997122 77.041720 3.233648 3.626190
135.119986 3 4.997110 77.754907 3.239104 3.625553
135.219986 3 4.997097 78.475239 3.244560 3.624914
135.319986 3 4.997084 79.202793 3.250016 3.624274
135.419986 3 4.997071 79.937647 3.255472 3.623633
135.519986 3 4.997058 80.679879 3.260928 3.622990
135.619986 3 4.997045 81.429567 3.266384 3.622346
135.719986 3 4.997032 82.186791 3.271840 3.621700
135.819986 3 4.997018 82.951634 3.277296 3.621052
135.919986 3 4.997004 83.724175 3.282752 3.620403
136.019986 3 4.996990 84.504499 3.288208 3.619753
136.119986 3 4.996976 85.292688 3.293664 3.619101
136.219986 3 4.996962 86.088827 3.299120 3.618447
136.319986 3 4.996948 86.893001 3.304576 3.617792
136.419986 3 4.996933 87.705298 3.310032 3.617136
136.519986 3 4.996918 88.525804 3.315488 3.616478
136.619986 3 4.996903 89.354609 3.320944 3.615818
136.719986 3 4.996888 90.191800 3.326400 3.615157
136.819986 3 4.996873 91.037470 3.331856 3.614495
136.919986 3 4.996858 91.891708 3.337312 3.613830
137.019986 3 4.996842 92.754609 3.342768 3.613165
137.119986 3 4.996826 93.626264 3.348224 3.612498
137.219986 3 4.996810 94.506770 3.353680 3.611829
137.319986 3 4.996794 95.396221 3.359136 3.611159
137.419986 3 4.996777 96.294714 3.364592 3.610487
137.519986 3 4.996761 97.202348 3.370048 3.609814
137.619986 3 4.996744 98.119220 3.375504 3.609140
137.719986 3 4.996727 99.045432 3.380960 3.608463
137.819986 3 4.996710 99.981084 3.386416 3.607786
137.919986 3 4.996692 100.926278 3.391872 3.607107
138.019986 3 4.996675 101.881119 3.397328 3.606426
138.119986 3 4.996657 102.845711 3.402784 3.605744
138.219986 3 4.996639 103.820159 3.408240 3.605060
138.319986 3 4.996621 104.804571 3.413696 3.604375
138.419986 3 4.996602 105.799056 3.419152 3.603688
138.519986 3 4.996583 106.803721 3.424608 3.602999
138.619986 3 4.996565 107.818680 3.430064 3.602310
138.719986 3 4.996545 108.844042 3.435520 3.601618
138.819986 3 4.996526 109.879922 3.440976 3.600926
138.919986 3 4.996506 110.926434 3.446432 3.600231
139.019986 3 4.996487 111.983694 3.451888 3.599535
139.119986 3 4.996466 113.051820 3.457344 3.598838
139.219986 3 4.996446 114.130929 3.462800 3.598139
139.319986 4 4.996432 114.893394 3.466622 3.597649
139.419986 4 4.996411 114.880993 3.466559 3.597656
139.519986 4 4.996408 114.879649 3.466552 3.597657
139.631272 4 4.994910 114.030683 3.462213 3.598183
139.742558 4 4.993437 113.249994 3.458188 3.598668
139.853844 4 4.991987 112.533885 3.454464 3.599115
139.965130 4 4.990559 111.878844 3.451030 3.599524
140.076416 4 4.989149 111.281524 3.447875 3.599898
140.187703 4 4.987757 110.738727 3.444986 3.600237
140.298989 4 4.986380 110.247395 3.442352 3.600544
140.410275 4 4.985017 109.804586 3.439960 3.600820
140.521561 4 4.983667 109.407471 3.437800 3.601067
140.632847 4 4.982328 109.053319 3.435859 3.601286
140.744133 4 4.980999 108.739482 3.434126 3.601479
140.855419 4 4.979679 108.463394 3.432589 3.601646
140.966706 4 4.978366 108.222552 3.431236 3.601791
141.077992 4 4.977060 108.014516 3.430056 3.601913
141.189278 4 4.975760 107.836893 3.429036 3.602016
141.300564 4 4.974464 107.687337 3.428165 3.602100
141.411850 4 4.973173 107.563540 3.427432 3.602166
141.523136 4 4.971885 107.463222 3.426823 3.602216
141.634423 4 4.970600 107.384133 3.426329 3.602253
141.745709 4 4.969316 107.324040 3.425936 3.602276
141.856995 4 4.968035 107.280730 3.425633 3.602288
141.968281 4 4.966754 107.251999 3.425409 3.602290
142.079567 4 4.965474 107.235655 3.425252 3.602284
142.190853 4 4.964194 107.229512 3.425149 3.602271
142.302140 4 4.962915 107.231384 3.425090 3.602252
142.413426 4 4.961635 107.239092 3.425061 3.602229
142.524712 4 4.960355 107.250453 3.425053 3.602204
142.624712 4 4.959714 107.256822 3.425052 3.602191
142.724712 4 4.959394 106.280202 3.438516 3.607543
142.824712 4 4.959312 105.532856 3.441982 3.609942
142.924712 4 4.959230 104.793390 3.444618 3.612128
143.024712 4 4.959149 104.061707 3.446807 3.614197
143.124712 4 4.959067 103.337709 3.448707 3.616188
143.224712 4 4.958985 102.621303 3.450403 3.618122
143.324712 4 4.958904 101.912396 3.451943 3.620013
143.424712 4 4.958823 101.210895 3.453361 3.621867
143.524712 4 4.958743 100.516712 3.454680 3.623691
143.624712 4 4.958662 99.829757 3.455916 3.625490
143.724712 4 4.958582 99.149942 3.457082 3.627265
143.824712 4 4.958503 98.477181 3.458188 3.629020
143.924712 4 4.958423 97.811390 3.459240 3.630756
144.024712 4 4.958344 97.152483 3.460247 3.632475
144.124712 4 4.958266 96.500378 3.461212 3.634179
144.224712 4 4.958187 95.854993 3.462140 3.635868
144.324712 4 4.958109 95.216248 3.463034 3.637543
144.424712 4 4.958032 94.584064 3.463898 3.639206
144.524712 4 4.957955 93.958362 3.464733 3.640856
144.624712 4 4.957878 93.339065 3.465544 3.642495
144.724712 4 4.957801 92.726096 3.466330 3.644122
144.824712 4 4.957725 92.119381 3.467095 3.645739
144.924712 4 4.957649 91.518845 3.467839 3.647345
145.024712 4 4.957574 90.924415 3.468565 3.648942
145.124712 4 4.957499 90.336020 3.469273 3.650528
145.224712 4 4.957424 89.753587 3.469964 3.652106
145.324712 4 4.957350 89.177047 3.470639 3.653674
145.424712 4 4.957276 88.606330 3.471300 3.655233
145.524712 4 4.957202 88.041369 3.471947 3.656784
145.624712 4 4.957129 87.482096 3.472581 3.658326
145.724712 4 4.957056 86.928444 3.473203 3.659860
145.824712 4 4.956984 86.380347 3.473812 3.661386
145.924712 4 4.956911 85.837742 3.474411 3.662904
146.024712 4 4.956840 85.300564 3.474998 3.664414
146.124712 4 4.956768 84.768750 3.475576 3.665917
146.224712 4 4.956697 84.242239 3.476144 3.667412
146.324712 4 4.956626 83.720968 3.476702 3.668899
146.424712 4 4.956556 83.204877 3.477252 3.670379
146.524712 4 4.956486 82.693907 3.477793 3.671852
146.624712 4 4.956416 82.187999 3.478326 3.673318
146.724712 4 4.956347 81.687094 3.478851 3.674777
146.824712 4 4.956278 81.191135 3.479368 3.676228
146.924712 4 4.956209 80.700066 3.479878 3.677673
147.024712 4 4.956140 80.213831 3.480381 3.679111
147.124712 4 4.956072 79.732374 3.480878 3.680543
147.224712 4 4.956005 79.255642 3.481367 3.681967
147.324712 4 4.955937 78.783580 3.481851 3.683385
147.424712 4 4.955870 78.316136 3.482328 3.684797
147.524712 4 4.955804 77.853257 3.482800 3.686202
147.624712 4 4.955737 77.394892 3.483266 3.687601
147.724712 4 4.955671 76.940990 3.483726 3.688993
147.824712 4 4.955605 76.491500 3.484181 3.690379
147.924712 4 4.955540 76.046373 3.484630 3.691759
148.024712 4 4.955475 75.605560 3.485075 3.693132
148.124712 4 4.955410 75.169013 3.485515 3.694500
148.224712 4 4.955345 74.736684 3.485950 3.695861
148.324712 4 4.955281 74.308526 3.486380 3.697216
148.424712 4 4.955217 73.884492 3.486806 3.698565
148.524712 4 4.955153 73.464536 3.487228 3.699909
148.624712 4 4.955090 73.048614 3.487645 3.701246
148.724712 4 4.955027 72.636681 3.488058 3.702577
148.824712 4 4.954964 72.228692 3.488468 3.703903
148.924712 4 4.954902 71.824603 3.488873 3.705222
149.024712 4 4.954840 71.424373 3.489274 3.706536
149.124712 4 4.954778 71.027958 3.489672 3.707844
149.224712 4 4.954716 70.635317 3.490066 3.709146
149.324712 4 4.954655 70.246407 3.490457 3.710443
149.424712 4 4.954594 69.861189 3.490844 3.711733
149.524712 4 4.954533 69.479622 3.491227 3.713019
149.624712 4 4.954473 69.101666 3.491608 3.714298
149.724712 4 4.954413 68.727282 3.491985 3.715572
149.824712 4 4.954353 68.356430 3.492359 3.716841
149.924712 4 4.954293 67.989074 3.492730 3.718103
150.024712 4 4.954234 67.625174 3.493097 3.719361
150.124712 4 4.954175 67.264694 3.493462 3.720613
150.224712 4 4.954116 66.907596 3.493824 3.721859
150.324712 4 4.954057 66.553844 3.494183 3.723100
150.424712 4 4.953999 66.203403 3.494540 3.724335
150.524712 4 4.953941 65.856236 3.494894 3.725565
150.624712 4 4.953883 65.512308 3.495245 3.726790
150.724712 4 4.953825 65.171586 3.495593 3.728010
150.824712 4 4.953768 64.834034 3.495939 3.729224
150.924712 4 4.953711 64.499619 3.496282 3.730432
151.024712 4 4.953654 64.168308 3.496623 3.731636
151.124712 4 4.953598 63.840067 3.496961 3.732834
151.224712 4 4.953542 63.514864 3.497297 3.734027
151.324712 4 4.953485 63.192668 3.497631 3.735215
151.424712 4 4.953430 62.873445 3.497962 3.736398
151.524712 4 4.953374 62.557165 3.498292 3.737575
151.624712 4 4.953263 61.933311 3.498943 3.739914
151.724712 4 4.953154 61.320861 3.499587 3.742233
151.824712 4 4.953045 60.719578 3.500222 3.744532
151.924712 4 4.952937 60.129231 3.500849 3.746810
152.024712 4 4.952830 59.549595 3.501468 3.749068
152.124712 4 4.952724 58.980448 3.502080 3.751307
152.224712 4 4.952619 58.421576 3.502685 3.753525
152.324712 4 4.952514 57.872768 3.503283 3.755724
152.424712 4 4.952410 57.333821 3.503874 3.757904
152.524712 4 4.952308 56.804533 3.504458 3.760064
152.624712 4 4.952206 56.284710 3.505037 3.762204
152.724712 4 4.952105 55.774161 3.505608 3.764326
152.824712 4 4.952004 55.272700 3.506174 3.766429
152.924712 4 4.951905 54.780146 3.506734 3.768513
153.024712 4 4.951806 54.296321 3.507289 3.770577
153.124712 4 4.951708 53.821052 3.507837 3.772624
153.224712 4 4.951610 53.354170 3.508381 3.774652
153.324712 4 4.951514 52.895509 3.508919 3.776661
153.424712 4 4.951418 52.444909 3.509452 3.778652
153.524712 4 4.951322 52.002211 3.509980 3.780625
153.624712 4 4.951228 51.567262 3.510503 3.782579
153.724712 4 4.951134 51.139912 3.511021 3.784516
153.824712 4 4.951041 50.720013 3.511535 3.786435
153.924712 4 4.950948 50.307421 3.512044 3.788335
154.024712 4 4.950856 49.901998 3.512548 3.790219
154.124712 4 4.950765 49.503605 3.513049 3.792084
154.224712 4 4.950674 49.112109 3.513545 3.793933
154.324712 4 4.950584 48.727378 3.514037 3.795763
154.424712 4 4.950495 48.349285 3.514525 3.797577
154.524712 4 4.950406 47.977705 3.515009 3.799373
154.624712 4 4.950318 47.612515 3.515489 3.801152
154.724712 4 4.950230 47.253597 3.515965 3.802914
154.824712 4 4.950143 46.900832 3.516438 3.804660
154.924712 4 4.950056 46.554108 3.516907 3.806388
155.024712 4 4.949970 46.213311 3.517372 3.808100
155.124712 4 4.949885 45.878334 3.517834 3.809795
155.224712 4 4.949800 45.549069 3.518293 3.811474
155.324712 4 4.949716 45.225411 3.518748 3.813136
155.424712 4 4.949632 44.907259 3.519200 3.814782
155.524712 4 4.949548 44.594513 3.519648 3.816412
155.624712 4 4.949465 44.287075 3.520094 3.818025
155.724712 4 4.949383 43.984849 3.520536 3.819623
155.824712 4 4.949301 43.687742 3.520975 3.821205
155.924712 4 4.949219 43.395662 3.521412 3.822770
156.024712 4 4.949138 43.108519 3.521845 3.824320
156.124712 4 4.949058 42.826227 3.522275 3.825854
156.224712 4 4.948978 42.548699 3.522703 3.827373
156.324712 4 4.948898 42.275852 3.523128 3.828876
156.424712 4 4.948819 42.007603 3.523550 3.830364
156.524712 4 4.948740 41.743872 3.523969 3.831837
156.624712 4 4.948661 41.484580 3.524386 3.833294
156.724712 4 4.948583 41.229650 3.524800 3.834736
156.824712 4 4.948506 40.979007 3.525212 3.836163
156.924712 4 4.948428 40.732577 3.525621 3.837575
157.024712 4 4.948352 40.490288 3.526027 3.838972
157.124712 4 4.948275 40.252069 3.526431 3.840354
157.224712 4 4.948199 40.017850 3.526833 3.841722
157.324712 4 4.948123 39.787565 3.527232 3.843075
157.424712 4 4.948048 39.561145 3.527629 3.844414
157.524712 4 4.947973 39.338527 3.528024 3.845738
157.624712 4 4.947899 39.119646 3.528417 3.847047
157.724712 4 4.947824 38.904440 3.528807 3.848343
157.824712 4 4.947750 38.692848 3.529195 3.849624
157.924712 4 4.947677 38.484810 3.529581 3.850891
158.024712 4 4.947604 38.280266 3.529965 3.852144
158.124712 4 4.947531 38.079161 3.530346 3.853383
158.224712 4 4.947458 37.881436 3.530726 3.854609
158.324712 4 4.947386 37.687037 3.531104 3.855820
158.424712 4 4.947314 37.495910 3.531479 3.857018
158.524712 4 4.947170 37.123258 3.532224 3.859374
158.624712 4 4.947028 36.763069 3.532962 3.861675
158.724712 4 4.946887 36.414947 3.533692 3.863924
158.824712 4 4.946747 36.078510 3.534415 3.866120
158.924712 4 4.946608 35.753392 3.535131 3.868265
159.024712 4 4.946470 35.439241 3.535839 3.870358
159.124712 4 4.946333 35.135716 3.536541 3.872401
159.224712 4 4.946197 34.842493 3.537237 3.874395
159.324712 4 4.946062 34.559256 3.537926 3.876340
159.424712 4 4.945928 34.285702 3.538609 3.878236
159.524712 4 4.945795 34.021540 3.539285 3.880085
159.624712 4 4.945662 33.766488 3.539956 3.881887
159.724712 4 4.945531 33.520276 3.540621 3.883642
159.824712 4 4.945400 33.282641 3.541280 3.885352
159.924712 4 4.945269 33.053331 3.541934 3.887016
160.024712 4 4.945140 32.832102 3.542582 3.888637
160.124712 4 4.945011 32.618720 3.543225 3.890213
160.224712 4 4.944883 32.412956 3.543863 3.891747
160.324712 4 4.944755 32.214592 3.544496 3.893238
160.424712 4 4.944628 32.023414 3.545123 3.894688
160.524712 4 4.944502 31.839217 3.545746 3.896096
160.624712 4 4.944376 31.661803 3.546364 3.897464
160.724712 4 4.944251 31.490979 3.546977 3.898792
160.824712 4 4.944126 31.326558 3.547586 3.900081
160.924712 4 4.943877 31.016209 3.548790 3.902544
161.024712 4 4.943630 30.729378 3.549976 3.904858
161.124712 4 4.943384 30.464763 3.551146 3.907028
161.224712 4 4.943140 30.221139 3.552300 3.909060
161.324712 4 4.942898 29.997345 3.553439 3.910959
161.424712 4 4.942656 29.792281 3.554562 3.912729
161.524712 4 4.942416 29.604903 3.555671 3.914377
161.624712 4 4.942176 29.434213 3.556766 3.915906
161.724712 4 4.941937 29.279261 3.557848 3.917323
161.835998 4 4.941461 29.012959 3.559973 3.919838
161.947284 4 4.940986 28.799122 3.562048 3.921963
162.058570 4 4.940513 28.631332 3.564077 3.923739
162.169857 4 4.940040 28.503535 3.566063 3.925207
162.281143 4 4.939568 28.409952 3.568008 3.926407
162.392429 4 4.939094 28.345010 3.569914 3.927381
162.503715 4 4.938620 28.303282 3.571783 3.928168
162.615001 4 4.938144 28.279438 3.573617 3.928809
162.726287 4 4.937666 28.268204 3.575417 3.929346
162.837574 4 4.937187 28.264337 3.577186 3.929818
162.948860 4 4.936706 28.262964 3.578924 3.930263
163.060146 4 4.936222 28.264792 3.580634 3.930676
163.171432 4 4.935737 28.274935 3.582316 3.931019
163.282718 4 4.935250 28.298638 3.583971 3.931251
163.394004 4 4.934760 28.341183 3.585601 3.931332
163.505290 4 4.934268 28.407913 3.587206 3.931222
163.616577 4 4.933772 28.504278 3.588788 3.930883
163.727863 4 4.933274 28.635883 3.590347 3.930272
163.839149 4 4.932771 28.808548 3.591885 3.929351
163.950435 4 4.932263 29.028389 3.593401 3.928079
164.061721 4 4.931749 29.301897 3.594897 3.926417
164.161721 4 4.931489 29.460933 3.595638 3.925427
164.261721 4 4.931227 29.636045 3.596374 3.924324
164.361721 4 4.930963 29.828202 3.597105 3.923103
164.461721 4 4.930697 30.038417 3.597832 3.921760
164.561721 4 4.930428 30.267757 3.598554 3.920289
164.661721 4 4.930157 30.517342 3.599272 3.918685
164.761721 4 4.929883 30.788359 3.599985 3.916944
164.861721 4 4.929606 31.082061 3.600694 3.915059
164.961721 4 4.929467 31.237830 3.601047 3.914062
165.061721 4 4.929326 31.399776 3.601398 3.913027
165.161721 4 4.929184 31.568078 3.601749 3.911954
165.261721 4 4.929042 31.742921 3.602099 3.910842
165.361721 4 4.928899 31.924496 3.602447 3.909690
165.461721 4 4.928754 32.113000 3.602795 3.908499
165.561721 4 4.928609 32.308639 3.603142 3.907267
165.661721 4 4.928463 32.511622 3.603487 3.905993
165.761721 4 4.928315 32.722167 3.603832 3.904678
165.861721 4 4.928167 32.940502 3.604176 3.903319
165.961721 4 4.928018 33.166859 3.604518 3.901918
166.061721 4 4.927867 33.401481 3.604860 3.900473
166.161721 4 4.927715 33.644617 3.605200 3.898983
166.261721 4 4.927562 33.896529 3.605540 3.897448
166.361721 4 4.927408 34.157486 3.605879 3.895867
166.461721 4 4.927252 34.427766 3.606217 3.894240
166.561721 4 4.927095 34.707661 3.606554 3.892566
166.661721 4 4.926937 34.997471 3.606889 3.890845
166.761721 4 4.926777 35.297508 3.607224 3.889075
166.861721 4 4.926615 35.608097 3.607559 3.887256
166.961721 4 4.926452 35.929575 3.607892 3.885387
167.061721 4 4.926288 36.262293 3.608224 3.883469
167.161721 4 4.926122 36.606614 3.608555 3.881500
167.261721 4 4.925954 36.962918 3.608886 3.879479
167.361721 4 4.925784 37.331599 3.609215 3.877406
167.461721 4 4.925698 37.520707 3.609380 3.876350
167.561721 4 4.925612 37.713065 3.609544 3.875281
167.661721 4 4.925526 37.908726 3.609708 3.874198
167.761721 4 4.925438 38.107745 3.609872 3.873102
167.861721 4 4.925351 38.310178 3.610035 3.871992
167.961721 4 4.925263 38.516083 3.610199 3.870869
168.061721 4 4.925174 38.725517 3.610362 3.869732
168.161721 4 4.925085 38.938541 3.610525 3.868582
168.261721 4 4.924995 39.155216 3.610688 3.867418
168.361721 4 4.924905 39.375603 3.610850 3.866239
168.461721 4 4.924814 39.599767 3.611012 3.865047
168.561721 4 4.924723 39.827771 3.611174 3.863841
168.661721 4 4.924631 40.059682 3.611336 3.862621
168.761721 4 4.924538 40.295568 3.611498 3.861386
168.861721 4 4.924445 40.535498 3.611659 3.860138
168.961721 4 4.924351 40.779542 3.611821 3.858875
169.061721 4 4.924257 41.027771 3.611982 3.857597
169.161721 4 4.924162 41.280261 3.612142 3.856305
169.261721 4 4.924067 41.537085 3.612303 3.854998
169.361721 4 4.923971 41.798320 3.612463 3.853677
169.461721 4 4.923874 42.064045 3.612624 3.852341
169.561721 4 4.923777 42.334340 3.612784 3.850990
169.661721 4 4.923678 42.609286 3.612943 3.849624
169.761721 4 4.923580 42.888968 3.613103 3.848244
169.861721 4 4.923480 43.173470 3.613262 3.846848
169.961721 4 4.923380 43.462880 3.613422 3.845437
170.061721 4 4.923279 43.757287 3.613581 3.844011
170.161721 4 4.923178 44.056783 3.613739 3.842569
170.261721 4 4.923075 44.361460 3.613898 3.841112
170.361721 4 4.922972 44.671415 3.614056 3.839640
170.461721 4 4.922869 44.986744 3.614214 3.838152
170.561721 4 4.922764 45.307547 3.614372 3.836648
170.661721 4 4.922659 45.633925 3.614530 3.835129
170.761721 4 4.922552 45.965984 3.614688 3.833594
170.861721 4 4.922445 46.303830 3.614845 3.832043
170.961721 4 4.922338 46.647572 3.615002 3.830477
171.061721 4 4.922229 46.997320 3.615159 3.828894
171.161721 4 4.922119 47.353190 3.615316 3.827295
171.261721 4 4.922009 47.715297 3.615473 3.825680
171.361721 4 4.921898 48.083762 3.615629 3.824049
171.461721 4 4.921786 48.458705 3.615785 3.822401
171.561721 4 4.921673 48.840252 3.615942 3.820737
171.661721 4 4.921559 49.228531 3.616097 3.819056
171.761721 4 4.921444 49.623673 3.616253 3.817359
171.861721 4 4.921328 50.025811 3.616408 3.815646
171.961721 4 4.921211 50.435082 3.616564 3.813915
172.061721 4 4.921093 50.851626 3.616719 3.812168
172.161721 4 4.920974 51.275587 3.616874 3.810404
172.261721 4 4.920854 51.707112 3.617028 3.808623
172.361721 4 4.920733 52.146350 3.617183 3.806824
172.461721 4 4.920611 52.593457 3.617337 3.805009
172.561721 4 4.920488 53.048589 3.617491 3.803177
172.661721 4 4.920363 53.511909 3.617645 3.801327
172.761721 4 4.920238 53.983580 3.617799 3.799460
172.861721 4 4.920111 54.463773 3.617953 3.797575
172.961721 4 4.919983 54.952660 3.618106 3.795673
173.061721 4 4.919854 55.450420 3.618259 3.793753
173.161721 4 4.919724 55.957233 3.618413 3.791816
173.261721 4 4.919593 56.473288 3.618565 3.789860
173.361721 4 4.919460 56.998773 3.618718 3.787887
173.461721 4 4.919326 57.533885 3.618871 3.785896
173.561721 4 4.919191 58.078825 3.619023 3.783887
173.661721 4 4.919054 58.633796 3.619175 3.781860
173.761721 4 4.918916 59.199011 3.619327 3.779815
173.861721 4 4.918777 59.774684 3.619479 3.777752
173.961721 4 4.918636 60.361036 3.619630 3.775670
174.061721 4 4.918494 60.958295 3.619782 3.773570
174.161721 4 4.918350 61.566691 3.619933 3.771451
174.261721 4 4.918278 61.875140 3.620009 3.770385
174.361721 4 4.918205 62.186463 3.620084 3.769314
174.461721 4 4.918131 62.500692 3.620160 3.768238
174.561721 4 4.918058 62.817856 3.620235 3.767158
174.661721 4 4.917983 63.137988 3.620311 3.766073
174.761721 4 4.917909 63.461119 3.620386 3.764983
174.861721 4 4.917834 63.787282 3.620461 3.763889
174.961721 4 4.917759 64.116509 3.620536 3.762790
175.061721 4 4.917683 64.448834 3.620612 3.761686
175.161721 4 4.917607 64.784289 3.620687 3.760577
175.261721 4 4.917530 65.122910 3.620762 3.759464
175.361721 4 4.917454 65.464730 3.620837 3.758346
175.461721 4 4.917376 65.809784 3.620912 3.757223
175.561721 4 4.917298 66.158108 3.620987 3.756096
175.661721 4 4.917220 66.509736 3.621062 3.754963
175.761721 4 4.917142 66.864706 3.621137 3.753826
175.861721 4 4.917063 67.223054 3.621212 3.752684
175.961721 4 4.916983 67.584817 3.621287 3.751538
176.061721 4 4.916903 67.950033 3.621361 3.750386
176.161721 4 4.916823 68.318739 3.621436 3.749230
176.261721 4 4.916742 68.690975 3.621511 3.748068
176.361721 4 4.916661 69.066779 3.621586 3.746902
176.461721 4 4.916579 69.446190 3.621660 3.745731
176.561721 4 4.916497 69.829250 3.621735 3.744556
176.661721 4 4.916414 70.215999 3.621809 3.743375
176.761721 4 4.916331 70.606477 3.621884 3.742189
176.861721 4 4.916247 71.000726 3.621958 3.740999
176.961721 4 4.916163 71.398789 3.622033 3.739803
177.061721 4 4.916078 71.800709 3.622107 3.738603
177.161721 4 4.915993 72.206528 3.622181 3.737398
177.261721 4 4.915908 72.616290 3.622256 3.736187
177.361721 4 4.915821 73.030041 3.622330 3.734972
177.461721 4 4.915735 73.447825 3.622404 3.733752
177.561721 4 4.915648 73.869688 3.622478 3.732527
177.661721 4 4.915560 74.295675 3.622552 3.731297
177.761721 4 4.915472 74.725835 3.622626 3.730062
177.861721 4 4.915383 75.160214 3.622700 3.728822
177.961721 4 4.915294 75.598861 3.622774 3.727577
178.061721 4 4.915204 76.041823 3.622848 3.726326
178.161721 4 4.915114 76.489152 3.622922 3.725071
178.261721 4 4.915023 76.940896 3.622996 3.723811
178.361721 4 4.914932 77.397107 3.623070 3.722546
178.461721 4 4.914840 77.857835 3.623144 3.721275
178.561721 4 4.914747 78.323134 3.623217 3.720000
178.661721 4 4.914654 78.793055 3.623291 3.718719
178.761721 4 4.914560 79.267653 3.623365 3.717434
178.861721 4 4.914466 79.746981 3.623438 3.716143
178.961721 4 4.914371 80.231095 3.623512 3.714847
179.061721 4 4.914276 80.720050 3.623585 3.713546
179.161721 4 4.914180 81.213903 3.623659 3.712240
179.261721 4 4.914083 81.712710 3.623732 3.710929
179.361721 4 4.913986 82.216531 3.623806 3.709612
179.461721 4 4.913888 82.725423 3.623879 3.708291
179.561721 4 4.913790 83.239446 3.623952 3.706964
179.661721 4 4.913690 83.758661 3.624026 3.705632
179.761721 4 4.913591 84.283129 3.624099 3.704295
179.861721 4 4.913490 84.812912 3.624172 3.702953
179.961721 4 4.913389 85.348073 3.624245 3.701605
180.061721 4 4.913287 85.888676 3.624318 3.700252
180.161721 4 4.913185 86.434785 3.624392 3.698894
180.261721 4 4.913082 86.986466 3.624465 3.697531
180.361721 4 4.912978 87.543785 3.624538 3.696162
180.461721 4 4.912874 88.106810 3.624611 3.694788
180.561721 4 4.912769 88.675609 3.624684 3.693409
180.661721 4 4.912663 89.250251 3.624756 3.692025
180.761721 4 4.912556 89.830806 3.624829 3.690635
180.861721 4 4.912449 90.417346 3.624902 3.689240
180.961721 4 4.912341 91.009943 3.624975 3.687840
181.061721 4 4.912233 91.608670 3.625048 3.686434
181.161721 4 4.912123 92.213602 3.625120 3.685023
181.261721 4 4.912013 92.824812 3.625193 3.683607
181.361721 4 4.911902 93.442378 3.625265 3.682185
181.461721 4 4.911790 94.066378 3.625338 3.680758
181.561721 4 4.911678 94.696889 3.625411 3.679325
181.661721 4 4.911565 95.333991 3.625483 3.677887
181.761721 4 4.911451 95.977765 3.625556 3.676444
181.861721 4 4.911336 96.628293 3.625628 3.674995
181.961721 4 4.911220 97.285657 3.625700 3.673541
182.061721 4 4.911104 97.949942 3.625773 3.672082
182.161721 4 4.910987 98.621233 3.625845 3.670617
182.261721 4 4.910869 99.299616 3.625917 3.669146
182.361721 4 4.910750 99.985180 3.625989 3.667670
182.461721 4 4.910630 100.678014 3.626062 3.666189
182.561721 4 4.910510 101.378207 3.626134 3.664702
182.661721 4 4.910388 102.085852 3.626206 3.663209
182.761721 4 4.910266 102.801042 3.626278 3.661711
182.861721 4 4.910143 103.523870 3.626350 3.660208
182.961721 4 4.910019 104.254432 3.626422 3.658699
183.061721 4 4.909894 104.992825 3.626494 3.657184
183.161721 4 4.909768 105.739149 3.626566 3.655664
183.261721 4 4.909641 106.493501 3.626638 3.654138
183.361721 4 4.909513 107.255985 3.626709 3.652607
183.461721 4 4.909385 108.026702 3.626781 3.651070
183.561721 4 4.909255 108.805756 3.626853 3.649528
183.661721 4 4.909125 109.593254 3.626925 3.647980
183.761721 4 4.908993 110.389303 3.626996 3.646426
183.861721 4 4.908860 111.194012 3.627068 3.644867
183.961721 4 4.908727 112.007490 3.627140 3.643302
184.061721 4 4.908592 112.829851 3.627211 3.641731
184.161721 4 4.908457 113.661207 3.627283 3.640155
184.261721 4 4.908320 114.501675 3.627354 3.638573
184.361721 4 4.908183 115.351371 3.627426 3.636986
184.461721 4 4.908044 116.210414 3.627497 3.635392
184.561721 4 4.907904 117.078924 3.627568 3.633793
184.661721 4 4.907764 117.957025 3.627640 3.632189
184.761721 4 4.907622 118.844839 3.627711 3.630578
184.861721 4 4.907479 119.742494 3.627782 3.628962
184.961721 4 4.907335 120.650117 3.627853 3.627340
185.061721 4 4.907190 121.567838 3.627925 3.625712
185.161721 4 4.907043 122.495788 3.627996 3.624079
185.261721 4 4.906898 123.419451 3.628066 3.622465
185.361721 4 4.906761 124.294621 3.628131 3.620947
185.461721 4 4.906632 125.123311 3.628193 3.619520
185.561721 4 4.906509 125.907511 3.628250 3.618177
185.661721 4 4.906394 126.649187 3.628304 3.616915
185.761721 4 4.906285 127.350268 3.628355 3.615729
185.861721 4 4.906183 128.012641 3.628402 3.614615
185.961721 4 4.905989 129.268070 3.628491 3.612518
186.061721 4 4.905818 130.381189 3.628569 3.610675
186.161721 4 4.905668 131.366524 3.628637 3.609057
186.261721 4 4.905535 132.237499 3.628696 3.607637
186.361721 4 4.905417 133.006420 3.628748 3.606391
186.461721 4 4.905314 133.684497 3.628794 3.605298
186.561721 4 4.905133 134.883099 3.628873 3.603380
186.661721 4 4.904996 135.792166 3.628933 3.601936
186.761721 4 4.904892 136.479722 3.628978 3.600851
186.861721 4 4.904736 137.520403 3.629045 3.599218
