t Ka M R logL logTeff
0.312287 1 9.000058 3.189773 3.610687 4.411932
0.624576 1 9.000033 3.204810 3.612537 4.411374
0.936866 1 9.000007 3.219927 3.614439 4.410827
1.249158 1 8.999981 3.235130 3.616392 4.410293
1.561451 1 8.999954 3.250424 3.618397 4.409770
1.873746 1 8.999927 3.265814 3.620453 4.409258
2.186042 1 8.999900 3.281307 3.622561 4.408757
2.498340 1 8.999873 3.296907 3.624720 4.408267
2.810640 1 8.999845 3.312621 3.626931 4.407788
3.122942 1 8.999817 3.328454 3.629194 4.407318
3.435245 1 8.999789 3.344413 3.631508 4.406858
3.747550 1 8.999760 3.360503 3.633874 4.406407
4.059856 1 8.999731 3.376731 3.636291 4.405965
4.372164 1 8.999702 3.393102 3.638760 4.405532
4.684474 1 8.999672 3.409624 3.641281 4.405107
4.996786 1 8.999642 3.426303 3.643853 4.404691
5.309100 1 8.999612 3.443145 3.646476 4.404282
5.621415 1 8.999581 3.460158 3.649151 4.403880
5.933733 1 8.999550 3.477347 3.651878 4.403486
6.246052 1 8.999518 3.494721 3.654656 4.403098
6.558373 1 8.999486 3.512286 3.657486 4.402717
6.870696 1 8.999453 3.530049 3.660367 4.402342
7.183021 1 8.999420 3.548019 3.663300 4.401973
7.495348 1 8.999387 3.566202 3.666284 4.401609
7.807677 1 8.999352 3.584606 3.669320 4.401250
8.120008 1 8.999318 3.603239 3.672407 4.400896
8.432341 1 8.999283 3.622109 3.675546 4.400546
8.744676 1 8.999247 3.641224 3.678737 4.400201
9.057014 1 8.999211 3.660593 3.681979 4.399860
9.369353 1 8.999174 3.680225 3.685272 4.399521
9.681695 1 8.999136 3.700127 3.688617 4.399187
9.994039 1 8.999098 3.720309 3.692014 4.398855
10.306386 1 8.999059 3.740781 3.695462 4.398525
10.618734 1 8.999019 3.761551 3.698962 4.398197
10.931085 1 8.998979 3.782630 3.702513 4.397872
11.243439 1 8.998625 3.803949 3.706068 4.397540
11.555814 1 8.998264 3.825594 3.709673 4.397209
11.868210 1 8.997897 3.847577 3.713329 4.396879
12.180629 1 8.997523 3.869908 3.717036 4.396549
12.493070 1 8.997141 3.892599 3.720793 4.396219
12.805534 1 8.996752 3.915661 3.724601 4.395888
13.118021 1 8.996356 3.939108 3.728459 4.395556
13.430532 1 8.995951 3.962951 3.732367 4.395223
13.743068 1 8.995538 3.987205 3.736326 4.394888
14.055628 1 8.995117 4.011885 3.740335 4.394550
14.368214 1 8.994687 4.037005 3.744395 4.394210
14.680826 1 8.994248 4.062581 3.748504 4.393866
14.993464 1 8.993800 4.088631 3.752664 4.393518
15.306129 1 8.993342 4.115174 3.756874 4.393165
15.618822 1 8.992874 4.142227 3.761133 4.392807
15.931543 1 8.992396 4.169813 3.765443 4.392443
16.244292 1 8.991907 4.197955 3.769803 4.392072
16.557071 1 8.991407 4.226676 3.774213 4.391694
16.869881 1 8.990896 4.256003 3.778672 4.391308
17.182721 1 8.990372 4.285964 3.783182 4.390912
17.495592 1 8.989837 4.316591 3.787741 4.390505
17.808496 1 8.989289 4.347918 3.792349 4.390087
18.121433 1 8.988727 4.379982 3.797008 4.389656
18.434404 1 8.988152 4.412823 3.801715 4.389211
18.747410 1 8.987563 4.446487 3.806473 4.388750
19.060451 1 8.986960 4.481023 3.811279 4.388272
19.373528 1 8.986341 4.516483 3.816135 4.387774
19.686643 1 8.985707 4.552929 3.821040 4.387255
19.999796 1 8.985057 4.590426 3.825994 4.386713
20.312989 1 8.984390 4.629046 3.830997 4.386144
20.626221 1 8.983706 4.668870 3.836049 4.385547
20.939495 1 8.983003 4.709986 3.841149 4.384918
21.252812 1 8.982282 4.752495 3.846299 4.384254
21.566172 1 8.981542 4.796503 3.851497 4.383552
21.879577 1 8.980781 4.842134 3.856743 4.382808
22.193028 1 8.980000 4.889521 3.862038 4.382017
22.349777 1 8.979599 4.913919 3.864703 4.381602
22.506538 1 8.979192 4.938813 3.867381 4.381174
22.663312 1 8.978779 4.964225 3.870070 4.380732
22.820098 1 8.978361 4.990177 3.872771 4.380275
22.976896 1 8.977937 5.016693 3.875484 4.379803
23.133708 1 8.977507 5.043798 3.878209 4.379314
23.290532 1 8.977070 5.071519 3.880946 4.378808
23.447370 1 8.976628 5.099883 3.883695 4.378284
23.604221 1 8.976179 5.128920 3.886456 4.377742
23.761086 1 8.975724 5.158660 3.889229 4.377179
23.917964 1 8.975263 5.189138 3.892014 4.376596
24.074857 1 8.974795 5.220387 3.894811 4.375992
24.231764 1 8.974319 5.252444 3.897619 4.375365
24.388685 1 8.973837 5.285347 3.900439 4.374714
24.545621 1 8.973348 5.319139 3.903271 4.374038
24.702571 1 8.972852 5.353861 3.906115 4.373336
24.859537 1 8.972349 5.389560 3.908971 4.372607
25.016518 1 8.971838 5.426285 3.911838 4.371849
25.173514 1 8.971319 5.464086 3.914717 4.371061
25.330526 1 8.970793 5.503017 3.917608 4.370242
25.487554 1 8.970259 5.543137 3.920510 4.369390
25.644598 1 8.969716 5.584505 3.923424 4.368504
25.801659 1 8.969166 5.627187 3.926350 4.367582
25.958737 1 8.968607 5.671251 3.929287 4.366623
26.115831 1 8.968040 5.716768 3.932236 4.365624
26.272943 1 8.967464 5.763817 3.935196 4.364585
26.430072 1 8.966879 5.812479 3.938168 4.363502
26.587219 1 8.966285 5.862839 3.941152 4.362374
26.744384 1 8.965682 5.914991 3.944147 4.361200
26.901568 1 8.965069 5.969032 3.947153 4.359977
27.058770 1 8.964447 6.025066 3.950170 4.358702
27.215990 1 8.963815 6.083203 3.953199 4.357374
27.373231 1 8.963173 6.143562 3.956240 4.355990
27.473231 1 8.962847 6.174613 3.957764 4.355277
27.573231 1 8.962519 6.206266 3.959291 4.354548
27.673231 1 8.962187 6.238540 3.960821 4.353804
27.773231 1 8.961854 6.271450 3.962354 4.353045
27.873231 1 8.961517 6.305017 3.963889 4.352270
27.973231 1 8.961178 6.339257 3.965427 4.351478
28.073231 1 8.960837 6.374192 3.966969 4.350670
28.173231 1 8.960494 6.409840 3.968513 4.349845
28.273231 1 8.960148 6.446222 3.970060 4.349003
28.373231 1 8.959801 6.483360 3.971610 4.348143
28.473231 1 8.959451 6.521275 3.973162 4.347265
28.573231 1 8.959100 6.559992 3.974718 4.346368
28.673231 1 8.958746 6.599532 3.976277 4.345453
28.773231 1 8.958391 6.639921 3.977838 4.344519
28.873231 1 8.958033 6.681183 3.979402 4.343565
28.973231 1 8.957673 6.723345 3.980970 4.342590
29.073231 1 8.957312 6.766434 3.982540 4.341596
29.173231 1 8.956948 6.810477 3.984113 4.340580
29.273231 1 8.956582 6.855505 3.985689 4.339543
29.373231 1 8.956214 6.901545 3.987268 4.338484
29.473231 1 8.955844 6.948631 3.988850 4.337403
29.573231 1 8.955472 6.996793 3.990434 4.336300
29.673231 1 8.955098 7.046066 3.992022 4.335173
29.773231 1 8.954722 7.096483 3.993613 4.334022
29.873231 1 8.954344 7.148081 3.995206 4.332847
29.973231 1 8.953964 7.200896 3.996802 4.331648
30.073231 1 8.953582 7.254968 3.998401 4.330423
30.173231 1 8.953197 7.310336 4.000004 4.329173
30.273231 1 8.952811 7.367041 4.001609 4.327896
30.373231 1 8.952423 7.425127 4.003216 4.326593
30.473231 1 8.952033 7.484638 4.004827 4.325262
30.573231 1 8.951641 7.545621 4.006441 4.323903
30.673231 1 8.951247 7.608123 4.008058 4.322516
30.773231 1 8.950851 7.672196 4.009677 4.321100
30.873231 1 8.950453 7.737890 4.011300 4.319654
30.973231 1 8.950053 7.805260 4.012925 4.318178
31.073231 1 8.949651 7.874362 4.014554 4.316671
31.173231 1 8.949247 7.945255 4.016185 4.315133
31.273231 1 8.948841 8.017998 4.017819 4.313562
31.373231 1 8.948434 8.092657 4.019456 4.311959
31.473231 1 8.948025 8.169295 4.021096 4.310322
31.573231 1 8.947613 8.247983 4.022739 4.308651
31.673231 1 8.947200 8.328790 4.024385 4.306946
31.773231 1 8.946786 8.411792 4.026034 4.305205
31.873231 1 8.946577 8.454140 4.026859 4.304321
31.973231 1 8.946369 8.497065 4.027686 4.303427
32.073231 1 8.946160 8.540579 4.028513 4.302525
32.231010 1 8.945321 8.619712 4.041199 4.303694
32.331010 1 8.945181 8.571762 4.046028 4.306113
32.431010 1 8.945055 8.504715 4.050921 4.309041
32.531010 1 8.944941 8.424342 4.055712 4.312301
32.631010 1 8.944889 8.382315 4.057958 4.313948
32.731010 1 8.944840 8.338946 4.060147 4.315622
32.831010 1 8.944793 8.294709 4.062271 4.317308
32.931010 1 8.944748 8.250021 4.064327 4.318995
33.031010 1 8.944706 8.205249 4.066310 4.320672
33.131010 1 8.944666 8.160708 4.068219 4.322331
33.231010 1 8.944627 8.116667 4.070052 4.323965
33.331010 1 8.944591 8.073352 4.071808 4.325566
33.431010 1 8.944557 8.030948 4.073489 4.327129
33.531010 1 8.944524 7.989606 4.075093 4.328651
33.631010 1 8.944493 7.949446 4.076624 4.330128
33.731010 1 8.944434 7.870472 4.079561 4.333030
33.831010 1 8.944381 7.797426 4.082203 4.335716
33.931010 1 8.944334 7.730490 4.084570 4.338180
34.031010 1 8.944292 7.669611 4.086684 4.340425
34.131010 1 8.944254 7.614577 4.088565 4.342459
34.231010 1 8.944221 7.565078 4.090237 4.344293
34.331010 1 8.944192 7.520741 4.091718 4.345940
34.431010 1 8.944166 7.481165 4.093029 4.347413
34.531010 1 8.944120 7.410163 4.095356 4.350066
34.631010 1 8.944085 7.355466 4.097128 4.352118
34.731010 1 8.944058 7.313637 4.098473 4.353692
34.831010 1 8.944017 7.249610 4.100514 4.356112
34.931010 2 8.943977 7.184060 4.102585 4.358602
35.031010 2 8.943974 7.245819 4.102205 4.356648
35.131010 2 8.943972 7.300538 4.101871 4.354931
35.231010 2 8.943970 7.355670 4.101537 4.353214
35.331010 2 8.943968 7.411219 4.101203 4.351497
35.431010 2 8.943966 7.467187 4.100870 4.349779
35.531010 2 8.943964 7.523578 4.100536 4.348062
35.631010 2 8.943962 7.580394 4.100202 4.346345
35.731010 2 8.943960 7.637640 4.099868 4.344628
35.831010 2 8.943958 7.695318 4.099534 4.342911
35.931010 2 8.943956 7.753431 4.099200 4.341194
36.031010 2 8.943954 7.811984 4.098866 4.339476
36.131010 2 8.943952 7.870978 4.098532 4.337759
36.231010 2 8.943950 7.930418 4.098198 4.336042
36.331010 2 8.943948 7.990307 4.097864 4.334325
36.431010 2 8.943946 8.050648 4.097530 4.332608
36.531010 2 8.943944 8.111445 4.097196 4.330890
36.631010 2 8.943942 8.172701 4.096862 4.329173
36.731010 2 8.943941 8.234420 4.096528 4.327456
36.831010 2 8.943939 8.296604 4.096194 4.325739
36.931010 2 8.943937 8.359259 4.095860 4.324022
37.031010 2 8.943935 8.422386 4.095527 4.322305
37.131010 2 8.943933 8.485990 4.095193 4.320587
37.231010 2 8.943931 8.550074 4.094859 4.318870
37.331010 2 8.943929 8.614643 4.094525 4.317153
37.431010 2 8.943928 8.679699 4.094191 4.315436
37.531010 2 8.943926 8.745246 4.093857 4.313719
37.631010 2 8.943924 8.811288 4.093523 4.312002
37.731010 2 8.943922 8.877829 4.093189 4.310284
37.831010 2 8.943920 8.944873 4.092855 4.308567
37.931010 2 8.943919 9.012423 4.092521 4.306850
38.031010 2 8.943917 9.080483 4.092187 4.305133
38.131010 2 8.943915 9.149057 4.091854 4.303416
38.231010 2 8.943913 9.218148 4.091520 4.301699
38.331010 2 8.943912 9.287762 4.091186 4.299981
38.431010 2 8.943910 9.357901 4.090852 4.298264
38.531010 2 8.943908 9.428570 4.090518 4.296547
38.631010 2 8.943907 9.499773 4.090184 4.294830
38.731010 2 8.943905 9.571513 4.089850 4.293113
38.831010 2 8.943903 9.643795 4.089516 4.291396
38.931010 2 8.943902 9.716623 4.089182 4.289678
39.031010 2 8.943900 9.790001 4.088848 4.287961
39.131010 2 8.943898 9.863933 4.088515 4.286244
39.231010 2 8.943897 9.938423 4.088181 4.284527
39.331010 2 8.943895 10.013476 4.087847 4.282810
39.431010 2 8.943893 10.089095 4.087513 4.281093
39.531010 2 8.943892 10.165286 4.087179 4.279376
39.631010 2 8.943890 10.242052 4.086845 4.277658
39.731010 2 8.943889 10.319398 4.086511 4.275941
39.831010 2 8.943887 10.397328 4.086177 4.274224
39.931010 2 8.943886 10.475846 4.085844 4.272507
40.031010 2 8.943884 10.554958 4.085510 4.270790
40.131010 2 8.943882 10.634666 4.085176 4.269073
40.231010 2 8.943881 10.714977 4.084842 4.267355
40.331010 2 8.943879 10.795894 4.084508 4.265638
40.431010 2 8.943878 10.877423 4.084174 4.263921
40.531010 2 8.943876 10.959567 4.083840 4.262204
40.631010 2 8.943875 11.042331 4.083506 4.260487
40.731010 2 8.943873 11.125720 4.083173 4.258770
40.831010 2 8.943872 11.209739 4.082839 4.257052
40.931010 2 8.943870 11.294393 4.082505 4.255335
41.031010 2 8.943869 11.379685 4.082171 4.253618
41.131010 2 8.943867 11.465622 4.081837 4.251901
41.231010 2 8.943866 11.552208 4.081503 4.250184
41.331010 2 8.943865 11.639448 4.081169 4.248467
41.431010 2 8.943863 11.727347 4.080835 4.246750
41.531010 2 8.943862 11.815909 4.080502 4.245032
41.631010 2 8.943860 11.905140 4.080168 4.243315
41.731010 2 8.943859 11.995045 4.079834 4.241598
41.831010 2 8.943858 12.085629 4.079500 4.239881
41.931010 2 8.943856 12.176897 4.079166 4.238164
42.031010 2 8.943855 12.268854 4.078832 4.236447
42.131010 2 8.943853 12.361506 4.078499 4.234730
42.231010 2 8.943852 12.454857 4.078165 4.233012
42.331010 2 8.943851 12.548914 4.077831 4.231295
42.431010 2 8.943849 12.643680 4.077497 4.229578
42.531010 2 8.943848 12.739163 4.077163 4.227861
42.631010 2 8.943847 12.835366 4.076829 4.226144
42.731010 2 8.943845 12.932296 4.076495 4.224427
42.831010 2 8.943844 13.029958 4.076162 4.222709
42.931010 2 8.943843 13.128357 4.075828 4.220992
43.031010 2 8.943841 13.227500 4.075494 4.219275
43.131010 2 8.943840 13.327391 4.075160 4.217558
43.231010 2 8.943839 13.428036 4.074826 4.215841
43.331010 2 8.943838 13.529442 4.074492 4.214124
43.431010 2 8.943836 13.631613 4.074159 4.212407
43.531010 2 8.943835 13.734556 4.073825 4.210689
43.631010 2 8.943834 13.838277 4.073491 4.208972
43.731010 2 8.943832 13.942780 4.073157 4.207255
43.831010 2 8.943831 14.048073 4.072823 4.205538
43.931010 2 8.943830 14.154161 4.072489 4.203821
44.031010 2 8.943829 14.261050 4.072156 4.202104
44.131010 2 8.943828 14.368746 4.071822 4.200387
44.231010 2 8.943826 14.477256 4.071488 4.198669
44.331010 2 8.943825 14.586585 4.071154 4.196952
44.431010 2 8.943824 14.696740 4.070820 4.195235
44.531010 2 8.943823 14.807726 4.070487 4.193518
44.631010 2 8.943822 14.919551 4.070153 4.191801
44.731010 2 8.943820 15.032220 4.069819 4.190084
44.831010 2 8.943819 15.145740 4.069485 4.188367
44.931010 2 8.943818 15.260117 4.069151 4.186649
45.031010 2 8.943817 15.375358 4.068817 4.184932
45.131010 2 8.943816 15.491469 4.068484 4.183215
45.231010 2 8.943815 15.608458 4.068150 4.181498
45.331010 2 8.943813 15.726329 4.067816 4.179781
45.431010 2 8.943812 15.845091 4.067482 4.178064
45.531010 2 8.943811 15.964749 4.067148 4.176347
45.631010 2 8.943810 16.085312 4.066815 4.174629
45.731010 2 8.943809 16.206784 4.066481 4.172912
45.831010 2 8.943808 16.329174 4.066147 4.171195
45.931010 2 8.943807 16.452489 4.065813 4.169478
46.031010 2 8.943806 16.576734 4.065479 4.167761
46.131010 2 8.943805 16.701918 4.065145 4.166044
46.231010 2 8.943804 16.828047 4.064812 4.164327
46.331010 2 8.943802 16.955129 4.064478 4.162609
46.431010 2 8.943801 17.083170 4.064144 4.160892
46.531010 2 8.943800 17.212179 4.063810 4.159175
46.631010 2 8.943799 17.342161 4.063476 4.157458
46.731010 2 8.943798 17.473125 4.063143 4.155741
46.831010 2 8.943797 17.605078 4.062809 4.154024
46.931010 2 8.943796 17.738028 4.062475 4.152307
47.031010 2 8.943795 17.871982 4.062141 4.150590
47.131010 2 8.943794 18.006947 4.061807 4.148872
47.231010 2 8.943793 18.142931 4.061474 4.147155
47.331010 2 8.943792 18.279943 4.061140 4.145438
47.431010 2 8.943791 18.417989 4.060806 4.143721
47.531010 2 8.943790 18.557077 4.060472 4.142004
47.631010 2 8.943789 18.697216 4.060139 4.140287
47.731010 2 8.943788 18.838413 4.059805 4.138570
47.831010 2 8.943787 18.980677 4.059471 4.136852
47.931010 2 8.943786 19.124015 4.059137 4.135135
48.031010 2 8.943785 19.268435 4.058803 4.133418
48.131010 2 8.943784 19.413946 4.058470 4.131701
48.231010 2 8.943783 19.560556 4.058136 4.129984
48.331010 2 8.943782 19.708273 4.057802 4.128267
48.431010 2 8.943781 19.857105 4.057468 4.126550
48.531010 2 8.943780 20.007062 4.057134 4.124833
48.631010 2 8.943779 20.158150 4.056801 4.123115
48.731010 2 8.943779 20.310380 4.056467 4.121398
48.831010 2 8.943778 20.463760 4.056133 4.119681
48.931010 2 8.943777 20.618298 4.055799 4.117964
49.031010 2 8.943776 20.774002 4.055466 4.116247
49.131010 2 8.943775 20.930883 4.055132 4.114530
49.231010 2 8.943774 21.088948 4.054798 4.112813
49.331010 2 8.943773 21.248207 4.054464 4.111095
49.431010 2 8.943772 21.408669 4.054130 4.109378
49.531010 2 8.943771 21.570343 4.053797 4.107661
49.631010 2 8.943770 21.733237 4.053463 4.105944
49.731010 2 8.943770 21.897362 4.053129 4.104227
49.831010 2 8.943769 22.062726 4.052795 4.102510
49.931010 2 8.943768 22.229338 4.052462 4.100793
50.031010 2 8.943767 22.397209 4.052128 4.099076
50.131010 2 8.943766 22.566348 4.051794 4.097358
50.231010 2 8.943765 22.736764 4.051460 4.095641
50.331010 2 8.943763 22.908464 4.051126 4.093924
50.431010 2 8.943761 23.081460 4.050792 4.092207
50.531010 2 8.943759 23.255763 4.050458 4.090490
50.631010 2 8.943757 23.431382 4.050124 4.088773
50.731010 2 8.943755 23.608327 4.049791 4.087056
50.831010 2 8.943753 23.786608 4.049457 4.085338
50.931010 2 8.943751 23.966236 4.049123 4.083621
51.031010 2 8.943749 24.147220 4.048789 4.081904
51.131010 2 8.943747 24.329570 4.048455 4.080187
51.231010 2 8.943745 24.513298 4.048121 4.078470
51.331010 2 8.943743 24.698413 4.047787 4.076753
51.431010 2 8.943741 24.884926 4.047453 4.075036
51.531010 2 8.943739 25.072847 4.047119 4.073318
51.631010 2 8.943737 25.262187 4.046785 4.071601
51.731010 2 8.943735 25.452957 4.046451 4.069884
51.831010 2 8.943733 25.645167 4.046117 4.068167
51.931010 2 8.943730 25.838829 4.045783 4.066450
52.031010 2 8.943728 26.033954 4.045449 4.064733
52.131010 2 8.943726 26.230551 4.045115 4.063016
52.231010 2 8.943724 26.428634 4.044781 4.061298
52.331010 2 8.943722 26.628212 4.044447 4.059581
52.431010 2 8.943720 26.829297 4.044113 4.057864
52.531010 2 8.943717 27.031900 4.043779 4.056147
52.631010 2 8.943715 27.236034 4.043445 4.054430
52.731010 2 8.943713 27.441709 4.043111 4.052713
52.831010 2 8.943711 27.648937 4.042777 4.050996
52.931010 2 8.943708 27.857729 4.042443 4.049279
53.031010 2 8.943706 28.068099 4.042109 4.047561
53.131010 2 8.943704 28.280057 4.041775 4.045844
53.231010 2 8.943702 28.493615 4.041441 4.044127
53.331010 2 8.943699 28.708786 4.041107 4.042410
53.431010 2 8.943697 28.925582 4.040773 4.040693
53.531010 2 8.943695 29.144015 4.040439 4.038976
53.631010 2 8.943692 29.364097 4.040105 4.037259
53.731010 2 8.943690 29.585841 4.039771 4.035541
53.831010 2 8.943688 29.809260 4.039437 4.033824
53.931010 2 8.943685 30.034366 4.039103 4.032107
54.031010 2 8.943683 30.261171 4.038769 4.030390
54.131010 2 8.943681 30.489689 4.038435 4.028673
54.231010 2 8.943678 30.719933 4.038101 4.026956
54.331010 2 8.943676 30.951915 4.037767 4.025239
54.431010 2 8.943673 31.185649 4.037433 4.023521
54.531010 2 8.943671 31.421148 4.037099 4.021804
54.631010 2 8.943668 31.658425 4.036765 4.020087
54.731010 2 8.943666 31.897494 4.036431 4.018370
54.831010 2 8.943664 32.138368 4.036097 4.016653
54.931010 2 8.943661 32.381061 4.035763 4.014936
55.031010 2 8.943659 32.625586 4.035429 4.013219
55.131010 2 8.943656 32.871958 4.035095 4.011502
55.231010 2 8.943653 33.120190 4.034761 4.009784
55.331010 2 8.943651 33.370297 4.034427 4.008067
55.431010 2 8.943648 33.622292 4.034093 4.006350
55.531010 2 8.943646 33.876190 4.033759 4.004633
55.631010 2 8.943643 34.132005 4.033425 4.002916
55.731010 2 8.943641 34.389752 4.033091 4.001199
55.831010 2 8.943638 34.649445 4.032757 3.999482
55.931010 2 8.943635 34.911099 4.032423 3.997764
56.031010 2 8.943633 35.174729 4.032089 3.996047
56.131010 2 8.943630 35.440350 4.031755 3.994330
56.231010 2 8.943627 35.707976 4.031421 3.992613
56.331010 2 8.943625 35.977623 4.031087 3.990896
56.431010 2 8.943622 36.249306 4.030753 3.989179
56.531010 2 8.943619 36.523040 4.030418 3.987462
56.631010 2 8.943617 36.798842 4.030084 3.985745
56.731010 2 8.943614 37.076726 4.029750 3.984027
56.831010 2 8.943611 37.356708 4.029416 3.982310
56.931010 2 8.943608 37.638804 4.029082 3.980593
57.031010 2 8.943606 37.923031 4.028748 3.978876
57.131010 2 8.943603 38.209404 4.028414 3.977159
57.231010 2 8.943600 38.497939 4.028080 3.975442
57.331010 2 8.943597 38.788652 4.027746 3.973725
57.431010 2 8.943594 39.081561 4.027412 3.972008
57.531010 2 8.943592 39.376682 4.027078 3.970290
57.631010 2 8.943589 39.674031 4.026744 3.968573
57.731010 2 8.943586 39.973625 4.026410 3.966856
57.831010 2 8.943583 40.275481 4.026076 3.965139
57.931010 2 8.943580 40.579617 4.025741 3.963422
58.031010 2 8.943577 40.886049 4.025407 3.961705
58.131010 2 8.943574 41.194795 4.025073 3.959988
58.231010 2 8.943571 41.505872 4.024739 3.958271
58.331010 2 8.943568 41.819299 4.024405 3.956553
58.431010 2 8.943565 42.135091 4.024071 3.954836
58.531010 2 8.943562 42.453269 4.023737 3.953119
58.631010 2 8.943559 42.773848 4.023403 3.951402
58.731010 2 8.943556 43.096849 4.023069 3.949685
58.831010 2 8.943553 43.422288 4.022735 3.947968
58.931010 2 8.943550 43.750184 4.022400 3.946251
59.031010 2 8.943547 44.080557 4.022066 3.944534
59.131010 2 8.943544 44.413424 4.021732 3.942816
59.231010 2 8.943541 44.748804 4.021398 3.941099
59.331010 2 8.943538 45.086717 4.021064 3.939382
59.431010 2 8.943535 45.427181 4.020730 3.937665
59.531010 2 8.943531 45.770216 4.020396 3.935948
59.631010 2 8.943528 46.115841 4.020062 3.934231
59.731010 2 8.943525 46.464076 4.019727 3.932514
59.831010 2 8.943522 46.814940 4.019393 3.930797
59.931010 2 8.943519 47.168453 4.019059 3.929080
60.031010 2 8.943515 47.524636 4.018725 3.927362
60.131010 2 8.943512 47.883508 4.018391 3.925645
60.231010 2 8.943509 48.245090 4.018057 3.923928
60.331010 2 8.943506 48.609402 4.017723 3.922211
60.431010 2 8.943502 48.976465 4.017388 3.920494
60.531010 2 8.943499 49.346299 4.017054 3.918777
60.631010 2 8.943496 49.718926 4.016720 3.917060
60.731010 2 8.943492 50.094366 4.016386 3.915343
60.831010 2 8.943489 50.472641 4.016052 3.913625
60.931010 2 8.943486 50.853773 4.015718 3.911908
61.031010 2 8.943482 51.237782 4.015383 3.910191
61.131010 2 8.943479 51.624690 4.015049 3.908474
61.231010 2 8.943475 52.014520 4.014715 3.906757
61.331010 2 8.943472 52.407294 4.014381 3.905040
61.431010 2 8.943468 52.803033 4.014047 3.903323
61.531010 2 8.943465 53.201760 4.013713 3.901606
61.631010 2 8.943461 53.603497 4.013378 3.899889
61.731010 2 8.943458 54.008268 4.013044 3.898171
61.831010 2 8.943454 54.416095 4.012710 3.896454
61.931010 2 8.943451 54.827002 4.012376 3.894737
62.031010 2 8.943447 55.241011 4.012042 3.893020
62.131010 2 8.943444 55.658146 4.011707 3.891303
62.231010 2 8.943440 56.078430 4.011373 3.889586
62.331010 2 8.943436 56.501888 4.011039 3.887869
62.431010 2 8.943433 56.928543 4.010705 3.886152
62.531010 2 8.943429 57.358420 4.010371 3.884435
62.631010 2 8.943425 57.791542 4.010036 3.882718
62.731010 2 8.943421 58.227935 4.009702 3.881000
62.831010 2 8.943418 58.667622 4.009368 3.879283
62.931010 2 8.943414 59.110630 4.009034 3.877566
63.031010 2 8.943410 59.556982 4.008699 3.875849
63.131010 2 8.943406 60.006704 4.008365 3.874132
63.231010 2 8.943403 60.459822 4.008031 3.872415
63.331010 2 8.943399 60.916361 4.007697 3.870698
63.431010 2 8.943395 61.376347 4.007363 3.868981
63.531010 2 8.943391 61.839806 4.007028 3.867264
63.631010 2 8.943387 62.306764 4.006694 3.865546
63.731010 2 8.943383 62.777248 4.006360 3.863829
63.831010 2 8.943379 63.251285 4.006026 3.862112
63.931010 2 8.943375 63.728900 4.005691 3.860395
64.031010 2 8.943371 64.210122 4.005357 3.858678
64.131010 2 8.943367 64.694976 4.005023 3.856961
64.231010 2 8.943363 65.183492 4.004689 3.855244
64.331010 2 8.943359 65.675696 4.004354 3.853527
64.431010 2 8.943355 66.171616 4.004020 3.851810
64.531010 2 8.943351 66.671281 4.003686 3.850093
64.631010 2 8.943347 67.174718 4.003351 3.848375
64.731010 2 8.943343 67.681956 4.003017 3.846658
64.831010 2 8.943339 68.193024 4.002683 3.844941
64.931010 2 8.943335 68.707950 4.002349 3.843224
65.031010 2 8.943330 69.226765 4.002014 3.841507
65.131010 2 8.943326 69.749496 4.001680 3.839790
65.231010 2 8.943322 70.276174 4.001346 3.838073
65.331010 2 8.943318 70.806829 4.001011 3.836356
65.431010 2 8.943314 71.341490 4.000677 3.834639
65.531010 2 8.943309 71.880188 4.000343 3.832922
65.631010 2 8.943305 72.422953 4.000008 3.831205
65.731010 2 8.943301 72.969815 3.999674 3.829487
65.831010 2 8.943296 73.520807 3.999340 3.827770
65.931010 2 8.943292 74.075959 3.999006 3.826053
66.031010 2 8.943287 74.635302 3.998671 3.824336
66.131010 2 8.943283 75.198868 3.998337 3.822619
66.231010 2 8.943279 75.766689 3.998003 3.820902
66.331010 2 8.943274 76.338797 3.997668 3.819185
66.431010 2 8.943270 76.915225 3.997334 3.817468
66.531010 2 8.943265 77.496004 3.997000 3.815751
66.631010 2 8.943261 78.081169 3.996665 3.814034
66.731010 2 8.943256 78.670751 3.996331 3.812317
66.831010 2 8.943251 79.264785 3.995996 3.810600
66.931010 2 8.943247 79.863303 3.995662 3.808882
67.031010 2 8.943242 80.466340 3.995328 3.807165
67.131010 2 8.943237 81.073931 3.994993 3.805448
67.231010 2 8.943233 81.686108 3.994659 3.803731
67.331010 2 8.943228 82.302907 3.994325 3.802014
67.431010 2 8.943223 82.924363 3.993990 3.800297
67.531010 2 8.943219 83.550511 3.993656 3.798580
67.631010 2 8.943214 84.181386 3.993321 3.796863
67.731010 2 8.943209 84.817024 3.992987 3.795146
67.831010 2 8.943204 85.457461 3.992653 3.793429
67.931010 2 8.943199 86.102733 3.992318 3.791712
68.031010 2 8.943194 86.752876 3.991984 3.789995
68.131010 2 8.943189 87.407928 3.991650 3.788278
68.231010 2 8.943185 88.067926 3.991315 3.786560
68.331010 2 8.943180 88.732906 3.990981 3.784843
68.431010 2 8.943175 89.402907 3.990646 3.783126
68.531010 2 8.943170 90.077966 3.990312 3.781409
68.631010 2 8.943165 90.758122 3.989977 3.779692
68.731010 2 8.943159 91.443412 3.989643 3.777975
68.831010 2 8.943154 92.133876 3.989309 3.776258
68.931010 2 8.943149 92.829553 3.988974 3.774541
69.031010 2 8.943144 93.530482 3.988640 3.772824
69.131010 2 8.943139 94.236703 3.988305 3.771107
69.231010 2 8.943134 94.948255 3.987971 3.769390
69.331010 2 8.943129 95.665179 3.987636 3.767673
69.431010 2 8.943123 96.387516 3.987302 3.765956
69.531010 2 8.943118 97.115306 3.986967 3.764239
69.631010 2 8.943113 97.848590 3.986633 3.762522
69.731010 2 8.943107 98.587410 3.986298 3.760804
69.831010 2 8.943102 99.331808 3.985964 3.759087
69.931010 2 8.943097 100.081826 3.985630 3.757370
70.031010 2 8.943091 100.837506 3.985295 3.755653
70.131010 2 8.943086 101.598891 3.984961 3.753936
70.231010 2 8.943080 102.366024 3.984626 3.752219
70.331010 2 8.943075 103.138948 3.984292 3.750502
70.431010 2 8.943069 103.917708 3.983957 3.748785
70.531010 2 8.943064 104.702346 3.983623 3.747068
70.631010 2 8.943058 105.492908 3.983288 3.745351
70.731010 2 8.943053 106.289439 3.982954 3.743634
70.831010 2 8.943047 107.091982 3.982619 3.741917
70.931010 2 8.943041 107.900584 3.982284 3.740200
71.031010 2 8.943036 108.715291 3.981950 3.738483
71.131010 2 8.943030 109.536148 3.981615 3.736766
71.231010 2 8.943024 110.363202 3.981281 3.735049
71.331010 2 8.943018 111.196499 3.980946 3.733332
71.431010 2 8.943013 112.036087 3.980612 3.731615
71.531010 2 8.943007 112.882013 3.980277 3.729897
71.631010 2 8.943001 113.734326 3.979943 3.728180
71.731010 2 8.942995 114.593072 3.979608 3.726463
71.831010 2 8.942989 115.458301 3.979274 3.724746
71.931010 2 8.942983 116.330062 3.978939 3.723029
72.031010 2 8.942977 117.208404 3.978604 3.721312
72.131010 2 8.942971 118.093377 3.978270 3.719595
72.231010 2 8.942965 118.985031 3.977935 3.717878
72.331010 2 8.942959 119.883415 3.977601 3.716161
72.431010 2 8.942953 120.788581 3.977266 3.714444
72.531010 2 8.942947 121.700581 3.976931 3.712727
72.631010 2 8.942940 122.619465 3.976597 3.711010
72.731010 2 8.942934 123.545286 3.976262 3.709293
72.831010 2 8.942928 124.478096 3.975928 3.707576
72.931010 2 8.942922 125.417947 3.975593 3.705859
73.031010 2 8.942915 126.364894 3.975258 3.704142
73.131010 2 8.942909 127.318988 3.974924 3.702425
73.231010 2 8.942903 128.280285 3.974589 3.700708
73.331010 2 8.942896 129.248839 3.974254 3.698991
73.431010 2 8.942890 130.224704 3.973920 3.697274
73.531010 2 8.942883 131.207936 3.973585 3.695557
73.631010 2 8.942877 132.198590 3.973250 3.693840
73.731010 2 8.942870 133.196722 3.972916 3.692123
73.831010 2 8.942864 134.202388 3.972581 3.690406
73.931010 2 8.942857 135.215646 3.972246 3.688689
74.031010 2 8.942850 136.236552 3.971912 3.686972
74.131010 2 8.942844 137.265164 3.971577 3.685255
74.231010 2 8.942837 138.301540 3.971242 3.683538
74.331010 2 8.942830 139.345740 3.970908 3.681821
74.431010 2 8.942823 140.397821 3.970573 3.680104
74.531010 2 8.942816 141.457844 3.970238 3.678387
74.631010 2 8.942809 142.488947 3.969915 3.676729
74.731010 2 8.942804 143.267202 3.969673 3.675485
74.831010 2 8.942797 144.442560 3.969309 3.673620
74.931010 3 8.942789 145.627559 3.968945 3.671755
75.031010 3 8.942782 146.937308 3.974401 3.671175
75.131010 3 8.942781 147.156988 3.975312 3.671078
75.231010 3 8.942774 148.480970 3.980768 3.670497
75.331010 3 8.942767 149.817277 3.986224 3.669916
75.431010 3 8.942759 151.166024 3.991680 3.669333
75.531010 3 8.942752 152.527331 3.997136 3.668751
75.631010 3 8.942745 153.901317 4.002592 3.668167
75.731010 3 8.942737 155.288102 4.008048 3.667583
75.831010 3 8.942729 156.687809 4.013504 3.666999
75.931010 3 8.942722 158.100561 4.018960 3.666414
76.031010 3 8.942714 159.526481 4.024416 3.665828
76.131010 3 8.942706 160.965695 4.029872 3.665242
76.231010 3 8.942698 162.418329 4.035328 3.664655
76.331010 3 8.942690 163.884512 4.040784 3.664068
76.431010 3 8.942682 165.364373 4.046240 3.663480
76.531010 3 8.942674 166.858041 4.051696 3.662891
76.631010 3 8.942665 168.365648 4.057152 3.662302
76.731010 3 8.942657 169.887328 4.062608 3.661712
76.831010 3 8.942648 171.423213 4.068064 3.661122
76.931010 3 8.942640 172.973440 4.073520 3.660531
77.031010 3 8.942631 174.538145 4.078976 3.659939
77.131010 3 8.942622 176.117467 4.084432 3.659347
77.231010 3 8.942613 177.711544 4.089888 3.658755
77.331010 3 8.942604 179.320518 4.095344 3.658162
77.431010 3 8.942595 180.944530 4.100800 3.657568
77.531010 3 8.942586 182.583724 4.106256 3.656973
77.631010 3 8.942576 184.238244 4.111712 3.656379
77.731010 3 8.942567 185.908237 4.117168 3.655783
77.831010 3 8.942557 187.593850 4.122624 3.655187
77.931010 3 8.942547 189.295233 4.128080 3.654591
78.031010 3 8.942537 191.012536 4.133536 3.653994
78.131010 3 8.942527 192.745910 4.138992 3.653396
78.231010 3 8.942517 194.495510 4.144448 3.652798
78.331010 3 8.942506 196.261490 4.149904 3.652199
78.431010 3 8.942496 198.044006 4.155360 3.651600
78.531010 3 8.942485 199.843217 4.160816 3.651000
78.631010 3 8.942475 201.659282 4.166272 3.650399
78.731010 3 8.942464 203.492361 4.171728 3.649798
78.831010 3 8.942453 205.342617 4.177184 3.649197
78.931010 3 8.942441 207.210215 4.182640 3.648595
79.031010 3 8.942430 209.095320 4.188096 3.647992
79.131010 3 8.942419 210.998099 4.193552 3.647389
79.231010 3 8.942407 212.918721 4.199008 3.646786
79.331010 3 8.942395 214.857357 4.204464 3.646181
79.431010 3 8.942383 216.814179 4.209920 3.645577
79.531010 3 8.942371 218.789360 4.215376 3.644971
79.631010 3 8.942359 220.783077 4.220832 3.644366
79.731010 3 8.942347 222.795506 4.226288 3.643759
79.831010 3 8.942334 224.826826 4.231744 3.643152
79.931010 3 8.942321 226.877218 4.237200 3.642545
80.031010 3 8.942309 228.946865 4.242656 3.641937
80.131010 3 8.942296 231.035950 4.248112 3.641329
80.231010 3 8.942282 233.144660 4.253568 3.640720
80.331010 3 8.942269 235.273181 4.259024 3.640110
80.431010 4 8.942261 236.511328 4.262174 3.639758
80.531010 4 8.942247 236.509037 4.262168 3.639759
80.631010 4 8.942234 236.506831 4.262162 3.639759
80.731010 4 8.938784 235.954583 4.260657 3.639890
80.831010 4 8.935356 235.431390 4.259222 3.640014
80.931010 4 8.931948 234.936396 4.257857 3.640130
81.031010 4 8.928559 234.468759 4.256561 3.640238
81.131010 4 8.925189 234.027654 4.255330 3.640339
81.231010 4 8.921836 233.612267 4.254163 3.640434
81.331010 4 8.918499 233.221802 4.253059 3.640521
81.431010 4 8.915177 232.855471 4.252017 3.640601
81.531010 4 8.911869 232.512501 4.251033 3.640676
81.631010 4 8.908575 232.192127 4.250107 3.640743
81.731010 4 8.905293 231.893596 4.249236 3.640805
81.831010 4 8.902023 231.616166 4.248420 3.640861
81.931010 4 8.898765 231.359102 4.247655 3.640911
82.031010 4 8.895516 231.121677 4.246942 3.640956
82.131010 4 8.892277 230.903173 4.246277 3.640995
82.231010 4 8.889046 230.702879 4.245659 3.641029
82.331010 4 8.885824 230.520090 4.245087 3.641058
82.431010 4 8.882609 230.354107 4.244558 3.641082
82.531010 4 8.879401 230.204238 4.244071 3.641102
82.631010 4 8.876200 230.069793 4.243624 3.641117
82.731010 4 8.873004 229.950090 4.243216 3.641128
82.831010 4 8.869814 229.844450 4.242844 3.641135
82.931010 4 8.866628 229.752195 4.242508 3.641138
83.031010 4 8.863446 229.672655 4.242204 3.641137
83.131010 4 8.860269 229.605160 4.241932 3.641133
83.231010 4 8.857095 229.549043 4.241690 3.641125
83.331010 4 8.853923 229.503638 4.241476 3.641115
83.431010 4 8.850755 229.468284 4.241289 3.641101
83.531010 4 8.847588 229.442319 4.241126 3.641085
83.631010 4 8.844424 229.425083 4.240985 3.641066
83.731010 4 8.841261 229.415918 4.240866 3.641045
83.831010 4 8.838100 229.414165 4.240767 3.641022
83.931010 4 8.834940 229.419166 4.240685 3.640997
84.031010 4 8.831780 229.430265 4.240619 3.640970
84.131010 4 8.828622 229.446805 4.240567 3.640941
84.231010 4 8.825463 229.468127 4.240528 3.640911
84.331010 4 8.822305 229.493576 4.240499 3.640880
84.431010 4 8.819147 229.522493 4.240480 3.640848
84.531010 4 8.815990 229.554221 4.240468 3.640815
84.631010 4 8.812832 229.588101 4.240461 3.640781
84.731010 4 8.809674 229.623475 4.240459 3.640747
84.831010 4 8.806516 229.659682 4.240458 3.640713
84.931010 4 8.805726 228.775033 4.245019 3.642691
85.031010 4 8.805626 227.391035 4.247101 3.644529
85.131010 4 8.805527 226.018422 4.248494 3.646192
85.231010 4 8.805427 224.657084 4.249596 3.647779
85.331010 4 8.805327 223.306911 4.250527 3.649321
85.431010 4 8.805228 221.967798 4.251344 3.650832
85.531010 4 8.805129 220.639639 4.252079 3.652318
85.631010 4 8.805030 219.322330 4.252749 3.653786
85.731010 4 8.804932 218.015769 4.253369 3.655239
85.831010 4 8.804834 216.719852 4.253947 3.656678
85.931010 4 8.804736 215.434480 4.254490 3.658106
86.031010 4 8.804638 214.159554 4.255004 3.659523
86.131010 4 8.804541 212.894974 4.255491 3.660931
86.231010 4 8.804444 211.640643 4.255956 3.662330
86.331010 4 8.804347 210.396465 4.256401 3.663722
86.431010 4 8.804251 209.162345 4.256828 3.665106
86.531010 4 8.804155 207.938188 4.257239 3.666483
86.631010 4 8.804060 206.723900 4.257635 3.667854
86.731010 4 8.803965 205.519391 4.258018 3.669219
86.831010 4 8.803870 204.324567 4.258389 3.670578
86.931010 4 8.803775 203.139340 4.258749 3.671931
87.031010 4 8.803681 201.963618 4.259098 3.673279
87.131010 4 8.803587 200.797315 4.259438 3.674621
87.231010 4 8.803494 199.640342 4.259769 3.675959
87.331010 4 8.803401 198.492612 4.260092 3.677291
87.431010 4 8.803308 197.354040 4.260407 3.678619
87.531010 4 8.803216 196.224542 4.260714 3.679942
87.631010 4 8.803124 195.104033 4.261015 3.681261
87.731010 4 8.803032 193.992429 4.261309 3.682576
87.831010 4 8.802941 192.889650 4.261598 3.683886
87.931010 4 8.802849 191.795613 4.261880 3.685191
88.031010 4 8.802759 190.710238 4.262157 3.686493
88.131010 4 8.802668 189.633445 4.262429 3.687790
88.231010 4 8.802579 188.565156 4.262696 3.689084
88.331010 4 8.802489 187.505292 4.262958 3.690373
88.431010 4 8.802400 186.453777 4.263215 3.691659
88.531010 4 8.802311 185.410534 4.263469 3.692940
88.631010 4 8.802222 184.375487 4.263718 3.694218
88.731010 4 8.802134 183.348561 4.263963 3.695493
88.831010 4 8.802046 182.329683 4.264204 3.696763
88.931010 4 8.801958 181.318779 4.264442 3.698030
89.031010 4 8.801871 180.315776 4.264677 3.699293
89.131010 4 8.801784 179.320603 4.264908 3.700552
89.231010 4 8.801697 178.333189 4.265135 3.701808
89.331010 4 8.801611 177.353463 4.265360 3.703061
89.431010 4 8.801525 176.381357 4.265582 3.704310
89.531010 4 8.801439 175.416800 4.265800 3.705555
89.631010 4 8.801354 174.459724 4.266016 3.706797
89.731010 4 8.801269 173.510063 4.266230 3.708036
89.831010 4 8.801185 172.567750 4.266440 3.709271
89.931010 4 8.801100 171.632717 4.266648 3.710503
90.031010 4 8.801016 170.704901 4.266854 3.711731
90.131010 4 8.800933 169.784236 4.267057 3.712956
90.231010 4 8.800849 168.870658 4.267258 3.714178
90.331010 4 8.800766 167.964103 4.267457 3.715397
90.431010 4 8.800683 167.064509 4.267653 3.716612
90.531010 4 8.800601 166.171813 4.267848 3.717824
90.631010 4 8.800519 165.285955 4.268040 3.719033
90.731010 4 8.800437 164.406872 4.268231 3.720238
90.831010 4 8.800356 163.534505 4.268419 3.721441
90.931010 4 8.800274 162.668795 4.268606 3.722640
91.031010 4 8.800194 161.809681 4.268791 3.723836
91.131010 4 8.800113 160.957105 4.268974 3.725029
91.231010 4 8.800033 160.111010 4.269155 3.726219
91.331010 4 8.799953 159.271339 4.269334 3.727405
91.431010 4 8.799873 158.438033 4.269512 3.728589
91.531010 4 8.799794 157.611038 4.269688 3.729769
91.631010 4 8.799715 156.790298 4.269863 3.730947
91.731010 4 8.799636 155.975757 4.270036 3.732121
91.831010 4 8.799557 155.167360 4.270208 3.733292
91.931010 4 8.799479 154.365055 4.270378 3.734461
92.031010 4 8.799401 153.568788 4.270547 3.735626
92.131010 4 8.799324 152.778505 4.270714 3.736788
92.231010 4 8.799246 151.994155 4.270880 3.737947
92.331010 4 8.799169 151.215685 4.271044 3.739103
92.431010 4 8.799092 150.443044 4.271208 3.740256
92.531010 4 8.799016 149.676181 4.271370 3.741407
92.631010 4 8.798940 148.915046 4.271530 3.742554
92.731010 4 8.798864 148.159590 4.271690 3.743698
92.831010 4 8.798788 147.409762 4.271848 3.744839
92.931010 4 8.798713 146.665514 4.272005 3.745978
93.031010 4 8.798638 145.926798 4.272161 3.747113
93.131010 4 8.798563 145.193565 4.272316 3.748246
93.231010 4 8.798414 143.743364 4.272622 3.750502
93.331010 4 8.798266 142.314535 4.272924 3.752747
93.431010 4 8.798119 140.906710 4.273222 3.754980
93.531010 4 8.797973 139.519532 4.273515 3.757202
93.631010 4 8.797828 138.152648 4.273805 3.759412
93.731010 4 8.797684 136.805712 4.274091 3.761611
93.831010 4 8.797541 135.478386 4.274374 3.763799
93.931010 4 8.797400 134.170338 4.274653 3.765976
94.031010 4 8.797259 132.881241 4.274929 3.768141
94.131010 4 8.797119 131.610777 4.275201 3.770295
94.231010 4 8.796980 130.358631 4.275470 3.772438
94.331010 4 8.796842 129.124497 4.275736 3.774570
94.431010 4 8.796705 127.908073 4.275999 3.776691
94.531010 4 8.796569 126.709064 4.276260 3.778802
94.631010 4 8.796434 125.527179 4.276517 3.780901
94.731010 4 8.796300 124.362134 4.276772 3.782989
94.831010 4 8.796167 123.213650 4.277024 3.785067
94.931010 4 8.796035 122.081453 4.277274 3.787134
95.031010 4 8.795903 120.965275 4.277521 3.789190
95.131010 4 8.795773 119.864852 4.277765 3.791236
95.231010 4 8.795643 118.779924 4.278007 3.793271
95.331010 4 8.795514 117.710240 4.278247 3.795295
95.431010 4 8.795386 116.655549 4.278485 3.797309
95.531010 4 8.795259 115.615607 4.278720 3.799312
95.631010 4 8.795133 114.590175 4.278953 3.801305
95.731010 4 8.795008 113.579017 4.279185 3.803288
95.831010 4 8.794883 112.581902 4.279414 3.805260
95.931010 4 8.794759 111.598604 4.279641 3.807221
96.031010 4 8.794636 110.628901 4.279866 3.809173
96.131010 4 8.794514 109.672574 4.280089 3.811114
96.231010 4 8.794392 108.729408 4.280310 3.813045
96.331010 4 8.794272 107.799194 4.280530 3.814965
96.431010 4 8.794152 106.881725 4.280748 3.816876
96.531010 4 8.794033 105.976799 4.280964 3.818776
96.631010 4 8.793914 105.084216 4.281178 3.820666
96.731010 4 8.793797 104.203782 4.281390 3.822546
96.831010 4 8.793680 103.335303 4.281601 3.824417
96.931010 4 8.793563 102.478593 4.281811 3.826277
97.031010 4 8.793448 101.633466 4.282018 3.828127
97.131010 4 8.793333 100.799741 4.282225 3.829967
97.231010 4 8.793219 99.977240 4.282429 3.831797
97.331010 4 8.793105 99.165787 4.282633 3.833618
97.431010 4 8.792993 98.365211 4.282834 3.835428
97.531010 4 8.792881 97.575343 4.283035 3.837229
97.631010 4 8.792769 96.796018 4.283234 3.839020
97.731010 4 8.792658 96.027072 4.283431 3.840801
97.831010 4 8.792548 95.268345 4.283627 3.842573
97.931010 4 8.792439 94.519681 4.283822 3.844335
98.031010 4 8.792330 93.780926 4.284016 3.846087
98.131010 4 8.792222 93.051928 4.284208 3.847830
98.231010 4 8.792114 92.332538 4.284399 3.849563
98.331010 4 8.792007 91.622610 4.284589 3.851286
98.431010 4 8.791901 90.922000 4.284777 3.853000
98.531010 4 8.791795 90.230568 4.284965 3.854705
98.631010 4 8.791690 89.548175 4.285151 3.856400
98.731010 4 8.791586 88.874685 4.285336 3.858085
98.831010 4 8.791482 88.209963 4.285520 3.859762
98.931010 4 8.791378 87.553879 4.285702 3.861428
99.031010 4 8.791275 86.906304 4.285884 3.863086
99.131010 4 8.791173 86.267110 4.286065 3.864734
99.231010 4 8.791071 85.636173 4.286244 3.866373
99.331010 4 8.790970 85.013370 4.286423 3.868003
99.431010 4 8.790870 84.398581 4.286600 3.869623
99.531010 4 8.790770 83.791688 4.286777 3.871234
99.631010 4 8.790670 83.192574 4.286952 3.872836
99.731010 4 8.790571 82.601125 4.287126 3.874429
99.831010 4 8.790473 82.017229 4.287300 3.876013
99.931010 4 8.790375 81.440776 4.287472 3.877588
100.031010 4 8.790277 80.871656 4.287644 3.879153
100.131010 4 8.790180 80.309763 4.287815 3.880710
100.231010 4 8.790084 79.754992 4.287984 3.882258
100.331010 4 8.789988 79.207241 4.288153 3.883796
100.431010 4 8.789892 78.666408 4.288321 3.885326
100.531010 4 8.789797 78.132393 4.288488 3.886847
100.631010 4 8.789703 77.605098 4.288654 3.888359
100.731010 4 8.789609 77.084427 4.288819 3.889862
100.831010 4 8.789515 76.570286 4.288984 3.891356
100.931010 4 8.789422 76.062581 4.289148 3.892842
101.031010 4 8.789329 75.561221 4.289310 3.894319
101.131010 4 8.789237 75.066115 4.289472 3.895787
101.231010 4 8.789146 74.577176 4.289634 3.897246
101.331010 4 8.789054 74.094316 4.289794 3.898697
101.431010 4 8.788963 73.617450 4.289954 3.900139
101.531010 4 8.788873 73.146494 4.290112 3.901572
101.631010 4 8.788783 72.681364 4.290271 3.902997
101.731010 4 8.788693 72.221980 4.290428 3.904413
101.831010 4 8.788604 71.768261 4.290585 3.905820
101.931010 4 8.788515 71.320129 4.290740 3.907220
102.031010 4 8.788427 70.877506 4.290896 3.908610
102.131010 4 8.788339 70.440316 4.291050 3.909992
102.231010 4 8.788252 70.008484 4.291204 3.911366
102.331010 4 8.788164 69.581937 4.291357 3.912732
102.431010 4 8.788078 69.160601 4.291509 3.914088
102.531010 4 8.787991 68.744406 4.291661 3.915437
102.631010 4 8.787905 68.333281 4.291812 3.916777
102.731010 4 8.787820 67.927157 4.291962 3.918109
102.831010 4 8.787735 67.525966 4.292112 3.919433
102.931010 4 8.787650 67.129642 4.292261 3.920749
103.031010 4 8.787565 66.738119 4.292409 3.922056
103.131010 4 8.787481 66.351332 4.292557 3.923355
103.231010 4 8.787397 65.969217 4.292704 3.924646
103.331010 4 8.787314 65.591712 4.292851 3.925929
103.431010 4 8.787231 65.218755 4.292997 3.927204
103.531010 4 8.787148 64.850285 4.293142 3.928470
103.631010 4 8.787066 64.486243 4.293287 3.929729
103.731010 4 8.786984 64.126569 4.293431 3.930979
103.831010 4 8.786902 63.771207 4.293575 3.932222
103.931010 4 8.786821 63.420099 4.293718 3.933456
104.031010 4 8.786740 63.073189 4.293860 3.934683
104.131010 4 8.786659 62.730421 4.294002 3.935902
104.231010 4 8.786579 62.391743 4.294143 3.937113
104.331010 4 8.786499 62.057099 4.294284 3.938316
104.431010 4 8.786419 61.726439 4.294424 3.939511
104.531010 4 8.786340 61.399709 4.294563 3.940698
104.631010 4 8.786260 61.076858 4.294703 3.941878
104.731010 4 8.786182 60.757838 4.294841 3.943050
104.831010 4 8.786103 60.442598 4.294979 3.944214
104.931010 4 8.786025 60.131089 4.295117 3.945370
105.031010 4 8.785947 59.823264 4.295254 3.946519
105.131010 4 8.785869 59.519076 4.295390 3.947660
105.231010 4 8.785792 59.218477 4.295526 3.948793
105.331010 4 8.785638 58.627870 4.295796 3.951038
105.431010 4 8.785485 58.051083 4.296065 3.953252
105.531010 4 8.785333 57.487770 4.296331 3.955436
105.631010 4 8.785182 56.937595 4.296596 3.957590
105.731010 4 8.785033 56.400233 4.296859 3.959715
105.831010 4 8.784884 55.875365 4.297120 3.961810
105.931010 4 8.784736 55.362687 4.297379 3.963877
106.031010 4 8.784590 54.861899 4.297636 3.965914
106.131010 4 8.784444 54.372712 4.297892 3.967923
106.231010 4 8.784299 53.894847 4.298146 3.969903
106.331010 4 8.784156 53.428030 4.298398 3.971855
106.431010 4 8.784013 52.971998 4.298649 3.973780
106.531010 4 8.783871 52.526492 4.298898 3.975676
106.631010 4 8.783729 52.091264 4.299145 3.977544
106.731010 4 8.783589 51.666073 4.299391 3.979386
106.831010 4 8.783450 51.250681 4.299636 3.981200
106.931010 4 8.783311 50.844861 4.299878 3.982987
107.031010 4 8.783173 50.448390 4.300120 3.984747
107.131010 4 8.783036 50.061053 4.300360 3.986481
107.231010 4 8.782900 49.682640 4.300598 3.988188
107.331010 4 8.782764 49.312947 4.300835 3.989869
107.431010 4 8.782629 48.951775 4.301071 3.991524
107.531010 4 8.782495 48.598932 4.301305 3.993154
107.631010 4 8.782362 48.254231 4.301538 3.994757
107.731010 4 8.782229 47.917488 4.301770 3.996336
107.831010 4 8.782097 47.588527 4.302000 3.997890
107.931010 4 8.781965 47.267175 4.302230 3.999418
108.031010 4 8.781835 46.953264 4.302457 4.000922
108.131010 4 8.781704 46.646631 4.302684 4.002401
108.231010 4 8.781575 46.347117 4.302909 4.003857
108.331010 4 8.781446 46.054567 4.303133 4.005288
108.431010 4 8.781317 45.768830 4.303356 4.006695
108.531010 4 8.781189 45.489759 4.303578 4.008078
108.631010 4 8.781062 45.217212 4.303799 4.009438
108.731010 4 8.780935 44.951050 4.304018 4.010775
108.831010 4 8.780809 44.691137 4.304236 4.012089
108.931010 4 8.780683 44.437340 4.304454 4.013380
109.031010 4 8.780558 44.189532 4.304670 4.014648
109.131010 4 8.780433 43.947586 4.304885 4.015894
109.231010 4 8.780309 43.711381 4.305099 4.017118
109.331010 4 8.780185 43.480797 4.305311 4.018320
109.431010 4 8.780062 43.255718 4.305523 4.019500
109.531010 4 8.779939 43.036030 4.305734 4.020658
109.631010 4 8.779694 42.612391 4.306153 4.022911
109.731010 4 8.779451 42.209027 4.306567 4.025080
109.831010 4 8.779209 41.825125 4.306978 4.027166
109.931010 4 8.778969 41.459911 4.307385 4.029173
110.031010 4 8.778730 41.112648 4.307788 4.031100
110.131010 4 8.778493 40.782630 4.308188 4.032950
110.231010 4 8.778257 40.469186 4.308584 4.034724
110.331010 4 8.778022 40.171670 4.308977 4.036425
110.431010 4 8.777788 39.889468 4.309366 4.038053
110.531010 4 8.777555 39.621989 4.309753 4.039611
110.631010 4 8.777323 39.368668 4.310136 4.041099
110.731010 4 8.777093 39.128962 4.310515 4.042520
110.831010 4 8.776863 38.902350 4.310892 4.043876
110.931010 4 8.776634 38.688332 4.311266 4.045167
111.031010 4 8.776405 38.486423 4.311637 4.046396
111.131010 4 8.775950 38.117095 4.312370 4.048673
111.231010 4 8.775498 37.790837 4.313092 4.050720
111.331010 4 8.775048 37.504348 4.313803 4.052551
111.431010 4 8.774599 37.254529 4.314504 4.054177
111.531010 4 8.774152 37.038451 4.315196 4.055613
111.631010 4 8.773261 36.696521 4.316551 4.057966
111.731010 4 8.772373 36.457704 4.317870 4.059713
111.831010 4 8.771486 36.302585 4.319157 4.060961
111.931010 4 8.770600 36.212713 4.320412 4.061813
112.031010 4 8.769711 36.170233 4.321639 4.062375
112.131010 4 8.768821 36.157611 4.322839 4.062750
112.231010 4 8.767928 36.157579 4.324013 4.063044
112.331010 4 8.767031 36.164597 4.325163 4.063289
112.431010 4 8.766132 36.193913 4.326290 4.063395
112.531010 4 8.765229 36.262995 4.327395 4.063257
112.631010 4 8.764322 36.389544 4.328479 4.062772
112.731010 4 8.763410 36.591734 4.329544 4.061835
112.831010 4 8.762490 36.888537 4.330590 4.060342
112.931010 4 8.762026 37.078669 4.331106 4.059355
113.031010 4 8.761560 37.300151 4.331618 4.058190
113.131010 4 8.761090 37.555789 4.332126 4.056834
113.231010 4 8.760617 37.848538 4.332629 4.055273
113.331010 4 8.760141 38.181530 4.333128 4.053496
113.431010 4 8.759660 38.558101 4.333624 4.051489
113.531010 4 8.759417 38.763835 4.333870 4.050395
113.631010 4 8.759174 38.981822 4.334115 4.049238
113.731010 4 8.758929 39.212551 4.334359 4.048018
113.831010 4 8.758682 39.456529 4.334603 4.046732
113.931010 4 8.758434 39.714286 4.334845 4.045378
114.031010 4 8.758185 39.986370 4.335086 4.043956
114.131010 4 8.757934 40.273355 4.335327 4.042463
114.231010 4 8.757682 40.575839 4.335566 4.040898
114.331010 4 8.757427 40.894446 4.335805 4.039260
114.431010 4 8.757171 41.229831 4.336043 4.037546
114.531010 4 8.756914 41.582675 4.336280 4.035754
114.631010 4 8.756654 41.953694 4.336516 4.033884
114.731010 4 8.756392 42.343638 4.336751 4.031934
114.831010 4 8.756128 42.753292 4.336985 4.029902
114.931010 4 8.755995 42.965768 4.337102 4.028855
115.031010 4 8.755861 43.183483 4.337219 4.027786
115.131010 4 8.755727 43.406548 4.337335 4.026697
115.231010 4 8.755592 43.635075 4.337451 4.025586
115.331010 4 8.755456 43.869180 4.337567 4.024453
115.431010 4 8.755320 44.108980 4.337683 4.023298
115.531010 4 8.755183 44.354597 4.337799 4.022121
115.631010 4 8.755046 44.606154 4.337914 4.020922
115.731010 4 8.754908 44.863781 4.338029 4.019700
115.831010 4 8.754769 45.127606 4.338144 4.018456
115.931010 4 8.754629 45.397766 4.338259 4.017188
116.031010 4 8.754489 45.674397 4.338374 4.015898
116.131010 4 8.754348 45.957641 4.338488 4.014584
116.231010 4 8.754206 46.247644 4.338602 4.013246
116.331010 4 8.754064 46.544555 4.338716 4.011885
116.431010 4 8.753920 46.848527 4.338830 4.010500
116.531010 4 8.753776 47.159717 4.338944 4.009091
116.631010 4 8.753631 47.478289 4.339057 4.007657
116.731010 4 8.753486 47.804407 4.339170 4.006199
116.831010 4 8.753339 48.138243 4.339283 4.004716
116.931010 4 8.753191 48.479972 4.339396 4.003208
117.031010 4 8.753043 48.829776 4.339509 4.001675
117.131010 4 8.752894 49.187839 4.339621 4.000117
117.231010 4 8.752743 49.554353 4.339733 3.998533
117.331010 4 8.752592 49.929514 4.339845 3.996923
117.431010 4 8.752440 50.313524 4.339957 3.995287
117.531010 4 8.752287 50.706591 4.340069 3.993626
117.631010 4 8.752133 51.108928 4.340180 3.991937
117.731010 4 8.751977 51.520756 4.340291 3.990222
117.831010 4 8.751821 51.942300 4.340403 3.988481
117.931010 4 8.751664 52.373795 4.340513 3.986712
118.031010 4 8.751505 52.815479 4.340624 3.984916
118.131010 4 8.751346 53.267600 4.340735 3.983093
118.231010 4 8.751185 53.730411 4.340845 3.981242
118.331010 4 8.751023 54.204176 4.340955 3.979363
118.431010 4 8.750860 54.689162 4.341065 3.977456
118.531010 4 8.750695 55.185649 4.341175 3.975521
118.631010 4 8.750530 55.693922 4.341285 3.973558
118.731010 4 8.750363 56.214277 4.341394 3.971566
118.831010 4 8.750194 56.747016 4.341503 3.969545
118.931010 4 8.750025 57.292453 4.341613 3.967495
119.031010 4 8.749854 57.850912 4.341721 3.965416
119.131010 4 8.749681 58.422724 4.341830 3.963307
119.231010 4 8.749594 58.713745 4.341884 3.962242
119.331010 4 8.749507 59.008234 4.341939 3.961169
119.431010 4 8.749420 59.306235 4.341993 3.960089
119.531010 4 8.749332 59.607794 4.342047 3.959001
119.631010 4 8.749243 59.912957 4.342101 3.957906
119.731010 4 8.749154 60.221770 4.342155 3.956803
119.831010 4 8.749065 60.534280 4.342209 3.955692
119.931010 4 8.748976 60.850537 4.342263 3.954574
120.031010 4 8.748886 61.170588 4.342317 3.953449
120.131010 4 8.748795 61.494484 4.342371 3.952315
120.231010 4 8.748705 61.822275 4.342425 3.951174
120.331010 4 8.748614 62.154011 4.342479 3.950026
120.431010 4 8.748522 62.489746 4.342533 3.948869
120.531010 4 8.748430 62.829532 4.342587 3.947705
120.631010 4 8.748338 63.173423 4.342640 3.946533
120.731010 4 8.748245 63.521473 4.342694 3.945354
120.831010 4 8.748152 63.873738 4.342748 3.944166
120.931010 4 8.748058 64.230274 4.342801 3.942971
121.031010 4 8.747964 64.591139 4.342855 3.941768
121.131010 4 8.747869 64.956390 4.342908 3.940557
121.231010 4 8.747774 65.326086 4.342962 3.939338
121.331010 4 8.747679 65.700288 4.343015 3.938111
121.431010 4 8.747583 66.079057 4.343068 3.936876
121.531010 4 8.747487 66.462454 4.343122 3.935633
121.631010 4 8.747390 66.850543 4.343175 3.934382
121.731010 4 8.747293 67.243388 4.343228 3.933123
121.831010 4 8.747195 67.641054 4.343282 3.931856
121.931010 4 8.747097 68.043606 4.343335 3.930581
122.031010 4 8.746998 68.451112 4.343388 3.929297
122.131010 4 8.746899 68.863641 4.343441 3.928006
122.231010 4 8.746799 69.281262 4.343494 3.926706
122.331010 4 8.746699 69.704045 4.343547 3.925398
122.431010 4 8.746598 70.132063 4.343600 3.924082
122.531010 4 8.746497 70.565387 4.343653 3.922758
122.631010 4 8.746395 71.004093 4.343706 3.921425
122.731010 4 8.746292 71.448255 4.343759 3.920084
122.831010 4 8.746190 71.897951 4.343811 3.918735
122.931010 4 8.746086 72.353258 4.343864 3.917378
123.031010 4 8.745982 72.814255 4.343917 3.916012
123.131010 4 8.745878 73.281023 4.343969 3.914637
123.231010 4 8.745773 73.753644 4.344022 3.913254
123.331010 4 8.745667 74.232201 4.344075 3.911863
123.431010 4 8.745561 74.716779 4.344127 3.910463
123.531010 4 8.745454 75.207464 4.344180 3.909055
123.631010 4 8.745347 75.704343 4.344232 3.907638
123.731010 4 8.745239 76.207505 4.344285 3.906213
123.831010 4 8.745130 76.717041 4.344337 3.904779
123.931010 4 8.745021 77.233043 4.344389 3.903336
124.031010 4 8.744911 77.755605 4.344442 3.901885
124.131010 4 8.744801 78.284822 4.344494 3.900425
124.231010 4 8.744690 78.820791 4.344546 3.898957
124.331010 4 8.744579 79.363609 4.344598 3.897479
124.431010 4 8.744466 79.913379 4.344651 3.895993
124.531010 4 8.744353 80.470201 4.344703 3.894499
124.631010 4 8.744240 81.034179 4.344755 3.892995
124.731010 4 8.744126 81.605420 4.344807 3.891483
124.831010 4 8.744011 82.184029 4.344859 3.889962
124.931010 4 8.743895 82.770117 4.344911 3.888431
125.031010 4 8.743779 83.363794 4.344963 3.886893
125.131010 4 8.743662 83.965174 4.345015 3.885345
125.231010 4 8.743544 84.574371 4.345067 3.883788
125.331010 4 8.743426 85.191503 4.345118 3.882222
125.431010 4 8.743307 85.816689 4.345170 3.880647
125.531010 4 8.743187 86.450050 4.345222 3.879063
125.631010 4 8.743067 87.091709 4.345274 3.877471
125.731010 4 8.742945 87.741792 4.345325 3.875869
125.831010 4 8.742823 88.400427 4.345377 3.874258
125.931010 4 8.742701 89.067743 4.345428 3.872637
126.031010 4 8.742577 89.743873 4.345480 3.871008
126.131010 4 8.742453 90.428952 4.345531 3.869370
126.231010 4 8.742328 91.123116 4.345583 3.867722
126.331010 4 8.742202 91.826506 4.345634 3.866065
126.431010 4 8.742075 92.539263 4.345686 3.864399
126.531010 4 8.741948 93.261531 4.345737 3.862724
126.631010 4 8.741819 93.993459 4.345788 3.861039
126.731010 4 8.741690 94.735196 4.345840 3.859345
126.831010 4 8.741560 95.486894 4.345891 3.857641
126.931010 4 8.741429 96.248709 4.345942 3.855929
127.031010 4 8.741297 97.020798 4.345993 3.854206
127.131010 4 8.741165 97.803324 4.346044 3.852475
127.231010 4 8.741031 98.596449 4.346096 3.850734
127.331010 4 8.740897 99.400342 4.346147 3.848983
127.431010 4 8.740762 100.215171 4.346198 3.847223
127.531010 4 8.740625 101.041110 4.346249 3.845454
127.631010 4 8.740488 101.878335 4.346300 3.843675
127.731010 4 8.740350 102.727026 4.346350 3.841886
127.831010 4 8.740211 103.587366 4.346401 3.840087
127.931010 4 8.740071 104.459540 4.346452 3.838280
128.031010 4 8.739930 105.343740 4.346503 3.836462
128.131010 4 8.739788 106.240157 4.346554 3.834635
128.231010 4 8.739645 107.148988 4.346604 3.832798
128.331010 4 8.739501 108.070435 4.346655 3.830951
128.431010 4 8.739356 109.004702 4.346706 3.829094
128.531010 4 8.739210 109.951995 4.346756 3.827228
128.631010 4 8.739063 110.912529 4.346807 3.825352
128.731010 4 8.738915 111.886517 4.346857 3.823466
128.831010 4 8.738766 112.874182 4.346908 3.821570
128.931010 4 8.738616 113.875745 4.346958 3.819665
129.031010 4 8.738464 114.891437 4.347009 3.817749
129.131010 4 8.738312 115.921490 4.347059 3.815823
129.231010 4 8.738158 116.966141 4.347110 3.813888
129.331010 4 8.738003 118.025632 4.347160 3.811942
129.431010 4 8.737847 119.100209 4.347210 3.809987
129.531010 4 8.737690 120.190123 4.347261 3.808021
129.631010 4 8.737532 121.295630 4.347311 3.806046
129.731010 4 8.737372 122.416991 4.347361 3.804060
129.831010 4 8.737212 123.554471 4.347411 3.802064
129.931010 4 8.737050 124.708342 4.347461 3.800058
130.031010 4 8.736887 125.878880 4.347511 3.798042
130.131010 4 8.736722 127.066366 4.347561 3.796016
130.231010 4 8.736556 128.271087 4.347611 3.793979
130.331010 4 8.736389 129.493337 4.347661 3.791932
130.431010 4 8.736221 130.733412 4.347711 3.789875
130.531010 4 8.736051 131.991618 4.347761 3.787808
130.631010 4 8.735880 133.268263 4.347811 3.785730
130.731010 4 8.735708 134.563666 4.347861 3.783642
130.831010 4 8.735534 135.878147 4.347911 3.781543
130.931010 4 8.735359 137.212035 4.347960 3.779435
131.031010 4 8.735183 138.565667 4.348010 3.777315
131.131010 4 8.735005 139.939383 4.348060 3.775186
131.231010 4 8.734825 141.333532 4.348110 3.773045
131.331010 4 8.734735 142.038381 4.348134 3.771971
131.431010 4 8.734644 142.748472 4.348159 3.770895
131.531010 4 8.734553 143.463851 4.348184 3.769815
131.631010 4 8.734461 144.184564 4.348209 3.768733
131.731010 4 8.734369 144.910657 4.348234 3.767649
131.831010 4 8.734277 145.642177 4.348258 3.766562
131.931010 4 8.734184 146.379172 4.348283 3.765472
132.031010 4 8.734091 147.121689 4.348308 3.764379
132.131010 4 8.733997 147.869777 4.348333 3.763284
132.231010 4 8.733904 148.623484 4.348357 3.762186
132.331010 4 8.733809 149.382861 4.348382 3.761086
132.431010 4 8.733715 150.147956 4.348407 3.759983
132.531010 4 8.733619 150.918820 4.348432 3.758877
132.631010 4 8.733524 151.695505 4.348456 3.757768
132.731010 4 8.733428 152.478060 4.348481 3.756657
132.831010 4 8.733332 153.266539 4.348506 3.755543
132.931010 4 8.733235 154.060992 4.348530 3.754427
133.031010 4 8.733138 154.861475 4.348555 3.753308
133.131010 4 8.733040 155.668039 4.348580 3.752186
133.231010 4 8.732943 156.480738 4.348604 3.751061
133.331010 4 8.732844 157.299628 4.348629 3.749934
133.431010 4 8.732745 158.124763 4.348654 3.748804
133.531010 4 8.732646 158.956199 4.348678 3.747671
133.631010 4 8.732546 159.793992 4.348703 3.746536
133.731010 4 8.732446 160.638199 4.348728 3.745398
133.831010 4 8.732346 161.488878 4.348752 3.744257
133.931010 4 8.732245 162.346085 4.348777 3.743114
134.031010 4 8.732144 163.209880 4.348801 3.741968
134.131010 4 8.732042 164.080322 4.348826 3.740819
134.231010 4 8.731939 164.957470 4.348850 3.739667
134.331010 4 8.731837 165.841385 4.348875 3.738513
134.431010 4 8.731733 166.732127 4.348900 3.737356
134.531010 4 8.731630 167.629759 4.348924 3.736196
134.631010 4 8.731526 168.534343 4.348949 3.735034
134.731010 4 8.731421 169.445940 4.348973 3.733868
134.831010 4 8.731316 170.364616 4.348998 3.732700
134.931010 4 8.731211 171.290433 4.349022 3.731530
135.031010 4 8.731105 172.223457 4.349047 3.730356
135.131010 4 8.730998 173.163753 4.349071 3.729180
135.231010 4 8.730891 174.111388 4.349096 3.728001
135.331010 4 8.730784 175.066427 4.349120 3.726819
135.431010 4 8.730676 176.028939 4.349145 3.725635
135.531010 4 8.730568 176.998993 4.349169 3.724447
135.631010 4 8.730459 177.976655 4.349194 3.723257
135.731010 4 8.730349 178.961998 4.349218 3.722065
135.831010 4 8.730240 179.955090 4.349243 3.720869
135.931010 4 8.730129 180.956002 4.349267 3.719671
136.031010 4 8.730018 181.964808 4.349291 3.718470
136.131010 4 8.729907 182.981579 4.349316 3.717266
136.231010 4 8.729795 184.006388 4.349340 3.716059
136.331010 4 8.729683 185.039310 4.349365 3.714850
136.431010 4 8.729570 186.080420 4.349389 3.713637
136.531010 4 8.729456 187.129792 4.349413 3.712422
136.631010 4 8.729342 188.187505 4.349438 3.711205
136.731010 4 8.729228 189.253634 4.349462 3.709984
136.831010 4 8.729113 190.328258 4.349486 3.708761
136.931010 4 8.728997 191.411456 4.349511 3.707534
137.031010 4 8.728881 192.503308 4.349535 3.706305
137.131010 4 8.728764 193.603894 4.349560 3.705073
137.231010 4 8.728647 194.713295 4.349584 3.703839
137.331010 4 8.728530 195.831595 4.349608 3.702601
137.431010 4 8.728411 196.958875 4.349632 3.701361
137.531010 4 8.728292 198.095220 4.349657 3.700118
137.631010 4 8.728173 199.240715 4.349681 3.698872
137.731010 4 8.728053 200.395446 4.349705 3.697623
137.831010 4 8.727932 201.559499 4.349730 3.696371
137.931010 4 8.727811 202.732962 4.349754 3.695117
138.031010 4 8.727690 203.915923 4.349778 3.693860
138.131010 4 8.727567 205.108473 4.349802 3.692599
138.231010 4 8.727444 206.310701 4.349827 3.691336
138.331010 4 8.727321 207.522699 4.349851 3.690070
138.431010 4 8.727197 208.744560 4.349875 3.688802
138.531010 4 8.727072 209.976377 4.349899 3.687530
138.631010 4 8.726947 211.218243 4.349924 3.686256
138.731010 4 8.726821 212.470255 4.349948 3.684978
138.831010 4 8.726694 213.732510 4.349972 3.683698
138.931010 4 8.726567 215.005103 4.349996 3.682415
139.031010 4 8.726440 216.288135 4.350020 3.681129
139.131010 4 8.726311 217.581704 4.350045 3.679841
139.231010 4 8.726182 218.885912 4.350069 3.678549
139.331010 4 8.726053 220.200859 4.350093 3.677254
139.431010 4 8.725922 221.526650 4.350117 3.675957
139.531010 4 8.725792 222.852748 4.350141 3.674667
139.631010 4 8.725666 224.147776 4.350164 3.673414
139.731010 4 8.725543 225.412157 4.350187 3.672199
139.831010 4 8.725423 226.646328 4.350208 3.671018
139.931010 4 8.725307 227.850735 4.350229 3.669873
140.031010 4 8.725193 229.025838 4.350250 3.668761
140.131010 4 8.725083 230.172102 4.350270 3.667682
140.231010 4 8.724868 232.415295 4.350308 3.665585
140.331010 4 8.724665 234.545356 4.350344 3.663613
140.431010 4 8.724474 236.566420 4.350377 3.661758
140.531010 4 8.724293 238.482668 4.350409 3.660014
140.631010 4 8.724122 240.298288 4.350438 3.658375
140.731010 4 8.723961 242.017453 4.350466 3.656834
140.831010 4 8.723810 243.644299 4.350492 3.655385
140.931010 4 8.723666 245.182904 4.350516 3.654025
141.031010 4 8.723531 246.637273 4.350539 3.652746
141.131010 4 8.723404 248.011324 4.350560 3.651545
141.231010 4 8.723285 249.308877 4.350580 3.650417
141.331010 4 8.723059 251.766514 4.350618 3.648296
141.431010 4 8.722861 253.943733 4.350651 3.646434
141.531010 4 8.722685 255.869588 4.350679 3.644801
141.631010 4 8.722531 257.570815 4.350704 3.643368
141.731010 4 8.722396 259.071846 4.350726 3.642112
141.831010 4 8.722276 260.394874 4.350745 3.641011
141.931010 4 8.722067 262.732007 4.350779 3.639079
142.031010 4 8.721908 264.503294 4.350804 3.637626
142.131010 4 8.721789 265.842242 4.350823 3.636534
142.231010 4 8.721609 267.867676 4.350851 3.634893
