t Ka M R logL logTeff
239.925614 1 0.800084 0.730749 -0.623524 3.673376
479.851518 1 0.800084 0.732234 -0.620686 3.673644
719.777714 1 0.800083 0.733724 -0.617793 3.673926
959.704205 1 0.800083 0.735218 -0.614844 3.674221
1199.630994 1 0.800083 0.736719 -0.611839 3.674530
1439.558084 1 0.800083 0.738226 -0.608779 3.674851
1679.485479 1 0.800082 0.739742 -0.605663 3.675185
1919.413180 1 0.800082 0.741265 -0.602491 3.675531
2159.341193 1 0.800082 0.742798 -0.599263 3.675890
2399.269519 1 0.800081 0.744340 -0.595979 3.676260
2639.198163 1 0.800081 0.745893 -0.592640 3.676642
2879.127127 1 0.800081 0.747458 -0.589245 3.677036
3119.056417 1 0.800081 0.749036 -0.585794 3.677441
3358.986034 1 0.800080 0.750626 -0.582288 3.677857
3598.915984 1 0.800080 0.752230 -0.578726 3.678284
3838.846269 1 0.800080 0.753850 -0.575108 3.678721
4078.776895 1 0.800080 0.755485 -0.571434 3.679169
4318.707864 1 0.800079 0.757137 -0.567704 3.679627
4558.639183 1 0.800079 0.758806 -0.563919 3.680096
4798.570854 1 0.800079 0.760493 -0.560078 3.680573
5038.502882 1 0.800078 0.762200 -0.556181 3.681061
5278.435272 1 0.800078 0.763926 -0.552229 3.681558
5518.368028 1 0.800078 0.765674 -0.548220 3.682064
5758.301156 1 0.800077 0.767443 -0.544156 3.682578
5998.234660 1 0.800077 0.769236 -0.540036 3.683102
6238.168546 1 0.800077 0.771052 -0.535861 3.683634
6478.102818 1 0.800076 0.772892 -0.531630 3.684174
6718.037483 1 0.800076 0.774758 -0.527342 3.684722
6957.972545 1 0.800076 0.776651 -0.522999 3.685278
7197.908010 1 0.800075 0.778571 -0.518601 3.685841
7437.843885 1 0.800075 0.780520 -0.514146 3.686412
7677.780175 1 0.800075 0.782499 -0.509636 3.686990
7917.716886 1 0.800074 0.784507 -0.505069 3.687575
8157.654024 1 0.800074 0.786548 -0.500447 3.688166
8397.591597 1 0.800074 0.788621 -0.495769 3.688764
8637.529611 1 0.800073 0.790727 -0.491035 3.689368
8877.468072 1 0.800073 0.792869 -0.486245 3.689979
9117.406989 1 0.800072 0.795046 -0.481399 3.690595
9357.346367 1 0.800072 0.797261 -0.476496 3.691216
9597.286215 1 0.800072 0.799514 -0.471537 3.691843
9837.226540 1 0.800071 0.801806 -0.466522 3.692475
10077.167351 1 0.800071 0.804139 -0.461450 3.693112
10317.108654 1 0.800070 0.806514 -0.456322 3.693754
10557.050460 1 0.800070 0.808932 -0.451136 3.694400
10796.992776 1 0.800070 0.811396 -0.445893 3.695051
11036.935611 1 0.800069 0.813905 -0.440593 3.695705
11276.878974 1 0.800069 0.816463 -0.435234 3.696364
11516.822876 1 0.800068 0.819069 -0.429818 3.697026
11756.767324 1 0.800068 0.821727 -0.424342 3.697691
11996.712330 1 0.800067 0.824438 -0.418808 3.698360
12236.657904 1 0.800067 0.827204 -0.413213 3.699031
12476.604056 1 0.800066 0.830026 -0.407558 3.699705
12716.550797 1 0.800066 0.832908 -0.401841 3.700382
12956.498138 1 0.800065 0.835850 -0.396062 3.701061
13196.446092 1 0.800065 0.838857 -0.390220 3.701742
13436.394669 1 0.800064 0.841930 -0.384313 3.702424
13676.343883 1 0.800064 0.845072 -0.378339 3.703109
13916.293746 1 0.800063 0.848287 -0.372298 3.703794
14156.244271 1 0.800063 0.851578 -0.366188 3.704481
14396.195472 1 0.800062 0.854948 -0.360006 3.705169
14636.147363 1 0.800061 0.858401 -0.353751 3.705858
14876.099959 1 0.800061 0.861943 -0.347419 3.706547
15116.053274 1 0.800060 0.865576 -0.341009 3.707236
15356.007324 1 0.800060 0.869307 -0.334516 3.707925
15595.962125 1 0.800059 0.873142 -0.327937 3.708614
15835.917694 1 0.800058 0.877086 -0.321268 3.709302
16075.874048 1 0.800058 0.881146 -0.314506 3.709990
16315.831206 1 0.800057 0.885329 -0.307644 3.710677
16555.789186 1 0.800056 0.889645 -0.300678 3.711363
16795.748007 1 0.800055 0.894101 -0.293601 3.712047
17035.707690 1 0.800055 0.898707 -0.286407 3.712730
17275.668256 1 0.800054 0.903475 -0.279088 3.713411
17515.629727 1 0.800053 0.908415 -0.271636 3.714089
17755.592127 1 0.800052 0.913542 -0.264043 3.714766
17995.555479 1 0.800052 0.918870 -0.256297 3.715439
18235.519808 1 0.800051 0.924414 -0.248389 3.716110
18475.485142 1 0.800050 0.930193 -0.240307 3.716777
18715.451508 1 0.800049 0.936225 -0.232037 3.717441
18955.418936 1 0.800048 0.942532 -0.223565 3.718101
19195.387457 1 0.800047 0.949137 -0.214875 3.718757
19435.357103 1 0.800046 0.956069 -0.205951 3.719408
19675.327910 1 0.800045 0.963355 -0.196772 3.720054
19915.299914 1 0.800044 0.971031 -0.187320 3.720694
20155.273155 1 0.800043 0.979134 -0.177572 3.721327
20395.247675 1 0.800042 0.987707 -0.167504 3.721951
20635.223519 1 0.800041 0.996803 -0.157088 3.722564
20875.200736 1 0.800040 1.006483 -0.146298 3.723163
20995.190056 1 0.800039 1.011564 -0.140753 3.723456
21115.179746 1 0.800038 1.016819 -0.135102 3.723743
21235.169814 1 0.800038 1.022262 -0.129341 3.724024
21355.160267 1 0.800037 1.027905 -0.123466 3.724298
21475.151113 1 0.800036 1.033763 -0.117472 3.724562
21595.142362 1 0.800036 1.039855 -0.111354 3.724816
21715.134021 1 0.800035 1.046201 -0.105107 3.725056
21835.126099 1 0.800034 1.052824 -0.098727 3.725281
21955.118608 1 0.800034 1.059751 -0.092207 3.725487
22075.111556 1 0.800033 1.067015 -0.085542 3.725670
22195.104954 1 0.800032 1.074653 -0.078726 3.725825
22315.098814 1 0.800031 1.082709 -0.071754 3.725946
22435.093147 1 0.800030 1.091237 -0.064618 3.726026
22555.087966 1 0.800030 1.100300 -0.057313 3.726057
22675.083284 1 0.800029 1.109973 -0.049830 3.726027
22795.079115 1 0.800028 1.120349 -0.042165 3.725923
22915.075474 1 0.800027 1.131538 -0.034308 3.725729
22975.073925 1 0.800026 1.137478 -0.030306 3.725593
23035.072516 1 0.800026 1.143674 -0.026253 3.725426
23095.071249 1 0.800025 1.150147 -0.022149 3.725227
23155.070127 1 0.800025 1.156920 -0.017992 3.724991
23215.069152 1 0.800024 1.164021 -0.013781 3.724715
23275.068326 1 0.800024 1.171477 -0.009516 3.724395
23335.067653 1 0.800023 1.179322 -0.005195 3.724026
23395.067133 1 0.800023 1.187590 -0.000817 3.723603
23455.066772 1 0.800022 1.196322 0.003619 3.723121
23515.066570 1 0.800022 1.205562 0.008113 3.722574
23575.066532 1 0.800021 1.215358 0.012669 3.721956
23635.066661 1 0.800021 1.225766 0.017285 3.721258
23695.066959 1 0.800020 1.236847 0.021964 3.720474
23755.067430 1 0.800020 1.248669 0.026707 3.719594
23785.067754 1 0.800019 1.254882 0.029102 3.719115
23837.568400 1 0.800019 1.266278 0.033335 3.718210
23876.943990 1 0.800018 1.275293 0.036542 3.717471
23906.475742 1 0.800018 1.282337 0.038967 3.716881
23950.773439 1 0.800017 1.293386 0.042635 3.715935
23995.071240 2 0.800017 1.305056 0.046341 3.714911
24000.392717 2 0.800015 1.307045 0.047228 3.714802
24013.024712 2 0.800010 1.311778 0.049333 3.714544
24025.656995 2 0.800006 1.316529 0.051438 3.714285
24038.289571 2 0.800001 1.321297 0.053544 3.714026
24050.922440 2 0.799996 1.326082 0.055649 3.713768
24063.555607 2 0.799992 1.330884 0.057754 3.713509
24076.189072 2 0.799987 1.335704 0.059860 3.713250
24088.822839 2 0.799982 1.340541 0.061965 3.712992
24101.456911 2 0.799977 1.345395 0.064070 3.712733
24114.091289 2 0.799972 1.350268 0.066176 3.712475
24126.725977 2 0.799967 1.355157 0.068281 3.712216
24139.360978 2 0.799962 1.360065 0.070386 3.711957
24151.996293 2 0.799957 1.364990 0.072491 3.711699
24164.631926 2 0.799952 1.369933 0.074597 3.711440
24177.267879 2 0.799947 1.374893 0.076702 3.711182
24189.904155 2 0.799942 1.379872 0.078807 3.710923
24202.540757 2 0.799937 1.384869 0.080912 3.710664
24215.177687 2 0.799931 1.389883 0.083017 3.710406
24227.814949 2 0.799926 1.394916 0.085123 3.710147
24240.452546 2 0.799921 1.399967 0.087228 3.709889
24253.090479 2 0.799915 1.405037 0.089333 3.709630
24265.728752 2 0.799910 1.410124 0.091438 3.709371
24278.367369 2 0.799904 1.415230 0.093543 3.709113
24291.006331 2 0.799899 1.420354 0.095648 3.708854
24303.645642 2 0.799893 1.425497 0.097754 3.708596
24316.285304 2 0.799887 1.430659 0.099859 3.708337
24328.925322 2 0.799882 1.435839 0.101964 3.708079
24341.565697 2 0.799876 1.441038 0.104069 3.707820
24354.206434 2 0.799870 1.446255 0.106174 3.707562
24366.847534 2 0.799864 1.451492 0.108279 3.707303
24379.489002 2 0.799859 1.456747 0.110384 3.707044
24392.130840 2 0.799853 1.462022 0.112489 3.706786
24404.773051 2 0.799847 1.467315 0.114594 3.706527
24417.415639 2 0.799841 1.472628 0.116699 3.706269
24430.058607 2 0.799834 1.477959 0.118804 3.706010
24442.701958 2 0.799828 1.483310 0.120909 3.705752
24455.345695 2 0.799822 1.488681 0.123014 3.705493
24467.989822 2 0.799816 1.494070 0.125119 3.705235
24480.634343 2 0.799810 1.499479 0.127224 3.704976
24493.279259 2 0.799803 1.504908 0.129330 3.704718
24505.924576 2 0.799797 1.510356 0.131435 3.704459
24518.570296 2 0.799790 1.515824 0.133540 3.704201
24531.216422 2 0.799784 1.521312 0.135645 3.703943
24543.862959 2 0.799777 1.526820 0.137750 3.703684
24556.509910 2 0.799771 1.532347 0.139855 3.703426
24569.157278 2 0.799764 1.537894 0.141960 3.703167
24581.805066 2 0.799757 1.543462 0.144065 3.702909
24594.453280 2 0.799750 1.549049 0.146170 3.702650
24607.101921 2 0.799744 1.554657 0.148275 3.702392
24619.750994 2 0.799737 1.560285 0.150380 3.702134
24632.400503 2 0.799730 1.565933 0.152485 3.701875
24645.050451 2 0.799723 1.571602 0.154590 3.701617
24657.700842 2 0.799715 1.577291 0.156695 3.701358
24670.351680 2 0.799708 1.583000 0.158800 3.701100
24683.002968 2 0.799701 1.588731 0.160905 3.700842
24695.654711 2 0.799694 1.594482 0.163009 3.700583
24708.306913 2 0.799686 1.600253 0.165114 3.700325
24720.959577 2 0.799679 1.606046 0.167219 3.700066
24733.612707 2 0.799672 1.611859 0.169324 3.699808
24746.266307 2 0.799664 1.617694 0.171429 3.699550
24758.920382 2 0.799656 1.623549 0.173534 3.699291
24771.574936 2 0.799649 1.629426 0.175639 3.699033
24784.229972 2 0.799641 1.635324 0.177744 3.698775
24796.885494 2 0.799633 1.641243 0.179850 3.698517
24809.541508 2 0.799625 1.647183 0.181955 3.698258
24822.198016 2 0.799618 1.653145 0.184060 3.698000
24834.855024 2 0.799610 1.659129 0.186165 3.697742
24847.512536 2 0.799601 1.665134 0.188270 3.697483
24860.170556 2 0.799593 1.671161 0.190375 3.697225
24872.829088 2 0.799585 1.677209 0.192480 3.696967
24885.488137 2 0.799577 1.683279 0.194585 3.696709
24898.147707 2 0.799569 1.689372 0.196690 3.696450
24910.807802 2 0.799560 1.695486 0.198795 3.696192
24923.468428 2 0.799552 1.701622 0.200900 3.695934
24936.129589 2 0.799543 1.707781 0.203005 3.695676
24948.791289 2 0.799534 1.713961 0.205110 3.695418
24961.453533 2 0.799526 1.720164 0.207215 3.695159
24974.116326 2 0.799517 1.726389 0.209320 3.694901
24986.779672 2 0.799508 1.732637 0.211426 3.694643
24999.443576 2 0.799499 1.738908 0.213531 3.694385
25012.108044 2 0.799490 1.745201 0.215636 3.694127
25024.773079 2 0.799481 1.751516 0.217741 3.693869
25037.438686 2 0.799472 1.757855 0.219846 3.693611
25050.104872 2 0.799463 1.764216 0.221951 3.693353
25062.771640 2 0.799453 1.770600 0.224057 3.693094
25075.438996 2 0.799444 1.777008 0.226162 3.692836
25088.106944 2 0.799434 1.783438 0.228267 3.692578
25100.775490 2 0.799425 1.789892 0.230372 3.692320
25113.444639 2 0.799415 1.796369 0.232478 3.692062
25126.114397 2 0.799406 1.802869 0.234583 3.691804
25138.784767 2 0.799396 1.809393 0.236688 3.691546
25151.455757 2 0.799386 1.815940 0.238794 3.691288
25164.127370 2 0.799376 1.822511 0.240899 3.691030
25176.799613 2 0.799366 1.829105 0.243004 3.690772
25189.472490 2 0.799356 1.835724 0.245110 3.690514
25202.146008 2 0.799345 1.842366 0.247215 3.690256
25214.820172 2 0.799335 1.849032 0.249321 3.689999
25227.494986 2 0.799325 1.855722 0.251426 3.689741
25240.170458 2 0.799314 1.862437 0.253532 3.689483
25252.846593 2 0.799304 1.869175 0.255637 3.689225
25260.182991 3 0.799297 1.873103 0.256863 3.689076
25265.785243 3 0.799293 1.879478 0.259823 3.689078
25275.622125 3 0.799284 1.890820 0.265061 3.689081
25285.360639 3 0.799276 1.902240 0.270299 3.689083
25295.001767 3 0.799267 1.913738 0.275536 3.689083
25304.546484 3 0.799259 1.925314 0.280774 3.689083
25313.995754 3 0.799250 1.936969 0.286012 3.689082
25323.350531 3 0.799241 1.948704 0.291250 3.689080
25332.611761 3 0.799232 1.960519 0.296487 3.689077
25341.780378 3 0.799223 1.972416 0.301725 3.689073
25350.857309 3 0.799214 1.984393 0.306963 3.689067
25359.843470 3 0.799205 1.996453 0.312201 3.689061
25368.739770 3 0.799196 2.008595 0.317438 3.689054
25377.547107 3 0.799187 2.020821 0.322676 3.689046
25386.266371 3 0.799178 2.033131 0.327914 3.689036
25394.898442 3 0.799168 2.045526 0.333152 3.689026
25403.444192 3 0.799159 2.058005 0.338390 3.689015
25411.904485 3 0.799150 2.070571 0.343627 3.689002
25420.280175 3 0.799140 2.083224 0.348865 3.688989
25428.572108 3 0.799130 2.095963 0.354103 3.688974
25436.781121 3 0.799121 2.108791 0.359341 3.688959
25444.908045 3 0.799111 2.121707 0.364578 3.688942
25452.953699 3 0.799101 2.134712 0.369816 3.688925
25460.918897 3 0.799091 2.147808 0.375054 3.688906
25468.804442 3 0.799081 2.160994 0.380292 3.688887
25476.611133 3 0.799071 2.174271 0.385529 3.688866
25484.339756 3 0.799060 2.187641 0.390767 3.688844
25491.991093 3 0.799050 2.201103 0.396005 3.688822
25499.565917 3 0.799040 2.214659 0.401243 3.688798
25507.064992 3 0.799029 2.228308 0.406481 3.688773
25514.489077 3 0.799019 2.242053 0.411718 3.688747
25521.838921 3 0.799008 2.255894 0.416956 3.688720
25529.115267 3 0.798997 2.269830 0.422194 3.688692
25536.318849 3 0.798987 2.283864 0.427432 3.688663
25543.450395 3 0.798976 2.297996 0.432669 3.688633
25550.510626 3 0.798965 2.312226 0.437907 3.688602
25557.500254 3 0.798954 2.326556 0.443145 3.688570
25564.419986 3 0.798942 2.340986 0.448383 3.688537
25571.270521 3 0.798931 2.355517 0.453620 3.688503
25578.052551 3 0.798920 2.370149 0.458858 3.688467
25584.766760 3 0.798908 2.384884 0.464096 3.688431
25591.413827 3 0.798897 2.399722 0.469334 3.688394
25597.994423 3 0.798885 2.414665 0.474571 3.688355
25604.509214 3 0.798873 2.429712 0.479809 3.688316
25610.958856 3 0.798861 2.444865 0.485047 3.688275
25617.344002 3 0.798850 2.460124 0.490285 3.688233
25623.665297 3 0.798838 2.475491 0.495523 3.688191
25629.923379 3 0.798825 2.490965 0.500760 3.688147
25636.118880 3 0.798813 2.506549 0.505998 3.688102
25642.252426 3 0.798801 2.522243 0.511236 3.688056
25648.324636 3 0.798788 2.538047 0.516474 3.688009
25654.336124 3 0.798776 2.553963 0.521711 3.687961
25660.287498 3 0.798763 2.569992 0.526949 3.687912
25666.179357 3 0.798750 2.586133 0.532187 3.687862
25672.012299 3 0.798738 2.602389 0.537425 3.687811
25677.786910 3 0.798725 2.618760 0.542662 3.687758
25683.503776 3 0.798711 2.635247 0.547900 3.687705
25689.163473 3 0.798698 2.651851 0.553138 3.687651
25694.766573 3 0.798685 2.668572 0.558376 3.687595
25700.313642 3 0.798672 2.685413 0.563614 3.687538
25705.805240 3 0.798658 2.702373 0.568851 3.687481
25711.241922 3 0.798644 2.719453 0.574089 3.687422
25716.624238 3 0.798631 2.736655 0.579327 3.687362
25721.952730 3 0.798617 2.753979 0.584565 3.687301
25727.227938 3 0.798603 2.771427 0.589802 3.687239
25732.450393 3 0.798589 2.788999 0.595040 3.687176
25737.620624 3 0.798575 2.806697 0.600278 3.687112
25742.739152 3 0.798560 2.824521 0.605516 3.687047
25747.806495 3 0.798546 2.842472 0.610753 3.686981
25752.823165 3 0.798531 2.860552 0.615991 3.686913
25757.789668 3 0.798516 2.878761 0.621229 3.686845
25762.706506 3 0.798502 2.897100 0.626467 3.686776
25767.574176 3 0.798487 2.915570 0.631704 3.686705
25772.393169 3 0.798472 2.934173 0.636942 3.686633
25777.163972 3 0.798456 2.952910 0.642180 3.686560
25781.887067 3 0.798441 2.971781 0.647418 3.686487
25786.562931 3 0.798426 2.990787 0.652656 3.686412
25791.192036 3 0.798410 3.009930 0.657893 3.686336
25795.774850 3 0.798394 3.029211 0.663131 3.686259
25800.311837 3 0.798379 3.048631 0.668369 3.686180
25804.803453 3 0.798363 3.068190 0.673607 3.686101
25809.250153 3 0.798346 3.087891 0.678844 3.686021
25813.652386 3 0.798330 3.107733 0.684082 3.685939
25818.010597 3 0.798314 3.127719 0.689320 3.685857
25822.325226 3 0.798297 3.147849 0.694558 3.685773
25826.596708 3 0.798281 3.168125 0.699795 3.685688
25830.825476 3 0.798264 3.188547 0.705033 3.685602
25835.011956 3 0.798247 3.209117 0.710271 3.685516
25839.156571 3 0.798230 3.229836 0.715509 3.685428
25843.259740 3 0.798212 3.250705 0.720747 3.685338
25847.321877 3 0.798195 3.271726 0.725984 3.685248
25851.343393 3 0.798177 3.292899 0.731222 3.685157
25855.324694 3 0.798160 3.314226 0.736460 3.685064
25859.266182 3 0.798142 3.335707 0.741698 3.684971
25863.168254 3 0.798124 3.357345 0.746935 3.684876
25867.031307 3 0.798106 3.379141 0.752173 3.684781
25870.855728 3 0.798088 3.401095 0.757411 3.684684
25874.641906 3 0.798069 3.423209 0.762649 3.684586
25878.390221 3 0.798050 3.445484 0.767886 3.684487
25882.101054 3 0.798032 3.467922 0.773124 3.684387
25885.774778 3 0.798013 3.490523 0.778362 3.684286
25889.411765 3 0.797994 3.513290 0.783600 3.684184
25893.012382 3 0.797974 3.536223 0.788837 3.684080
25896.576993 3 0.797955 3.559324 0.794075 3.683976
25900.105957 3 0.797935 3.582594 0.799313 3.683870
25903.599633 3 0.797916 3.606034 0.804551 3.683763
25907.058371 3 0.797896 3.629646 0.809789 3.683656
25910.482522 3 0.797876 3.653431 0.815026 3.683547
25913.872431 3 0.797855 3.677391 0.820264 3.683437
25917.228442 3 0.797835 3.701527 0.825502 3.683326
25920.550892 3 0.797814 3.725840 0.830740 3.683213
25923.840118 3 0.797793 3.750332 0.835977 3.683100
25927.096451 3 0.797772 3.775004 0.841215 3.682986
25930.320222 3 0.797751 3.799858 0.846453 3.682870
25933.511754 3 0.797730 3.824895 0.851691 3.682753
25936.671371 3 0.797708 3.850116 0.856928 3.682636
25939.799392 3 0.797687 3.875524 0.862166 3.682517
25942.896133 3 0.797665 3.901119 0.867404 3.682397
25945.961906 3 0.797643 3.926903 0.872642 3.682276
25948.997022 3 0.797620 3.952878 0.877879 3.682154
25952.001786 3 0.797598 3.979044 0.883117 3.682030
25954.976503 3 0.797575 4.005405 0.888355 3.681906
25957.921473 3 0.797552 4.031960 0.893593 3.681781
25960.836993 3 0.797529 4.058713 0.898831 3.681654
25963.723358 3 0.797506 4.085664 0.904068 3.681526
25966.580859 3 0.797482 4.112814 0.909306 3.681398
25969.409785 3 0.797459 4.140167 0.914544 3.681268
25972.210422 3 0.797435 4.167722 0.919782 3.681137
25974.983052 3 0.797411 4.195482 0.925019 3.681004
25977.727956 3 0.797387 4.223449 0.930257 3.680871
25980.445411 3 0.797362 4.251624 0.935495 3.680737
25983.135692 3 0.797337 4.280009 0.940733 3.680601
25985.799070 3 0.797312 4.308605 0.945970 3.680465
25988.435814 3 0.797287 4.337415 0.951208 3.680327
25991.046190 3 0.797262 4.366439 0.956446 3.680188
25993.630463 3 0.797236 4.395680 0.961684 3.680048
25996.188893 3 0.797210 4.425140 0.966922 3.679907
25998.721739 3 0.797184 4.454820 0.972159 3.679765
26001.229256 3 0.797158 4.484722 0.977397 3.679622
26003.711698 3 0.797131 4.514847 0.982635 3.679478
26006.169316 3 0.797105 4.545199 0.987873 3.679332
26008.602358 3 0.797078 4.575778 0.993110 3.679186
26011.011069 3 0.797051 4.606586 0.998348 3.679038
26013.395693 3 0.797023 4.637625 1.003586 3.678889
26015.756471 3 0.796995 4.668897 1.008824 3.678739
26018.093641 3 0.796967 4.700404 1.014061 3.678588
26020.407439 3 0.796939 4.732148 1.019299 3.678436
26022.698099 3 0.796911 4.764131 1.024537 3.678283
26024.965853 3 0.796882 4.796354 1.029775 3.678129
26027.210929 3 0.796853 4.828820 1.035012 3.677973
26029.433554 3 0.796824 4.861531 1.040250 3.677817
26031.633954 3 0.796795 4.894488 1.045488 3.677659
26033.812349 3 0.796765 4.927694 1.050726 3.677500
26035.968960 3 0.796735 4.961151 1.055964 3.677340
26038.104005 3 0.796705 4.994860 1.061201 3.677179
26040.217700 3 0.796674 5.028825 1.066439 3.677017
26042.310257 3 0.796643 5.063046 1.071677 3.676854
26044.381889 3 0.796612 5.097526 1.076915 3.676690
26046.432805 3 0.796581 5.132267 1.082152 3.676524
26048.463212 3 0.796549 5.167271 1.087390 3.676357
26050.473314 3 0.796517 5.202540 1.092628 3.676190
26052.463316 3 0.796485 5.238077 1.097866 3.676021
26054.433418 3 0.796453 5.273884 1.103103 3.675851
26056.383818 3 0.796420 5.309963 1.108341 3.675680
26058.314715 3 0.796387 5.346316 1.113579 3.675508
26060.226302 3 0.796354 5.382945 1.118817 3.675335
26062.118774 3 0.796320 5.419853 1.124055 3.675160
26063.992321 3 0.796286 5.457042 1.129292 3.674985
26065.847132 3 0.796252 5.494514 1.134530 3.674808
26067.683396 3 0.796217 5.532272 1.139768 3.674631
26069.501296 3 0.796182 5.570317 1.145006 3.674452
26071.301018 3 0.796147 5.608653 1.150243 3.674272
26073.082743 3 0.796112 5.647281 1.155481 3.674091
26074.846650 3 0.796076 5.686205 1.160719 3.673909
26076.592918 3 0.796040 5.725426 1.165957 3.673726
26078.321724 3 0.796003 5.764947 1.171194 3.673542
26080.033241 3 0.795967 5.804771 1.176432 3.673356
26081.727643 3 0.795930 5.844899 1.181670 3.673170
26083.405102 3 0.795892 5.885335 1.186908 3.672982
26085.065785 3 0.795854 5.926080 1.192145 3.672793
26086.709862 3 0.795816 5.967139 1.197383 3.672603
26088.337498 3 0.795778 6.008512 1.202621 3.672412
26089.948858 3 0.795739 6.050203 1.207859 3.672220
26091.544104 3 0.795700 6.092214 1.213097 3.672027
26093.123398 3 0.795660 6.134548 1.218334 3.671833
26094.686898 3 0.795620 6.177208 1.223572 3.671637
26096.234764 3 0.795580 6.220196 1.228810 3.671441
26097.767151 3 0.795540 6.263515 1.234048 3.671243
26099.284214 3 0.795499 6.307168 1.239285 3.671045
26100.786107 3 0.795457 6.351158 1.244523 3.670845
26102.272980 3 0.795416 6.395486 1.249761 3.670644
26103.744985 3 0.795374 6.440157 1.254999 3.670442
26105.202270 3 0.795331 6.485173 1.260236 3.670239
26106.644982 3 0.795288 6.530537 1.265474 3.670035
26108.073267 3 0.795245 6.576251 1.270712 3.669829
26109.487269 3 0.795201 6.622319 1.275950 3.669623
26110.887131 3 0.795157 6.668743 1.281188 3.669415
26112.272994 3 0.795113 6.715527 1.286425 3.669207
26113.644999 3 0.795068 6.762673 1.291663 3.668997
26115.003284 3 0.795023 6.810185 1.296901 3.668786
26116.347986 3 0.794977 6.858065 1.302139 3.668574
26117.679241 3 0.794931 6.906317 1.307376 3.668361
26118.997183 3 0.794885 6.954944 1.312614 3.668147
26120.301946 3 0.794838 7.003948 1.317852 3.667932
26121.593661 3 0.794791 7.053334 1.323090 3.667716
26122.872459 3 0.794743 7.103103 1.328327 3.667498
26124.138469 3 0.794695 7.153260 1.333565 3.667280
26125.391819 3 0.794646 7.203807 1.338803 3.667060
26126.632636 3 0.794597 7.254748 1.344041 3.666840
26127.861044 3 0.794547 7.306086 1.349278 3.666618
26129.077168 3 0.794497 7.357825 1.354516 3.666395
26130.281131 3 0.794447 7.409967 1.359754 3.666171
26131.473055 3 0.794396 7.462516 1.364992 3.665946
26132.653059 3 0.794345 7.515476 1.370230 3.665720
26133.821263 3 0.794293 7.568850 1.375467 3.665492
26134.977785 3 0.794241 7.622641 1.380705 3.665264
26136.122742 3 0.794188 7.676853 1.385943 3.665035
26137.256249 3 0.794134 7.731489 1.391181 3.664804
26138.378421 3 0.794081 7.786554 1.396418 3.664573
26139.489372 3 0.794026 7.842049 1.401656 3.664340
26140.589213 3 0.793972 7.897980 1.406894 3.664106
26141.678055 3 0.793916 7.954350 1.412132 3.663871
26142.756009 3 0.793861 8.011162 1.417369 3.663635
26143.823184 3 0.793804 8.068421 1.422607 3.663398
26144.879687 3 0.793747 8.126129 1.427845 3.663160
26145.925625 3 0.793690 8.184291 1.433083 3.662921
26146.961103 3 0.793632 8.242911 1.438321 3.662680
26147.986227 3 0.793574 8.301992 1.443558 3.662439
26149.001099 3 0.793515 8.361538 1.448796 3.662196
26150.005823 3 0.793455 8.421553 1.454034 3.661953
26151.000499 3 0.793395 8.482041 1.459272 3.661708
26151.985229 3 0.793335 8.543007 1.464509 3.661463
26152.960112 3 0.793273 8.604453 1.469747 3.661216
26153.925245 3 0.793212 8.666385 1.474985 3.660968
26154.880727 3 0.793149 8.728805 1.480223 3.660719
26155.826655 3 0.793086 8.791719 1.485460 3.660469
26156.763123 3 0.793023 8.855131 1.490698 3.660218
26157.690226 3 0.792959 8.919044 1.495936 3.659965
26158.608059 3 0.792894 8.983463 1.501174 3.659712
26159.516713 3 0.792829 9.048392 1.506411 3.659458
26160.416280 3 0.792763 9.113836 1.511649 3.659202
26161.306852 3 0.792696 9.179799 1.516887 3.658946
26162.188519 3 0.792629 9.246284 1.522125 3.658688
26163.061368 3 0.792561 9.313298 1.527363 3.658429
26163.925489 3 0.792493 9.380843 1.532600 3.658170
26164.780969 3 0.792424 9.448925 1.537838 3.657909
26165.627894 3 0.792354 9.517549 1.543076 3.657647
26166.466350 3 0.792284 9.586717 1.548314 3.657384
26167.296421 3 0.792213 9.656437 1.553551 3.657120
26168.118191 3 0.792141 9.726711 1.558789 3.656855
26168.931744 3 0.792069 9.797545 1.564027 3.656589
26169.737161 3 0.791996 9.868943 1.569265 3.656321
26170.534524 3 0.791922 9.940910 1.574502 3.656053
26171.323914 3 0.791848 10.013452 1.579740 3.655784
26172.105409 3 0.791773 10.086572 1.584978 3.655513
26172.879090 3 0.791697 10.160277 1.590216 3.655242
26173.645034 3 0.791620 10.234570 1.595454 3.654969
26174.403318 3 0.791543 10.309456 1.600691 3.654695
26175.154020 3 0.791465 10.384942 1.605929 3.654421
26175.897214 3 0.791387 10.461032 1.611167 3.654145
26176.632977 3 0.791307 10.537730 1.616405 3.653868
26177.361382 3 0.791227 10.615043 1.621642 3.653590
26178.082503 3 0.791146 10.692976 1.626880 3.653311
26178.796412 3 0.791064 10.771533 1.632118 3.653031
26179.503183 3 0.790982 10.850720 1.637356 3.652750
26180.202886 3 0.790898 10.930543 1.642593 3.652468
26180.895591 3 0.790814 11.011006 1.647831 3.652185
26181.581370 3 0.790729 11.092116 1.653069 3.651901
26182.260291 3 0.790644 11.173877 1.658307 3.651615
26182.932423 3 0.790557 11.256297 1.663544 3.651329
26183.597833 3 0.790470 11.339379 1.668782 3.651041
26184.256590 3 0.790382 11.423129 1.674020 3.650753
26184.908759 3 0.790293 11.507555 1.679258 3.650463
26185.554406 3 0.790203 11.592660 1.684496 3.650173
26186.193596 3 0.790112 11.678451 1.689733 3.649881
26186.826395 3 0.790021 11.764934 1.694971 3.649589
26187.452866 3 0.789928 11.852115 1.700209 3.649295
26188.073072 3 0.789835 11.940000 1.705447 3.649000
26188.687076 3 0.789741 12.028594 1.710684 3.648704
26189.294940 3 0.789646 12.117905 1.715922 3.648407
26189.896725 3 0.789550 12.207937 1.721160 3.648109
26190.492493 3 0.789453 12.298698 1.726398 3.647810
26191.082302 3 0.789355 12.390193 1.731635 3.647510
26191.666214 3 0.789256 12.482428 1.736873 3.647209
26192.244287 3 0.789156 12.575411 1.742111 3.646907
26192.816578 3 0.789055 12.669147 1.747349 3.646604
26193.383147 3 0.788954 12.763644 1.752586 3.646300
26193.944050 3 0.788851 12.858907 1.757824 3.645995
26194.499345 3 0.788747 12.954943 1.763062 3.645688
26195.049086 3 0.788643 13.051759 1.768300 3.645381
26195.593330 3 0.788537 13.149361 1.773538 3.645073
26196.132131 3 0.788430 13.247756 1.778775 3.644763
26196.665545 3 0.788323 13.346952 1.784013 3.644453
26197.193624 3 0.788214 13.446955 1.789251 3.644141
26197.716422 3 0.788104 13.547772 1.794489 3.643829
26198.233993 3 0.787993 13.649409 1.799726 3.643515
26198.746387 3 0.787881 13.751875 1.804964 3.643201
26199.253658 3 0.787768 13.855176 1.810202 3.642885
26199.755856 3 0.787654 13.959319 1.815440 3.642568
26200.253033 3 0.787539 14.064312 1.820677 3.642251
26200.745237 3 0.787423 14.170163 1.825915 3.641932
26201.232519 3 0.787305 14.276877 1.831153 3.641612
26201.714929 3 0.787187 14.384464 1.836391 3.641291
26202.192514 3 0.787067 14.492930 1.841629 3.640970
26202.665324 3 0.786946 14.602283 1.846866 3.640647
26203.133405 3 0.786824 14.712531 1.852104 3.640323
26203.596806 3 0.786701 14.823682 1.857342 3.639998
26204.055572 3 0.786576 14.935743 1.862580 3.639672
26204.509751 3 0.786450 15.048723 1.867817 3.639345
26204.959389 3 0.786324 15.162628 1.873055 3.639017
26205.404529 3 0.786195 15.277468 1.878293 3.638688
26205.845219 3 0.786066 15.393250 1.883531 3.638358
26206.281501 3 0.785935 15.509983 1.888768 3.638027
26206.713421 3 0.785803 15.627675 1.894006 3.637695
26207.141021 3 0.785670 15.746334 1.899244 3.637362
26207.564346 3 0.785536 15.865969 1.904482 3.637028
26207.983437 3 0.785400 15.986588 1.909719 3.636693
26208.398337 3 0.785262 16.108200 1.914957 3.636356
26208.809089 3 0.785124 16.230813 1.920195 3.636019
26209.215733 3 0.784984 16.354436 1.925433 3.635681
26209.618310 3 0.784843 16.479078 1.930671 3.635342
26210.016862 3 0.784700 16.604748 1.935908 3.635002
26210.411428 3 0.784556 16.731454 1.941146 3.634660
26210.802048 3 0.784410 16.859206 1.946384 3.634318
26211.188762 3 0.784264 16.988014 1.951622 3.633975
26211.571609 3 0.784115 17.117885 1.956859 3.633630
26211.950628 3 0.783965 17.248830 1.962097 3.633285
26212.325856 3 0.783814 17.380858 1.967335 3.632939
26212.697332 3 0.783661 17.513979 1.972573 3.632591
26213.065094 3 0.783507 17.648201 1.977810 3.632243
26213.429178 3 0.783351 17.783535 1.983048 3.631894
26213.789621 3 0.783194 17.919990 1.988286 3.631543
26214.146459 3 0.783035 18.057577 1.993524 3.631192
26214.499729 3 0.782874 18.196304 1.998762 3.630839
26214.849466 3 0.782712 18.336183 2.003999 3.630486
26215.195707 3 0.782548 18.477223 2.009237 3.630131
26215.538484 3 0.782383 18.619435 2.014475 3.629776
26215.877834 3 0.782216 18.762828 2.019713 3.629420
26216.213790 3 0.782047 18.907413 2.024950 3.629062
26216.546387 3 0.781877 19.053202 2.030188 3.628704
26216.875658 3 0.781705 19.200203 2.035426 3.628344
26217.201636 3 0.781531 19.348428 2.040664 3.627984
26217.524354 3 0.781356 19.497889 2.045901 3.627622
26217.843846 3 0.781179 19.648594 2.051139 3.627260
26218.160142 3 0.781000 19.800557 2.056377 3.626896
26218.473275 3 0.780819 19.953787 2.061615 3.626532
26218.783277 3 0.780636 20.108296 2.066852 3.626166
26219.090179 3 0.780452 20.264095 2.072090 3.625800
26219.394012 3 0.780265 20.421196 2.077328 3.625432
26219.694806 3 0.780077 20.579611 2.082566 3.625063
26219.992593 3 0.779887 20.739350 2.087804 3.624694
26220.287402 3 0.779695 20.900425 2.093041 3.624323
26220.579262 3 0.779502 21.062849 2.098279 3.623952
26220.868205 3 0.779306 21.226633 2.103517 3.623579
26221.154257 3 0.779108 21.391790 2.108755 3.623206
26221.437449 3 0.778908 21.558332 2.113992 3.622831
26221.717810 3 0.778706 21.726270 2.119230 3.622456
26221.995366 3 0.778503 21.895618 2.124468 3.622079
26222.270147 3 0.778297 22.066387 2.129706 3.621701
26222.542180 3 0.778089 22.238591 2.134943 3.621323
26222.811493 3 0.777879 22.412243 2.140181 3.620943
26223.078113 3 0.777667 22.587355 2.145419 3.620563
26223.342067 3 0.777452 22.763940 2.150657 3.620181
26223.603381 3 0.777236 22.942011 2.155895 3.619798
26223.862082 3 0.777017 23.121582 2.161132 3.619415
26224.118195 3 0.776796 23.302666 2.166370 3.619030
26224.371748 3 0.776573 23.485276 2.171608 3.618645
26224.622765 3 0.776348 23.669427 2.176846 3.618258
26224.871272 3 0.776120 23.855132 2.182083 3.617870
26225.117294 3 0.775890 24.042405 2.187321 3.617482
26225.360856 3 0.775658 24.231260 2.192559 3.617092
26225.601982 3 0.775423 24.421710 2.197797 3.616702
26225.840697 3 0.775186 24.613772 2.203034 3.616310
26226.077025 3 0.774946 24.807458 2.208272 3.615917
26226.310989 3 0.774704 25.002784 2.213510 3.615524
26226.542614 3 0.774460 25.199764 2.218748 3.615129
26226.771923 3 0.774213 25.398413 2.223985 3.614734
26226.998938 3 0.773963 25.598747 2.229223 3.614337
26227.223683 3 0.773711 25.800780 2.234461 3.613939
26227.446181 3 0.773457 26.004527 2.239699 3.613541
26227.666454 3 0.773200 26.210005 2.244937 3.613141
26227.884524 3 0.772940 26.417228 2.250174 3.612741
26228.100414 3 0.772677 26.626213 2.255412 3.612339
26228.314144 3 0.772412 26.836976 2.260650 3.611936
26228.525738 3 0.772144 27.049532 2.265888 3.611533
26228.735215 3 0.771873 27.263897 2.271125 3.611128
26228.942597 3 0.771600 27.480089 2.276363 3.610722
26229.147906 3 0.771323 27.698124 2.281601 3.610316
26229.351162 3 0.771044 27.918018 2.286839 3.609908
26229.552385 3 0.770762 28.139788 2.292076 3.609499
26229.751596 3 0.770477 28.363452 2.297314 3.609090
26229.948814 3 0.770189 28.589026 2.302552 3.608679
26230.144061 3 0.769898 28.816528 2.307790 3.608267
26230.337355 3 0.769604 29.045976 2.313028 3.607854
26230.528716 3 0.769308 29.277387 2.318265 3.607441
26230.718164 3 0.769007 29.510779 2.323503 3.607026
26230.905717 3 0.768704 29.746170 2.328741 3.606610
26231.091394 3 0.768398 29.983579 2.333979 3.606193
26231.275215 3 0.768088 30.223023 2.339216 3.605776
26231.457198 3 0.767776 30.464523 2.344454 3.605357
26231.637360 3 0.767460 30.708095 2.349692 3.604937
26231.815721 3 0.767140 30.953760 2.354930 3.604516
26231.992299 3 0.766818 31.201537 2.360167 3.604094
26232.167111 3 0.766492 31.451445 2.365405 3.603672
26232.340174 3 0.766162 31.703503 2.370643 3.603248
26232.511507 3 0.765829 31.957731 2.375881 3.602823
26232.681127 3 0.765493 32.214150 2.381118 3.602397
26232.849050 3 0.765153 32.472779 2.386356 3.601970
26233.015294 3 0.764810 32.733639 2.391594 3.601542
26233.179876 3 0.764462 32.996751 2.396832 3.601113
26233.342812 3 0.764112 33.262134 2.402070 3.600683
26233.504119 3 0.763757 33.529811 2.407307 3.600252
26233.663812 3 0.763399 33.799803 2.412545 3.599820
26233.821909 3 0.763037 34.072130 2.417783 3.599387
26233.978424 3 0.762671 34.346815 2.423021 3.598952
26234.133375 3 0.762302 34.623880 2.428258 3.598517
26234.286776 3 0.761928 34.903346 2.433496 3.598081
26234.438643 3 0.761551 35.185235 2.438734 3.597644
26234.588991 3 0.761169 35.469572 2.443972 3.597206
26234.737836 3 0.760783 35.756377 2.449209 3.596766
26234.885192 3 0.760394 36.045675 2.454447 3.596326
26235.031075 3 0.760000 36.337489 2.459685 3.595884
26235.175499 3 0.759602 36.631841 2.464923 3.595442
26235.318478 3 0.759200 36.928757 2.470161 3.594998
26235.460028 3 0.758793 37.228259 2.475398 3.594554
26235.600163 3 0.758382 37.530372 2.480636 3.594108
26235.738896 3 0.757967 37.835121 2.485874 3.593661
26235.876242 3 0.757547 38.142531 2.491112 3.593214
26236.012214 3 0.757123 38.452626 2.496349 3.592765
26236.146826 3 0.756694 38.765431 2.501587 3.592315
26236.280093 3 0.756261 39.080973 2.506825 3.591864
26236.412027 3 0.755823 39.399277 2.512063 3.591412
26236.542641 3 0.755380 39.720369 2.517300 3.590959
26236.671949 3 0.754933 40.044276 2.522538 3.590505
26236.799964 3 0.754480 40.371024 2.527776 3.590050
26236.926700 3 0.754023 40.700640 2.533014 3.589593
26237.052167 3 0.753561 41.033152 2.538251 3.589136
26237.176380 3 0.753094 41.368586 2.543489 3.588678
26237.299351 3 0.752622 41.706972 2.548727 3.588218
26237.421092 3 0.752144 42.048337 2.553965 3.587757
26237.541616 3 0.751662 42.392709 2.559203 3.587296
26237.660935 3 0.751174 42.740117 2.564440 3.586833
26237.779060 3 0.750681 43.090590 2.569678 3.586369
26237.896004 3 0.750182 43.444158 2.574916 3.585904
26238.011779 3 0.749679 43.800851 2.580154 3.585438
26238.126396 3 0.749169 44.160697 2.585391 3.584970
26238.239866 3 0.748654 44.523729 2.590629 3.584502
26238.352202 3 0.748134 44.889976 2.595867 3.584033
26238.463415 3 0.747607 45.259469 2.601105 3.583562
26238.573516 3 0.747075 45.632240 2.606342 3.583090
26238.682515 3 0.746537 46.008321 2.611580 3.582617
26238.790425 3 0.745994 46.387743 2.616818 3.582143
26238.897255 3 0.745444 46.770540 2.622056 3.581668
26239.003017 3 0.744888 47.156743 2.627294 3.581192
26239.107722 3 0.744326 47.546387 2.632531 3.580715
26239.211379 3 0.743758 47.939504 2.637769 3.580236
26239.314000 3 0.743183 48.336129 2.643007 3.579756
26239.415595 3 0.742602 48.736296 2.648245 3.579275
26239.516174 3 0.742015 49.140040 2.653482 3.578793
26239.616174 3 0.741421 49.547395 2.658720 3.578310
26239.716174 3 0.740821 49.958398 2.663958 3.577826
26239.816174 3 0.740213 50.373084 2.669196 3.577340
26239.916174 3 0.739600 50.791490 2.674433 3.576853
26240.016174 3 0.738979 51.213652 2.679671 3.576365
26240.116174 3 0.738351 51.639608 2.684909 3.575876
26240.216174 3 0.737716 52.069395 2.690147 3.575386
26240.316174 3 0.737074 52.503052 2.695384 3.574894
26240.416174 3 0.736425 52.940617 2.700622 3.574402
26240.516174 3 0.735769 53.382129 2.705860 3.573908
26240.616174 3 0.735105 53.827627 2.711098 3.573412
26240.716174 3 0.734434 54.277151 2.716336 3.572916
26240.816174 3 0.733755 54.730743 2.721573 3.572418
26240.916174 3 0.733068 55.188442 2.726811 3.571919
26241.016174 3 0.732374 55.650291 2.732049 3.571419
26241.116174 3 0.731672 56.116330 2.737287 3.570918
26241.216174 3 0.730962 56.586603 2.742524 3.570415
26241.316174 3 0.730243 57.061153 2.747762 3.569911
26241.416174 3 0.729517 57.540023 2.753000 3.569406
26241.516174 3 0.728782 58.023257 2.758238 3.568899
26241.616174 3 0.728039 58.510899 2.763475 3.568391
26241.716174 3 0.727287 59.002995 2.768713 3.567882
26241.816174 3 0.726527 59.499591 2.773951 3.567371
26241.916174 3 0.725757 60.000732 2.779189 3.566859
26242.016174 3 0.724979 60.506466 2.784426 3.566346
26242.116174 3 0.724193 61.016841 2.789664 3.565832
26242.216174 3 0.723396 61.531903 2.794902 3.565316
26242.316174 3 0.722591 62.051702 2.800140 3.564799
26242.416174 3 0.721777 62.576288 2.805378 3.564280
26242.516174 3 0.720952 63.105710 2.810615 3.563760
26242.616174 3 0.720119 63.640019 2.815853 3.563239
26242.716174 3 0.719275 64.179266 2.821091 3.562716
26242.816174 3 0.718422 64.723503 2.826329 3.562192
26242.916174 3 0.717559 65.272783 2.831566 3.561666
26243.016174 3 0.716685 65.827160 2.836804 3.561139
26243.116174 3 0.715802 66.386686 2.842042 3.560611
26243.216174 3 0.714908 66.951418 2.847280 3.560081
26243.316174 3 0.714003 67.521411 2.852517 3.559549
26243.416174 3 0.713088 68.096722 2.857755 3.559016
26243.516174 3 0.712162 68.677406 2.862993 3.558482
26243.616174 3 0.711224 69.263523 2.868231 3.557946
26243.716174 3 0.710276 69.855131 2.873469 3.557409
26243.816174 3 0.709317 70.452290 2.878706 3.556870
26243.916174 3 0.708346 71.055060 2.883944 3.556329
26244.016174 3 0.707363 71.663502 2.889182 3.555787
26244.116174 3 0.706368 72.277679 2.894420 3.555243
26244.216174 3 0.705362 72.897653 2.899657 3.554698
26244.316174 3 0.704343 73.523489 2.904895 3.554151
26244.416174 3 0.703313 74.155252 2.910133 3.553603
26244.516174 3 0.702269 74.793008 2.915371 3.553053
26244.616174 3 0.701213 75.436822 2.920608 3.552501
26244.716174 3 0.700144 76.086764 2.925846 3.551948
26244.816174 3 0.699063 76.742903 2.931084 3.551392
26244.916174 3 0.697967 77.405307 2.936322 3.550836
26245.016174 3 0.696859 78.074049 2.941559 3.550277
26245.116174 3 0.695737 78.749201 2.946797 3.549717
26245.216174 3 0.694601 79.430835 2.952035 3.549155
26245.316174 3 0.693451 80.119026 2.957273 3.548591
26245.416174 3 0.692287 80.813850 2.962511 3.548025
26245.516174 3 0.691108 81.515384 2.967748 3.547458
26245.616174 3 0.689915 82.223705 2.972986 3.546889
26245.716174 3 0.688707 82.938894 2.978224 3.546317
26245.816174 3 0.687484 83.661030 2.983462 3.545744
26245.916174 3 0.686245 84.390196 2.988699 3.545169
26246.016174 3 0.684991 85.126475 2.993937 3.544593
26246.116174 3 0.683721 85.869952 2.999175 3.544014
26246.216174 3 0.682435 86.620713 3.004413 3.543433
26246.316174 3 0.681133 87.378846 3.009650 3.542850
26246.416174 3 0.679814 88.144440 3.014888 3.542265
26246.516174 3 0.678479 88.917586 3.020126 3.541678
26246.616174 3 0.677126 89.698377 3.025364 3.541089
26246.716174 3 0.675756 90.486905 3.030602 3.540498
26246.816174 3 0.674368 91.283268 3.035839 3.539905
26246.916174 3 0.672962 92.087562 3.041077 3.539309
26247.016174 3 0.671538 92.899888 3.046315 3.538712
26247.116174 3 0.670096 93.720346 3.051553 3.538112
26247.216174 3 0.668635 94.549039 3.056790 3.537510
26247.316174 3 0.667155 95.386072 3.062028 3.536905
26247.416174 3 0.665655 96.231553 3.067266 3.536298
26247.516174 3 0.664136 97.085590 3.072504 3.535689
26247.616174 3 0.662596 97.948296 3.077741 3.535077
26247.716174 3 0.661036 98.819783 3.082979 3.534463
26247.816174 3 0.659455 99.700168 3.088217 3.533847
26247.916174 3 0.657854 100.589568 3.093455 3.533228
26248.016174 3 0.656230 101.488105 3.098692 3.532606
26248.116174 3 0.654585 102.395901 3.103930 3.531982
26248.216174 3 0.652918 103.313083 3.109168 3.531355
26248.316174 3 0.651228 104.239779 3.114406 3.530725
26248.416174 3 0.649514 105.176121 3.119644 3.530093
26248.516174 3 0.647778 106.122242 3.124881 3.529458
26248.616174 3 0.646018 107.078280 3.130119 3.528820
26248.716174 3 0.644233 108.044375 3.135357 3.528179
26248.816174 3 0.642424 109.020672 3.140595 3.527535
26248.916174 3 0.640589 110.007316 3.145832 3.526888
26249.016174 3 0.638729 111.004458 3.151070 3.526238
26249.116174 3 0.636843 112.012253 3.156308 3.525585
26249.216174 3 0.634930 113.030858 3.161546 3.524928
26249.316174 3 0.632990 114.060434 3.166783 3.524269
26249.416174 3 0.631022 115.101149 3.172021 3.523606
26249.516174 3 0.629026 116.153170 3.177259 3.522940
26249.616174 3 0.627002 117.216674 3.182497 3.522270
26249.716174 3 0.624948 118.291838 3.187735 3.521597
26249.816174 3 0.622865 119.378846 3.192972 3.520920
26249.916174 3 0.620751 120.477888 3.198210 3.520239
26250.016174 3 0.618606 121.589156 3.203448 3.519555
26250.116174 3 0.616429 122.712850 3.208686 3.518867
26250.216174 3 0.614220 123.849176 3.213923 3.518175
26250.316174 3 0.611978 124.998343 3.219161 3.517479
26250.416174 3 0.609702 126.160569 3.224399 3.516778
26250.516174 3 0.607392 127.336077 3.229637 3.516074
26250.616174 3 0.605047 128.525098 3.234874 3.515365
26250.716174 3 0.602666 129.727870 3.240112 3.514652
26250.816174 3 0.600249 130.944636 3.245350 3.513934
26250.916174 3 0.597794 132.175650 3.250588 3.513212
26251.016174 3 0.595300 133.421173 3.255825 3.512485
26251.116174 3 0.592768 134.681475 3.261063 3.511752
26251.216174 3 0.590195 135.956834 3.266301 3.511015
26251.316174 3 0.587582 137.247540 3.271539 3.510273
26251.416174 3 0.584927 138.553891 3.276777 3.509525
26251.516174 3 0.582229 139.876196 3.282014 3.508772
26251.616174 3 0.579487 141.214776 3.287252 3.508014
26251.716174 3 0.576700 142.569965 3.292490 3.507249
26251.816174 3 0.573867 143.942107 3.297728 3.506479
26251.916174 3 0.570987 145.331563 3.302965 3.505702
26252.016174 3 0.568059 146.432040 3.308203 3.505373
26252.116174 3 0.565087 147.403425 3.313441 3.505247
26252.216174 3 0.562074 148.360707 3.318678 3.505151
26252.316174 3 0.559018 149.301242 3.323916 3.505088
26252.416174 3 0.555921 150.221981 3.329154 3.505062
26252.516174 3 0.552780 151.119394 3.334391 3.505078
26252.616174 3 0.549597 151.989365 3.339629 3.505141
26252.716174 3 0.546370 152.827063 3.344866 3.505257
26252.816174 3 0.543100 153.626765 3.350104 3.505433
26252.916174 3 0.539786 154.381627 3.355341 3.505678
26253.016174 3 0.536428 155.083371 3.360579 3.506003
26253.116174 3 0.533028 155.721838 3.365816 3.506420
26253.216174 3 0.529584 156.284354 3.371053 3.506946
26253.316174 3 0.526099 156.754784 3.376289 3.507602
26253.416174 3 0.522573 157.112047 3.381525 3.508417
26253.516174 3 0.519008 157.327714 3.386761 3.509428
26253.616174 3 0.515407 157.361847 3.391995 3.510690
26253.716174 3 0.511772 157.155318 3.397228 3.512283
26253.816174 3 0.508109 156.614429 3.402457 3.514339
26253.916174 3 0.504425 155.576989 3.407680 3.517088
26254.016174 3 0.502578 154.783303 3.410281 3.518849
26254.116174 3 0.500732 153.727844 3.412877 3.520984
26254.216174 3 0.498890 152.311045 3.415466 3.523641
26254.316174 3 0.497973 151.422244 3.416754 3.525234
26254.416174 3 0.497060 150.377594 3.418039 3.527059
26254.516174 3 0.496150 149.140672 3.419320 3.529172
26254.616174 3 0.495247 147.663548 3.420594 3.531652
26254.716174 3 0.494798 146.817590 3.421227 3.533058
26254.816174 3 0.494352 145.886770 3.421858 3.534597
26254.916174 3 0.493908 144.859890 3.422487 3.536288
26255.016174 3 0.493466 143.723993 3.423112 3.538154
26255.116174 3 0.493028 142.464075 3.423733 3.540221
26255.216174 3 0.492593 141.062790 3.424350 3.542522
26255.316174 3 0.492377 140.304592 3.424656 3.543769
26255.416174 3 0.492163 139.503598 3.424961 3.545088
26255.516174 3 0.491949 138.656875 3.425264 3.546486
26255.616174 3 0.491737 137.761293 3.425566 3.547968
26255.716174 3 0.491526 136.813509 3.425865 3.549542
26255.816174 3 0.491316 135.809971 3.426163 3.551215
26255.916174 3 0.491108 134.746905 3.426459 3.552996
26256.016174 3 0.490901 133.620323 3.426752 3.554892
26256.116174 3 0.490696 132.426020 3.427042 3.556914
26256.216174 3 0.490493 131.159586 3.427330 3.559073
26256.316174 3 0.490392 130.499196 3.427472 3.560205
26256.416174 3 0.490292 129.819157 3.427614 3.561375
26256.516174 3 0.490192 129.118877 3.427755 3.562584
26256.616174 3 0.490093 128.397757 3.427895 3.563836
26256.716174 3 0.489995 127.655190 3.428034 3.565130
26256.816174 3 0.489896 126.890567 3.428172 3.566469
26256.916174 3 0.489799 126.103271 3.428309 3.567855
26257.016174 3 0.489702 125.292687 3.428446 3.569289
26257.116174 3 0.489605 124.458199 3.428581 3.570774
26257.216174 3 0.489510 123.599194 3.428714 3.572311
26257.316174 3 0.489415 122.715066 3.428847 3.573903
26257.416174 3 0.489320 121.805216 3.428978 3.575552
26257.516174 3 0.489226 120.869056 3.429108 3.577260
26257.616174 3 0.489133 119.906015 3.429237 3.579029
26257.716174 3 0.489041 118.915540 3.429364 3.580862
26257.816174 3 0.488949 117.897101 3.429490 3.582761
26257.916174 3 0.488860 116.863106 3.429613 3.584705
26258.016174 3 0.488773 115.834297 3.429730 3.586654
26258.116174 3 0.488691 114.811808 3.429842 3.588608
26258.216174 3 0.488611 113.796722 3.429950 3.590563
26258.316174 3 0.488535 112.790069 3.430052 3.592518
26258.416174 3 0.488461 111.792821 3.430150 3.594471
26258.516174 3 0.488391 110.805889 3.430244 3.596420
26258.616174 3 0.488323 109.830124 3.430333 3.598363
26258.716174 3 0.488258 108.866313 3.430419 3.600299
26258.816174 3 0.488196 107.915182 3.430501 3.602224
26258.916174 3 0.488136 106.977392 3.430578 3.604139
26259.016174 3 0.488078 106.053541 3.430653 3.606041
26259.116174 3 0.488023 105.144167 3.430724 3.607929
26259.216174 3 0.487969 104.249746 3.430792 3.609801
26259.316174 3 0.487918 103.370695 3.430856 3.611656
26259.416174 3 0.487869 102.507377 3.430918 3.613493
26259.516174 3 0.487822 101.660096 3.430977 3.615310
26259.616174 3 0.487777 100.829106 3.431033 3.617106
26259.716174 3 0.487733 100.014611 3.431087 3.618880
26259.816174 3 0.487691 99.216767 3.431138 3.620632
26259.916174 3 0.487651 98.435685 3.431186 3.622361
26260.016174 3 0.487612 97.671435 3.431233 3.624065
26260.116174 3 0.487575 96.924047 3.431277 3.625744
26260.216174 3 0.487539 96.193515 3.431320 3.627398
26260.316174 3 0.487505 95.479799 3.431360 3.629025
26260.416174 3 0.487472 94.782828 3.431398 3.630625
26260.516174 3 0.487440 94.102502 3.431435 3.632199
26260.616174 3 0.487409 93.438697 3.431470 3.633745
26260.716174 3 0.487380 92.791261 3.431503 3.635263
26260.816174 3 0.487351 92.160025 3.431535 3.636753
26260.916174 3 0.487324 91.544799 3.431566 3.638215
26261.016174 3 0.487298 90.945375 3.431595 3.639649
26261.116174 3 0.487273 90.361532 3.431622 3.641054
26261.216174 3 0.487248 89.793033 3.431649 3.642431
26261.316174 3 0.487225 89.239632 3.431674 3.643780
26261.416174 3 0.487202 88.701071 3.431698 3.645101
26261.516174 3 0.487181 88.177086 3.431721 3.646393
26261.616174 3 0.487160 87.667403 3.431743 3.647657
26261.716174 3 0.487139 87.171744 3.431764 3.648894
26261.816174 3 0.487120 86.689828 3.431783 3.650102
26261.916174 3 0.487101 86.221366 3.431803 3.651284
26262.016174 3 0.487083 85.766071 3.431821 3.652438
26262.116174 3 0.487066 85.323653 3.431838 3.653565
26262.216174 3 0.487049 84.893820 3.431855 3.654666
26262.316174 3 0.487017 84.056212 3.431886 3.656827
26262.416174 3 0.486987 83.267130 3.431915 3.658882
26262.516174 3 0.486959 82.524165 3.431941 3.660835
26262.616174 3 0.486933 81.824959 3.431965 3.662689
26262.716174 3 0.486909 81.167217 3.431987 3.664447
26262.816174 3 0.486887 80.548714 3.432007 3.666113
26262.916174 3 0.486866 79.967306 3.432025 3.667691
26263.016174 3 0.486847 79.420931 3.432042 3.669184
26263.116174 3 0.486829 78.907614 3.432058 3.670596
26263.216174 3 0.486812 78.425468 3.432072 3.671930
26263.316174 3 0.486796 77.972696 3.432085 3.673190
26263.416174 3 0.486782 77.547585 3.432097 3.674381
26263.516174 3 0.486768 77.148512 3.432108 3.675504
26263.616174 3 0.486743 76.397693 3.432128 3.677632
26263.716174 3 0.486721 75.739572 3.432145 3.679515
26263.816174 3 0.486702 75.162926 3.432159 3.681178
26263.916174 3 0.486685 74.657820 3.432171 3.682646
26264.016174 3 0.486671 74.215482 3.432182 3.683939
26264.116174 3 0.486658 73.828182 3.432190 3.685077
26264.216174 3 0.486637 73.148815 3.432206 3.687088
26264.316174 3 0.486620 72.639140 3.432216 3.688609
26264.416174 3 0.486608 72.256837 3.432224 3.689757
26264.516174 3 0.486590 71.682517 3.432236 3.691493
26264.616174 4 0.486572 0.107864 1.187864 4.541668
26264.716174 4 0.486572 0.107844 1.187865 4.541708
26264.816174 4 0.486572 0.107825 1.187866 4.541747
26264.916174 4 0.486572 0.107807 1.187867 4.541784
26265.016174 4 0.486572 0.107790 1.187867 4.541819
26265.116174 4 0.486572 0.107773 1.187868 4.541853
26265.216174 4 0.486572 0.107757 1.187869 4.541885
26265.316174 4 0.486572 0.107742 1.187871 4.541916
26265.416174 4 0.486572 0.107727 1.187872 4.541946
26265.516174 4 0.486572 0.107714 1.187873 4.541974
26265.616174 4 0.486572 0.107700 1.187874 4.542000
26265.716174 4 0.486572 0.107688 1.187875 4.542026
26265.816174 4 0.486572 0.107676 1.187877 4.542050
26265.916174 4 0.486572 0.107665 1.187878 4.542073
26266.016174 4 0.486572 0.107654 1.187879 4.542095
26266.116174 4 0.486572 0.107644 1.187881 4.542115
26266.216174 4 0.486572 0.107635 1.187882 4.542135
26266.316174 4 0.486572 0.107626 1.187884 4.542153
26266.416174 4 0.486572 0.107618 1.187886 4.542170
26266.516174 4 0.486572 0.107610 1.187887 4.542187
26266.616174 4 0.486572 0.107602 1.187889 4.542202
26266.716174 4 0.486572 0.107596 1.187891 4.542216
26266.816174 4 0.486572 0.107589 1.187893 4.542229
26266.916174 4 0.486572 0.107583 1.187894 4.542242
26267.016174 4 0.486572 0.107578 1.187896 4.542253
26267.116174 4 0.486572 0.107573 1.187898 4.542264
26267.216174 4 0.486572 0.107568 1.187900 4.542273
26267.316174 4 0.486572 0.107564 1.187902 4.542282
26267.416174 4 0.486572 0.107561 1.187904 4.542290
26267.516174 4 0.486572 0.107557 1.187907 4.542297
26267.616174 4 0.486572 0.107554 1.187909 4.542304
26267.716174 4 0.486572 0.107552 1.187911 4.542310
26267.816174 4 0.486572 0.107550 1.187913 4.542315
26267.916174 4 0.486572 0.107548 1.187916 4.542319
26268.016174 4 0.486572 0.107546 1.187918 4.542323
26268.116174 4 0.486572 0.107545 1.187920 4.542326
26268.216174 4 0.486572 0.107544 1.187923 4.542328
26268.316174 4 0.486572 0.107543 1.187925 4.542330
26268.416174 4 0.486572 0.107543 1.187928 4.542331
26268.516174 4 0.486572 0.107543 1.187930 4.542332
26268.616174 4 0.486572 0.107543 1.187933 4.542332
26268.716174 4 0.486572 0.107544 1.187936 4.542332
26268.816174 4 0.486572 0.107545 1.187938 4.542331
26268.916174 4 0.486572 0.107546 1.187941 4.542330
26269.016174 4 0.486572 0.107547 1.187944 4.542328
26269.116174 4 0.486572 0.107548 1.187946 4.542325
26269.216174 4 0.486572 0.107550 1.187949 4.542323
26269.316174 4 0.486572 0.107552 1.187952 4.542319
26269.416174 4 0.486572 0.107554 1.187955 4.542316
26269.516174 4 0.486572 0.107556 1.187958 4.542312
26269.616174 4 0.486572 0.107559 1.187961 4.542308
26269.716174 4 0.486572 0.107562 1.187964 4.542303
26269.816174 4 0.486572 0.107565 1.187966 4.542298
26269.916174 4 0.486572 0.107568 1.187969 4.542292
26270.016174 4 0.486572 0.107571 1.187972 4.542287
26270.116174 4 0.486572 0.107574 1.187975 4.542280
26270.216174 4 0.486572 0.107578 1.187978 4.542274
26270.316174 4 0.486572 0.107581 1.187982 4.542267
26270.416174 4 0.486572 0.107585 1.187985 4.542260
26270.516174 4 0.486572 0.107589 1.187988 4.542253
26270.616174 4 0.486572 0.107593 1.187991 4.542246
26270.716174 4 0.486572 0.107597 1.187994 4.542238
26270.816174 4 0.486572 0.107602 1.187997 4.542230
26270.916174 4 0.486572 0.107606 1.188000 4.542222
26271.016174 4 0.486572 0.107611 1.188003 4.542214
26271.116174 4 0.486572 0.107615 1.188007 4.542205
26271.216174 4 0.486572 0.107620 1.188010 4.542196
26271.316174 4 0.486572 0.107625 1.188013 4.542187
26271.416174 4 0.486572 0.107630 1.188016 4.542178
26271.516174 4 0.486572 0.107635 1.188019 4.542169
26271.616174 4 0.486572 0.107640 1.188023 4.542159
26271.716174 4 0.486572 0.107645 1.188026 4.542150
26271.816174 4 0.486572 0.107650 1.188029 4.542140
26271.916174 4 0.486572 0.107656 1.188032 4.542130
26272.016174 4 0.486572 0.107661 1.188036 4.542120
26272.116174 4 0.486572 0.107666 1.188039 4.542110
26272.216174 4 0.486572 0.107672 1.188042 4.542100
26272.316174 4 0.486572 0.107677 1.188046 4.542090
26272.416174 4 0.486572 0.107683 1.188049 4.542079
26272.516174 4 0.486572 0.107689 1.188052 4.542069
26272.616174 4 0.486572 0.107694 1.188056 4.542058
26272.716174 4 0.486572 0.107700 1.188059 4.542047
26272.816174 4 0.486572 0.107706 1.188062 4.542036
26272.916174 4 0.486572 0.107712 1.188066 4.542026
26273.016174 4 0.486572 0.107718 1.188069 4.542015
26273.116174 4 0.486572 0.107723 1.188072 4.542004
26273.216174 4 0.486572 0.107729 1.188076 4.541993
26273.316174 4 0.486572 0.107735 1.188079 4.541981
26273.416174 4 0.486572 0.107741 1.188082 4.541970
26273.516174 4 0.486572 0.107747 1.188086 4.541959
26273.616174 4 0.486572 0.107753 1.188089 4.541948
26273.716174 4 0.486572 0.107759 1.188092 4.541937
26273.816174 4 0.486572 0.107765 1.188096 4.541925
26273.916174 4 0.486572 0.107771 1.188099 4.541914
26274.016174 4 0.486572 0.107777 1.188102 4.541903
26274.116174 4 0.486572 0.107783 1.188105 4.541892
26274.216174 4 0.486572 0.107789 1.188109 4.541880
26274.316174 4 0.486572 0.107795 1.188112 4.541869
26274.416174 4 0.486572 0.107801 1.188115 4.541858
26274.516174 4 0.486572 0.107807 1.188119 4.541846
26274.616174 4 0.486572 0.107813 1.188122 4.541835
26274.716174 4 0.486572 0.107819 1.188125 4.541823
26274.816174 4 0.486572 0.107825 1.188129 4.541812
26274.916174 4 0.486572 0.107831 1.188132 4.541801
26275.016174 4 0.486572 0.107837 1.188135 4.541789
26275.116174 4 0.486572 0.107843 1.188138 4.541778
26275.216174 4 0.486572 0.107850 1.188142 4.541767
26275.316174 4 0.486572 0.107855 1.188145 4.541756
26275.416174 4 0.486572 0.107861 1.188148 4.541744
26275.516174 4 0.486572 0.107867 1.188151 4.541733
26275.616174 4 0.486572 0.107873 1.188155 4.541722
26275.716174 4 0.486572 0.107879 1.188158 4.541711
26275.816174 4 0.486572 0.107885 1.188161 4.541700
26275.916174 4 0.486572 0.107891 1.188164 4.541689
26276.016174 4 0.486572 0.107897 1.188167 4.541678
26276.116174 4 0.486572 0.107903 1.188170 4.541667
26276.216174 4 0.486572 0.107909 1.188174 4.541656
26276.316174 4 0.486572 0.107915 1.188177 4.541645
26276.416174 4 0.486572 0.107920 1.188180 4.541634
26276.516174 4 0.486572 0.107926 1.188183 4.541623
26276.616174 4 0.486572 0.107932 1.188186 4.541612
26276.716174 4 0.486572 0.107938 1.188189 4.541601
26276.816174 4 0.486572 0.107941 1.188191 4.541596
26276.916174 4 0.486572 0.107943 1.188192 4.541591
26277.016174 4 0.486572 0.107946 1.188194 4.541585
26277.116174 4 0.486572 0.107948 1.188195 4.541583
26277.216174 4 0.486572 0.107949 1.188195 4.541580
26277.316174 4 0.486572 0.107951 1.188196 4.541577
26277.416174 4 0.486572 0.107952 1.188197 4.541575
26277.516174 4 0.486572 0.107953 1.188198 4.541572
26277.616174 4 0.486572 0.107954 1.188198 4.541571
26277.716174 4 0.486572 0.107955 1.188198 4.541569
26277.816174 4 0.486572 0.107955 1.188199 4.541568
26277.916174 4 0.486572 0.107956 1.188199 4.541567
26278.016174 4 0.486572 0.107957 1.188200 4.541565
26278.116174 4 0.486572 0.107958 1.188200 4.541564
26278.216174 4 0.486572 0.107958 1.188200 4.541563
26278.316174 4 0.486572 0.107958 1.188200 4.541563
26278.416174 4 0.486572 0.107959 1.188201 4.541562
26278.516174 4 0.486572 0.107959 1.188201 4.541561
26278.616174 4 0.486572 0.107959 1.188201 4.541561
26278.716174 4 0.486572 0.107960 1.188201 4.541560
26278.816174 4 0.486572 0.107960 1.188201 4.541559
26278.916174 4 0.486572 0.107960 1.188202 4.541559
26279.016174 4 0.486572 0.107961 1.188202 4.541558
26279.116174 4 0.486572 0.107961 1.188202 4.541557
26279.216174 4 0.486572 0.107961 1.188202 4.541557
26279.316174 4 0.486572 0.107961 1.188202 4.541557
26279.416174 4 0.486572 0.107962 1.188202 4.541556
26279.516174 4 0.486572 0.107962 1.188202 4.541556
26279.616174 4 0.486572 0.107962 1.188202 4.541556
26279.716174 4 0.486572 0.107962 1.188202 4.541555
26279.816174 4 0.486572 0.107962 1.188203 4.541555
26279.916174 4 0.486572 0.107962 1.188203 4.541555
26280.016174 4 0.486572 0.107963 1.188203 4.541555
26280.116174 4 0.486572 0.107963 1.188203 4.541554
26280.216174 4 0.486572 0.107963 1.188203 4.541554
26280.316174 4 0.486572 0.107963 1.188203 4.541554
26280.416174 4 0.486572 0.107963 1.188203 4.541553
26280.516174 4 0.486572 0.107964 1.188203 4.541553
26280.616174 4 0.486572 0.107964 1.188203 4.541553
26280.716174 4 0.486572 0.107964 1.188203 4.541552
26280.816174 4 0.486572 0.107964 1.188204 4.541552
26280.916174 4 0.486572 0.107964 1.188204 4.541552
26281.016174 4 0.486572 0.107964 1.188204 4.541551
26281.116174 4 0.486572 0.107965 1.188204 4.541551
26281.216174 4 0.486572 0.107965 1.188204 4.541551
26281.316174 4 0.486572 0.107965 1.188204 4.541550
26281.416174 4 0.486572 0.107965 1.188204 4.541550
26281.516174 4 0.486572 0.107965 1.188204 4.541550
26281.616174 4 0.486572 0.107965 1.188204 4.541549
26281.716174 4 0.486572 0.107965 1.188204 4.541549
26281.816174 4 0.486572 0.107966 1.188204 4.541549
26281.916174 4 0.486572 0.107966 1.188204 4.541549
26282.016174 4 0.486572 0.107966 1.188205 4.541548
26282.116174 4 0.486572 0.107966 1.188205 4.541548
26282.216174 4 0.486572 0.107966 1.188205 4.541548
26282.316174 4 0.486572 0.107966 1.188205 4.541548
26282.416174 4 0.486572 0.107966 1.188205 4.541548
26282.516174 4 0.486572 0.107966 1.188205 4.541547
26282.616174 4 0.486572 0.107967 1.188205 4.541547
26282.716174 4 0.486572 0.107967 1.188205 4.541547
26282.816174 4 0.486572 0.107967 1.188205 4.541547
26282.916174 4 0.486572 0.107967 1.188205 4.541547
26283.016174 4 0.486572 0.107967 1.188205 4.541546
26283.116174 4 0.486572 0.107967 1.188205 4.541546
26283.216174 4 0.486572 0.107967 1.188205 4.541546
26283.316174 4 0.486572 0.107967 1.188205 4.541546
26283.416174 4 0.486572 0.107967 1.188205 4.541546
26283.516174 4 0.486572 0.107967 1.188205 4.541546
26283.616174 4 0.486572 0.107967 1.188205 4.541545
26283.716174 4 0.486572 0.107968 1.188205 4.541545
26283.816174 4 0.486572 0.107968 1.188205 4.541545
26283.916174 4 0.486572 0.107968 1.188206 4.541545
26284.016174 4 0.486572 0.107968 1.188206 4.541545
26284.116174 4 0.486572 0.107968 1.188206 4.541545
26284.216174 4 0.486572 0.107968 1.188206 4.541545
26284.316174 4 0.486572 0.107968 1.188206 4.541545
26284.416174 4 0.486572 0.107968 1.188206 4.541544
26284.516174 4 0.486572 0.107968 1.188206 4.541544
26284.616174 4 0.486572 0.107968 1.188206 4.541544
26284.716174 4 0.486572 0.107968 1.188206 4.541544
26284.816174 4 0.486572 0.107968 1.188206 4.541544
26284.916174 4 0.486572 0.107968 1.188206 4.541544
26285.016174 4 0.486572 0.107968 1.188206 4.541544
26285.116174 4 0.486572 0.107968 1.188206 4.541544
26285.216174 4 0.486572 0.107968 1.188206 4.541544
26285.316174 4 0.486572 0.107968 1.188206 4.541544
26285.416174 4 0.486572 0.107969 1.188206 4.541543
26285.516174 4 0.486572 0.107969 1.188206 4.541543
26285.616174 4 0.486572 0.107969 1.188206 4.541543
26285.716174 4 0.486572 0.107969 1.188206 4.541543
26285.816174 4 0.486572 0.107969 1.188206 4.541543
26285.916174 4 0.486572 0.107969 1.188206 4.541543
26286.016174 4 0.486572 0.107969 1.188206 4.541543
26286.116174 4 0.486572 0.107969 1.188206 4.541543
26286.216174 4 0.486572 0.107969 1.188206 4.541543
26286.316174 4 0.486572 0.107969 1.188206 4.541543
26286.416174 4 0.486572 0.107969 1.188206 4.541542
26286.516174 4 0.486572 0.107969 1.188206 4.541542
26286.616174 4 0.486572 0.107969 1.188206 4.541542
26286.716174 4 0.486572 0.107969 1.188206 4.541542
26286.816174 4 0.486572 0.107969 1.188206 4.541542
26286.916174 4 0.486572 0.107969 1.188206 4.541542
26287.016174 4 0.486572 0.107969 1.188206 4.541542
26287.116174 4 0.486572 0.107969 1.188206 4.541542
26287.216174 4 0.486572 0.107969 1.188206 4.541542
26287.316174 4 0.486572 0.107970 1.188206 4.541542
26287.416174 4 0.486572 0.107970 1.188207 4.541542
26287.516174 4 0.486572 0.107970 1.188207 4.541541
26287.616174 4 0.486572 0.107970 1.188207 4.541541
26287.716174 4 0.486572 0.107970 1.188207 4.541541
26287.816174 4 0.486572 0.107970 1.188207 4.541541
26287.916174 4 0.486572 0.107970 1.188207 4.541541
26288.016174 4 0.486572 0.107970 1.188207 4.541541
26288.116174 4 0.486572 0.107970 1.188207 4.541541
26288.216174 4 0.486572 0.107970 1.188207 4.541541
26289.865079 4 0.486572 0.108447 1.188483 4.540652
26291.513984 4 0.486571 0.109004 1.188885 4.539641
26293.162890 4 0.486571 0.109583 1.189454 4.538632
26294.811795 4 0.486571 0.110165 1.190257 4.537683
26296.460701 4 0.486571 0.110748 1.191413 4.536826
26298.109606 4 0.486571 0.111331 1.193146 4.536119
26299.758512 4 0.486570 0.111915 1.195889 4.535670
26301.407417 4 0.486570 0.112499 1.200477 4.535686
26303.056322 4 0.486570 0.113084 1.208233 4.536499
26304.705228 4 0.486570 0.113669 1.219813 4.538273
26306.354133 4 0.486570 0.114255 1.231708 4.540130
26308.003039 4 0.486569 0.114841 1.238646 4.540753
