t Ka M R logL logTeff
500.000000 0 0.400084 0.374571 -1.643959 3.563384
1000.000000 0 0.400084 0.375354 -1.642443 3.563309
1500.000000 0 0.400084 0.376140 -1.640884 3.563245
2000.000000 0 0.400084 0.376930 -1.639281 3.563190
2500.000000 0 0.400084 0.377724 -1.637634 3.563145
3000.000000 0 0.400084 0.378522 -1.635943 3.563109
3500.000000 0 0.400084 0.379327 -1.634209 3.563081
4000.000000 0 0.400084 0.380138 -1.632431 3.563062
4500.000000 0 0.400084 0.380957 -1.630609 3.563051
5000.000000 0 0.400084 0.381783 -1.628744 3.563046
5500.000000 0 0.400084 0.382618 -1.626835 3.563049
6000.000000 0 0.400084 0.383462 -1.624882 3.563059
6500.000000 0 0.400084 0.384316 -1.622885 3.563075
7000.000000 0 0.400084 0.385181 -1.620845 3.563097
7500.000000 0 0.400084 0.386058 -1.618760 3.563124
8000.000000 0 0.400084 0.386947 -1.616633 3.563157
8500.000000 0 0.400084 0.387849 -1.614461 3.563194
9000.000000 0 0.400084 0.388765 -1.612246 3.563236
9500.000000 0 0.400084 0.389695 -1.609987 3.563281
10000.000000 0 0.400084 0.390641 -1.607684 3.563331
10500.000000 0 0.400084 0.391604 -1.605337 3.563383
11000.000000 0 0.400084 0.392583 -1.602947 3.563438
11500.000000 0 0.400084 0.393580 -1.600513 3.563496
12000.000000 0 0.400084 0.394596 -1.598035 3.563555
12500.000000 0 0.400084 0.395632 -1.595514 3.563617
13000.000000 0 0.400084 0.396688 -1.592948 3.563679
13500.000000 0 0.400084 0.397765 -1.590339 3.563742
14000.000000 0 0.400084 0.398864 -1.587686 3.563806
14500.000000 0 0.400084 0.399987 -1.584989 3.563870
15000.000000 0 0.400084 0.401133 -1.582249 3.563934
15500.000000 0 0.400084 0.402304 -1.579464 3.563997
16000.000000 0 0.400084 0.403501 -1.576636 3.564059
16500.000000 0 0.400084 0.404725 -1.573763 3.564120
17000.000000 0 0.400084 0.405976 -1.570846 3.564179
17500.000000 0 0.400084 0.407256 -1.567885 3.564236
18000.000000 0 0.400084 0.408565 -1.564880 3.564290
18500.000000 0 0.400084 0.409906 -1.561830 3.564341
19000.000000 0 0.400084 0.411277 -1.558735 3.564389
19500.000000 0 0.400084 0.412682 -1.555596 3.564434
20000.000000 0 0.400084 0.414121 -1.552411 3.564474
20500.000000 0 0.400084 0.415594 -1.549181 3.564511
21000.000000 0 0.400084 0.417104 -1.545904 3.564542
21500.000000 0 0.400084 0.418651 -1.542581 3.564569
22000.000000 0 0.400084 0.420236 -1.539211 3.564591
22500.000000 0 0.400084 0.421862 -1.535793 3.564607
23000.000000 0 0.400084 0.423528 -1.532327 3.564618
23500.000000 0 0.400084 0.425237 -1.528811 3.564622
24000.000000 0 0.400084 0.426990 -1.525245 3.564620
24500.000000 0 0.400084 0.428788 -1.521627 3.564612
25000.000000 0 0.400084 0.430634 -1.517956 3.564598
25500.000000 0 0.400084 0.432528 -1.514229 3.564576
26000.000000 0 0.400084 0.434472 -1.510446 3.564548
26500.000000 0 0.400084 0.436468 -1.506605 3.564513
27000.000000 0 0.400084 0.438519 -1.502701 3.564471
27500.000000 0 0.400084 0.440625 -1.498733 3.564423
28000.000000 0 0.400084 0.442789 -1.494698 3.564367
28500.000000 0 0.400084 0.445014 -1.490591 3.564306
29000.000000 0 0.400084 0.447302 -1.486409 3.564238
29500.000000 0 0.400084 0.449655 -1.482147 3.564164
30000.000000 0 0.400084 0.452076 -1.477799 3.564085
30500.000000 0 0.400084 0.454569 -1.473359 3.564001
31000.000000 0 0.400084 0.457136 -1.468821 3.563913
31500.000000 0 0.400084 0.459780 -1.464177 3.563821
32000.000000 0 0.400084 0.462506 -1.459419 3.563727
32500.000000 0 0.400084 0.465318 -1.454536 3.563631
33000.000000 0 0.400084 0.468220 -1.449520 3.563536
33500.000000 0 0.400084 0.471216 -1.444356 3.563441
34000.000000 0 0.400084 0.474312 -1.439034 3.563350
34500.000000 0 0.400084 0.477513 -1.433537 3.563264
35000.000000 0 0.400084 0.480826 -1.427850 3.563184
35500.000000 0 0.400084 0.484257 -1.421955 3.563114
36000.000000 0 0.400084 0.487814 -1.415833 3.563055
36500.000000 0 0.400084 0.491504 -1.409460 3.563012
37000.000000 0 0.400084 0.495335 -1.402815 3.562987
37500.000000 0 0.400084 0.499319 -1.395869 3.562984
38000.000000 0 0.400084 0.503464 -1.388595 3.563008
38500.000000 0 0.400084 0.507783 -1.380959 3.563062
39000.000000 0 0.400084 0.512288 -1.372928 3.563151
39500.000000 0 0.400084 0.516993 -1.364463 3.563282
40000.000000 0 0.400084 0.521913 -1.355521 3.563461
40500.000000 0 0.400084 0.527065 -1.346058 3.563694
41000.000000 0 0.400084 0.529734 -1.341116 3.563833
41500.000000 0 0.400084 0.532468 -1.336024 3.563988
42000.000000 0 0.400084 0.535269 -1.330775 3.564161
42500.000000 0 0.400084 0.538140 -1.325363 3.564352
43000.000000 0 0.400084 0.541085 -1.319780 3.564563
43500.000000 0 0.400084 0.544106 -1.314017 3.564795
44000.000000 0 0.400084 0.547206 -1.308067 3.565048
44500.000000 0 0.400084 0.550388 -1.301921 3.565326
45000.000000 0 0.400084 0.553657 -1.295570 3.565628
45500.000000 0 0.400084 0.557015 -1.289005 3.565956
46000.000000 0 0.400084 0.560467 -1.282216 3.566311
46500.000000 0 0.400084 0.564016 -1.275193 3.566697
47000.000000 0 0.400084 0.567666 -1.267926 3.567113
47500.000000 0 0.400084 0.571423 -1.260403 3.567561
48000.000000 0 0.400084 0.575289 -1.252613 3.568044
48500.000000 0 0.400084 0.579271 -1.244544 3.568564
49000.000000 0 0.400084 0.583372 -1.236184 3.569122
49500.000000 0 0.400084 0.587598 -1.227520 3.569720
50000.000000 0 0.400084 0.591955 -1.218539 3.570362
50500.000000 0 0.400084 0.596446 -1.209226 3.571048
51000.000000 0 0.400084 0.601079 -1.199568 3.571783
51500.000000 0 0.400084 0.605858 -1.189549 3.572568
52000.000000 0 0.400084 0.610790 -1.179154 3.573406
52500.000000 0 0.400084 0.615879 -1.168367 3.574301
53000.000000 0 0.400084 0.621132 -1.157170 3.575256
53500.000000 0 0.400084 0.626554 -1.145546 3.576275
54000.000000 0 0.400084 0.632150 -1.133478 3.577361
54500.000000 0 0.400084 0.637925 -1.120946 3.578519
55000.000000 0 0.400084 0.643883 -1.107931 3.579754
55500.000000 0 0.400084 0.650029 -1.094413 3.581071
56000.000000 0 0.400084 0.656363 -1.080370 3.582476
56500.000000 0 0.400084 0.662887 -1.065780 3.583976
57000.000000 0 0.400084 0.666220 -1.058274 3.584763
57500.000000 0 0.400084 0.669600 -1.050623 3.585577
58000.000000 0 0.400084 0.673027 -1.042823 3.586419
58500.000000 0 0.400084 0.676499 -1.034872 3.587289
59000.000000 0 0.400084 0.680017 -1.026768 3.588189
59500.000000 0 0.400084 0.683578 -1.018506 3.589120
60000.000000 0 0.400084 0.687182 -1.010083 3.590084
60500.000000 0 0.400084 0.690826 -1.001497 3.591082
61000.000000 0 0.400084 0.694509 -0.992744 3.592115
61500.000000 0 0.400084 0.700101 -0.979295 3.593736
62000.000000 2 0.400084 0.705765 -0.965450 3.595448
62053.272284 2 0.400082 0.705831 -0.964649 3.595628
62164.440630 2 0.400078 0.705969 -0.962976 3.596004
62275.611651 2 0.400073 0.706107 -0.961304 3.596379
62386.785360 2 0.400069 0.706245 -0.959632 3.596755
62497.961766 2 0.400065 0.706382 -0.957959 3.597131
62609.140881 2 0.400061 0.706519 -0.956288 3.597507
62720.322717 2 0.400056 0.706657 -0.954616 3.597882
62831.507284 2 0.400052 0.706794 -0.952944 3.598258
62942.694594 2 0.400047 0.706931 -0.951273 3.598634
63053.884657 2 0.400043 0.707067 -0.949602 3.599010
63165.077486 2 0.400039 0.707204 -0.947930 3.599386
63276.273091 2 0.400034 0.707340 -0.946260 3.599761
63387.471485 2 0.400030 0.707477 -0.944589 3.600137
63498.672678 2 0.400025 0.707613 -0.942918 3.600513
63609.876683 2 0.400021 0.707749 -0.941248 3.600889
63721.083509 2 0.400016 0.707885 -0.939578 3.601265
63832.293171 2 0.400012 0.708020 -0.937908 3.601641
63943.505678 2 0.400007 0.708156 -0.936238 3.602017
64054.721042 2 0.400003 0.708291 -0.934568 3.602393
64165.939276 2 0.399998 0.708426 -0.932899 3.602769
64277.160391 2 0.399993 0.708561 -0.931229 3.603145
64388.384400 2 0.399989 0.708696 -0.929560 3.603521
64499.611313 2 0.399984 0.708830 -0.927891 3.603897
64610.841143 2 0.399980 0.708965 -0.926223 3.604273
64722.073902 2 0.399975 0.709099 -0.924554 3.604649
64833.309601 2 0.399970 0.709233 -0.922886 3.605025
64944.548254 2 0.399966 0.709367 -0.921217 3.605401
65055.789871 2 0.399961 0.709501 -0.919549 3.605777
65167.034466 2 0.399956 0.709634 -0.917882 3.606153
65278.282051 2 0.399951 0.709768 -0.916214 3.606529
65389.532637 2 0.399946 0.709901 -0.914547 3.606905
65500.786237 2 0.399942 0.710034 -0.912879 3.607281
65612.042864 2 0.399937 0.710167 -0.911212 3.607657
65723.302530 2 0.399932 0.710300 -0.909545 3.608033
65834.565247 2 0.399927 0.710432 -0.907879 3.608410
65945.831028 2 0.399922 0.710564 -0.906212 3.608786
66057.099886 2 0.399917 0.710696 -0.904546 3.609162
66168.371832 2 0.399912 0.710828 -0.902880 3.609538
66279.646881 2 0.399907 0.710960 -0.901214 3.609914
66390.925044 2 0.399902 0.711091 -0.899548 3.610291
66502.206334 2 0.399897 0.711223 -0.897883 3.610667
66613.490764 2 0.399892 0.711354 -0.896218 3.611043
66724.778348 2 0.399887 0.711485 -0.894553 3.611420
66836.069097 2 0.399882 0.711616 -0.892888 3.611796
66947.363025 2 0.399877 0.711746 -0.891223 3.612172
67058.660145 2 0.399872 0.711876 -0.889559 3.612549
67169.960471 2 0.399867 0.712006 -0.887895 3.612925
67281.264014 2 0.399862 0.712136 -0.886230 3.613301
67392.570789 2 0.399857 0.712266 -0.884567 3.613678
67503.880809 2 0.399852 0.712396 -0.882903 3.614054
67615.194086 2 0.399846 0.712525 -0.881240 3.614431
67726.510635 2 0.399841 0.712654 -0.879577 3.614807
67837.830468 2 0.399836 0.712783 -0.877914 3.615184
67949.153600 2 0.399831 0.712911 -0.876251 3.615560
68060.480043 2 0.399826 0.713040 -0.874588 3.615937
68171.809811 2 0.399820 0.713168 -0.872926 3.616313
68283.142918 2 0.399815 0.713296 -0.871264 3.616690
68394.479378 2 0.399810 0.713424 -0.869602 3.617066
68505.819204 2 0.399804 0.713551 -0.867940 3.617443
68617.162410 2 0.399799 0.713679 -0.866279 3.617819
68728.509009 2 0.399793 0.713806 -0.864618 3.618196
68839.859017 2 0.399788 0.713933 -0.862957 3.618573
68951.212446 2 0.399782 0.714059 -0.861296 3.618949
69062.569311 2 0.399777 0.714186 -0.859636 3.619326
69173.929625 2 0.399772 0.714312 -0.857975 3.619703
69285.293403 2 0.399766 0.714438 -0.856315 3.620080
69396.660660 2 0.399760 0.714564 -0.854655 3.620456
69508.031408 2 0.399755 0.714689 -0.852996 3.620833
69619.405663 2 0.399749 0.714814 -0.851336 3.621210
69730.783439 2 0.399744 0.714939 -0.849677 3.621587
69842.164750 2 0.399738 0.715064 -0.848018 3.621963
69953.549611 2 0.399732 0.715189 -0.846360 3.622340
70064.938036 2 0.399727 0.715313 -0.844701 3.622717
70176.330040 2 0.399721 0.715437 -0.843043 3.623094
70287.725637 2 0.399715 0.715561 -0.841385 3.623471
70399.124842 2 0.399710 0.715684 -0.839727 3.623848
70510.527669 2 0.399704 0.715808 -0.838070 3.624225
70621.934135 2 0.399698 0.715931 -0.836413 3.624602
70733.344253 2 0.399692 0.716054 -0.834756 3.624979
70844.758038 2 0.399686 0.716176 -0.833099 3.625356
70956.175505 2 0.399680 0.716298 -0.831443 3.625733
71067.596670 2 0.399675 0.716420 -0.829786 3.626110
71179.021547 2 0.399669 0.716542 -0.828130 3.626487
71290.450152 2 0.399663 0.716664 -0.826475 3.626864
71401.882499 2 0.399657 0.716785 -0.824819 3.627241
71513.318605 2 0.399651 0.716906 -0.823164 3.627618
71624.758483 2 0.399645 0.717027 -0.821509 3.627996
71736.202151 2 0.399639 0.717147 -0.819854 3.628373
71847.649623 2 0.399633 0.717267 -0.818200 3.628750
71959.100914 2 0.399627 0.717387 -0.816546 3.629127
72070.556041 2 0.399621 0.717507 -0.814892 3.629505
72182.015018 2 0.399614 0.717626 -0.813238 3.629882
72293.477863 2 0.399608 0.717745 -0.811585 3.630259
72404.944589 2 0.399602 0.717864 -0.809932 3.630637
72516.415214 2 0.399596 0.717982 -0.808279 3.631014
72627.889752 2 0.399590 0.718101 -0.806626 3.631391
72739.368221 2 0.399583 0.718219 -0.804974 3.631769
72850.850635 2 0.399577 0.718336 -0.803322 3.632146
72962.337011 2 0.399571 0.718454 -0.801670 3.632524
73073.827366 2 0.399564 0.718571 -0.800019 3.632901
73131.892594 3 0.399561 0.718643 -0.799143 3.633098
73187.970929 3 0.399558 0.721456 -0.795234 3.633227
73262.456410 3 0.399554 0.725245 -0.789996 3.633399
73336.197037 3 0.399549 0.729056 -0.784758 3.633571
73409.200257 3 0.399545 0.732889 -0.779521 3.633741
73481.473445 3 0.399541 0.736744 -0.774283 3.633912
73553.023901 3 0.399536 0.740622 -0.769045 3.634081
73623.858852 3 0.399532 0.744523 -0.763807 3.634250
73693.985454 3 0.399527 0.748446 -0.758570 3.634418
73763.410790 3 0.399523 0.752393 -0.753332 3.634585
73832.141873 3 0.399518 0.756363 -0.748094 3.634752
73900.185645 3 0.399513 0.760356 -0.742856 3.634918
73967.548979 3 0.399509 0.764372 -0.737619 3.635083
74034.238680 3 0.399504 0.768413 -0.732381 3.635248
74100.261483 3 0.399499 0.772476 -0.727143 3.635412
74165.624059 3 0.399495 0.776564 -0.721905 3.635576
74230.333009 3 0.399490 0.780676 -0.716667 3.635738
74294.394869 3 0.399485 0.784813 -0.711430 3.635900
74357.816111 3 0.399480 0.788973 -0.706192 3.636061
74420.603141 3 0.399475 0.793158 -0.700954 3.636222
74482.762300 3 0.399470 0.797368 -0.695716 3.636382
74544.299867 3 0.399465 0.801603 -0.690479 3.636541
74605.222059 3 0.399461 0.805863 -0.685241 3.636700
74665.535029 3 0.399455 0.810148 -0.680003 3.636857
74725.244869 3 0.399450 0.814459 -0.674765 3.637015
74784.357611 3 0.399445 0.818795 -0.669528 3.637171
74842.879225 3 0.399440 0.823157 -0.664290 3.637327
74900.815624 3 0.399435 0.827545 -0.659052 3.637482
74958.172658 3 0.399430 0.831959 -0.653814 3.637636
75014.956122 3 0.399425 0.836399 -0.648576 3.637790
75071.171751 3 0.399419 0.840866 -0.643339 3.637942
75126.825224 3 0.399414 0.845360 -0.638101 3.638095
75181.922163 3 0.399409 0.849880 -0.632863 3.638246
75236.468131 3 0.399403 0.854427 -0.627625 3.638397
75290.468641 3 0.399398 0.859001 -0.622388 3.638547
75343.929145 3 0.399392 0.863603 -0.617150 3.638696
75396.855044 3 0.399387 0.868232 -0.611912 3.638845
75449.251684 3 0.399381 0.872889 -0.606674 3.638992
75501.124358 3 0.399376 0.877574 -0.601437 3.639139
75552.478305 3 0.399370 0.882287 -0.596199 3.639286
75603.318712 3 0.399364 0.887029 -0.590961 3.639431
75653.650715 3 0.399358 0.891799 -0.585723 3.639576
75703.479399 3 0.399353 0.896597 -0.580486 3.639721
75752.809795 3 0.399347 0.901425 -0.575248 3.639864
75801.646888 3 0.399341 0.906281 -0.570010 3.640007
75849.995610 3 0.399335 0.911167 -0.564772 3.640149
75897.860844 3 0.399329 0.916082 -0.559534 3.640290
75945.247426 3 0.399323 0.921027 -0.554297 3.640430
75992.160142 3 0.399317 0.926002 -0.549059 3.640570
76038.603731 3 0.399311 0.931007 -0.543821 3.640709
76084.582885 3 0.399305 0.936042 -0.538583 3.640847
76130.102246 3 0.399299 0.941108 -0.533346 3.640985
76175.166414 3 0.399293 0.946204 -0.528108 3.641121
76219.779941 3 0.399286 0.951331 -0.522870 3.641257
76263.947332 3 0.399280 0.956490 -0.517632 3.641392
76307.673049 3 0.399274 0.961679 -0.512395 3.641527
76350.961509 3 0.399267 0.966901 -0.507157 3.641660
76393.817085 3 0.399261 0.972154 -0.501919 3.641793
76436.244104 3 0.399254 0.977439 -0.496681 3.641925
76478.246854 3 0.399248 0.982756 -0.491443 3.642057
76519.829576 3 0.399241 0.988106 -0.486206 3.642187
76560.996470 3 0.399234 0.993488 -0.480968 3.642317
76601.751696 3 0.399228 0.998904 -0.475730 3.642446
76642.099370 3 0.399221 1.004352 -0.470492 3.642575
76682.043567 3 0.399214 1.009834 -0.465255 3.642702
76721.588322 3 0.399207 1.015349 -0.460017 3.642829
76760.737629 3 0.399200 1.020898 -0.454779 3.642955
76799.495443 3 0.399193 1.026481 -0.449541 3.643080
76837.865679 3 0.399186 1.032099 -0.444304 3.643204
76875.852213 3 0.399179 1.037750 -0.439066 3.643328
76913.458881 3 0.399172 1.043437 -0.433828 3.643450
76950.689483 3 0.399165 1.049159 -0.428590 3.643572
76987.547779 3 0.399158 1.054916 -0.423353 3.643694
77024.037491 3 0.399151 1.060708 -0.418115 3.643814
77060.162307 3 0.399143 1.066536 -0.412877 3.643934
77095.925875 3 0.399136 1.072400 -0.407639 3.644052
77131.331806 3 0.399128 1.078300 -0.402401 3.644170
77166.383679 3 0.399121 1.084237 -0.397164 3.644288
77201.085032 3 0.399113 1.090210 -0.391926 3.644404
77235.439373 3 0.399106 1.096221 -0.386688 3.644519
77269.450169 3 0.399098 1.102269 -0.381450 3.644634
77303.120858 3 0.399090 1.108354 -0.376213 3.644748
77336.454840 3 0.399083 1.114477 -0.370975 3.644861
77369.455482 3 0.399075 1.120638 -0.365737 3.644974
77402.126118 3 0.399067 1.126837 -0.360499 3.645085
77434.470047 3 0.399059 1.133075 -0.355262 3.645196
77466.490537 3 0.399051 1.139352 -0.350024 3.645306
77498.190823 3 0.399043 1.145667 -0.344786 3.645415
77529.574105 3 0.399035 1.152023 -0.339548 3.645523
77560.643554 3 0.399026 1.158417 -0.334310 3.645630
77591.402309 3 0.399018 1.164852 -0.329073 3.645737
77621.853477 3 0.399010 1.171327 -0.323835 3.645843
77652.000133 3 0.399001 1.177843 -0.318597 3.645948
77681.845322 3 0.398993 1.184399 -0.313359 3.646052
77711.392059 3 0.398984 1.190997 -0.308122 3.646155
77740.643329 3 0.398976 1.197635 -0.302884 3.646257
77769.602086 3 0.398967 1.204316 -0.297646 3.646359
77798.271256 3 0.398958 1.211038 -0.292408 3.646460
77826.653734 3 0.398950 1.217803 -0.287171 3.646559
77854.752387 3 0.398941 1.224610 -0.281933 3.646658
77882.570054 3 0.398932 1.231460 -0.276695 3.646757
77910.109544 3 0.398923 1.238354 -0.271457 3.646854
77937.373639 3 0.398914 1.245290 -0.266220 3.646950
77964.365093 3 0.398905 1.252271 -0.260982 3.647046
77991.086632 3 0.398895 1.259295 -0.255744 3.647141
78017.540957 3 0.398886 1.266364 -0.250506 3.647235
78043.730738 3 0.398877 1.273478 -0.245268 3.647328
78069.658621 3 0.398867 1.280637 -0.240031 3.647420
78095.327225 3 0.398858 1.287841 -0.234793 3.647511
78120.739143 3 0.398848 1.295091 -0.229555 3.647602
78145.896942 3 0.398839 1.302386 -0.224317 3.647691
78170.803164 3 0.398829 1.309729 -0.219080 3.647780
78195.460322 3 0.398819 1.317117 -0.213842 3.647868
78219.870910 3 0.398809 1.324553 -0.208604 3.647955
78244.037391 3 0.398800 1.332036 -0.203366 3.648041
78267.962208 3 0.398790 1.339567 -0.198129 3.648126
78291.647776 3 0.398779 1.347146 -0.192891 3.648211
78315.096489 3 0.398769 1.354773 -0.187653 3.648294
78338.310715 3 0.398759 1.362449 -0.182415 3.648377
78361.292798 3 0.398749 1.370174 -0.177177 3.648458
78384.045061 3 0.398738 1.377949 -0.171940 3.648539
78406.569800 3 0.398728 1.385773 -0.166702 3.648619
78428.869293 3 0.398717 1.393647 -0.161464 3.648698
78450.945791 3 0.398707 1.401572 -0.156226 3.648776
78472.801523 3 0.398696 1.409548 -0.150989 3.648854
78494.438698 3 0.398685 1.417575 -0.145751 3.648930
78515.859502 3 0.398674 1.425653 -0.140513 3.649005
78537.066098 3 0.398663 1.433784 -0.135275 3.649080
78558.060627 3 0.398652 1.441966 -0.130038 3.649154
78578.845211 3 0.398641 1.450202 -0.124800 3.649226
78599.421950 3 0.398630 1.458491 -0.119562 3.649298
78619.792921 3 0.398618 1.466833 -0.114324 3.649369
78639.960182 3 0.398607 1.475229 -0.109087 3.649439
78659.925771 3 0.398596 1.483679 -0.103849 3.649508
78679.691704 3 0.398584 1.492184 -0.098611 3.649577
78699.259977 3 0.398572 1.500744 -0.093373 3.649644
78718.632568 3 0.398561 1.509359 -0.088135 3.649710
78737.811433 3 0.398549 1.518031 -0.082898 3.649776
78756.798509 3 0.398537 1.526758 -0.077660 3.649840
78775.595714 3 0.398525 1.535543 -0.072422 3.649904
78794.204948 3 0.398513 1.544384 -0.067184 3.649967
78812.628089 3 0.398500 1.553283 -0.061947 3.650029
78830.866998 3 0.398488 1.562240 -0.056709 3.650090
78848.923519 3 0.398476 1.571255 -0.051471 3.650149
78866.799474 3 0.398463 1.580329 -0.046233 3.650209
78884.496670 3 0.398450 1.589462 -0.040996 3.650267
78902.016894 3 0.398438 1.598655 -0.035758 3.650324
78919.361915 3 0.398425 1.607908 -0.030520 3.650380
78936.533487 3 0.398412 1.617221 -0.025282 3.650435
78953.533342 3 0.398399 1.626596 -0.020044 3.650490
78970.363200 3 0.398386 1.636031 -0.014807 3.650543
78987.024758 3 0.398373 1.645529 -0.009569 3.650596
79003.519701 3 0.398359 1.655089 -0.004331 3.650647
79019.849695 3 0.398346 1.664712 0.000907 3.650698
79036.016388 3 0.398332 1.674398 0.006144 3.650747
79052.021415 3 0.398319 1.684148 0.011382 3.650796
79067.866391 3 0.398305 1.693962 0.016620 3.650844
79083.552918 3 0.398291 1.703840 0.021858 3.650891
79099.082579 3 0.398277 1.713784 0.027095 3.650936
79114.456944 3 0.398263 1.723793 0.032333 3.650981
79129.677565 3 0.398249 1.733869 0.037571 3.651025
79144.745980 3 0.398234 1.744011 0.042809 3.651068
79159.663711 3 0.398220 1.754220 0.048046 3.651110
79174.432264 3 0.398206 1.764496 0.053284 3.651151
79189.053132 3 0.398191 1.774841 0.058522 3.651191
79203.527791 3 0.398176 1.785255 0.063760 3.651230
79217.857704 3 0.398161 1.795737 0.068998 3.651269
79232.044317 3 0.398146 1.806289 0.074235 3.651306
79246.089064 3 0.398131 1.816911 0.079473 3.651342
79259.993364 3 0.398116 1.827604 0.084711 3.651377
79273.758621 3 0.398101 1.838368 0.089949 3.651411
79287.386226 3 0.398085 1.849204 0.095186 3.651445
79300.877554 3 0.398069 1.860112 0.100424 3.651477
79314.233969 3 0.398054 1.871092 0.105662 3.651508
79327.456820 3 0.398038 1.882146 0.110900 3.651539
79340.547442 3 0.398022 1.893274 0.116137 3.651568
79353.507158 3 0.398006 1.904477 0.121375 3.651597
79366.337277 3 0.397990 1.915754 0.126613 3.651624
79379.039095 3 0.397973 1.927107 0.131851 3.651650
79391.613894 3 0.397957 1.938536 0.137088 3.651676
79404.062946 3 0.397940 1.950041 0.142326 3.651700
79416.387507 3 0.397923 1.961624 0.147564 3.651724
79428.588822 3 0.397906 1.973285 0.152802 3.651746
79440.668125 3 0.397889 1.985024 0.158040 3.651768
79452.626634 3 0.397872 1.996842 0.163277 3.651788
79464.465558 3 0.397855 2.008739 0.168515 3.651808
79476.186093 3 0.397837 2.020717 0.173753 3.651826
79487.789423 3 0.397820 2.032776 0.178991 3.651843
79499.276719 3 0.397802 2.044916 0.184228 3.651860
79510.649142 3 0.397784 2.057138 0.189466 3.651875
79521.907841 3 0.397766 2.069443 0.194704 3.651890
79533.053954 3 0.397748 2.081831 0.199942 3.651903
79544.088605 3 0.397730 2.094303 0.205179 3.651916
79555.012909 3 0.397711 2.106859 0.210417 3.651927
79565.827970 3 0.397693 2.119500 0.215655 3.651938
79576.534881 3 0.397674 2.132228 0.220893 3.651947
79587.134723 3 0.397655 2.145042 0.226131 3.651955
79597.628566 3 0.397636 2.157943 0.231368 3.651963
79608.017471 3 0.397617 2.170931 0.236606 3.651969
79618.302487 3 0.397597 2.184008 0.241844 3.651974
79628.484653 3 0.397578 2.197175 0.247082 3.651979
79638.564997 3 0.397558 2.210431 0.252319 3.651982
79648.544537 3 0.397538 2.223777 0.257557 3.651984
79658.424282 3 0.397518 2.237215 0.262795 3.651985
79668.205230 3 0.397498 2.250744 0.268033 3.651986
79677.888368 3 0.397478 2.264366 0.273270 3.651985
79687.474675 3 0.397457 2.278081 0.278508 3.651983
79696.965119 3 0.397437 2.291891 0.283746 3.651980
79706.360658 3 0.397416 2.305795 0.288984 3.651976
79715.662242 3 0.397395 2.319794 0.294221 3.651971
79724.870810 3 0.397374 2.333889 0.299459 3.651965
79733.987293 3 0.397352 2.348082 0.304697 3.651958
79743.012610 3 0.397331 2.362372 0.309935 3.651950
79751.947675 3 0.397309 2.376760 0.315173 3.651941
79760.793388 3 0.397287 2.391247 0.320410 3.651931
79769.550645 3 0.397265 2.405835 0.325648 3.651920
79778.220329 3 0.397243 2.420522 0.330886 3.651907
79786.803316 3 0.397221 2.435312 0.336124 3.651894
79795.300474 3 0.397198 2.450203 0.341361 3.651880
79803.712660 3 0.397175 2.465198 0.346599 3.651864
79812.040723 3 0.397152 2.480296 0.351837 3.651848
79820.285507 3 0.397129 2.495499 0.357075 3.651831
79828.447842 3 0.397106 2.510807 0.362312 3.651812
79836.528554 3 0.397082 2.526221 0.367550 3.651792
79844.528459 3 0.397059 2.541742 0.372788 3.651772
79852.448365 3 0.397035 2.557371 0.378026 3.651750
79860.289072 3 0.397010 2.573109 0.383264 3.651727
79868.051372 3 0.396986 2.588956 0.388501 3.651704
79875.736049 3 0.396962 2.604914 0.393739 3.651679
79883.343879 3 0.396937 2.620983 0.398977 3.651653
79890.875630 3 0.396912 2.637164 0.404215 3.651626
79898.332065 3 0.396887 2.653457 0.409452 3.651598
79905.713935 3 0.396862 2.669865 0.414690 3.651568
79913.021986 3 0.396836 2.686387 0.419928 3.651538
79920.256956 3 0.396810 2.703025 0.425166 3.651507
79927.419577 3 0.396784 2.719779 0.430403 3.651475
79934.510572 3 0.396758 2.736650 0.435641 3.651441
79941.530657 3 0.396732 2.753640 0.440879 3.651407
79948.480541 3 0.396705 2.770749 0.446117 3.651371
79955.360926 3 0.396678 2.787978 0.451354 3.651335
79962.172507 3 0.396651 2.805328 0.456592 3.651297
79968.915973 3 0.396624 2.822800 0.461830 3.651258
79975.592004 3 0.396596 2.840395 0.467068 3.651218
79982.201274 3 0.396569 2.858114 0.472306 3.651177
79988.744452 3 0.396541 2.875958 0.477543 3.651135
79995.222198 3 0.396512 2.893928 0.482781 3.651092
80001.635166 3 0.396484 2.912024 0.488019 3.651048
80007.984005 3 0.396455 2.930249 0.493257 3.651002
80014.269356 3 0.396426 2.948602 0.498494 3.650956
80020.491853 3 0.396397 2.967085 0.503732 3.650909
80026.652125 3 0.396368 2.985698 0.508970 3.650860
80032.750794 3 0.396338 3.004444 0.514208 3.650810
80038.788477 3 0.396308 3.023322 0.519445 3.650760
80044.765782 3 0.396278 3.042335 0.524683 3.650708
80050.683315 3 0.396248 3.061482 0.529921 3.650655
80056.541672 3 0.396217 3.080766 0.535159 3.650601
80062.341446 3 0.396186 3.100186 0.540397 3.650546
80068.083222 3 0.396155 3.119745 0.545634 3.650490
80073.767581 3 0.396123 3.139443 0.550872 3.650432
80079.395095 3 0.396092 3.159282 0.556110 3.650374
80084.966335 3 0.396060 3.179262 0.561348 3.650314
80090.481862 3 0.396027 3.199384 0.566585 3.650254
80095.942234 3 0.395995 3.219650 0.571823 3.650192
80101.348002 3 0.395962 3.240061 0.577061 3.650129
80106.699713 3 0.395929 3.260618 0.582299 3.650065
80111.997906 3 0.395896 3.281323 0.587536 3.650000
80117.243117 3 0.395862 3.302175 0.592774 3.649934
80122.435877 3 0.395828 3.323177 0.598012 3.649867
80127.576709 3 0.395794 3.344330 0.603250 3.649798
80132.666132 3 0.395759 3.365634 0.608487 3.649729
80137.704661 3 0.395725 3.387092 0.613725 3.649658
80142.692805 3 0.395690 3.408704 0.618963 3.649587
80147.631068 3 0.395654 3.430471 0.624201 3.649514
80152.519947 3 0.395618 3.452395 0.629439 3.649440
80157.359938 3 0.395582 3.474477 0.634676 3.649365
80162.151530 3 0.395546 3.496719 0.639914 3.649289
80166.895205 3 0.395510 3.519121 0.645152 3.649211
80171.591443 3 0.395473 3.541684 0.650390 3.649133
80176.240719 3 0.395435 3.564411 0.655627 3.649054
80180.843503 3 0.395398 3.587302 0.660865 3.648973
80185.400258 3 0.395360 3.610358 0.666103 3.648891
80189.911446 3 0.395322 3.633582 0.671341 3.648808
80194.377522 3 0.395283 3.656974 0.676578 3.648724
80198.798938 3 0.395244 3.680536 0.681816 3.648639
80203.176139 3 0.395205 3.704268 0.687054 3.648553
80207.509568 3 0.395166 3.728173 0.692292 3.648465
80211.799663 3 0.395126 3.752252 0.697530 3.648377
80216.046857 3 0.395086 3.776506 0.702767 3.648287
80220.251579 3 0.395045 3.800937 0.708005 3.648197
80224.414253 3 0.395004 3.825545 0.713243 3.648105
80228.535301 3 0.394963 3.850333 0.718481 3.648012
80232.615139 3 0.394921 3.875302 0.723718 3.647917
80236.654178 3 0.394879 3.900453 0.728956 3.647822
80240.652827 3 0.394837 3.925788 0.734194 3.647726
80244.611489 3 0.394794 3.951308 0.739432 3.647628
80248.530565 3 0.394751 3.977014 0.744669 3.647529
80252.410449 3 0.394708 4.002909 0.749907 3.647429
80256.251535 3 0.394664 4.028994 0.755145 3.647328
80260.054211 3 0.394620 4.055270 0.760383 3.647226
80263.818859 3 0.394575 4.081739 0.765620 3.647123
80267.545861 3 0.394530 4.108402 0.770858 3.647019
80271.235593 3 0.394485 4.135261 0.776096 3.646913
80274.888427 3 0.394439 4.162317 0.781334 3.646806
80278.504734 3 0.394393 4.189573 0.786572 3.646699
80282.084877 3 0.394347 4.217029 0.791809 3.646590
80285.629219 3 0.394300 4.244688 0.797047 3.646479
80289.138117 3 0.394252 4.272551 0.802285 3.646368
80292.611926 3 0.394205 4.300619 0.807523 3.646256
80296.050998 3 0.394157 4.328894 0.812760 3.646142
80299.455678 3 0.394108 4.357379 0.817998 3.646027
80302.826312 3 0.394059 4.386074 0.823236 3.645912
80306.163239 3 0.394009 4.414981 0.828474 3.645795
80309.466797 3 0.393960 4.444103 0.833711 3.645676
80312.737320 3 0.393909 4.473440 0.838949 3.645557
80315.975137 3 0.393859 4.502995 0.844187 3.645437
80319.180576 3 0.393807 4.532770 0.849425 3.645315
80322.353961 3 0.393756 4.562765 0.854663 3.645192
80325.495612 3 0.393704 4.592984 0.859900 3.645068
80328.605847 3 0.393651 4.623427 0.865138 3.644943
80331.684979 3 0.393598 4.654097 0.870376 3.644817
80334.733319 3 0.393544 4.684995 0.875614 3.644689
80337.751177 3 0.393491 4.716123 0.880851 3.644561
80340.738855 3 0.393436 4.747484 0.886089 3.644431
80343.696657 3 0.393381 4.779079 0.891327 3.644300
80346.624881 3 0.393326 4.810910 0.896565 3.644168
80349.523823 3 0.393270 4.842978 0.901802 3.644035
80352.393775 3 0.393214 4.875287 0.907040 3.643901
80355.235028 3 0.393157 4.907837 0.912278 3.643765
80358.047868 3 0.393099 4.940632 0.917516 3.643628
80360.832580 3 0.393041 4.973672 0.922753 3.643490
80363.589445 3 0.392983 5.006959 0.927991 3.643351
80366.318741 3 0.392924 5.040497 0.933229 3.643211
80369.020744 3 0.392865 5.074287 0.938467 3.643070
80371.695727 3 0.392805 5.108330 0.943705 3.642927
80374.343960 3 0.392744 5.142630 0.948942 3.642783
80376.965711 3 0.392683 5.177188 0.954180 3.642639
80379.561245 3 0.392621 5.212006 0.959418 3.642493
80382.130823 3 0.392559 5.247087 0.964656 3.642345
80384.674705 3 0.392497 5.282432 0.969893 3.642197
80387.193149 3 0.392433 5.318044 0.975131 3.642047
80389.686408 3 0.392370 5.353926 0.980369 3.641897
80392.154734 3 0.392305 5.390078 0.985607 3.641745
80394.598377 3 0.392240 5.426504 0.990844 3.641592
80397.017584 3 0.392175 5.463205 0.996082 3.641437
80399.412599 3 0.392109 5.500185 1.001320 3.641282
80401.783663 3 0.392042 5.537445 1.006558 3.641125
80404.131017 3 0.391975 5.574987 1.011796 3.640967
80406.454897 3 0.391907 5.612815 1.017033 3.640809
80408.755539 3 0.391838 5.650930 1.022271 3.640648
80411.033174 3 0.391769 5.689334 1.027509 3.640487
80413.288033 3 0.391699 5.728031 1.032747 3.640325
80415.520343 3 0.391629 5.767022 1.037984 3.640161
80417.730330 3 0.391558 5.806311 1.043222 3.639996
80419.918217 3 0.391486 5.845899 1.048460 3.639830
80422.084226 3 0.391414 5.885788 1.053698 3.639663
80424.228574 3 0.391341 5.925983 1.058935 3.639494
80426.351479 3 0.391267 5.966484 1.064173 3.639325
80428.453155 3 0.391193 6.007295 1.069411 3.639154
80430.533814 3 0.391118 6.048418 1.074649 3.638982
80432.593666 3 0.391042 6.089856 1.079886 3.638809
80434.632920 3 0.390966 6.131611 1.085124 3.638634
80436.651781 3 0.390889 6.173687 1.090362 3.638459
80438.650454 3 0.390811 6.216085 1.095600 3.638282
80440.629140 3 0.390733 6.258808 1.100838 3.638104
80442.588039 3 0.390653 6.301860 1.106075 3.637925
80444.527349 3 0.390574 6.345243 1.111313 3.637745
80446.447266 3 0.390493 6.388959 1.116551 3.637563
80448.347984 3 0.390412 6.433012 1.121789 3.637381
80450.229695 3 0.390330 6.477404 1.127026 3.637197
80452.092588 3 0.390247 6.522139 1.132264 3.637012
80453.936853 3 0.390163 6.567218 1.137502 3.636825
80455.762675 3 0.390079 6.612646 1.142740 3.636638
80457.570239 3 0.389994 6.658424 1.147977 3.636449
80459.359727 3 0.389908 6.704557 1.153215 3.636259
80461.131320 3 0.389821 6.751046 1.158453 3.636068
80462.885197 3 0.389734 6.797895 1.163691 3.635876
80464.621536 3 0.389645 6.845107 1.168928 3.635683
80466.340511 3 0.389556 6.892684 1.174166 3.635488
80468.042297 3 0.389466 6.940631 1.179404 3.635292
80469.727064 3 0.389375 6.988950 1.184642 3.635095
80471.394984 3 0.389284 7.037645 1.189880 3.634897
80473.046225 3 0.389191 7.086718 1.195117 3.634697
80474.680953 3 0.389098 7.136172 1.200355 3.634497
80476.299334 3 0.389004 7.186012 1.205593 3.634295
80477.901531 3 0.388909 7.236239 1.210831 3.634092
80479.487706 3 0.388813 7.286859 1.216068 3.633887
80481.058020 3 0.388716 7.337873 1.221306 3.633682
80482.612630 3 0.388618 7.389285 1.226544 3.633475
80484.151694 3 0.388520 7.441099 1.231782 3.633267
80485.675368 3 0.388420 7.493318 1.237019 3.633058
80487.183805 3 0.388320 7.545946 1.242257 3.632848
80488.677157 3 0.388218 7.598985 1.247495 3.632637
80490.155576 3 0.388116 7.652440 1.252733 3.632424
80491.619211 3 0.388013 7.706314 1.257971 3.632210
80493.068209 3 0.387909 7.760611 1.263208 3.631995
80494.502718 3 0.387803 7.815333 1.268446 3.631778
80495.922881 3 0.387697 7.870486 1.273684 3.631561
80497.328843 3 0.387590 7.926072 1.278922 3.631342
80498.720745 3 0.387482 7.982096 1.284159 3.631122
80500.098728 3 0.387373 8.038560 1.289397 3.630901
80501.462931 3 0.387262 8.095469 1.294635 3.630678
80502.813492 3 0.387151 8.152827 1.299873 3.630455
80504.150548 3 0.387039 8.210638 1.305110 3.630230
80505.474233 3 0.386925 8.268904 1.310348 3.630004
80506.784681 3 0.386811 8.327632 1.315586 3.629776
80508.082025 3 0.386695 8.386823 1.320824 3.629548
80509.366395 3 0.386579 8.446483 1.326061 3.629318
80510.637922 3 0.386461 8.506615 1.331299 3.629087
80511.896733 3 0.386342 8.567223 1.336537 3.628855
80513.142956 3 0.386222 8.628312 1.341775 3.628621
80514.376717 3 0.386101 8.689886 1.347013 3.628387
80515.598141 3 0.385979 8.751948 1.352250 3.628151
80516.807350 3 0.385855 8.814504 1.357488 3.627914
80518.004467 3 0.385731 8.877557 1.362726 3.627675
80519.189613 3 0.385605 8.941112 1.367964 3.627436
80520.362907 3 0.385478 9.005172 1.373201 3.627195
80521.524469 3 0.385350 9.069744 1.378439 3.626953
80522.674414 3 0.385221 9.134830 1.383677 3.626710
80523.812861 3 0.385090 9.200435 1.388915 3.626465
80524.939923 3 0.384958 9.266565 1.394152 3.626219
80526.055714 3 0.384825 9.333223 1.399390 3.625972
80527.160347 3 0.384691 9.400414 1.404628 3.625724
80528.253934 3 0.384555 9.468142 1.409866 3.625475
80529.336586 3 0.384418 9.536414 1.415104 3.625224
80530.408410 3 0.384280 9.605232 1.420341 3.624972
80531.469517 3 0.384140 9.674603 1.425579 3.624719
80532.520012 3 0.383999 9.744530 1.430817 3.624464
80533.560002 3 0.383857 9.815019 1.436055 3.624209
80534.589593 3 0.383713 9.886074 1.441292 3.623952
80535.608887 3 0.383568 9.957701 1.446530 3.623694
80536.617989 3 0.383421 10.029905 1.451768 3.623434
80537.617000 3 0.383274 10.102691 1.457006 3.623173
80538.606020 3 0.383124 10.176063 1.462243 3.622912
80539.585151 3 0.382973 10.250028 1.467481 3.622648
80540.554490 3 0.382821 10.324589 1.472719 3.622384
80541.514135 3 0.382667 10.399754 1.477957 3.622118
80542.464184 3 0.382512 10.475526 1.483194 3.621851
80543.404733 3 0.382355 10.551911 1.488432 3.621583
80544.335876 3 0.382197 10.628915 1.493670 3.621314
80545.257708 3 0.382037 10.706543 1.498908 3.621043
80546.170322 3 0.381876 10.784801 1.504146 3.620771
80547.073809 3 0.381713 10.863694 1.509383 3.620498
80547.968261 3 0.381549 10.943228 1.514621 3.620223
80548.853769 3 0.381383 11.023408 1.519859 3.619947
80549.730422 3 0.381215 11.104241 1.525097 3.619670
80550.598308 3 0.381045 11.185733 1.530334 3.619392
80551.457516 3 0.380874 11.267888 1.535572 3.619112
80552.308131 3 0.380702 11.350713 1.540810 3.618831
80553.150240 3 0.380527 11.434215 1.546048 3.618549
80553.983928 3 0.380351 11.518398 1.551285 3.618266
80554.809280 3 0.380173 11.603269 1.556523 3.617981
80555.626377 3 0.379993 11.688835 1.561761 3.617695
80556.435304 3 0.379812 11.775102 1.566999 3.617408
80557.236142 3 0.379629 11.862075 1.572237 3.617119
80558.028971 3 0.379444 11.949762 1.577474 3.616830
80558.813872 3 0.379257 12.038168 1.582712 3.616538
80559.590923 3 0.379068 12.127301 1.587950 3.616246
80560.360205 3 0.378878 12.217166 1.593188 3.615952
80561.121793 3 0.378685 12.307771 1.598425 3.615657
80561.875766 3 0.378491 12.399121 1.603663 3.615361
80562.622199 3 0.378294 12.491225 1.608901 3.615063
80563.361167 3 0.378096 12.584088 1.614139 3.614764
80564.092746 3 0.377896 12.677717 1.619376 3.614464
80564.817009 3 0.377693 12.772120 1.624614 3.614163
80565.534029 3 0.377489 12.867304 1.629852 3.613860
80566.243880 3 0.377283 12.963275 1.635090 3.613556
80566.946631 3 0.377074 13.060041 1.640327 3.613250
80567.642356 3 0.376864 13.157609 1.645565 3.612943
80568.331123 3 0.376651 13.255986 1.650803 3.612635
80569.013002 3 0.376436 13.355181 1.656041 3.612326
80569.688062 3 0.376219 13.455199 1.661279 3.612015
80570.356372 3 0.376000 13.556050 1.666516 3.611703
80571.017999 3 0.375779 13.657740 1.671754 3.611390
80571.673010 3 0.375555 13.760277 1.676992 3.611075
80572.321470 3 0.375329 13.863670 1.682230 3.610759
80572.963446 3 0.375101 13.967925 1.687467 3.610441
80573.599002 3 0.374871 14.073051 1.692705 3.610123
80574.228202 3 0.374638 14.179056 1.697943 3.609803
80574.851111 3 0.374403 14.285949 1.703181 3.609481
80575.467790 3 0.374165 14.393736 1.708418 3.609158
80576.078303 3 0.373925 14.502427 1.713656 3.608834
80576.682710 3 0.373683 14.612031 1.718894 3.608509
80577.281074 3 0.373438 14.722555 1.724132 3.608182
80577.873454 3 0.373190 14.834008 1.729370 3.607854
80578.459910 3 0.372940 14.946399 1.734607 3.607524
80579.040501 3 0.372688 15.059736 1.739845 3.607193
80579.615287 3 0.372432 15.174029 1.745083 3.606861
80580.184324 3 0.372175 15.289286 1.750321 3.606527
80580.747672 3 0.371914 15.405517 1.755558 3.606192
80581.305385 3 0.371651 15.522730 1.760796 3.605856
80581.857522 3 0.371385 15.640935 1.766034 3.605518
80582.404137 3 0.371116 15.760142 1.771272 3.605178
80582.945286 3 0.370845 15.880359 1.776509 3.604838
80583.481024 3 0.370571 16.001597 1.781747 3.604496
80584.011404 3 0.370294 16.123864 1.786985 3.604152
80584.536481 3 0.370014 16.247171 1.792223 3.603807
80585.056307 3 0.369731 16.371528 1.797460 3.603461
80585.570934 3 0.369445 16.496945 1.802698 3.603113
80586.080415 3 0.369156 16.623431 1.807936 3.602764
80586.584802 3 0.368864 16.750997 1.813174 3.602414
80587.084144 3 0.368569 16.879654 1.818412 3.602062
80587.578493 3 0.368271 17.009411 1.823649 3.601708
80588.067899 3 0.367970 17.140280 1.828887 3.601353
80588.552410 3 0.367665 17.272271 1.834125 3.600997
80589.032077 3 0.367358 17.405394 1.839363 3.600639
80589.506947 3 0.367047 17.539662 1.844600 3.600280
80589.977068 3 0.366733 17.675084 1.849838 3.599919
80590.442487 3 0.366415 17.811673 1.855076 3.599557
80590.903253 3 0.366094 17.949439 1.860314 3.599194
80591.359411 3 0.365770 18.088394 1.865551 3.598828
80591.811007 3 0.365442 18.228550 1.870789 3.598462
80592.258088 3 0.365111 18.369917 1.876027 3.598094
80592.700698 3 0.364776 18.512509 1.881265 3.597724
80593.138881 3 0.364438 18.656338 1.886503 3.597353
80593.572683 3 0.364096 18.801414 1.891740 3.596980
80594.002147 3 0.363750 18.947751 1.896978 3.596606
80594.427316 3 0.363401 19.095362 1.902216 3.596231
80594.848233 3 0.363048 19.244258 1.907454 3.595853
80595.264941 3 0.362691 19.394452 1.912691 3.595475
80595.677482 3 0.362330 19.545958 1.917929 3.595094
80596.085898 3 0.361965 19.698788 1.923167 3.594713
80596.490230 3 0.361596 19.852956 1.928405 3.594329
80596.890518 3 0.361224 20.008475 1.933642 3.593944
80597.286803 3 0.360847 20.165359 1.938880 3.593558
80597.679126 3 0.360466 20.323621 1.944118 3.593170
80598.067525 3 0.360081 20.483275 1.949356 3.592780
80598.452040 3 0.359692 20.644336 1.954593 3.592388
80598.832710 3 0.359298 20.806818 1.959831 3.591996
80599.209574 3 0.358900 20.970734 1.965069 3.591601
80599.582668 3 0.358498 21.136100 1.970307 3.591205
80599.952032 3 0.358091 21.302931 1.975545 3.590807
80600.317702 3 0.357680 21.471241 1.980782 3.590408
80600.679716 3 0.357264 21.641046 1.986020 3.590006
80601.038109 3 0.356844 21.812361 1.991258 3.589604
80601.392919 3 0.356418 21.985202 1.996496 3.589199
80601.744180 3 0.355989 22.159584 2.001733 3.588793
80602.091929 3 0.355554 22.335523 2.006971 3.588385
80602.436200 3 0.355114 22.513037 2.012209 3.587976
80602.777029 3 0.354670 22.692140 2.017447 3.587564
80603.114449 3 0.354220 22.872851 2.022684 3.587152
80603.448495 3 0.353766 23.055185 2.027922 3.586737
80603.779200 3 0.353306 23.239160 2.033160 3.586320
80604.106599 3 0.352841 23.424793 2.038398 3.585902
80604.430724 3 0.352371 23.612102 2.043635 3.585482
80604.751607 3 0.351896 23.793925 2.048873 3.585126
80605.069281 3 0.351415 23.951243 2.054111 3.585004
80605.383779 3 0.350929 24.109028 2.059349 3.584888
80605.695132 3 0.350439 24.267243 2.064587 3.584777
80606.003371 3 0.349944 24.425851 2.069824 3.584672
80606.308528 3 0.349443 24.584808 2.075062 3.584573
80606.610633 3 0.348938 24.744071 2.080300 3.584480
80606.909717 3 0.348428 24.903589 2.085538 3.584394
80607.205811 3 0.347912 25.063311 2.090775 3.584315
80607.498943 3 0.347392 25.223177 2.096013 3.584244
80607.789144 3 0.346866 25.383127 2.101251 3.584181
80608.076443 3 0.346335 25.543090 2.106489 3.584126
80608.360869 3 0.345799 25.702994 2.111726 3.584080
80608.642451 3 0.345258 25.862757 2.116964 3.584044
80608.921217 3 0.344711 26.022292 2.122202 3.584018
80609.197195 3 0.344159 26.181501 2.127440 3.584003
80609.470414 3 0.343601 26.340278 2.132677 3.584000
80609.740900 3 0.343038 26.498508 2.137915 3.584009
80610.008682 3 0.342470 26.656063 2.143153 3.584031
80610.273786 3 0.341896 26.812801 2.148391 3.584067
80610.536238 3 0.341317 26.968566 2.153628 3.584119
80610.796066 3 0.340732 27.123186 2.158866 3.584187
80611.053296 3 0.340142 27.276467 2.164104 3.584272
80611.307954 3 0.339546 27.428195 2.169341 3.584377
80611.560065 3 0.338944 27.578127 2.174579 3.584503
80611.809655 3 0.338337 27.725992 2.179817 3.584651
80612.056749 3 0.337724 27.871481 2.185054 3.584824
80612.301372 3 0.337106 28.014244 2.190292 3.585024
80612.543548 3 0.336482 28.153882 2.195529 3.585254
80612.783304 3 0.335853 28.289932 2.200767 3.585516
80613.020661 3 0.335218 28.421860 2.206004 3.585815
80613.255645 3 0.334578 28.549043 2.211242 3.586155
80613.488279 3 0.333932 28.670746 2.216479 3.586541
80613.718587 3 0.333281 28.786097 2.221716 3.586978
80613.946591 3 0.332625 28.894051 2.226953 3.587475
80614.172316 3 0.331963 28.993342 2.232191 3.588039
80614.395783 3 0.331297 29.082419 2.237427 3.588682
80614.617016 3 0.330626 29.159357 2.242664 3.589418
80614.836036 3 0.329951 29.221736 2.247901 3.590263
80615.052867 3 0.329271 29.266469 2.253137 3.591240
80615.267528 3 0.328588 29.289555 2.258372 3.592377
80615.480044 3 0.327901 29.285722 2.263607 3.593714
80615.690434 3 0.327211 29.247898 2.268842 3.595304
80615.898720 3 0.326520 29.166410 2.274075 3.597218
80616.104923 3 0.325827 29.027766 2.279307 3.599560
80616.309065 3 0.325135 28.812757 2.284536 3.602482
80616.410115 3 0.324790 28.668569 2.287143 3.604223
80616.510659 3 0.324447 28.494116 2.289749 3.606200
80616.610701 3 0.324104 28.283862 2.292354 3.608460
80616.710701 3 0.323764 28.031035 2.294958 3.611060
80616.810701 3 0.323594 27.886397 2.296257 3.612509
80616.910701 3 0.323426 27.727944 2.297556 3.614071
80617.010701 3 0.323258 27.554360 2.298854 3.615759
80617.110701 3 0.323092 27.364189 2.300152 3.617587
80617.210701 3 0.322926 27.155826 2.301449 3.619571
80617.310701 3 0.322761 26.927504 2.302745 3.621729
80617.410701 3 0.322598 26.677276 2.304040 3.624080
80617.510701 3 0.322517 26.543504 2.304687 3.625333
80617.610701 3 0.322436 26.403469 2.305334 3.626643
80617.710701 3 0.322356 26.256878 2.305980 3.628014
80617.810701 3 0.322276 26.103424 2.306626 3.629448
80617.910701 3 0.322196 25.942788 2.307271 3.630950
80618.010701 3 0.322117 25.774639 2.307917 3.632523
80618.110701 3 0.322039 25.598634 2.308562 3.634173
80618.210701 3 0.321961 25.414417 2.309206 3.635902
80618.310701 3 0.321883 25.221623 2.309850 3.637717
80618.410701 3 0.321806 25.019874 2.310494 3.639621
80618.510701 3 0.321730 24.808785 2.311137 3.641622
80618.610701 3 0.321654 24.587960 2.311779 3.643724
80618.710701 3 0.321579 24.356998 2.312421 3.645934
80618.810701 3 0.321505 24.115492 2.313062 3.648258
80618.910701 3 0.321468 23.990838 2.313383 3.649464
80619.010701 3 0.321431 23.863406 2.313703 3.650700
80619.110701 3 0.321395 23.733145 2.314023 3.651969
80619.210701 3 0.321358 23.600006 2.314343 3.653270
80619.310701 3 0.321322 23.463938 2.314662 3.654606
80619.410701 3 0.321286 23.324890 2.314982 3.655976
80619.510701 3 0.321251 23.182815 2.315301 3.657383
80619.610701 3 0.321215 23.037663 2.315620 3.658826
80619.710701 3 0.321180 22.889386 2.315939 3.660308
80619.810701 3 0.321145 22.737938 2.316257 3.661829
80619.910701 3 0.321110 22.583273 2.316576 3.663391
80620.010701 3 0.321075 22.425347 2.316894 3.664994
80620.110701 3 0.321041 22.264116 2.317212 3.666641
80620.210701 3 0.321007 22.099540 2.317529 3.668331
80620.310701 3 0.320973 21.931578 2.317847 3.670067
80620.410701 3 0.320939 21.760194 2.318164 3.671850
80620.510701 3 0.320906 21.585352 2.318481 3.673681
80620.610701 3 0.320873 21.407019 2.318797 3.675562
80620.710701 3 0.320840 21.225166 2.319113 3.677493
80620.810701 3 0.320807 21.039764 2.319429 3.679477
80620.910701 3 0.320775 20.850791 2.319745 3.681516
80621.010701 3 0.320743 20.658226 2.320060 3.683609
80621.110701 3 0.320711 20.462052 2.320375 3.685760
80621.210701 3 0.320680 20.262256 2.320690 3.687969
80621.310701 3 0.320664 20.161120 2.320847 3.689095
80621.410701 3 0.320649 20.059079 2.321004 3.690236
80621.510701 3 0.320633 19.956133 2.321161 3.691393
80621.610701 3 0.320618 19.852282 2.321317 3.692565
80621.710701 3 0.320603 19.747526 2.321474 3.693753
80621.810701 3 0.320587 19.641865 2.321631 3.694957
80621.910701 3 0.320572 19.535301 2.321787 3.696177
80622.010701 3 0.320557 19.427835 2.321944 3.697414
80622.110701 3 0.320542 19.319469 2.322100 3.698668
80622.210701 3 0.320527 19.210203 2.322256 3.699939
80622.310701 3 0.320513 19.100042 2.322412 3.701227
80622.410701 3 0.320498 18.988987 2.322568 3.702532
80622.510701 3 0.320483 18.877041 2.322724 3.703855
80622.610701 3 0.320469 18.764208 2.322880 3.705195
80622.710701 3 0.320454 18.650492 2.323036 3.706554
80622.810701 3 0.320440 18.535897 2.323191 3.707932
80622.910701 3 0.320426 18.420427 2.323347 3.709327
80623.010701 3 0.320412 18.304088 2.323502 3.710742
80623.110701 3 0.320398 18.186885 2.323657 3.712176
80623.210701 3 0.320384 18.068824 2.323812 3.713629
80623.310701 3 0.320370 17.949911 2.323967 3.715101
80623.410701 3 0.320356 17.830153 2.324122 3.716593
80623.510701 3 0.320342 17.709558 2.324277 3.718106
80623.610701 3 0.320328 17.588133 2.324431 3.719638
80623.710701 3 0.320315 17.465886 2.324585 3.721192
80623.810701 3 0.320301 17.342825 2.324740 3.722766
80623.910701 3 0.320288 17.218961 2.324894 3.724361
80624.010701 3 0.320275 17.094302 2.325048 3.725977
80624.110701 3 0.320262 16.968859 2.325201 3.727615
80624.210701 3 0.320249 16.842642 2.325355 3.729274
80624.310701 3 0.320236 16.715662 2.325509 3.730956
80624.410701 3 0.320223 16.587931 2.325662 3.732660
80624.510701 3 0.320210 16.459460 2.325815 3.734387
80624.610701 3 0.320197 16.330263 2.325968 3.736136
80624.710701 3 0.320185 16.200352 2.326121 3.737909
80624.810701 3 0.320172 16.069741 2.326274 3.739705
80624.910701 3 0.320160 15.938444 2.326426 3.741524
80625.010701 3 0.320147 15.806476 2.326578 3.743368
80625.110701 3 0.320135 15.673851 2.326731 3.745235
80625.210701 3 0.320123 15.540586 2.326883 3.747128
80625.310701 3 0.320111 15.406696 2.327034 3.749044
80625.410701 3 0.320099 15.272198 2.327186 3.750986
80625.510701 3 0.320088 15.137109 2.327338 3.752953
80625.610701 3 0.320076 15.001447 2.327489 3.754946
80625.710701 3 0.320064 14.865230 2.327640 3.756965
80625.810701 3 0.320053 14.728476 2.327791 3.759009
80625.910701 3 0.320041 14.591205 2.327941 3.761080
80626.010701 3 0.320030 14.453436 2.328092 3.763178
80626.110701 3 0.320019 14.315189 2.328242 3.765303
80626.210701 3 0.320008 14.176485 2.328392 3.767454
80626.310701 3 0.319997 14.037345 2.328542 3.769634
80626.410701 3 0.319986 13.897790 2.328691 3.771841
80626.510701 3 0.319981 13.827931 2.328766 3.772954
80626.610701 3 0.319976 13.757976 2.328841 3.774074
80626.710701 3 0.319970 13.687929 2.328915 3.775201
80626.810701 3 0.319965 13.617793 2.328990 3.776335
80626.910701 3 0.319960 13.547570 2.329065 3.777476
80627.010701 3 0.319954 13.477264 2.329139 3.778624
80627.110701 3 0.319949 13.406876 2.329213 3.779780
80627.210701 3 0.319944 13.336411 2.329288 3.780943
80627.310701 3 0.319939 13.265871 2.329362 3.782113
80627.410701 3 0.319934 13.195259 2.329436 3.783291
80627.510701 3 0.319929 13.124578 2.329510 3.784475
80627.610701 3 0.319924 13.053832 2.329584 3.785668
80627.710701 3 0.319919 12.983022 2.329658 3.786867
80627.810701 3 0.319914 12.912153 2.329732 3.788074
80627.910701 3 0.319909 12.841227 2.329806 3.789289
80628.010701 3 0.319904 12.770247 2.329880 3.790511
80628.110701 3 0.319899 12.699217 2.329954 3.791741
80628.210701 3 0.319894 12.628140 2.330028 3.792978
80628.310701 3 0.319889 12.557019 2.330101 3.794223
80628.410701 3 0.319884 12.485857 2.330175 3.795475
80628.510701 3 0.319879 12.414658 2.330248 3.796735
80628.610701 3 0.319875 12.343424 2.330322 3.798003
80628.710701 3 0.319870 12.272159 2.330395 3.799279
80628.810701 3 0.319865 12.200866 2.330468 3.800562
80628.910701 3 0.319860 12.129549 2.330542 3.801854
80629.010701 3 0.319856 12.058210 2.330615 3.803153
80629.110701 3 0.319851 11.986854 2.330688 3.804460
80629.210701 3 0.319846 11.915483 2.330761 3.805775
80629.310701 3 0.319842 11.844101 2.330834 3.807098
80629.410701 3 0.319837 11.772712 2.330907 3.808429
80629.510701 3 0.319833 11.701318 2.330980 3.809768
80629.610701 3 0.319828 11.629923 2.331052 3.811115
80629.710701 3 0.319824 11.558530 2.331125 3.812471
80629.810701 3 0.319819 11.487144 2.331198 3.813834
80629.910701 3 0.319815 11.415767 2.331270 3.815206
80630.010701 3 0.319810 11.344403 2.331343 3.816585
80630.110701 3 0.319806 11.273055 2.331415 3.817974
80630.210701 3 0.319802 11.201727 2.331488 3.819370
80630.310701 3 0.319797 11.130422 2.331560 3.820775
80630.410701 3 0.319793 11.059144 2.331632 3.822188
80630.510701 3 0.319789 10.987896 2.331704 3.823609
80630.610701 3 0.319784 10.916683 2.331776 3.825039
80630.710701 3 0.319780 10.845507 2.331848 3.826478
80630.810701 3 0.319776 10.774371 2.331920 3.827925
80630.910701 3 0.319772 10.703281 2.331992 3.829380
80631.010701 3 0.319768 10.632238 2.332063 3.830844
80631.110701 3 0.319764 10.561247 2.332135 3.832317
80631.210701 3 0.319760 10.490311 2.332206 3.833798
80631.310701 3 0.319755 10.419433 2.332278 3.835288
80631.410701 3 0.319751 10.348618 2.332349 3.836787
80631.510701 3 0.319747 10.277869 2.332421 3.838294
80631.610701 3 0.319743 10.207190 2.332492 3.839810
80631.710701 3 0.319740 10.136583 2.332563 3.841335
80631.810701 3 0.319736 10.066053 2.332634 3.842869
80631.910701 3 0.319732 9.995604 2.332705 3.844412
80632.010701 3 0.319728 9.925238 2.332776 3.845964
80632.110701 3 0.319724 9.854959 2.332846 3.847525
80632.210701 3 0.319720 9.784771 2.332917 3.849094
80632.310701 3 0.319716 9.714678 2.332988 3.850673
80632.410701 3 0.319713 9.644682 2.333058 3.852261
80632.510701 3 0.319709 9.574789 2.333129 3.853858
80632.610701 3 0.319705 9.505000 2.333199 3.855464
80632.710701 3 0.319702 9.435320 2.333269 3.857079
80632.810701 3 0.319698 9.365753 2.333339 3.858704
80632.910701 3 0.319694 9.296301 2.333409 3.860338
80633.010701 3 0.319691 9.226969 2.333479 3.861981
80633.110701 3 0.319687 9.157759 2.333549 3.863633
80633.210701 3 0.319684 9.088676 2.333619 3.865295
80633.310701 3 0.319680 9.019723 2.333688 3.866966
80633.410701 3 0.319677 8.950903 2.333758 3.868647
80633.510701 3 0.319673 8.882220 2.333827 3.870337
80633.610701 3 0.319670 8.813677 2.333897 3.872036
80633.710701 3 0.319666 8.745278 2.333966 3.873745
80633.810701 3 0.319663 8.677026 2.334035 3.875464
80633.910701 3 0.319660 8.608925 2.334104 3.877192
80634.010701 3 0.319656 8.540978 2.334173 3.878930
80634.110701 3 0.319653 8.473188 2.334242 3.880678
80634.210701 3 0.319650 8.405560 2.334310 3.882435
80634.310701 3 0.319646 8.338095 2.334379 3.884202
80634.410701 3 0.319643 8.270799 2.334447 3.885979
80634.510701 3 0.319640 8.203673 2.334516 3.887765
80634.610701 3 0.319637 8.136721 2.334584 3.889562
80634.710701 3 0.319634 8.069947 2.334652 3.891368
80634.810701 3 0.319631 8.003354 2.334720 3.893185
80634.910701 3 0.319627 7.936946 2.334788 3.895011
80635.010701 3 0.319624 7.870724 2.334856 3.896847
80635.110701 3 0.319621 7.804693 2.334924 3.898694
80635.210701 3 0.319618 7.738856 2.334991 3.900550
80635.310701 3 0.319615 7.673216 2.335059 3.902417
80635.410701 3 0.319612 7.607776 2.335126 3.904293
80635.510701 3 0.319609 7.542540 2.335193 3.906180
80635.610701 3 0.319606 7.477510 2.335260 3.908077
80635.710701 3 0.319604 7.412689 2.335327 3.909985
80635.810701 3 0.319601 7.348081 2.335394 3.911902
80635.910701 3 0.319598 7.283688 2.335461 3.913830
80636.010701 3 0.319595 7.219514 2.335528 3.915768
80636.110701 3 0.319592 7.155562 2.335594 3.917717
80636.210701 3 0.319590 7.091834 2.335660 3.919676
80636.310701 3 0.319587 7.028334 2.335727 3.921646
80636.410701 3 0.319584 6.965064 2.335793 3.923626
80636.510701 3 0.319581 6.902027 2.335859 3.925617
80636.610701 3 0.319579 6.839227 2.335925 3.927618
80636.710701 3 0.319576 6.776665 2.335990 3.929630
80636.810701 3 0.319573 6.714345 2.336056 3.931653
80636.910701 3 0.319571 6.652269 2.336121 3.933686
80637.010701 3 0.319568 6.590441 2.336186 3.935730
80637.110701 3 0.319566 6.528863 2.336252 3.937785
80637.210701 3 0.319563 6.467537 2.336317 3.939850
80637.310701 3 0.319561 6.406466 2.336381 3.941927
80637.410701 3 0.319558 6.345653 2.336446 3.944014
80637.510701 3 0.319556 6.285100 2.336511 3.946112
80637.610701 3 0.319553 6.224810 2.336575 3.948221
80637.710701 3 0.319551 6.164786 2.336639 3.950341
80637.810701 3 0.319549 6.105029 2.336703 3.952473
80637.910701 3 0.319546 6.045542 2.336767 3.954615
80638.010701 3 0.319544 5.986328 2.336831 3.956768
80638.110701 3 0.319542 5.927389 2.336895 3.958933
80638.210701 3 0.319539 5.868728 2.336958 3.961108
80638.310701 3 0.319537 5.810345 2.337022 3.963295
80638.410701 3 0.319535 5.752245 2.337085 3.965493
80638.510701 3 0.319532 5.694429 2.337148 3.967702
80638.610701 3 0.319530 5.636899 2.337211 3.969923
80638.710701 3 0.319528 5.579657 2.337273 3.972155
80638.810701 3 0.319526 5.522706 2.337336 3.974399
80638.910701 3 0.319524 5.466047 2.337398 3.976653
80639.010701 3 0.319522 5.409682 2.337461 3.978920
80639.110701 3 0.319520 5.353614 2.337523 3.981198
80639.210701 3 0.319518 5.297845 2.337584 3.983487
80639.310701 3 0.319515 5.242376 2.337646 3.985788
80639.410701 3 0.319513 5.187209 2.337708 3.988101
80639.510701 3 0.319511 5.132346 2.337769 3.990425
80639.610701 3 0.319509 5.077789 2.337830 3.992761
80639.710701 3 0.319508 5.023540 2.337891 3.995108
80639.810701 3 0.319506 4.969599 2.337952 3.997468
80639.910701 3 0.319504 4.915970 2.338012 3.999839
80640.010701 3 0.319502 4.862654 2.338073 4.002222
80640.110701 3 0.319500 4.809651 2.338133 4.004617
80640.210701 3 0.319498 4.756964 2.338193 4.007024
80640.310701 3 0.319496 4.704595 2.338253 4.009443
80640.410701 3 0.319494 4.652544 2.338312 4.011873
80640.510701 3 0.319493 4.600813 2.338372 4.014316
80640.610701 3 0.319491 4.549403 2.338431 4.016771
80640.710701 3 0.319489 4.498317 2.338490 4.019238
80640.810701 3 0.319487 4.447554 2.338549 4.021717
80640.910701 3 0.319486 4.397117 2.338607 4.024208
80641.010701 3 0.319484 4.347007 2.338666 4.026712
80641.110701 3 0.319482 4.297224 2.338724 4.029227
80641.210701 3 0.319481 4.247770 2.338782 4.031755
80641.310701 3 0.319479 4.198646 2.338839 4.034296
80641.410701 3 0.319477 4.149853 2.338897 4.036848
80641.510701 3 0.319476 4.101392 2.338954 4.039413
80641.610701 3 0.319474 4.053264 2.339011 4.041991
80641.710701 3 0.319472 4.005470 2.339068 4.044581
80641.810701 3 0.319471 3.958011 2.339125 4.047183
80641.910701 3 0.319469 3.910888 2.339181 4.049798
80642.010701 3 0.319468 3.864100 2.339237 4.052426
80642.110701 3 0.319466 3.817650 2.339293 4.055066
80642.210701 3 0.319465 3.771538 2.339349 4.057718
80642.310701 3 0.319463 3.725765 2.339404 4.060384
80642.410701 3 0.319462 3.680330 2.339459 4.063062
80642.510701 3 0.319461 3.635236 2.339514 4.065753
80642.610701 3 0.319459 3.590482 2.339569 4.068456
80642.710701 3 0.319458 3.546068 2.339623 4.071173
80642.810701 3 0.319456 3.501996 2.339677 4.073902
80642.910701 3 0.319455 3.458265 2.339731 4.076644
80643.010701 3 0.319454 3.414877 2.339785 4.079399
80643.110701 3 0.319452 3.371831 2.339838 4.082167
80643.210701 3 0.319451 3.329128 2.339891 4.084948
80643.310701 3 0.319450 3.286767 2.339944 4.087742
80643.410701 3 0.319449 3.244750 2.339997 4.090549
80643.510701 3 0.319447 3.203076 2.340049 4.093369
80643.610701 3 0.319446 3.161746 2.340101 4.096202
80643.710701 3 0.319445 3.120759 2.340153 4.099049
80643.810701 3 0.319444 3.083059 2.340206 4.101701
80643.910701 3 0.319444 3.045594 2.340259 4.104369
80644.010701 3 0.319444 3.008367 2.340312 4.107053
80644.110701 3 0.319443 2.971377 2.340365 4.109753
80644.210701 3 0.319443 2.934628 2.340417 4.112468
80644.310701 3 0.319442 2.898120 2.340469 4.115200
80644.410701 3 0.319442 2.861854 2.340521 4.117947
80644.510701 3 0.319442 2.825833 2.340572 4.120710
80644.610701 3 0.319441 2.790056 2.340623 4.123490
80644.710701 3 0.319441 2.754526 2.340674 4.126286
80644.810701 3 0.319440 2.719243 2.340724 4.129098
80644.910701 3 0.319440 2.684209 2.340774 4.131926
80645.010701 3 0.319439 2.649425 2.340824 4.134771
80645.110701 3 0.319439 2.614893 2.340873 4.137632
80645.210701 3 0.319438 2.580612 2.340922 4.140510
80645.310701 3 0.319438 2.546584 2.340971 4.143404
80645.410701 3 0.319438 2.512811 2.341019 4.146315
80645.510701 3 0.319437 2.479293 2.341067 4.149243
80645.610701 3 0.319437 2.446031 2.341114 4.152188
80645.710701 3 0.319436 2.413026 2.341161 4.155150
80645.810701 3 0.319436 2.380279 2.341208 4.158129
80645.910701 3 0.319435 2.347791 2.341254 4.161124
80646.010701 3 0.319435 2.315563 2.341300 4.164137
80646.110701 3 0.319434 2.283595 2.341346 4.167167
80646.210701 3 0.319434 2.251888 2.341391 4.170215
80646.310701 3 0.319433 2.220442 2.341435 4.173280
80646.410701 3 0.319433 2.189260 2.341480 4.176362
80646.510701 3 0.319432 2.158340 2.341524 4.179461
80646.610701 3 0.319432 2.127684 2.341567 4.182579
80646.710701 3 0.319431 2.097293 2.341610 4.185713
80646.810701 3 0.319431 2.067166 2.341652 4.188866
80646.910701 3 0.319430 2.037305 2.341694 4.192036
80647.010701 3 0.319430 2.007709 2.341736 4.195224
80647.110701 3 0.319429 1.978379 2.341777 4.198430
80647.210701 3 0.319429 1.949316 2.341818 4.201654
80647.310701 3 0.319428 1.920520 2.341858 4.204896
80647.410701 3 0.319428 1.891990 2.341898 4.208156
80647.510701 3 0.319427 1.863728 2.341937 4.211433
80647.610701 3 0.319427 1.835734 2.341976 4.214730
80647.710701 3 0.319426 1.808007 2.342014 4.218044
80647.810701 3 0.319426 1.780548 2.342051 4.221377
80647.910701 3 0.319425 1.753357 2.342088 4.224728
80648.010701 3 0.319424 1.726433 2.342125 4.228097
80648.110701 3 0.319424 1.699778 2.342161 4.231485
80648.210701 3 0.319423 1.673391 2.342197 4.234891
80648.310701 3 0.319423 1.647271 2.342231 4.238316
80648.410701 3 0.319422 1.621419 2.342266 4.241759
80648.510701 3 0.319422 1.595835 2.342300 4.245221
80648.610701 3 0.319421 1.570518 2.342333 4.248702
80648.710701 3 0.319420 1.545468 2.342365 4.252202
80648.810701 3 0.319420 1.520685 2.342397 4.255720
80648.910701 3 0.319419 1.496169 2.342429 4.259257
80649.010701 3 0.319419 1.471919 2.342459 4.262813
80649.110701 3 0.319418 1.447934 2.342489 4.266388
80649.210701 3 0.319417 1.424215 2.342519 4.269982
80649.310701 3 0.319417 1.400761 2.342548 4.273595
80649.410701 3 0.319416 1.377571 2.342576 4.277227
80649.510701 3 0.319416 1.354645 2.342603 4.280879
80649.610701 3 0.319415 1.331983 2.342630 4.284549
80649.710701 3 0.319414 1.309583 2.342656 4.288238
80649.810701 3 0.319414 1.287444 2.342681 4.291947
80649.910701 3 0.319413 1.265567 2.342706 4.295674
80650.010701 3 0.319412 1.243951 2.342730 4.299421
80650.110701 3 0.319412 1.222594 2.342753 4.303188
80650.210701 3 0.319411 1.201496 2.342775 4.306973
80650.310701 3 0.319410 1.180656 2.342797 4.310778
80650.410701 3 0.319410 1.160073 2.342817 4.314602
80650.510701 3 0.319409 1.139747 2.342837 4.318446
80650.610701 3 0.319408 1.119675 2.342856 4.322309
80650.710701 3 0.319407 1.099858 2.342875 4.326191
80650.810701 3 0.319407 1.080294 2.342892 4.330093
80650.910701 3 0.319406 1.060982 2.342909 4.334014
80651.010701 3 0.319405 1.041921 2.342924 4.337954
80651.110701 3 0.319405 1.023110 2.342939 4.341914
80651.210701 3 0.319404 1.004548 2.342953 4.345894
80651.310701 3 0.319403 0.986233 2.342966 4.349892
80651.410701 3 0.319402 0.968164 2.342978 4.353911
80651.510701 3 0.319402 0.950346 2.342989 4.357947
80651.610701 3 0.319401 0.932784 2.343000 4.362000
80651.710701 3 0.319400 0.915476 2.343009 4.366069
80651.810701 3 0.319399 0.898421 2.343017 4.370155
80651.910701 3 0.319399 0.881616 2.343024 4.374257
80652.010701 3 0.319398 0.865061 2.343031 4.378375
80652.110701 3 0.319397 0.848752 2.343036 4.382509
80652.210701 3 0.319396 0.832689 2.343040 4.386659
80652.310701 3 0.319396 0.816870 2.343044 4.390825
80652.410701 3 0.319395 0.801292 2.343046 4.395007
80652.510701 3 0.319394 0.785953 2.343047 4.399204
80652.610701 3 0.319394 0.771804 2.343052 4.403150
80652.710701 3 0.319394 0.757862 2.343056 4.407110
80652.810701 3 0.319394 0.744125 2.343059 4.411083
80652.910701 3 0.319394 0.730591 2.343062 4.415069
80653.010701 3 0.319394 0.717258 2.343063 4.419068
80653.110701 3 0.319393 0.704126 2.343063 4.423081
80653.210701 3 0.319393 0.691191 2.343062 4.427107
80653.310701 3 0.319393 0.678454 2.343060 4.431145
80653.410701 3 0.319393 0.665911 2.343057 4.435197
80653.510701 3 0.319393 0.653561 2.343053 4.439261
80653.610701 3 0.319393 0.641402 2.343047 4.443337
80653.710701 3 0.319393 0.629428 2.343041 4.447428
80653.810701 3 0.319393 0.617638 2.343033 4.451532
80653.910701 3 0.319393 0.606030 2.343024 4.455649
80654.010701 3 0.319393 0.594602 2.343014 4.459781
80654.110701 3 0.319393 0.583353 2.343003 4.463926
80654.210701 3 0.319392 0.572280 2.342990 4.468084
80654.310701 3 0.319392 0.561382 2.342976 4.472255
80654.410701 3 0.319392 0.550657 2.342961 4.476440
80654.510701 3 0.319392 0.540104 2.342944 4.480638
80654.610701 3 0.319392 0.529721 2.342927 4.484848
80654.710701 3 0.319392 0.519507 2.342907 4.489072
80654.810701 3 0.319392 0.509458 2.342887 4.493308
80654.910701 3 0.319392 0.499575 2.342864 4.497556
80655.010701 3 0.319391 0.489854 2.342841 4.501817
80655.110701 3 0.319391 0.480295 2.342816 4.506090
80655.210701 3 0.319391 0.470896 2.342789 4.510375
80655.310701 3 0.319391 0.461654 2.342761 4.514672
80655.410701 3 0.319391 0.452569 2.342731 4.518981
80655.510701 3 0.319391 0.443638 2.342700 4.523301
80655.610701 3 0.319391 0.434861 2.342667 4.527632
80655.710701 3 0.319390 0.426234 2.342632 4.531975
80655.810701 3 0.319390 0.417757 2.342596 4.536328
80655.910701 3 0.319390 0.409428 2.342558 4.540692
80656.010701 3 0.319390 0.401244 2.342519 4.545066
80656.110701 3 0.319390 0.393205 2.342477 4.549450
80656.210701 3 0.319389 0.385309 2.342434 4.553844
80656.310701 3 0.319389 0.377554 2.342389 4.558248
80656.410701 3 0.319389 0.369939 2.342342 4.562661
80656.510701 3 0.319389 0.362461 2.342293 4.567083
80656.610701 3 0.319389 0.355119 2.342242 4.571514
80656.710701 3 0.319388 0.347911 2.342190 4.575954
80656.810701 3 0.319388 0.340836 2.342135 4.580401
80656.910701 3 0.319388 0.333893 2.342078 4.584857
80657.010701 3 0.319388 0.327078 2.342020 4.589320
80657.110701 3 0.319388 0.320392 2.341959 4.593790
80657.210701 3 0.319387 0.313831 2.341896 4.598267
80657.310701 3 0.319387 0.307395 2.341831 4.602750
80657.410701 3 0.319387 0.301082 2.341763 4.607239
80657.510701 3 0.319387 0.294889 2.341694 4.611734
80657.610701 3 0.319386 0.288817 2.341622 4.616235
80657.710701 3 0.319386 0.282862 2.341548 4.620740
80657.810701 3 0.319386 0.277023 2.341471 4.625250
80657.910701 3 0.319386 0.271299 2.341393 4.629765
80658.010701 3 0.319385 0.265688 2.341311 4.634283
80658.110701 3 0.319385 0.260188 2.341228 4.638804
80658.210701 3 0.319385 0.254798 2.341141 4.643328
80658.310701 3 0.319385 0.249516 2.341053 4.647855
80658.410701 3 0.319384 0.244340 2.340961 4.652384
80658.510701 3 0.319384 0.239269 2.340867 4.656914
80658.610701 3 0.319384 0.234301 2.340770 4.661446
80658.710701 3 0.319384 0.229435 2.340671 4.665978
80658.810701 3 0.319384 0.224669 2.340569 4.670511
80658.910701 3 0.319383 0.220001 2.340464 4.675044
80659.010701 3 0.319383 0.215430 2.340356 4.679576
80659.110701 3 0.319383 0.210954 2.340245 4.684108
80659.210701 3 0.319383 0.206572 2.340132 4.688637
80659.310701 3 0.319382 0.202282 2.340015 4.693165
80659.410701 3 0.319382 0.198083 2.339895 4.697691
80659.510701 3 0.319382 0.193972 2.339772 4.702214
80659.610701 3 0.319382 0.189948 2.339646 4.706735
80659.710701 3 0.319381 0.186008 2.339517 4.711254
80659.810701 3 0.319381 0.182152 2.339384 4.715769
80659.910701 3 0.319381 0.178378 2.339248 4.720282
80660.010701 3 0.319381 0.174684 2.339109 4.724792
80660.110701 3 0.319381 0.171068 2.338966 4.729298
80660.210701 3 0.319380 0.167530 2.338819 4.733799
80660.310701 3 0.319380 0.164068 2.338669 4.738296
80660.410701 3 0.319380 0.160680 2.338515 4.742789
80660.510701 3 0.319380 0.157365 2.338357 4.747276
80660.610701 3 0.319380 0.154122 2.338195 4.751757
80660.710701 3 0.319379 0.150949 2.338030 4.756233
80660.810701 3 0.319379 0.147845 2.337860 4.760702
80660.910701 3 0.319379 0.144809 2.337686 4.765164
80661.010701 3 0.319379 0.141839 2.337508 4.769620
80661.110701 3 0.319378 0.138934 2.337326 4.774067
80661.210701 3 0.319378 0.136093 2.337140 4.778507
80661.310701 3 0.319378 0.133315 2.336949 4.782939
80661.410701 3 0.319378 0.130598 2.336753 4.787361
80661.510701 3 0.319378 0.127940 2.336553 4.791775
80661.610701 3 0.319377 0.125342 2.336349 4.796179
80661.710701 3 0.319377 0.122802 2.336139 4.800574
80661.810701 3 0.319377 0.120317 2.335925 4.804957
80661.910701 3 0.319377 0.117889 2.335706 4.809331
80662.010701 3 0.319376 0.115514 2.335482 4.813693
80662.110701 3 0.319376 0.113193 2.335252 4.818043
80662.210701 3 0.319376 0.110924 2.335017 4.822382
80662.310701 3 0.319376 0.108706 2.334777 4.826709
80662.410701 3 0.319376 0.106538 2.334532 4.831022
80662.510701 3 0.319375 0.104418 2.334281 4.835323
80662.610701 3 0.319375 0.102347 2.334024 4.839610
80662.710701 3 0.319375 0.100322 2.333762 4.843883
80662.810701 3 0.319375 0.098343 2.333493 4.848141
80662.910701 3 0.319375 0.096410 2.333219 4.852385
80663.010701 3 0.319374 0.094520 2.332938 4.856614
80663.110701 3 0.319374 0.092673 2.332652 4.860827
80663.210701 3 0.319374 0.090868 2.332358 4.865024
80663.310701 3 0.319374 0.089105 2.332059 4.869205
80663.410701 3 0.319373 0.087382 2.331753 4.873369
80663.510701 3 0.319373 0.085698 2.331440 4.877516
80663.610701 3 0.319373 0.084053 2.331120 4.881645
80663.710701 3 0.319373 0.082445 2.330793 4.885756
80663.810701 3 0.319373 0.080875 2.330459 4.889849
80663.910701 3 0.319372 0.079341 2.330117 4.893922
80664.010701 3 0.319372 0.077842 2.329769 4.897977
80664.110701 3 0.319372 0.076377 2.329412 4.902012
80664.210701 3 0.319372 0.074946 2.329048 4.906027
80664.310701 3 0.319372 0.073549 2.328676 4.910022
80664.410701 3 0.319371 0.072184 2.328296 4.913995
80664.510701 3 0.319371 0.070850 2.327908 4.917948
80664.610701 3 0.319371 0.069547 2.327511 4.921879
80664.710701 3 0.319371 0.068275 2.327106 4.925788
80664.810701 3 0.319371 0.067031 2.326693 4.929674
80664.910701 3 0.319370 0.065817 2.326270 4.933538
80665.010701 3 0.319370 0.064631 2.325838 4.937379
80665.110701 3 0.319370 0.063473 2.325397 4.941196
80665.210701 3 0.319370 0.062341 2.324947 4.944989
80665.310701 3 0.319370 0.061236 2.324487 4.948758
80665.410701 3 0.319369 0.060157 2.324018 4.952502
80665.510701 3 0.319369 0.059103 2.323538 4.956221
80665.610701 3 0.319369 0.058073 2.323048 4.959915
80665.710701 3 0.319369 0.057067 2.322548 4.963583
80665.810701 3 0.319369 0.056085 2.322038 4.967225
80665.910701 3 0.319368 0.055126 2.321517 4.970841
80666.010701 3 0.319368 0.054189 2.320984 4.974429
80666.110701 3 0.319368 0.053275 2.320441 4.977991
80666.210701 3 0.319368 0.052381 2.319886 4.981525
80666.310701 3 0.319368 0.051509 2.319320 4.985031
80666.410701 3 0.319367 0.050657 2.318742 4.988508
80666.510701 3 0.319367 0.049824 2.318152 4.991958
80666.610701 3 0.319367 0.049012 2.317550 4.995378
80666.710701 3 0.319367 0.048218 2.316935 4.998769
80666.810701 3 0.319367 0.047443 2.316308 5.002131
80666.910701 3 0.319366 0.046686 2.315667 5.005463
80667.010701 3 0.319366 0.045947 2.315014 5.008764
80667.110701 3 0.319366 0.045225 2.314347 5.012036
80667.210701 3 0.319366 0.044521 2.313666 5.015276
80667.310701 3 0.319366 0.043832 2.312972 5.018486
80667.410701 3 0.319365 0.043160 2.312264 5.021664
80667.510701 3 0.319365 0.042504 2.311541 5.024810
80667.610701 3 0.319365 0.041863 2.310803 5.027925
80667.710701 3 0.319365 0.041238 2.310051 5.031007
80667.810701 3 0.319365 0.040627 2.309283 5.034057
80667.910701 3 0.319364 0.040030 2.308501 5.037074
80668.010701 3 0.319364 0.039447 2.307702 5.040058
80668.110701 3 0.319364 0.038878 2.306888 5.043009
80668.210701 3 0.319364 0.038323 2.306057 5.045926
80668.310701 3 0.319364 0.037780 2.305210 5.048810
80668.410701 3 0.319364 0.037251 2.304347 5.051659
80668.510701 3 0.319363 0.036734 2.303466 5.054475
80668.610701 3 0.319363 0.036229 2.302568 5.057256
80668.710701 3 0.319363 0.035736 2.301653 5.060002
80668.810701 3 0.319363 0.035254 2.300720 5.062714
80668.910701 3 0.319363 0.034784 2.299769 5.065390
80669.010701 3 0.319362 0.034326 2.298800 5.068032
80669.110701 3 0.319362 0.033878 2.297812 5.070638
80669.210701 3 0.319362 0.033440 2.296806 5.073208
80669.310701 3 0.319362 0.033013 2.295780 5.075743
80669.410701 3 0.319362 0.032596 2.294735 5.078241
80669.510701 3 0.319362 0.032189 2.293671 5.080704
80669.610701 3 0.319361 0.031792 2.292587 5.083130
80669.710701 3 0.319361 0.031404 2.291483 5.085520
80669.810701 3 0.319361 0.031025 2.290359 5.087873
80669.910701 3 0.319361 0.030655 2.289215 5.090190
80670.010701 3 0.319361 0.030295 2.288050 5.092470
80670.110701 3 0.319361 0.029942 2.286864 5.094713
80670.210701 3 0.319360 0.029599 2.285656 5.096920
80670.310701 3 0.319360 0.029263 2.284428 5.099089
80670.410701 3 0.319360 0.028935 2.283178 5.101221
80670.510701 3 0.319360 0.028616 2.281907 5.103316
80670.610701 3 0.319360 0.028304 2.280614 5.105374
80670.710701 3 0.319360 0.027999 2.279299 5.107395
80670.810701 3 0.319359 0.027702 2.277962 5.109378
80670.910701 3 0.319359 0.027412 2.276603 5.111324
80671.010701 3 0.319359 0.027129 2.275222 5.113232
80671.110701 3 0.319359 0.026852 2.273818 5.115104
80671.210701 3 0.319359 0.026583 2.272392 5.116937
80671.310701 3 0.319359 0.026320 2.270943 5.118734
80671.410701 3 0.319358 0.026063 2.269472 5.120493
80671.510701 3 0.319358 0.025813 2.267979 5.122216
80671.610701 3 0.319358 0.025569 2.266463 5.123901
80671.710701 3 0.319358 0.025331 2.264924 5.125548
80671.810701 3 0.319358 0.025098 2.263363 5.127159
80671.910701 3 0.319358 0.024872 2.261780 5.128733
80672.010701 3 0.319358 0.024651 2.260175 5.130270
80672.110701 3 0.319357 0.024435 2.258548 5.131771
80672.210701 3 0.319357 0.024225 2.256899 5.133234
80672.310701 3 0.319357 0.024020 2.255228 5.134662
80672.410701 3 0.319357 0.023820 2.253536 5.136053
80672.510701 3 0.319357 0.023625 2.251822 5.137408
80672.610701 3 0.319357 0.023435 2.250088 5.138728
80672.710701 3 0.319357 0.023250 2.248333 5.140011
80672.810701 3 0.319356 0.023070 2.246559 5.141260
80672.910701 3 0.319356 0.022894 2.244764 5.142473
80673.010701 3 0.319356 0.022722 2.242951 5.143651
80673.110701 3 0.319356 0.022555 2.241118 5.144794
80673.210701 3 0.319356 0.022393 2.239268 5.145903
80673.310701 3 0.319356 0.022234 2.237399 5.146979
80673.410701 3 0.319356 0.022080 2.235514 5.148020
80673.510701 3 0.319356 0.021930 2.233613 5.149028
80673.610701 3 0.319355 0.021783 2.231696 5.150003
80673.710701 3 0.319355 0.021641 2.229764 5.150945
80673.810701 3 0.319355 0.021502 2.227817 5.151855
80673.910701 3 0.319355 0.021367 2.225858 5.152734
80674.010701 3 0.319355 0.021236 2.223887 5.153580
80674.110701 3 0.319355 0.021108 2.221904 5.154396
80674.210701 3 0.319355 0.020983 2.219910 5.155181
80674.310701 3 0.319355 0.020862 2.217907 5.155937
80674.410701 3 0.319354 0.020745 2.215896 5.156662
80674.510701 3 0.319354 0.020630 2.213878 5.157359
80674.610701 3 0.319354 0.020519 2.211854 5.158027
80674.710701 3 0.319354 0.020411 2.209825 5.158667
80674.810701 3 0.319354 0.020306 2.207792 5.159279
80674.910701 3 0.319354 0.020105 2.203720 5.160424
80675.010701 3 0.319354 0.019915 2.199650 5.161466
80675.110701 3 0.319353 0.019736 2.195592 5.162409
80675.210701 3 0.319353 0.019568 2.191558 5.163260
80675.310701 3 0.319353 0.019410 2.187560 5.164022
80675.410701 3 0.319353 0.019261 2.183610 5.164702
80675.510701 3 0.319353 0.019122 2.179721 5.165304
80675.610701 3 0.319352 0.018992 2.175905 5.165835
