t Ka M R logL logTeff
110.073229 1 0.900084 0.819725 -0.183386 3.758460
220.146568 1 0.900084 0.821476 -0.180590 3.758695
330.220018 1 0.900083 0.823235 -0.177741 3.758944
440.293581 1 0.900083 0.825000 -0.174839 3.759204
550.367258 1 0.900083 0.826776 -0.171883 3.759476
660.441049 1 0.900083 0.828561 -0.168874 3.759760
770.514956 1 0.900082 0.830359 -0.165812 3.760055
880.588980 1 0.900082 0.832170 -0.162696 3.760360
990.663123 1 0.900082 0.833996 -0.159528 3.760677
1100.737385 1 0.900082 0.835838 -0.156306 3.761003
1210.811768 1 0.900081 0.837698 -0.153030 3.761339
1320.886273 1 0.900081 0.839577 -0.149702 3.761685
1430.960902 1 0.900081 0.841477 -0.146320 3.762039
1541.035656 1 0.900080 0.843399 -0.142885 3.762403
1651.110536 1 0.900080 0.845345 -0.139397 3.762774
1761.185545 1 0.900080 0.847316 -0.135855 3.763154
1871.260682 1 0.900080 0.849314 -0.132260 3.763541
1981.335951 1 0.900079 0.851340 -0.128612 3.763936
2091.411353 1 0.900079 0.853396 -0.124911 3.764338
2201.486888 1 0.900079 0.855484 -0.121156 3.764746
2311.562560 1 0.900078 0.857604 -0.117348 3.765160
2421.638370 1 0.900078 0.859760 -0.113487 3.765580
2531.714318 1 0.900078 0.861952 -0.109572 3.766006
2641.790409 1 0.900077 0.864182 -0.105605 3.766437
2751.866642 1 0.900077 0.866451 -0.101584 3.766873
2861.943021 1 0.900077 0.868763 -0.097509 3.767313
2972.019547 1 0.900077 0.871117 -0.093382 3.767757
3082.096222 1 0.900076 0.873516 -0.089201 3.768205
3192.173048 1 0.900076 0.875962 -0.084966 3.768656
3302.250028 1 0.900076 0.878457 -0.080679 3.769111
3412.327163 1 0.900075 0.881001 -0.076338 3.769568
3522.404456 1 0.900075 0.883598 -0.071944 3.770027
3632.481910 1 0.900074 0.886250 -0.067496 3.770489
3742.559526 1 0.900074 0.888957 -0.062995 3.770951
3852.637308 1 0.900074 0.891722 -0.058441 3.771416
3962.715257 1 0.900073 0.894547 -0.053833 3.771881
4072.793376 1 0.900073 0.897434 -0.049171 3.772347
4182.871669 1 0.900073 0.900385 -0.044456 3.772812
4292.950137 1 0.900072 0.903403 -0.039687 3.773278
4403.028785 1 0.900072 0.906489 -0.034864 3.773743
4513.107613 1 0.900071 0.909646 -0.029987 3.774208
4623.186627 1 0.900071 0.912875 -0.025056 3.774671
4733.265828 1 0.900071 0.916181 -0.020071 3.775132
4843.345220 1 0.900070 0.919564 -0.015031 3.775592
4953.424807 1 0.900070 0.923027 -0.009936 3.776049
5063.504591 1 0.900069 0.926574 -0.004786 3.776504
5173.584577 1 0.900069 0.930206 0.000419 3.776956
5283.664767 1 0.900068 0.933927 0.005681 3.777404
5393.745166 1 0.900068 0.937740 0.010998 3.777849
5503.825777 1 0.900068 0.941648 0.016373 3.778290
5613.906605 1 0.900067 0.945654 0.021805 3.778726
5723.987653 1 0.900067 0.949761 0.027296 3.779157
5834.068926 1 0.900066 0.953974 0.032846 3.779584
5944.150427 1 0.900066 0.958295 0.038456 3.780005
6054.232163 1 0.900065 0.962730 0.044128 3.780420
6164.314136 1 0.900065 0.967282 0.049862 3.780829
6274.396353 1 0.900064 0.971957 0.055660 3.781232
6384.478817 1 0.900063 0.976758 0.061523 3.781628
6494.561534 1 0.900063 0.981692 0.067455 3.782017
6604.644510 1 0.900062 0.986764 0.073456 3.782398
6714.727750 1 0.900062 0.991980 0.079529 3.782771
6824.811259 1 0.900061 0.997346 0.085677 3.783137
6934.895043 1 0.900060 1.002871 0.091902 3.783494
7044.979109 1 0.900060 1.008561 0.098208 3.783842
7155.063463 1 0.900059 1.014425 0.104599 3.784180
7265.148112 1 0.900059 1.020472 0.111079 3.784510
7375.233061 1 0.900058 1.026712 0.117652 3.784829
7485.318319 1 0.900057 1.033155 0.124324 3.785139
7595.403893 1 0.900057 1.039813 0.131100 3.785438
7705.489790 1 0.900056 1.046698 0.137987 3.785727
7815.576019 1 0.900055 1.053826 0.144992 3.786004
7925.662588 1 0.900054 1.061211 0.152121 3.786270
8035.749505 1 0.900054 1.068869 0.159385 3.786525
8145.836780 1 0.900053 1.076819 0.166792 3.786767
8255.924423 1 0.900052 1.085081 0.174352 3.786998
8366.012443 1 0.900051 1.093677 0.182078 3.787216
8476.100852 1 0.900050 1.102632 0.189981 3.787421
8586.189660 1 0.900049 1.111972 0.198075 3.787612
8696.278880 1 0.900048 1.121729 0.206376 3.787791
8806.368523 1 0.900047 1.131935 0.214899 3.787954
8916.458604 1 0.900046 1.142629 0.223662 3.788104
9026.549136 1 0.900045 1.153855 0.232686 3.788237
9081.594634 1 0.900045 1.159682 0.237302 3.788297
9136.640254 1 0.900044 1.165661 0.241991 3.788352
9191.685996 1 0.900044 1.171801 0.246757 3.788403
9246.731863 1 0.900043 1.178109 0.251601 3.788448
9301.777857 1 0.900043 1.184595 0.256528 3.788488
9356.823980 1 0.900042 1.191269 0.261541 3.788521
9411.870235 1 0.900042 1.198142 0.266643 3.788547
9466.916624 1 0.900041 1.205227 0.271838 3.788566
9521.963151 1 0.900040 1.212539 0.277130 3.788575
9577.009816 1 0.900040 1.220095 0.282523 3.788574
9632.056625 1 0.900039 1.227913 0.288020 3.788562
9687.103579 1 0.900038 1.236015 0.293627 3.788535
9742.150681 1 0.900038 1.244427 0.299347 3.788492
9797.197935 1 0.900037 1.253180 0.305185 3.788430
9852.245344 1 0.900036 1.262307 0.311147 3.788345
9907.292911 1 0.900036 1.271851 0.317237 3.788232
9962.340640 1 0.900035 1.281862 0.323460 3.788085
10017.388536 1 0.900034 1.292399 0.329822 3.787898
10072.436602 1 0.900034 1.303534 0.336329 3.787662
10127.484842 1 0.900033 1.315352 0.342986 3.787366
10182.533261 1 0.900032 1.327959 0.349799 3.786998
10210.057562 1 0.900032 1.334597 0.353266 3.786782
10237.581911 1 0.900031 1.341482 0.356775 3.786542
10265.106307 1 0.900031 1.348634 0.360326 3.786275
10292.630752 1 0.900030 1.356076 0.363921 3.785979
10320.155246 1 0.900030 1.363833 0.367559 3.785650
10347.679790 1 0.900029 1.371933 0.371242 3.785285
10375.204385 1 0.900029 1.380405 0.374972 3.784880
10402.729031 1 0.900029 1.389285 0.378748 3.784432
10430.253729 1 0.900028 1.398609 0.382571 3.783935
10457.778481 1 0.900028 1.408421 0.386444 3.783385
10485.303287 1 0.900027 1.418768 0.390365 3.782776
10512.828147 1 0.900027 1.429701 0.394338 3.782102
10540.353064 1 0.900026 1.441279 0.398362 3.781357
10567.878037 1 0.900026 1.453568 0.402438 3.780533
10595.403069 1 0.900025 1.466641 0.406569 3.779621
10622.928159 1 0.900025 1.480579 0.410754 3.778613
10636.690734 1 0.900024 1.487902 0.412867 3.778070
10650.453325 1 0.900024 1.495476 0.414994 3.777499
10664.215931 1 0.900024 1.503316 0.417136 3.776899
10677.978553 1 0.900024 1.511435 0.419292 3.776269
10691.741190 1 0.900023 1.519849 0.421462 3.775606
10705.503844 1 0.900023 1.528573 0.423647 3.774909
10719.266513 1 0.900023 1.537624 0.425847 3.774177
10733.029199 1 0.900022 1.547020 0.428062 3.773408
10746.791902 1 0.900022 1.556781 0.430292 3.772600
10760.554621 1 0.900022 1.566927 0.432537 3.771750
10774.317357 1 0.900022 1.577480 0.434797 3.770858
10788.080110 1 0.900021 1.588462 0.437073 3.769920
10801.842880 1 0.900021 1.599899 0.439365 3.768935
10815.605668 1 0.900021 1.611817 0.441672 3.767901
10829.368474 1 0.900020 1.624243 0.443996 3.766814
10843.131297 1 0.900020 1.637209 0.446335 3.765672
10856.894139 1 0.900020 1.650747 0.448691 3.764473
10870.656999 1 0.900019 1.664889 0.451063 3.763214
10884.419878 1 0.900019 1.679675 0.453452 3.761891
10898.182776 1 0.900019 1.695142 0.455857 3.760502
10911.945693 1 0.900018 1.711334 0.458280 3.759043
10923.988262 1 0.900018 1.726131 0.460414 3.757707
10934.525523 1 0.900018 1.739588 0.462291 3.756490
10943.745637 1 0.900018 1.751771 0.463943 3.755388
10951.813245 1 0.900017 1.762758 0.465394 3.754393
10958.872408 1 0.900017 1.772630 0.466669 3.753499
10965.049180 1 0.900017 1.781474 0.467788 3.752698
10975.858539 1 0.900017 1.797428 0.469756 3.751254
10983.965568 1 0.900016 1.809809 0.471239 3.750134
10990.045845 1 0.900016 1.819337 0.472355 3.749273
10999.166267 1 0.900016 1.834035 0.474036 3.747946
11008.286698 2 0.900016 1.849237 0.475725 3.746575
11010.340213 2 0.900013 1.851280 0.476080 3.746425
11014.794574 2 0.900008 1.855720 0.476851 3.746097
11019.249038 2 0.900002 1.860171 0.477623 3.745770
11023.703605 2 0.899997 1.864632 0.478394 3.745442
11028.158275 2 0.899991 1.869104 0.479165 3.745115
11032.613048 2 0.899986 1.873587 0.479937 3.744788
11037.067926 2 0.899980 1.878081 0.480708 3.744460
11041.522907 2 0.899974 1.882585 0.481479 3.744133
11045.977994 2 0.899969 1.887101 0.482251 3.743806
11050.433186 2 0.899963 1.891627 0.483022 3.743478
11054.888483 2 0.899957 1.896164 0.483794 3.743151
11059.343887 2 0.899952 1.900712 0.484565 3.742824
11063.799398 2 0.899946 1.905271 0.485337 3.742496
11068.255015 2 0.899940 1.909841 0.486109 3.742169
11072.710740 2 0.899934 1.914422 0.486880 3.741842
11077.166573 2 0.899929 1.919014 0.487652 3.741514
11081.622515 2 0.899923 1.923617 0.488424 3.741187
11086.078565 2 0.899917 1.928231 0.489195 3.740860
11090.534725 2 0.899911 1.932856 0.489967 3.740533
11094.990995 2 0.899905 1.937493 0.490739 3.740205
11099.447375 2 0.899899 1.942140 0.491511 3.739878
11103.903866 2 0.899893 1.946799 0.492283 3.739551
11108.360468 2 0.899887 1.951469 0.493055 3.739223
11112.817182 2 0.899881 1.956150 0.493827 3.738896
11117.274008 2 0.899875 1.960843 0.494599 3.738569
11121.730947 2 0.899869 1.965547 0.495371 3.738242
11126.187998 2 0.899863 1.970262 0.496143 3.737914
11130.645164 2 0.899857 1.974988 0.496916 3.737587
11135.102444 2 0.899851 1.979726 0.497688 3.737260
11139.559838 2 0.899844 1.984475 0.498460 3.736933
11144.017347 2 0.899838 1.989236 0.499232 3.736605
11148.474972 2 0.899832 1.994009 0.500005 3.736278
11152.932713 2 0.899826 1.998792 0.500777 3.735951
11157.390571 2 0.899820 2.003588 0.501550 3.735624
11161.848546 2 0.899813 2.008395 0.502322 3.735297
11166.306638 2 0.899807 2.013213 0.503095 3.734969
11170.764848 2 0.899801 2.018043 0.503867 3.734642
11175.223177 2 0.899794 2.022885 0.504640 3.734315
11179.681625 2 0.899788 2.027738 0.505413 3.733988
11184.140193 2 0.899781 2.032603 0.506185 3.733661
11188.598880 2 0.899775 2.037480 0.506958 3.733333
11193.057689 2 0.899768 2.042369 0.507731 3.733006
11197.516618 2 0.899762 2.047269 0.508504 3.732679
11201.975669 2 0.899755 2.052181 0.509277 3.732352
11206.434842 2 0.899749 2.057105 0.510050 3.732025
11210.894138 2 0.899742 2.062041 0.510823 3.731698
11215.353557 2 0.899736 2.066989 0.511596 3.731370
11219.813100 2 0.899729 2.071949 0.512369 3.731043
11224.272767 2 0.899722 2.076921 0.513142 3.730716
11228.732558 2 0.899715 2.081905 0.513915 3.730389
11233.192475 2 0.899709 2.086900 0.514689 3.730062
11237.652518 2 0.899702 2.091908 0.515462 3.729735
11242.112688 2 0.899695 2.096928 0.516235 3.729408
11246.572984 2 0.899688 2.101960 0.517009 3.729081
11251.033407 2 0.899682 2.107004 0.517782 3.728753
11255.493959 2 0.899675 2.112061 0.518556 3.728426
11259.954639 2 0.899668 2.117129 0.519329 3.728099
11264.415448 2 0.899661 2.122210 0.520103 3.727772
11268.876387 2 0.899654 2.127303 0.520877 3.727445
11273.337456 2 0.899647 2.132409 0.521650 3.727118
11277.798656 2 0.899640 2.137527 0.522424 3.726791
11282.259987 2 0.899633 2.142657 0.523198 3.726464
11286.721450 2 0.899626 2.147799 0.523972 3.726137
11291.183046 2 0.899619 2.152954 0.524746 3.725810
11295.644774 2 0.899611 2.158121 0.525520 3.725483
11300.106636 2 0.899604 2.163301 0.526294 3.725156
11304.568632 2 0.899597 2.168494 0.527068 3.724829
11309.030763 2 0.899590 2.173698 0.527843 3.724502
11313.493029 2 0.899582 2.178916 0.528617 3.724175
11317.955431 2 0.899575 2.184146 0.529391 3.723848
11322.417970 2 0.899568 2.189389 0.530166 3.723521
11326.880645 2 0.899560 2.194644 0.530940 3.723194
11331.343458 2 0.899553 2.199912 0.531714 3.722867
11335.806409 2 0.899546 2.205193 0.532489 3.722540
11340.269499 2 0.899538 2.210487 0.533264 3.722213
11344.732729 2 0.899531 2.215793 0.534038 3.721886
11349.196098 2 0.899523 2.221112 0.534813 3.721559
11353.659608 2 0.899516 2.226444 0.535588 3.721232
11358.123259 2 0.899508 2.231789 0.536363 3.720905
11362.587052 2 0.899500 2.237147 0.537138 3.720578
11367.050987 2 0.899493 2.242518 0.537913 3.720251
11371.515065 2 0.899485 2.247902 0.538688 3.719924
11375.979287 2 0.899477 2.253299 0.539463 3.719597
11380.443653 2 0.899470 2.258709 0.540238 3.719270
11384.908164 2 0.899462 2.264132 0.541013 3.718943
11389.372820 2 0.899454 2.269568 0.541789 3.718616
11393.837623 2 0.899446 2.275017 0.542564 3.718289
11398.302572 2 0.899438 2.280479 0.543340 3.717962
11402.767668 2 0.899430 2.285955 0.544115 3.717636
11407.232912 2 0.899422 2.291444 0.544891 3.717309
11411.698305 2 0.899414 2.296946 0.545666 3.716982
11416.163848 2 0.899406 2.302462 0.546442 3.716655
11420.629540 2 0.899398 2.307991 0.547218 3.716328
11425.095382 2 0.899390 2.313533 0.547994 3.716001
11429.561376 2 0.899382 2.319089 0.548770 3.715674
11434.027521 2 0.899374 2.324658 0.549546 3.715348
11438.493819 2 0.899366 2.330240 0.550322 3.715021
11442.960270 2 0.899358 2.335836 0.551098 3.714694
11447.426875 2 0.899349 2.341446 0.551874 3.714367
11451.893634 2 0.899341 2.347069 0.552651 3.714040
11454.301226 3 0.899337 2.350118 0.553073 3.713864
11456.438006 3 0.899333 2.355573 0.555011 3.713845
11462.174311 3 0.899322 2.370386 0.560249 3.713793
11467.853253 3 0.899311 2.385300 0.565487 3.713741
11473.475405 3 0.899300 2.400314 0.570724 3.713688
11479.041337 3 0.899289 2.415430 0.575962 3.713634
11484.551608 3 0.899278 2.430649 0.581200 3.713579
11490.006778 3 0.899267 2.445970 0.586438 3.713524
11495.407395 3 0.899255 2.461396 0.591675 3.713469
11500.754006 3 0.899244 2.476926 0.596913 3.713412
11506.047151 3 0.899232 2.492561 0.602151 3.713355
11511.287365 3 0.899221 2.508303 0.607389 3.713298
11516.475177 3 0.899209 2.524151 0.612626 3.713239
11521.611110 3 0.899197 2.540108 0.617864 3.713181
11526.695684 3 0.899185 2.556173 0.623102 3.713121
11531.729412 3 0.899173 2.572347 0.628340 3.713061
11536.712803 3 0.899161 2.588631 0.633578 3.713000
11541.646361 3 0.899149 2.605026 0.638815 3.712938
11546.530582 3 0.899137 2.621533 0.644053 3.712876
11551.365962 3 0.899124 2.638153 0.649291 3.712813
11556.152987 3 0.899112 2.654886 0.654529 3.712750
11560.892142 3 0.899099 2.671733 0.659766 3.712686
11565.583906 3 0.899086 2.688695 0.665004 3.712621
11570.228752 3 0.899073 2.705773 0.670242 3.712555
11574.827150 3 0.899060 2.722969 0.675480 3.712489
11579.379564 3 0.899047 2.740281 0.680717 3.712422
11583.886453 3 0.899034 2.757713 0.685955 3.712355
11588.348274 3 0.899021 2.775263 0.691193 3.712287
11592.765476 3 0.899008 2.792935 0.696431 3.712218
11597.138507 3 0.898994 2.810727 0.701669 3.712148
11601.467807 3 0.898980 2.828641 0.706906 3.712078
11605.753814 3 0.898967 2.846679 0.712144 3.712007
11609.996961 3 0.898953 2.864840 0.717382 3.711936
11614.197677 3 0.898939 2.883126 0.722620 3.711864
11618.356385 3 0.898925 2.901538 0.727857 3.711791
11622.473506 3 0.898911 2.920077 0.733095 3.711717
11626.549456 3 0.898896 2.938744 0.738333 3.711643
11630.584647 3 0.898882 2.957539 0.743571 3.711568
11634.579486 3 0.898867 2.976463 0.748808 3.711492
11638.534376 3 0.898853 2.995518 0.754046 3.711416
11642.449718 3 0.898838 3.014705 0.759284 3.711339
11646.325906 3 0.898823 3.034024 0.764522 3.711261
11650.163332 3 0.898808 3.053477 0.769759 3.711183
11653.962384 3 0.898793 3.073064 0.774997 3.711104
11657.723445 3 0.898777 3.092787 0.780235 3.711024
11661.446896 3 0.898762 3.112646 0.785473 3.710944
11665.133112 3 0.898746 3.132643 0.790711 3.710863
11668.782466 3 0.898730 3.152778 0.795948 3.710781
11672.395326 3 0.898715 3.173053 0.801186 3.710698
11675.972058 3 0.898699 3.193469 0.806424 3.710615
11679.513023 3 0.898683 3.214027 0.811662 3.710531
11683.018578 3 0.898666 3.234727 0.816899 3.710447
11686.489077 3 0.898650 3.255571 0.822137 3.710361
11689.924872 3 0.898633 3.276560 0.827375 3.710275
11693.326308 3 0.898617 3.297695 0.832613 3.710189
11696.693730 3 0.898600 3.318977 0.837850 3.710101
11700.027478 3 0.898583 3.340407 0.843088 3.710013
11703.327889 3 0.898566 3.361987 0.848326 3.709924
11706.595295 3 0.898549 3.383718 0.853564 3.709834
11709.830027 3 0.898531 3.405600 0.858802 3.709744
11713.032412 3 0.898514 3.427634 0.864039 3.709653
11716.202773 3 0.898496 3.449823 0.869277 3.709561
11719.341431 3 0.898478 3.472167 0.874515 3.709469
11722.448702 3 0.898460 3.494667 0.879753 3.709376
11725.524900 3 0.898442 3.517324 0.884990 3.709282
11728.570336 3 0.898424 3.540140 0.890228 3.709187
11731.585318 3 0.898405 3.563116 0.895466 3.709092
11734.570150 3 0.898387 3.586253 0.900704 3.708996
11737.525133 3 0.898368 3.609553 0.905941 3.708899
11740.450567 3 0.898349 3.633016 0.911179 3.708802
11743.346747 3 0.898330 3.656643 0.916417 3.708703
11746.213964 3 0.898311 3.680437 0.921655 3.708605
11749.052510 3 0.898291 3.704398 0.926892 3.708505
11751.862670 3 0.898272 3.728528 0.932130 3.708404
11754.644729 3 0.898252 3.752827 0.937368 3.708303
11757.398966 3 0.898232 3.777297 0.942606 3.708201
11760.125662 3 0.898212 3.801940 0.947844 3.708099
11762.825091 3 0.898192 3.826757 0.953081 3.707995
11765.497525 3 0.898171 3.851749 0.958319 3.707891
11768.143235 3 0.898150 3.876917 0.963557 3.707787
11770.762488 3 0.898130 3.902263 0.968795 3.707681
11773.355548 3 0.898109 3.927788 0.974032 3.707575
11775.922678 3 0.898088 3.953494 0.979270 3.707468
11778.464136 3 0.898066 3.979381 0.984508 3.707360
11780.980180 3 0.898045 4.005452 0.989746 3.707251
11783.471063 3 0.898023 4.031707 0.994983 3.707142
11785.937038 3 0.898001 4.058149 1.000221 3.707032
11788.378353 3 0.897979 4.084778 1.005459 3.706921
11790.795254 3 0.897957 4.111596 1.010697 3.706810
11793.187987 3 0.897934 4.138604 1.015935 3.706697
11795.556792 3 0.897912 4.165805 1.021172 3.706584
11797.901910 3 0.897889 4.193198 1.026410 3.706470
11800.223576 3 0.897866 4.220787 1.031648 3.706356
11802.522025 3 0.897843 4.248572 1.036886 3.706240
11804.797490 3 0.897819 4.276554 1.042123 3.706124
11807.050200 3 0.897795 4.304736 1.047361 3.706008
11809.280383 3 0.897772 4.333119 1.052599 3.705890
11811.488265 3 0.897748 4.361705 1.057837 3.705772
11813.674067 3 0.897723 4.390494 1.063074 3.705652
11815.838012 3 0.897699 4.419489 1.068312 3.705533
11817.980317 3 0.897674 4.448691 1.073550 3.705412
11820.101199 3 0.897649 4.478102 1.078788 3.705290
11822.200872 3 0.897624 4.507724 1.084025 3.705168
11824.279549 3 0.897599 4.537557 1.089263 3.705045
11826.337438 3 0.897573 4.567605 1.094501 3.704922
11828.374749 3 0.897547 4.597867 1.099739 3.704797
11830.391687 3 0.897521 4.628347 1.104977 3.704672
11832.388455 3 0.897495 4.659045 1.110214 3.704546
11834.365256 3 0.897469 4.689963 1.115452 3.704419
11836.322288 3 0.897442 4.721104 1.120690 3.704291
11838.259751 3 0.897415 4.752468 1.125928 3.704163
11840.177838 3 0.897388 4.784059 1.131165 3.704034
11842.076745 3 0.897361 4.815876 1.136403 3.703904
11843.956663 3 0.897333 4.847922 1.141641 3.703773
11845.817781 3 0.897305 4.880200 1.146879 3.703641
11847.660289 3 0.897277 4.912710 1.152116 3.703509
11849.484371 3 0.897249 4.945454 1.157354 3.703376
11851.290213 3 0.897220 4.978435 1.162592 3.703242
11853.077996 3 0.897191 5.011654 1.167830 3.703107
11854.847901 3 0.897162 5.045113 1.173067 3.702972
11856.600107 3 0.897133 5.078814 1.178305 3.702836
11858.334791 3 0.897103 5.112758 1.183543 3.702699
11860.052128 3 0.897073 5.146949 1.188781 3.702561
11861.752292 3 0.897043 5.181387 1.194019 3.702422
11863.435455 3 0.897013 5.216074 1.199256 3.702283
11865.101785 3 0.896982 5.251013 1.204494 3.702143
11866.751453 3 0.896951 5.286206 1.209732 3.702002
11868.384623 3 0.896920 5.321653 1.214970 3.701860
11870.001462 3 0.896889 5.357359 1.220207 3.701717
11871.602133 3 0.896857 5.393324 1.225445 3.701574
11873.186797 3 0.896825 5.429550 1.230683 3.701429
11874.755614 3 0.896792 5.466040 1.235921 3.701284
11876.308743 3 0.896760 5.502796 1.241158 3.701138
11877.846341 3 0.896727 5.539819 1.246396 3.700992
11879.368562 3 0.896694 5.577112 1.251634 3.700844
11880.875562 3 0.896660 5.614678 1.256872 3.700696
11882.367492 3 0.896627 5.652517 1.262110 3.700547
11883.844502 3 0.896593 5.690632 1.267347 3.700397
11885.306742 3 0.896558 5.729027 1.272585 3.700246
11886.754360 3 0.896523 5.767701 1.277823 3.700095
11888.187501 3 0.896489 5.806659 1.283061 3.699943
11889.606312 3 0.896453 5.845902 1.288298 3.699789
11891.010934 3 0.896418 5.885432 1.293536 3.699635
11892.401509 3 0.896382 5.925251 1.298774 3.699481
11893.778180 3 0.896346 5.965363 1.304012 3.699325
11895.141083 3 0.896309 6.005769 1.309249 3.699169
11896.490357 3 0.896272 6.046471 1.314487 3.699011
11897.826139 3 0.896235 6.087473 1.319725 3.698853
11899.148563 3 0.896197 6.128775 1.324963 3.698694
11900.457762 3 0.896160 6.170382 1.330200 3.698535
11901.753870 3 0.896121 6.212294 1.335438 3.698374
11903.037016 3 0.896083 6.254515 1.340676 3.698213
11904.307331 3 0.896044 6.297047 1.345914 3.698051
11905.564943 3 0.896005 6.339892 1.351152 3.697888
11906.809979 3 0.895965 6.383053 1.356389 3.697724
11908.042564 3 0.895925 6.426533 1.361627 3.697559
11909.262824 3 0.895885 6.470334 1.366865 3.697393
11910.470881 3 0.895845 6.514458 1.372103 3.697227
11911.666857 3 0.895804 6.558909 1.377340 3.697060
11912.850874 3 0.895762 6.603688 1.382578 3.696892
11914.023050 3 0.895721 6.648798 1.387816 3.696723
11915.183505 3 0.895678 6.694243 1.393054 3.696553
11916.332355 3 0.895636 6.740024 1.398291 3.696383
11917.469717 3 0.895593 6.786145 1.403529 3.696211
11918.595705 3 0.895550 6.832607 1.408767 3.696039
11919.710433 3 0.895506 6.879415 1.414005 3.695866
11920.814014 3 0.895462 6.926570 1.419243 3.695692
11921.906559 3 0.895418 6.974075 1.424480 3.695517
11922.988178 3 0.895373 7.021934 1.429718 3.695342
11924.058982 3 0.895328 7.070148 1.434956 3.695165
11925.119077 3 0.895283 7.118722 1.440194 3.694988
11926.168572 3 0.895237 7.167657 1.445431 3.694810
11927.207571 3 0.895190 7.216956 1.450669 3.694631
11928.236181 3 0.895143 7.266624 1.455907 3.694451
11929.254504 3 0.895096 7.316662 1.461145 3.694270
11930.262644 3 0.895048 7.367073 1.466382 3.694089
11931.260703 3 0.895000 7.417861 1.471620 3.693906
11932.248781 3 0.894952 7.469028 1.476858 3.693723
11933.226978 3 0.894903 7.520578 1.482096 3.693539
11934.195394 3 0.894853 7.572514 1.487333 3.693354
11935.154125 3 0.894804 7.624838 1.492571 3.693168
11936.103269 3 0.894753 7.677555 1.497809 3.692981
11937.042921 3 0.894703 7.730666 1.503047 3.692794
11937.973177 3 0.894651 7.784176 1.508285 3.692605
11938.894131 3 0.894600 7.838087 1.513522 3.692416
11939.805875 3 0.894548 7.892403 1.518760 3.692226
11940.708501 3 0.894495 7.947127 1.523998 3.692035
11941.602101 3 0.894442 8.002262 1.529236 3.691843
11942.486766 3 0.894388 8.057812 1.534473 3.691650
11943.362583 3 0.894334 8.113780 1.539711 3.691457
11944.229642 3 0.894280 8.170170 1.544949 3.691262
11945.088031 3 0.894225 8.226984 1.550187 3.691067
11945.937836 3 0.894169 8.284227 1.555424 3.690871
11946.779143 3 0.894113 8.341901 1.560662 3.690674
11947.612037 3 0.894057 8.400011 1.565900 3.690476
11948.436601 3 0.894000 8.458559 1.571138 3.690277
11949.252921 3 0.893942 8.517550 1.576376 3.690077
11950.061077 3 0.893884 8.576986 1.581613 3.689877
11950.861151 3 0.893826 8.636872 1.586851 3.689675
11951.653225 3 0.893767 8.697212 1.592089 3.689473
11952.437378 3 0.893707 8.758008 1.597327 3.689270
11953.213689 3 0.893647 8.819265 1.602564 3.689065
11953.982237 3 0.893586 8.880987 1.607802 3.688860
11954.743100 3 0.893525 8.943177 1.613040 3.688655
11955.496354 3 0.893463 9.005839 1.618278 3.688448
11956.242076 3 0.893400 9.068976 1.623515 3.688240
11956.980340 3 0.893337 9.132594 1.628753 3.688032
11957.711222 3 0.893274 9.196695 1.633991 3.687822
11958.434795 3 0.893210 9.261284 1.639229 3.687612
11959.151132 3 0.893145 9.326364 1.644466 3.687401
11959.860306 3 0.893080 9.391941 1.649704 3.687189
11960.562388 3 0.893014 9.458017 1.654942 3.686976
11961.257450 3 0.892947 9.524597 1.660180 3.686762
11961.945560 3 0.892880 9.591684 1.665418 3.686548
11962.626790 3 0.892812 9.659284 1.670655 3.686332
11963.301207 3 0.892744 9.727401 1.675893 3.686115
11963.968880 3 0.892675 9.796038 1.681131 3.685898
11964.629877 3 0.892605 9.865199 1.686369 3.685680
11965.284263 3 0.892535 9.934890 1.691606 3.685461
11965.932106 3 0.892464 10.005115 1.696844 3.685241
11966.573470 3 0.892393 10.075877 1.702082 3.685020
11967.208420 3 0.892320 10.147182 1.707320 3.684798
11967.837021 3 0.892248 10.219034 1.712557 3.684575
11968.459336 3 0.892174 10.291437 1.717795 3.684351
11969.075428 3 0.892100 10.364396 1.723033 3.684127
11969.685359 3 0.892025 10.437916 1.728271 3.683901
11970.289191 3 0.891949 10.512000 1.733509 3.683675
11970.886984 3 0.891873 10.586655 1.738746 3.683448
11971.478799 3 0.891796 10.661884 1.743984 3.683220
11972.064696 3 0.891718 10.737692 1.749222 3.682991
11972.644735 3 0.891640 10.814084 1.754460 3.682761
11973.218972 3 0.891561 10.891065 1.759697 3.682530
11973.787468 3 0.891481 10.968640 1.764935 3.682298
11974.350278 3 0.891400 11.046813 1.770173 3.682065
11974.907461 3 0.891319 11.125591 1.775411 3.681832
11975.459071 3 0.891237 11.204976 1.780648 3.681597
11976.005166 3 0.891154 11.284976 1.785886 3.681362
11976.545799 3 0.891070 11.365594 1.791124 3.681125
11977.081027 3 0.890986 11.446836 1.796362 3.680888
11977.610902 3 0.890901 11.528708 1.801599 3.680650
11978.135478 3 0.890815 11.611214 1.806837 3.680411
11978.654808 3 0.890728 11.694359 1.812075 3.680171
11979.168945 3 0.890640 11.778149 1.817313 3.679930
11979.677941 3 0.890552 11.862590 1.822551 3.679688
11980.181847 3 0.890463 11.947687 1.827788 3.679446
11980.680713 3 0.890373 12.033444 1.833026 3.679202
11981.174592 3 0.890282 12.119869 1.838264 3.678958
11981.663531 3 0.890190 12.206966 1.843502 3.678712
11982.147581 3 0.890098 12.294740 1.848739 3.678466
11982.626790 3 0.890004 12.383199 1.853977 3.678218
11983.101207 3 0.889910 12.472346 1.859215 3.677970
11983.570880 3 0.889815 12.562189 1.864453 3.677721
11984.035857 3 0.889719 12.652733 1.869690 3.677471
11984.496183 3 0.889622 12.743983 1.874928 3.677220
11984.951907 3 0.889524 12.835946 1.880166 3.676968
11985.403073 3 0.889425 12.928628 1.885404 3.676715
11985.849727 3 0.889325 13.022035 1.890642 3.676462
11986.291915 3 0.889224 13.116172 1.895879 3.676207
11986.729681 3 0.889123 13.211046 1.901117 3.675951
11987.163070 3 0.889020 13.306663 1.906355 3.675695
11987.592124 3 0.888917 13.403030 1.911593 3.675437
11988.016888 3 0.888812 13.500152 1.916830 3.675179
11988.437404 3 0.888707 13.598036 1.922068 3.674919
11988.853716 3 0.888600 13.696689 1.927306 3.674659
11989.265864 3 0.888493 13.796116 1.932544 3.674398
11989.673890 3 0.888384 13.896325 1.937781 3.674136
11990.077836 3 0.888275 13.997322 1.943019 3.673873
11990.477743 3 0.888164 14.099114 1.948257 3.673609
11990.873651 3 0.888053 14.201707 1.953495 3.673344
11991.265600 3 0.887940 14.305108 1.958732 3.673078
11991.653629 3 0.887826 14.409324 1.963970 3.672811
11992.037778 3 0.887712 14.514362 1.969208 3.672544
11992.418085 3 0.887596 14.620228 1.974446 3.672275
11992.794590 3 0.887479 14.726931 1.979684 3.672005
11993.167329 3 0.887361 14.834476 1.984921 3.671735
11993.536341 3 0.887242 14.942872 1.990159 3.671463
11993.901662 3 0.887121 15.052124 1.995397 3.671191
11994.263331 3 0.887000 15.162241 2.000635 3.670918
11994.621383 3 0.886877 15.273230 2.005872 3.670643
11994.975854 3 0.886753 15.385099 2.011110 3.670368
11995.326781 3 0.886629 15.497854 2.016348 3.670092
11995.674198 3 0.886502 15.611503 2.021586 3.669815
11996.018142 3 0.886375 15.726054 2.026823 3.669537
11996.358645 3 0.886247 15.841514 2.032061 3.669258
11996.695744 3 0.886117 15.957892 2.037299 3.668978
11997.029472 3 0.885986 16.075195 2.042537 3.668697
11997.359862 3 0.885854 16.193430 2.047774 3.668415
11997.686949 3 0.885720 16.312607 2.053012 3.668132
11998.010764 3 0.885585 16.432733 2.058250 3.667848
11998.331342 3 0.885449 16.553815 2.063488 3.667563
11998.648714 3 0.885312 16.675863 2.068726 3.667278
11998.962912 3 0.885173 16.798884 2.073963 3.666991
11999.273968 3 0.885033 16.922887 2.079201 3.666704
11999.581913 3 0.884892 17.047880 2.084439 3.666415
11999.886779 3 0.884749 17.173872 2.089677 3.666126
12000.188597 3 0.884605 17.300871 2.094914 3.665835
12000.487396 3 0.884460 17.428886 2.100152 3.665544
12000.783207 3 0.884313 17.557925 2.105390 3.665251
12001.076060 3 0.884165 17.687998 2.110628 3.664958
12001.365985 3 0.884015 17.819113 2.115865 3.664664
12001.653010 3 0.883864 17.951279 2.121103 3.664369
12001.937165 3 0.883712 18.084505 2.126341 3.664073
12002.218479 3 0.883558 18.218800 2.131579 3.663775
12002.496979 3 0.883402 18.354174 2.136817 3.663477
12002.772695 3 0.883245 18.490636 2.142054 3.663178
12003.045653 3 0.883087 18.628194 2.147292 3.662878
12003.315882 3 0.882927 18.766859 2.152530 3.662577
12003.583408 3 0.882765 18.906641 2.157768 3.662275
12003.848259 3 0.882602 19.047548 2.163005 3.661972
12004.110462 3 0.882437 19.189590 2.168243 3.661668
12004.370042 3 0.882271 19.332778 2.173481 3.661364
12004.627027 3 0.882103 19.477121 2.178719 3.661058
12004.881442 3 0.881933 19.622629 2.183956 3.660751
12005.133313 3 0.881762 19.769312 2.189194 3.660443
12005.382665 3 0.881589 19.917180 2.194432 3.660135
12005.629523 3 0.881415 20.066244 2.199670 3.659825
12005.873913 3 0.881238 20.216515 2.204907 3.659514
12006.115859 3 0.881061 20.368001 2.210145 3.659203
12006.355386 3 0.880881 20.520715 2.215383 3.658890
12006.592517 3 0.880699 20.674666 2.220621 3.658577
12006.827277 3 0.880516 20.829865 2.225859 3.658262
12007.059690 3 0.880331 20.986324 2.231096 3.657946
12007.289778 3 0.880145 21.144053 2.236334 3.657630
12007.517565 3 0.879956 21.303063 2.241572 3.657312
12007.743075 3 0.879765 21.463366 2.246810 3.656994
12007.966329 3 0.879573 21.624972 2.252047 3.656675
12008.187351 3 0.879379 21.787893 2.257285 3.656354
12008.406163 3 0.879183 21.952141 2.262523 3.656033
12008.622786 3 0.878985 22.117727 2.267761 3.655710
12008.837244 3 0.878785 22.284662 2.272998 3.655387
12009.049557 3 0.878583 22.452959 2.278236 3.655063
12009.259746 3 0.878379 22.622629 2.283474 3.654738
12009.467834 3 0.878173 22.793685 2.288712 3.654411
12009.673841 3 0.877965 22.966138 2.293950 3.654084
12009.877788 3 0.877756 23.140001 2.299187 3.653756
12010.079695 3 0.877544 23.315286 2.304425 3.653426
12010.279583 3 0.877329 23.492006 2.309663 3.653096
12010.477472 3 0.877113 23.670173 2.314901 3.652765
12010.673383 3 0.876895 23.849800 2.320138 3.652433
12010.867334 3 0.876674 24.030899 2.325376 3.652100
12011.059346 3 0.876452 24.213485 2.330614 3.651765
12011.249438 3 0.876227 24.397568 2.335852 3.651430
12011.437629 3 0.876000 24.583164 2.341089 3.651094
12011.623938 3 0.875770 24.770285 2.346327 3.650757
12011.808383 3 0.875539 24.958945 2.351565 3.650419
12011.990985 3 0.875305 25.149157 2.356803 3.650080
12012.171760 3 0.875069 25.340934 2.362040 3.649739
12012.350728 3 0.874830 25.534292 2.367278 3.649398
12012.527906 3 0.874589 25.729243 2.372516 3.649056
12012.703312 3 0.874346 25.925802 2.377754 3.648713
12012.876964 3 0.874100 26.123983 2.382992 3.648369
12013.048879 3 0.873852 26.323800 2.388229 3.648024
12013.219076 3 0.873601 26.525268 2.393467 3.647677
12013.387570 3 0.873348 26.728402 2.398705 3.647330
12013.554380 3 0.873092 26.933216 2.403943 3.646982
12013.719521 3 0.872834 27.139725 2.409180 3.646633
12013.883011 3 0.872573 27.347944 2.414418 3.646283
12014.044866 3 0.872310 27.557889 2.419656 3.645932
12014.205103 3 0.872044 27.769574 2.424894 3.645579
12014.363737 3 0.871775 27.983016 2.430131 3.645226
12014.520785 3 0.871503 28.198229 2.435369 3.644872
12014.676262 3 0.871229 28.415231 2.440607 3.644517
12014.830184 3 0.870952 28.634036 2.445845 3.644160
12014.982568 3 0.870673 28.854660 2.451083 3.643803
12015.133427 3 0.870390 29.077121 2.456320 3.643445
12015.282778 3 0.870105 29.301433 2.461558 3.643086
12015.430636 3 0.869816 29.527615 2.466796 3.642725
12015.577014 3 0.869525 29.755683 2.472034 3.642364
12015.721929 3 0.869231 29.985653 2.477271 3.642002
12015.865395 3 0.868934 30.217542 2.482509 3.641638
12016.007427 3 0.868634 30.451369 2.487747 3.641274
12016.148038 3 0.868331 30.687149 2.492985 3.640908
12016.287242 3 0.868025 30.924902 2.498222 3.640542
12016.425055 3 0.867716 31.164644 2.503460 3.640175
12016.561490 3 0.867403 31.406393 2.508698 3.639806
12016.696560 3 0.867088 31.650167 2.513936 3.639436
12016.830280 3 0.866769 31.895986 2.519173 3.639066
12016.962662 3 0.866447 32.143866 2.524411 3.638694
12017.093721 3 0.866122 32.393827 2.529649 3.638322
12017.223469 3 0.865793 32.645888 2.534887 3.637948
12017.351919 3 0.865461 32.900067 2.540125 3.637573
12017.479085 3 0.865126 33.156383 2.545362 3.637198
12017.604979 3 0.864787 33.414857 2.550600 3.636821
12017.729615 3 0.864445 33.675507 2.555838 3.636443
12017.853004 3 0.864099 33.938354 2.561076 3.636064
12017.975159 3 0.863750 34.203416 2.566313 3.635684
12018.096093 3 0.863397 34.470715 2.571551 3.635303
12018.215817 3 0.863041 34.740270 2.576789 3.634921
12018.334344 3 0.862680 35.012103 2.582027 3.634538
12018.451686 3 0.862317 35.286233 2.587264 3.634154
12018.567854 3 0.861949 35.562683 2.592502 3.633769
12018.682861 3 0.861578 35.841472 2.597740 3.633383
12018.796717 3 0.861203 36.122622 2.602978 3.632995
12018.909435 3 0.860824 36.406156 2.608216 3.632607
12019.021026 3 0.860441 36.692094 2.613453 3.632218
12019.131501 3 0.860054 36.980458 2.618691 3.631827
12019.240871 3 0.859663 37.271272 2.623929 3.631436
12019.349148 3 0.859268 37.564557 2.629167 3.631043
12019.456341 3 0.858869 37.860336 2.634404 3.630649
12019.562463 3 0.858466 38.158631 2.639642 3.630255
12019.667524 3 0.858058 38.459467 2.644880 3.629859
12019.771534 3 0.857647 38.762866 2.650118 3.629462
12019.874503 3 0.857231 39.068852 2.655355 3.629064
12019.976444 3 0.856811 39.377449 2.660593 3.628665
12020.077364 3 0.856386 39.688681 2.665831 3.628265
12020.177364 3 0.855957 40.002572 2.671069 3.627864
12020.277364 3 0.855523 40.319147 2.676306 3.627462
12020.377364 3 0.855085 40.638430 2.681544 3.627058
12020.477364 3 0.854643 40.960448 2.686782 3.626654
12020.577364 3 0.854196 41.285224 2.692020 3.626248
12020.677364 3 0.853744 41.612785 2.697258 3.625842
12020.777364 3 0.853287 41.943156 2.702495 3.625434
12020.877364 3 0.852825 42.276365 2.707733 3.625025
12020.977364 3 0.852359 42.612436 2.712971 3.624615
12021.077364 3 0.851888 42.951397 2.718209 3.624204
12021.177364 3 0.851412 43.293275 2.723446 3.623792
12021.277364 3 0.850930 43.638096 2.728684 3.623379
12021.377364 3 0.850444 43.985889 2.733922 3.622964
12021.477364 3 0.849953 44.336682 2.739160 3.622549
12021.577364 3 0.849456 44.690501 2.744397 3.622132
12021.677364 3 0.848954 45.047377 2.749635 3.621715
12021.777364 3 0.848447 45.407337 2.754873 3.621296
12021.877364 3 0.847934 45.770410 2.760111 3.620876
12021.977364 3 0.847416 46.136626 2.765349 3.620455
12022.077364 3 0.846892 46.506014 2.770586 3.620033
12022.177364 3 0.846363 46.878604 2.775824 3.619609
12022.277364 3 0.845828 47.254427 2.781062 3.619185
12022.377364 3 0.845288 47.633513 2.786300 3.618759
12022.477364 3 0.844742 48.015893 2.791537 3.618332
12022.577364 3 0.844189 48.401598 2.796775 3.617904
12022.677364 3 0.843631 48.790659 2.802013 3.617475
12022.777364 3 0.843067 49.183109 2.807251 3.617045
12022.877364 3 0.842497 49.578980 2.812488 3.616614
12022.977364 3 0.841921 49.978304 2.817726 3.616181
12023.077364 3 0.841338 50.381114 2.822964 3.615748
12023.177364 3 0.840749 50.787444 2.828202 3.615313
12023.277364 3 0.840154 51.197327 2.833439 3.614877
12023.377364 3 0.839553 51.610797 2.838677 3.614440
12023.477364 3 0.838945 52.027889 2.843915 3.614001
12023.577364 3 0.838330 52.448637 2.849153 3.613562
12023.677364 3 0.837708 52.873077 2.854391 3.613121
12023.777364 3 0.837080 53.301243 2.859628 3.612679
12023.877364 3 0.836445 53.733173 2.864866 3.612236
12023.977364 3 0.835803 54.168902 2.870104 3.611792
12024.077364 3 0.835155 54.608466 2.875342 3.611346
12024.177364 3 0.834499 55.051904 2.880579 3.610899
12024.277364 3 0.833835 55.499253 2.885817 3.610451
12024.377364 3 0.833165 55.950550 2.891055 3.610002
12024.477364 3 0.832487 56.405834 2.896293 3.609552
12024.577364 3 0.831802 56.865144 2.901530 3.609100
12024.677364 3 0.831109 57.328519 2.906768 3.608647
12024.777364 3 0.830409 57.795999 2.912006 3.608193
12024.877364 3 0.829701 58.267624 2.917244 3.607738
12024.977364 3 0.828985 58.743435 2.922482 3.607281
12025.077364 3 0.828261 59.223473 2.927719 3.606823
12025.177364 3 0.827529 59.707778 2.932957 3.606364
12025.277364 3 0.826789 60.196394 2.938195 3.605904
12025.377364 3 0.826041 60.689363 2.943433 3.605442
12025.477364 3 0.825284 61.186728 2.948670 3.604980
12025.577364 3 0.824519 61.688532 2.953908 3.604515
12025.677364 3 0.823746 62.194820 2.959146 3.604050
12025.777364 3 0.822963 62.705636 2.964384 3.603583
12025.877364 3 0.822172 63.221024 2.969621 3.603115
12025.977364 3 0.821373 63.741032 2.974859 3.602646
12026.077364 3 0.820564 64.265704 2.980097 3.602175
12026.177364 3 0.819746 64.795088 2.985335 3.601703
12026.277364 3 0.818919 65.329231 2.990572 3.601230
12026.377364 3 0.818082 65.868180 2.995810 3.600755
12026.477364 3 0.817236 66.411985 3.001048 3.600279
12026.577364 3 0.816381 66.960693 3.006286 3.599802
12026.677364 3 0.815515 67.514356 3.011524 3.599323
12026.777364 3 0.814640 68.073022 3.016761 3.598843
12026.877364 3 0.813755 68.636742 3.021999 3.598362
12026.977364 3 0.812860 69.205569 3.027237 3.597879
12027.077364 3 0.811955 69.779555 3.032475 3.597395
12027.177364 3 0.811039 70.358751 3.037712 3.596910
12027.277364 3 0.810113 70.943211 3.042950 3.596423
12027.377364 3 0.809176 71.532990 3.048188 3.595934
12027.477364 3 0.808228 72.128142 3.053426 3.595445
12027.577364 3 0.807269 72.728723 3.058663 3.594953
12027.677364 3 0.806300 73.334788 3.063901 3.594461
12027.777364 3 0.805319 73.946396 3.069139 3.593967
12027.877364 3 0.804326 74.563602 3.074377 3.593471
12027.977364 3 0.803323 75.186466 3.079614 3.592974
12028.077364 3 0.802307 75.815046 3.084852 3.592476
12028.177364 3 0.801280 76.449404 3.090090 3.591976
12028.277364 3 0.800240 77.089598 3.095328 3.591475
12028.377364 3 0.799189 77.735691 3.100566 3.590972
12028.477364 3 0.798125 78.387745 3.105803 3.590467
12028.577364 3 0.797048 79.045824 3.111041 3.589961
12028.677364 3 0.795959 79.709990 3.116279 3.589454
12028.777364 3 0.794857 80.380310 3.121517 3.588945
12028.877364 3 0.793742 81.056848 3.126754 3.588434
12028.977364 3 0.792614 81.739671 3.131992 3.587922
12029.077364 3 0.791472 82.428848 3.137230 3.587408
12029.177364 3 0.790317 83.124445 3.142468 3.586893
12029.277364 3 0.789148 83.826534 3.147705 3.586376
12029.377364 3 0.787965 84.535184 3.152943 3.585858
12029.477364 3 0.786768 85.250466 3.158181 3.585337
12029.577364 3 0.785556 85.972454 3.163419 3.584816
12029.677364 3 0.784330 86.701220 3.168657 3.584292
12029.777364 3 0.783089 87.436840 3.173894 3.583767
12029.877364 3 0.781833 88.179388 3.179132 3.583240
12029.977364 3 0.780561 88.928942 3.184370 3.582711
12030.077364 3 0.779274 89.685579 3.189608 3.582181
12030.177364 3 0.777972 90.449379 3.194845 3.581649
12030.277364 3 0.776653 91.220422 3.200083 3.581115
12030.377364 3 0.775318 91.998788 3.205321 3.580580
12030.477364 3 0.773967 92.784562 3.210559 3.580042
12030.577364 3 0.772600 93.577826 3.215796 3.579503
12030.677364 3 0.771215 94.378666 3.221034 3.578962
12030.777364 3 0.769813 95.187169 3.226272 3.578419
12030.877364 3 0.768394 96.003423 3.231510 3.577875
12030.977364 3 0.766957 96.827516 3.236747 3.577328
12031.077364 3 0.765502 97.659541 3.241985 3.576780
12031.177364 3 0.764028 98.499588 3.247223 3.576229
12031.277364 3 0.762537 99.347752 3.252461 3.575677
12031.377364 3 0.761026 100.204128 3.257699 3.575122
12031.477364 3 0.759496 101.068813 3.262936 3.574566
12031.577364 3 0.757947 101.941905 3.268174 3.574008
12031.677364 3 0.756378 102.823505 3.273412 3.573447
12031.777364 3 0.754790 103.713715 3.278650 3.572885
12031.877364 3 0.753180 104.612638 3.283887 3.572320
12031.977364 3 0.751550 105.520379 3.289125 3.571754
12032.077364 3 0.749899 106.437047 3.294363 3.571185
12032.177364 3 0.748227 107.362750 3.299601 3.570614
12032.277364 3 0.746533 108.297599 3.304838 3.570041
12032.377364 3 0.744817 109.241708 3.310076 3.569465
12032.477364 3 0.743078 110.195192 3.315314 3.568888
12032.577364 3 0.741317 111.158168 3.320552 3.568308
12032.677364 3 0.739532 112.130757 3.325790 3.567726
12032.777364 3 0.737724 113.113080 3.331027 3.567141
12032.877364 3 0.735892 114.105262 3.336265 3.566554
12032.977364 3 0.734036 115.107429 3.341503 3.565965
12033.077364 3 0.732154 116.119710 3.346741 3.565373
12033.177364 3 0.730248 117.142238 3.351978 3.564778
12033.277364 3 0.728315 118.175146 3.357216 3.564182
12033.377364 3 0.726357 119.218573 3.362454 3.563582
12033.477364 3 0.724372 120.272657 3.367692 3.562980
12033.577364 3 0.722360 121.337544 3.372929 3.562375
12033.677364 3 0.720320 122.413377 3.378167 3.561768
12033.777364 3 0.718252 123.500307 3.383405 3.561158
12033.877364 3 0.716156 124.598486 3.388643 3.560545
12033.977364 3 0.714030 125.708071 3.393880 3.559929
12034.077364 3 0.711875 126.829220 3.399118 3.559310
12034.177364 4 0.709953 9.081605 1.720974 3.712303
12034.277364 4 0.709947 9.081440 1.720976 3.712307
12034.377364 4 0.709941 9.081275 1.720981 3.712312
12034.477364 4 0.709935 9.081113 1.720987 3.712318
12034.577364 4 0.709929 9.080952 1.720995 3.712324
12034.677364 4 0.709923 9.080793 1.721003 3.712329
12034.777364 4 0.709917 9.080635 1.721012 3.712335
12034.877364 4 0.709911 9.080478 1.721022 3.712342
12034.977364 4 0.709905 9.080324 1.721032 3.712348
12035.077364 4 0.709900 9.080171 1.721043 3.712354
12035.177364 4 0.709894 9.080019 1.721055 3.712361
12035.277364 4 0.709888 9.079869 1.721067 3.712368
12035.377364 4 0.709883 9.079720 1.721079 3.712374
12035.477364 4 0.709877 9.079573 1.721092 3.712381
12035.577364 4 0.709872 9.079427 1.721106 3.712388
12035.677364 4 0.709867 9.079282 1.721119 3.712395
12035.777364 4 0.709861 9.079139 1.721133 3.712401
12035.877364 4 0.709856 9.078998 1.721147 3.712408
12035.977364 4 0.709851 9.078858 1.721162 3.712415
12036.077364 4 0.709846 9.078719 1.721177 3.712422
12036.177364 4 0.709840 9.078582 1.721191 3.712429
12036.277364 4 0.709835 9.078446 1.721207 3.712436
12036.377364 4 0.709830 9.078311 1.721222 3.712444
12036.477364 4 0.709825 9.078178 1.721237 3.712451
12036.577364 4 0.709820 9.078046 1.721253 3.712458
12036.677364 4 0.709816 9.077915 1.721269 3.712465
12036.777364 4 0.709811 9.077786 1.721285 3.712472
12036.877364 4 0.709806 9.077658 1.721301 3.712479
12036.977364 4 0.709801 9.077531 1.721317 3.712486
12037.077364 4 0.709797 9.077406 1.721334 3.712493
12037.177364 4 0.709792 9.077282 1.721350 3.712500
12037.277364 4 0.709787 9.077159 1.721367 3.712507
12037.377364 4 0.709783 9.077037 1.721383 3.712514
12037.477364 4 0.709778 9.076916 1.721400 3.712521
12037.577364 4 0.709774 9.076797 1.721416 3.712528
12037.677364 4 0.709769 9.076679 1.721433 3.712535
12037.777364 4 0.709765 9.076562 1.721450 3.712542
12037.877364 4 0.709761 9.076446 1.721467 3.712549
12037.977364 4 0.709756 9.076332 1.721484 3.712556
12038.077364 4 0.709752 9.076218 1.721501 3.712563
12038.177364 4 0.709748 9.076106 1.721517 3.712570
12038.277364 4 0.709744 9.075995 1.721534 3.712577
12038.377364 4 0.709740 9.075885 1.721551 3.712584
12038.477364 4 0.709736 9.075776 1.721568 3.712591
12038.577364 4 0.709732 9.075668 1.721585 3.712598
12038.677364 4 0.709728 9.075562 1.721602 3.712604
12038.777364 4 0.709724 9.075456 1.721619 3.712611
12038.877364 4 0.709720 9.075352 1.721636 3.712618
12038.977364 4 0.709716 9.075248 1.721653 3.712624
12039.077364 4 0.709712 9.075146 1.721669 3.712631
12039.177364 4 0.709708 9.075044 1.721686 3.712638
12039.277364 4 0.709704 9.074944 1.721703 3.712644
12039.377364 4 0.709701 9.074844 1.721720 3.712651
12039.477364 4 0.709697 9.074746 1.721736 3.712657
12039.577364 4 0.709693 9.074649 1.721753 3.712664
12039.677364 4 0.709690 9.074552 1.721770 3.712670
12039.777364 4 0.709686 9.074457 1.721786 3.712677
12039.877364 4 0.709683 9.074362 1.721803 3.712683
12039.977364 4 0.709679 9.074269 1.721819 3.712690
12040.077364 4 0.709676 9.074177 1.721836 3.712696
12040.177364 4 0.709672 9.074085 1.721852 3.712702
12040.277364 4 0.709669 9.073994 1.721868 3.712708
12040.377364 4 0.709666 9.073905 1.721885 3.712715
12040.477364 4 0.709662 9.073816 1.721901 3.712721
12040.577364 4 0.709659 9.073737 1.721915 3.712726
12041.775583 4 0.709498 9.069459 1.722811 3.713053
12042.973801 4 0.709336 9.065256 1.723894 3.713424
12044.172020 4 0.709174 9.061165 1.725138 3.713833
12045.370239 4 0.709011 9.057224 1.726524 3.714274
12046.568457 4 0.708848 9.053472 1.728042 3.714743
12047.766676 4 0.708684 9.049946 1.729680 3.715237
12048.964894 4 0.708520 9.046686 1.731431 3.715753
12050.163113 4 0.708355 9.043729 1.733288 3.716289
12051.361331 4 0.708190 9.041114 1.735247 3.716841
12052.559550 4 0.708023 9.038879 1.737301 3.717409
12053.757768 4 0.707856 9.037065 1.739448 3.717989
12054.955987 4 0.707688 9.035709 1.741684 3.718580
12056.154206 4 0.707520 9.034850 1.744005 3.719181
12057.352424 4 0.707350 9.034529 1.746409 3.719790
12058.550643 4 0.707179 9.034785 1.748893 3.720405
12059.748861 4 0.707008 9.035656 1.751455 3.721025
12060.947080 4 0.706835 9.037185 1.754093 3.721647
12062.145298 4 0.706661 9.039410 1.756805 3.722272
12063.343517 4 0.706486 9.042372 1.759588 3.722896
12064.541735 4 0.706309 9.046114 1.762442 3.723520
12065.739954 4 0.706132 9.050675 1.765366 3.724141
12066.938173 4 0.705953 9.056098 1.768356 3.724759
12068.136391 4 0.705772 9.062425 1.771413 3.725372
12069.334610 4 0.705591 9.069700 1.774535 3.725978
12070.532828 4 0.705407 9.077965 1.777721 3.726577
12071.731047 4 0.705223 9.087266 1.780970 3.727167
12072.929265 4 0.705036 9.097645 1.784281 3.727746
12074.127484 4 0.704848 9.109150 1.787653 3.728315
12075.325702 4 0.704658 9.121826 1.791085 3.728871
12076.523921 4 0.704466 9.135721 1.794577 3.729413
12077.722140 4 0.704273 9.150883 1.798127 3.729941
12078.920358 4 0.704077 9.167361 1.801735 3.730452
12080.118577 4 0.703879 9.185204 1.805400 3.730946
12081.316795 4 0.703679 9.204466 1.809122 3.731422
12082.515014 4 0.703477 9.225197 1.812900 3.731878
12083.713232 4 0.703273 9.247452 1.816733 3.732313
12084.911451 4 0.703067 9.271286 1.820622 3.732726
12086.109669 4 0.702857 9.296757 1.824564 3.733116
12087.307888 4 0.702646 9.323922 1.828561 3.733482
12088.506107 4 0.702432 9.352841 1.832611 3.733822
12089.704325 4 0.702215 9.383578 1.836715 3.734135
12090.902544 4 0.701995 9.416194 1.840871 3.734421
12092.100762 4 0.701772 9.450758 1.845080 3.734677
12093.298981 4 0.701546 9.487336 1.849341 3.734904
12094.497199 4 0.701317 9.526000 1.853653 3.735099
12095.695418 4 0.701084 9.566823 1.858018 3.735261
12096.893636 4 0.700849 9.609880 1.862433 3.735390
12098.091855 4 0.700609 9.655250 1.866900 3.735484
12099.290074 4 0.700366 9.703014 1.871418 3.735542
12100.488292 4 0.700119 9.753259 1.875987 3.735562
12101.686511 4 0.699868 9.806072 1.880606 3.735545
12102.884729 4 0.699613 9.861544 1.885276 3.735487
12104.082948 4 0.699354 9.919773 1.889996 3.735389
12105.281166 4 0.699090 9.980858 1.894767 3.735248
12106.479385 4 0.698822 10.044903 1.899587 3.735065
12107.677603 4 0.698548 10.112018 1.904459 3.734836
12108.875822 4 0.698270 10.182317 1.909380 3.734562
12110.074041 4 0.697986 10.255920 1.914352 3.734241
12111.272259 4 0.697697 10.332951 1.919374 3.733872
12112.470478 4 0.697402 10.413541 1.924447 3.733453
12113.668696 4 0.697102 10.497830 1.929570 3.732983
12114.866915 4 0.696795 10.585960 1.934744 3.732461
12116.065133 4 0.696481 10.678085 1.939969 3.731886
12117.263352 4 0.696161 10.774365 1.945245 3.731256
12118.461570 4 0.695834 10.874967 1.950573 3.730570
12119.659789 4 0.695500 10.980070 1.955952 3.729826
12120.858008 4 0.695158 11.089861 1.961384 3.729023
12121.457117 4 0.694983 11.146552 1.964119 3.728600
12122.056226 4 0.694807 11.204490 1.966867 3.728161
12122.655335 4 0.694628 11.263701 1.969628 3.727707
12123.254445 4 0.694446 11.324213 1.972402 3.727237
12123.853554 4 0.694263 11.386053 1.975190 3.726751
12124.452663 4 0.694077 11.449249 1.977991 3.726250
12125.051773 4 0.693889 11.513833 1.980806 3.725732
12125.650882 4 0.693699 11.579834 1.983634 3.725198
12126.249991 4 0.693507 11.647283 1.986476 3.724647
12126.849100 4 0.693312 11.716214 1.989331 3.724080
12127.448210 4 0.693114 11.786659 1.992200 3.723495
12128.047319 4 0.692914 11.858653 1.995083 3.722894
12128.646428 4 0.692711 11.932232 1.997980 3.722275
12129.245537 4 0.692506 12.007431 2.000892 3.721638
12129.844647 4 0.692297 12.084288 2.003817 3.720984
12130.443756 4 0.692086 12.162844 2.006756 3.720312
12131.042865 4 0.691873 12.243136 2.009710 3.719622
12131.641975 4 0.691656 12.325208 2.012678 3.718913
12132.241084 4 0.691436 12.409101 2.015661 3.718186
12132.840193 4 0.691213 12.494860 2.018658 3.717439
12133.439302 4 0.690987 12.582531 2.021671 3.716674
12134.038412 4 0.690758 12.672160 2.024698 3.715890
12134.637521 4 0.690525 12.763797 2.027741 3.715086
12135.236630 4 0.690289 12.857491 2.030798 3.714262
12135.835740 4 0.690049 12.953295 2.033872 3.713418
12136.434849 4 0.689806 13.051264 2.036960 3.712554
12137.033958 4 0.689559 13.151452 2.040065 3.711670
12137.633067 4 0.689309 13.253917 2.043186 3.710765
12138.232177 4 0.689054 13.358720 2.046323 3.709839
12138.831286 4 0.688796 13.465923 2.049476 3.708891
12139.430395 4 0.688533 13.575590 2.052645 3.707923
12140.029504 4 0.688266 13.687788 2.055832 3.706932
12140.628614 4 0.687995 13.802586 2.059036 3.705919
12141.227723 4 0.687720 13.920056 2.062256 3.704884
12141.826832 4 0.687440 14.040272 2.065495 3.703826
12142.425942 4 0.687156 14.163313 2.068751 3.702746
12143.025051 4 0.686866 14.289260 2.072025 3.701642
12143.624160 4 0.686572 14.418195 2.075318 3.700515
12144.223269 4 0.686273 14.550206 2.078629 3.699363
12144.822379 4 0.685968 14.685384 2.081960 3.698188
12145.421488 4 0.685658 14.823823 2.085310 3.696988
12146.020597 4 0.685343 14.965623 2.088679 3.695763
12146.619707 4 0.685022 15.110885 2.092069 3.694513
12147.218816 4 0.684696 15.259718 2.095479 3.693237
12147.817925 4 0.684363 15.412232 2.098911 3.691935
12148.117480 4 0.684193 15.489897 2.100634 3.691275
12148.417034 4 0.684022 15.568526 2.102363 3.690608
12148.716589 4 0.683850 15.648136 2.104097 3.689934
12149.016144 4 0.683676 15.728742 2.105837 3.689253
12149.315698 4 0.683500 15.810360 2.107583 3.688565
12149.615253 4 0.683322 15.893007 2.109334 3.687871
12149.914808 4 0.683143 15.976700 2.111091 3.687170
12150.214362 4 0.682962 16.061456 2.112853 3.686461
12150.513917 4 0.682779 16.147293 2.114622 3.685746
12150.813471 4 0.682595 16.234228 2.116396 3.685024
12151.113026 4 0.682408 16.322281 2.118177 3.684294
12151.412581 4 0.682220 16.411470 2.119963 3.683558
12151.712135 4 0.682030 16.501815 2.121756 3.682814
12152.011690 4 0.681839 16.593335 2.123555 3.682063
12152.311245 4 0.681645 16.686052 2.125361 3.681304
12152.610799 4 0.681449 16.779986 2.127173 3.680538
12152.910354 4 0.681251 16.875158 2.128991 3.679764
12153.209909 4 0.681052 16.971590 2.130816 3.678983
12153.509463 4 0.680850 17.069306 2.132648 3.678195
12153.809018 4 0.680646 17.168327 2.134486 3.677398
12154.108573 4 0.680440 17.268678 2.136331 3.676594
12154.408127 4 0.680232 17.370383 2.138184 3.675782
12154.707682 4 0.680022 17.473467 2.140043 3.674962
12155.007236 4 0.679809 17.577955 2.141910 3.674134
12155.306791 4 0.679594 17.683875 2.143784 3.673298
12155.606346 4 0.679377 17.791252 2.145666 3.672454
12155.905900 4 0.679158 17.900114 2.147555 3.671601
12156.205455 4 0.678936 18.010491 2.149452 3.670741
12156.505010 4 0.678712 18.122411 2.151356 3.669872
12156.804564 4 0.678485 18.235904 2.153269 3.668994
12157.104119 4 0.678256 18.351001 2.155190 3.668108
12157.381909 4 0.678041 18.459198 2.156978 3.667279
12157.798595 4 0.677715 18.624186 2.159674 3.666021
