t Ka M R logL logTeff
292.743153 1 0.700084 0.652385 -0.706915 3.677160
585.486492 1 0.700084 0.653184 -0.703830 3.677665
878.230019 1 0.700084 0.653987 -0.700687 3.678184
1170.973737 1 0.700084 0.654794 -0.697486 3.678717
1463.717646 1 0.700083 0.655606 -0.694228 3.679262
1756.461750 1 0.700083 0.656424 -0.690913 3.679820
2049.206049 1 0.700083 0.657249 -0.687541 3.680390
2341.950547 1 0.700083 0.658082 -0.684110 3.680973
2634.695244 1 0.700083 0.658925 -0.680623 3.681567
2927.440144 1 0.700083 0.659777 -0.677078 3.682172
3220.185249 1 0.700083 0.660641 -0.673476 3.682789
3512.930560 1 0.700083 0.661517 -0.669816 3.683416
3805.676081 1 0.700082 0.662406 -0.666100 3.684053
4098.421813 1 0.700082 0.663310 -0.662325 3.684701
4391.167759 1 0.700082 0.664229 -0.658493 3.685358
4683.913922 1 0.700082 0.665165 -0.654604 3.686025
4976.660304 1 0.700082 0.666119 -0.650658 3.686700
5269.406909 1 0.700082 0.667091 -0.646654 3.687385
5562.153738 1 0.700082 0.668083 -0.642592 3.688077
5854.900795 1 0.700081 0.669096 -0.638474 3.688778
6147.648082 1 0.700081 0.670132 -0.634297 3.689486
6440.395603 1 0.700081 0.671190 -0.630064 3.690202
6733.143361 1 0.700081 0.672273 -0.625773 3.690925
7025.891359 1 0.700081 0.673381 -0.621424 3.691654
7318.639600 1 0.700081 0.674516 -0.617019 3.692390
7611.388087 1 0.700081 0.675679 -0.612555 3.693131
7904.136825 1 0.700080 0.676871 -0.608035 3.693879
8196.885815 1 0.700080 0.678094 -0.603457 3.694632
8489.635064 1 0.700080 0.679347 -0.598821 3.695389
8782.384573 1 0.700080 0.680633 -0.594128 3.696152
9075.134347 1 0.700080 0.681953 -0.589377 3.696919
9367.884390 1 0.700080 0.683309 -0.584569 3.697690
9660.634705 1 0.700079 0.684700 -0.579703 3.698464
9953.385298 1 0.700079 0.686130 -0.574780 3.699243
10246.136173 1 0.700079 0.687598 -0.569798 3.700024
10538.887333 1 0.700079 0.689107 -0.564759 3.700808
10831.638784 1 0.700079 0.690657 -0.559662 3.701594
11124.390530 1 0.700079 0.692251 -0.554507 3.702382
11417.142577 1 0.700078 0.693889 -0.549293 3.703172
11709.894929 1 0.700078 0.695573 -0.544021 3.703964
12002.647591 1 0.700078 0.697304 -0.538689 3.704757
12295.400568 1 0.700078 0.699084 -0.533299 3.705551
12588.153867 1 0.700078 0.700915 -0.527849 3.706345
12880.907493 1 0.700077 0.702798 -0.522340 3.707140
13173.661452 1 0.700077 0.704735 -0.516769 3.707935
13466.415749 1 0.700077 0.706728 -0.511138 3.708730
13759.170391 1 0.700077 0.708778 -0.505445 3.709524
14051.925384 1 0.700077 0.710888 -0.499689 3.710318
14344.680735 1 0.700076 0.713058 -0.493870 3.711111
14637.436451 1 0.700076 0.715292 -0.487986 3.711902
14930.192539 1 0.700076 0.717592 -0.482036 3.712693
15222.949006 1 0.700076 0.719959 -0.476019 3.713482
15515.705859 1 0.700075 0.722397 -0.469932 3.714270
15808.463106 1 0.700075 0.724907 -0.463775 3.715056
16101.220755 1 0.700075 0.727494 -0.457544 3.715840
16393.978816 1 0.700075 0.730158 -0.451238 3.716623
16686.737295 1 0.700074 0.732904 -0.444852 3.717404
16979.496202 1 0.700074 0.735735 -0.438386 3.718183
17272.255546 1 0.700074 0.738654 -0.431833 3.718962
17565.015337 1 0.700074 0.741666 -0.425191 3.719739
17857.775585 1 0.700073 0.744774 -0.418455 3.720515
18150.536299 1 0.700073 0.747983 -0.411619 3.721290
18443.297491 1 0.700073 0.751298 -0.404678 3.722065
18736.059172 1 0.700072 0.754723 -0.397626 3.722840
19028.821353 1 0.700072 0.758266 -0.390454 3.723616
19321.584047 1 0.700072 0.761931 -0.383155 3.724394
19614.347265 1 0.700071 0.765725 -0.375719 3.725174
19907.111021 1 0.700071 0.769657 -0.368138 3.725958
20199.875330 1 0.700071 0.773733 -0.360398 3.726745
20492.640204 1 0.700070 0.777964 -0.352489 3.727539
20785.405660 1 0.700070 0.782357 -0.344396 3.728339
21078.171713 1 0.700070 0.786925 -0.336103 3.729148
21370.938380 1 0.700069 0.791677 -0.327596 3.729968
21663.705679 1 0.700069 0.796628 -0.318854 3.730799
21956.473629 1 0.700068 0.801791 -0.309857 3.731646
22249.242249 1 0.700068 0.807181 -0.300584 3.732509
22542.011560 1 0.700068 0.812815 -0.291009 3.733392
22834.781585 1 0.700067 0.818713 -0.281106 3.734298
23127.552347 1 0.700067 0.824895 -0.270846 3.735230
23420.323873 1 0.700066 0.831384 -0.260195 3.736191
23713.096190 1 0.700066 0.838209 -0.249120 3.737185
24005.869327 1 0.700065 0.845398 -0.237580 3.738215
24298.643316 1 0.700065 0.852988 -0.225536 3.739285
24591.418192 1 0.700064 0.861021 -0.212940 3.740399
24884.193994 1 0.700063 0.869547 -0.199744 3.741558
25030.582377 1 0.700063 0.874014 -0.192904 3.742155
25176.971014 1 0.700063 0.878629 -0.185893 3.742764
25323.359909 1 0.700063 0.883403 -0.178705 3.743385
25469.749069 1 0.700062 0.888348 -0.171330 3.744017
25616.138501 1 0.700062 0.893478 -0.163761 3.744658
25762.528213 1 0.700061 0.898809 -0.155989 3.745310
25908.918210 1 0.700061 0.904360 -0.148006 3.745968
26055.308502 1 0.700061 0.910153 -0.139803 3.746633
26201.699096 1 0.700060 0.916215 -0.131370 3.747299
26348.090002 1 0.700060 0.922576 -0.122697 3.747965
26494.481228 1 0.700060 0.929275 -0.113774 3.748625
26640.872784 1 0.700059 0.936356 -0.104590 3.749273
26787.264682 1 0.700059 0.943872 -0.095134 3.749900
26933.656932 1 0.700058 0.951890 -0.085395 3.750498
27080.049545 1 0.700058 0.960489 -0.075361 3.751054
27226.442536 1 0.700057 0.969764 -0.065018 3.751553
27299.639227 1 0.700057 0.974692 -0.059728 3.751775
27372.836020 1 0.700057 0.979835 -0.054355 3.751975
27446.032915 1 0.700057 0.985212 -0.048899 3.752151
27519.229916 1 0.700056 0.990846 -0.043358 3.752298
27592.427025 1 0.700056 0.996758 -0.037729 3.752413
27665.624244 1 0.700056 1.002975 -0.032012 3.752492
27738.821574 1 0.700055 1.009527 -0.026204 3.752531
27812.019019 1 0.700055 1.016444 -0.020304 3.752523
27885.216581 1 0.700055 1.023764 -0.014309 3.752463
27958.414263 1 0.700055 1.031526 -0.008218 3.752346
28031.612068 1 0.700054 1.039776 -0.002029 3.752163
28104.809997 1 0.700054 1.048562 0.004261 3.751909
28178.008056 1 0.700054 1.057942 0.010653 3.751573
28251.206246 1 0.700053 1.067979 0.017149 3.751146
28287.805408 1 0.700053 1.073266 0.020437 3.750896
28324.404605 1 0.700053 1.078743 0.023752 3.750619
28361.003838 1 0.700053 1.084423 0.027094 3.750315
28397.603106 1 0.700053 1.090315 0.030464 3.749981
28434.202410 1 0.700052 1.096431 0.033861 3.749615
28470.801750 1 0.700052 1.102783 0.037286 3.749217
28507.401128 1 0.700052 1.109386 0.040740 3.748784
28544.000543 1 0.700052 1.116251 0.044222 3.748315
28580.599997 1 0.700052 1.123395 0.047733 3.747807
28617.199490 1 0.700052 1.130833 0.051273 3.747260
28653.799022 1 0.700051 1.138582 0.054842 3.746669
28690.398594 1 0.700051 1.146659 0.058441 3.746034
28726.998206 1 0.700051 1.155085 0.062070 3.745351
28763.597860 1 0.700051 1.163879 0.065730 3.744619
28800.197556 1 0.700051 1.173064 0.069420 3.743835
28836.797295 1 0.700050 1.182662 0.073141 3.742996
28873.397077 1 0.700050 1.192699 0.076893 3.742098
28909.996903 1 0.700050 1.203202 0.080677 3.741141
28946.596774 1 0.700050 1.214199 0.084493 3.740119
28983.196692 1 0.700049 1.225721 0.088341 3.739030
29019.796655 1 0.700049 1.237801 0.092221 3.737870
29051.821665 1 0.700049 1.248857 0.095643 3.736795
29079.843581 1 0.700049 1.258924 0.098658 3.735805
29104.362783 1 0.700049 1.268049 0.101312 3.734901
29125.817104 1 0.700048 1.276285 0.103647 3.734078
29144.589650 1 0.700048 1.283693 0.105699 3.733335
29161.015640 1 0.700048 1.290333 0.107503 3.732665
29189.761140 1 0.700048 1.302323 0.110675 3.731450
29211.320289 1 0.700048 1.311638 0.113068 3.730501
29227.489665 1 0.700048 1.318812 0.114870 3.729767
29251.743745 1 0.700048 1.329888 0.117587 3.728630
29275.997848 2 0.700047 1.341356 0.120319 3.727448
29283.285517 2 0.700044 1.344129 0.121552 3.727308
29295.131187 2 0.700038 1.348650 0.123555 3.727080
29306.977256 2 0.700032 1.353185 0.125559 3.726852
29318.823727 2 0.700026 1.357736 0.127562 3.726623
29330.670601 2 0.700019 1.362302 0.129565 3.726395
29342.517884 2 0.700013 1.366883 0.131569 3.726167
29354.365577 2 0.700007 1.371480 0.133572 3.725939
29366.213685 2 0.700001 1.376092 0.135575 3.725711
29378.062211 2 0.699994 1.380720 0.137579 3.725482
29389.911157 2 0.699988 1.385363 0.139582 3.725254
29401.760529 2 0.699981 1.390021 0.141585 3.725026
29413.610328 2 0.699975 1.394695 0.143588 3.724798
29425.460559 2 0.699968 1.399385 0.145591 3.724570
29437.311224 2 0.699962 1.404090 0.147594 3.724342
29449.162328 2 0.699955 1.408811 0.149597 3.724113
29461.013874 2 0.699948 1.413548 0.151600 3.723885
29472.865866 2 0.699941 1.418301 0.153603 3.723657
29484.718307 2 0.699935 1.423070 0.155606 3.723429
29496.571200 2 0.699928 1.427854 0.157609 3.723201
29508.424550 2 0.699921 1.432655 0.159611 3.722973
29520.278360 2 0.699914 1.437472 0.161614 3.722744
29532.132635 2 0.699907 1.442305 0.163617 3.722516
29543.987376 2 0.699900 1.447154 0.165620 3.722288
29555.842589 2 0.699892 1.452019 0.167622 3.722060
29567.698278 2 0.699885 1.456900 0.169625 3.721832
29579.554445 2 0.699878 1.461798 0.171627 3.721604
29591.411096 2 0.699870 1.466712 0.173630 3.721376
29603.268233 2 0.699863 1.471643 0.175632 3.721147
29615.125862 2 0.699856 1.476590 0.177635 3.720919
29626.983985 2 0.699848 1.481554 0.179637 3.720691
29638.842606 2 0.699840 1.486534 0.181640 3.720463
29650.701731 2 0.699833 1.491531 0.183642 3.720235
29662.561363 2 0.699825 1.496544 0.185644 3.720007
29674.421505 2 0.699817 1.501575 0.187646 3.719779
29686.282163 2 0.699809 1.506622 0.189648 3.719551
29698.143341 2 0.699802 1.511686 0.191651 3.719322
29710.005041 2 0.699794 1.516767 0.193653 3.719094
29721.867270 2 0.699786 1.521865 0.195655 3.718866
29733.730031 2 0.699777 1.526980 0.197657 3.718638
29745.593328 2 0.699769 1.532112 0.199659 3.718410
29757.457166 2 0.699761 1.537261 0.201661 3.718182
29769.321549 2 0.699753 1.542428 0.203663 3.717954
29781.186482 2 0.699744 1.547611 0.205664 3.717726
29793.051968 2 0.699736 1.552812 0.207666 3.717498
29804.918013 2 0.699728 1.558031 0.209668 3.717270
29816.784622 2 0.699719 1.563267 0.211670 3.717041
29828.651797 2 0.699710 1.568520 0.213671 3.716813
29840.519545 2 0.699702 1.573791 0.215673 3.716585
29852.387870 2 0.699693 1.579079 0.217675 3.716357
29864.256777 2 0.699684 1.584385 0.219676 3.716129
29876.126270 2 0.699675 1.589709 0.221678 3.715901
29887.996353 2 0.699666 1.595051 0.223679 3.715673
29899.867033 2 0.699657 1.600411 0.225680 3.715445
29911.738313 2 0.699648 1.605788 0.227682 3.715217
29923.610199 2 0.699639 1.611183 0.229683 3.714989
29935.482695 2 0.699629 1.616597 0.231684 3.714761
29947.355807 2 0.699620 1.622028 0.233686 3.714533
29959.229539 2 0.699611 1.627478 0.235687 3.714305
29971.103897 2 0.699601 1.632946 0.237688 3.714077
29982.978885 2 0.699592 1.638432 0.239689 3.713849
29994.854508 2 0.699582 1.643936 0.241690 3.713621
30006.730773 2 0.699572 1.649459 0.243691 3.713393
30018.607684 2 0.699562 1.655000 0.245692 3.713165
30030.485246 2 0.699552 1.660559 0.247693 3.712937
30042.363464 2 0.699542 1.666138 0.249694 3.712709
30054.242344 2 0.699532 1.671735 0.251695 3.712481
30066.121892 2 0.699522 1.677350 0.253696 3.712253
30078.002112 2 0.699512 1.682984 0.255697 3.712025
30089.883011 2 0.699502 1.688637 0.257697 3.711797
30101.764593 2 0.699491 1.694309 0.259698 3.711569
30113.646865 2 0.699481 1.700000 0.261699 3.711341
30125.529831 2 0.699470 1.705710 0.263699 3.711113
30137.413498 2 0.699460 1.711439 0.265700 3.710885
30149.297872 2 0.699449 1.717187 0.267701 3.710657
30161.182957 2 0.699438 1.722954 0.269701 3.710429
30173.068760 2 0.699427 1.728740 0.271701 3.710201
30184.955286 2 0.699416 1.734546 0.273702 3.709973
30196.842542 2 0.699405 1.740371 0.275702 3.709745
30208.730534 2 0.699394 1.746216 0.277703 3.709517
30220.619267 2 0.699383 1.752080 0.279703 3.709289
30232.508747 2 0.699371 1.757963 0.281703 3.709061
30244.398981 2 0.699360 1.763866 0.283703 3.708834
30256.289975 2 0.699348 1.769789 0.285703 3.708606
30268.181735 2 0.699337 1.775732 0.287704 3.708378
30280.074266 2 0.699325 1.781694 0.289704 3.708150
30291.967577 2 0.699313 1.787676 0.291704 3.707922
30303.861672 2 0.699301 1.793679 0.293704 3.707694
30315.756558 2 0.699289 1.799701 0.295704 3.707466
30327.652241 2 0.699277 1.805743 0.297704 3.707238
30339.548729 2 0.699265 1.811806 0.299703 3.707011
30351.446028 2 0.699253 1.817888 0.301703 3.706783
30363.344144 2 0.699240 1.823991 0.303703 3.706555
30375.243084 2 0.699228 1.830114 0.305703 3.706327
30387.142854 2 0.699215 1.836258 0.307703 3.706099
30399.043462 2 0.699203 1.842422 0.309702 3.705872
30410.944914 2 0.699190 1.848607 0.311702 3.705644
30422.847218 2 0.699177 1.854812 0.313701 3.705416
30434.750379 2 0.699164 1.861038 0.315701 3.705188
30446.654406 2 0.699151 1.867285 0.317700 3.704960
30458.559305 2 0.699138 1.873552 0.319700 3.704733
30463.140285 3 0.699133 1.875969 0.320469 3.704645
30470.723742 3 0.699124 1.885705 0.324881 3.704624
30479.644618 3 0.699114 1.897334 0.330118 3.704598
30488.476285 3 0.699104 1.909040 0.335356 3.704572
30497.219636 3 0.699093 1.920823 0.340594 3.704545
30505.875553 3 0.699083 1.932684 0.345832 3.704518
30514.444911 3 0.699072 1.944624 0.351070 3.704490
30522.928576 3 0.699062 1.956642 0.356307 3.704462
30531.327404 3 0.699051 1.968741 0.361545 3.704433
30539.642243 3 0.699040 1.980919 0.366783 3.704403
30547.873934 3 0.699029 1.993178 0.372021 3.704373
30556.023309 3 0.699019 2.005518 0.377258 3.704342
30564.091189 3 0.699007 2.017941 0.382496 3.704310
30572.078391 3 0.698996 2.030445 0.387734 3.704278
30579.985721 3 0.698985 2.043033 0.392972 3.704246
30587.813977 3 0.698974 2.055704 0.398209 3.704213
30595.563951 3 0.698962 2.068460 0.403447 3.704179
30603.236425 3 0.698951 2.081300 0.408685 3.704144
30610.832174 3 0.698939 2.094226 0.413923 3.704109
30618.351966 3 0.698928 2.107238 0.419161 3.704074
30625.796560 3 0.698916 2.120337 0.424398 3.704038
30633.166708 3 0.698904 2.133523 0.429636 3.704001
30640.463155 3 0.698892 2.146797 0.434874 3.703964
30647.686637 3 0.698880 2.160160 0.440112 3.703926
30654.837884 3 0.698868 2.173611 0.445349 3.703887
30661.917619 3 0.698855 2.187153 0.450587 3.703848
30668.926556 3 0.698843 2.200785 0.455825 3.703808
30675.865404 3 0.698831 2.214509 0.461063 3.703768
30682.734864 3 0.698818 2.228324 0.466300 3.703726
30689.535629 3 0.698805 2.242232 0.471538 3.703685
30696.268386 3 0.698793 2.256233 0.476776 3.703643
30702.933816 3 0.698780 2.270328 0.482014 3.703600
30709.532591 3 0.698767 2.284517 0.487251 3.703556
30716.065379 3 0.698753 2.298802 0.492489 3.703512
30722.532839 3 0.698740 2.313182 0.497727 3.703467
30728.935624 3 0.698727 2.327659 0.502965 3.703422
30735.274381 3 0.698713 2.342234 0.508203 3.703376
30741.549751 3 0.698700 2.356906 0.513440 3.703329
30747.762367 3 0.698686 2.371678 0.518678 3.703282
30753.912857 3 0.698672 2.386548 0.523916 3.703234
30760.001842 3 0.698659 2.401519 0.529154 3.703186
30766.029937 3 0.698645 2.416591 0.534391 3.703137
30771.997752 3 0.698630 2.431765 0.539629 3.703087
30777.905888 3 0.698616 2.447041 0.544867 3.703037
30783.754943 3 0.698602 2.462420 0.550105 3.702986
30789.545507 3 0.698587 2.477903 0.555342 3.702934
30795.278165 3 0.698573 2.493490 0.560580 3.702882
30800.953497 3 0.698558 2.509183 0.565818 3.702829
30806.572076 3 0.698543 2.524983 0.571056 3.702775
30812.134469 3 0.698528 2.540889 0.576294 3.702721
30817.641238 3 0.698513 2.556903 0.581531 3.702666
30823.092939 3 0.698498 2.573026 0.586769 3.702611
30828.490123 3 0.698482 2.589258 0.592007 3.702555
30833.833335 3 0.698467 2.605600 0.597245 3.702498
30839.123116 3 0.698451 2.622053 0.602482 3.702440
30844.359998 3 0.698436 2.638618 0.607720 3.702382
30849.544512 3 0.698420 2.655295 0.612958 3.702324
30854.677180 3 0.698404 2.672086 0.618196 3.702264
30859.758522 3 0.698388 2.688992 0.623433 3.702204
30864.789050 3 0.698371 2.706012 0.628671 3.702143
30869.769274 3 0.698355 2.723149 0.633909 3.702082
30874.699694 3 0.698338 2.740402 0.639147 3.702020
30879.580811 3 0.698322 2.757773 0.644384 3.701957
30884.413117 3 0.698305 2.775262 0.649622 3.701894
30889.197099 3 0.698288 2.792871 0.654860 3.701830
30893.933242 3 0.698271 2.810600 0.660098 3.701765
30898.622023 3 0.698253 2.828451 0.665336 3.701700
30903.263916 3 0.698236 2.846423 0.670573 3.701634
30907.859391 3 0.698219 2.864519 0.675811 3.701567
30912.408910 3 0.698201 2.882738 0.681049 3.701500
30916.912935 3 0.698183 2.901083 0.686287 3.701432
30921.371919 3 0.698165 2.919553 0.691524 3.701363
30925.786314 3 0.698147 2.938150 0.696762 3.701294
30930.156564 3 0.698129 2.956874 0.702000 3.701224
30934.483112 3 0.698110 2.975728 0.707238 3.701153
30938.766394 3 0.698092 2.994710 0.712475 3.701082
30943.006844 3 0.698073 3.013823 0.717713 3.701010
30947.204889 3 0.698054 3.033068 0.722951 3.700937
30951.360954 3 0.698035 3.052446 0.728189 3.700864
30955.475458 3 0.698015 3.071956 0.733427 3.700790
30959.548817 3 0.697996 3.091601 0.738664 3.700715
30963.581443 3 0.697977 3.111382 0.743902 3.700639
30967.573742 3 0.697957 3.131299 0.749140 3.700563
30971.526118 3 0.697937 3.151354 0.754378 3.700486
30975.438970 3 0.697917 3.171547 0.759615 3.700409
30979.312694 3 0.697897 3.191880 0.764853 3.700331
30983.147681 3 0.697876 3.212353 0.770091 3.700252
30986.944318 3 0.697856 3.232969 0.775329 3.700172
30990.702988 3 0.697835 3.253726 0.780566 3.700092
30994.424072 3 0.697814 3.274628 0.785804 3.700011
30998.107945 3 0.697793 3.295675 0.791042 3.699929
31001.754979 3 0.697771 3.316867 0.796280 3.699846
31005.365543 3 0.697750 3.338207 0.801517 3.699763
31008.940001 3 0.697728 3.359695 0.806755 3.699679
31012.478715 3 0.697706 3.381332 0.811993 3.699595
31015.982041 3 0.697684 3.403119 0.817231 3.699510
31019.450334 3 0.697662 3.425059 0.822469 3.699424
31022.883944 3 0.697640 3.447150 0.827706 3.699337
31026.283219 3 0.697617 3.469396 0.832944 3.699250
31029.648500 3 0.697594 3.491797 0.838182 3.699162
31032.980129 3 0.697571 3.514354 0.843420 3.699073
31036.278441 3 0.697548 3.537068 0.848657 3.698983
31039.543770 3 0.697525 3.559941 0.853895 3.698893
31042.776446 3 0.697501 3.582973 0.859133 3.698802
31045.976795 3 0.697478 3.606167 0.864371 3.698710
31049.145141 3 0.697454 3.629523 0.869608 3.698618
31052.281803 3 0.697429 3.653042 0.874846 3.698525
31055.387099 3 0.697405 3.676726 0.880084 3.698431
31058.461341 3 0.697380 3.700575 0.885322 3.698336
31061.504842 3 0.697356 3.724592 0.890560 3.698241
31064.517907 3 0.697331 3.748777 0.895797 3.698145
31067.500841 3 0.697305 3.773133 0.901035 3.698048
31070.453946 3 0.697280 3.797659 0.906273 3.697951
31073.377521 3 0.697254 3.822357 0.911511 3.697853
31076.271859 3 0.697228 3.847229 0.916748 3.697754
31079.137254 3 0.697202 3.872276 0.921986 3.697654
31081.973995 3 0.697176 3.897499 0.927224 3.697554
31084.782369 3 0.697149 3.922900 0.932462 3.697452
31087.562659 3 0.697123 3.948480 0.937699 3.697350
31090.315146 3 0.697096 3.974240 0.942937 3.697248
31093.040108 3 0.697068 4.000182 0.948175 3.697144
31095.737820 3 0.697041 4.026307 0.953413 3.697040
31098.408556 3 0.697013 4.052617 0.958650 3.696935
31101.052584 3 0.696985 4.079112 0.963888 3.696830
31103.670172 3 0.696957 4.105795 0.969126 3.696723
31106.261583 3 0.696929 4.132667 0.974364 3.696616
31108.827081 3 0.696900 4.159729 0.979602 3.696508
31111.366924 3 0.696871 4.186982 0.984839 3.696400
31113.881368 3 0.696842 4.214429 0.990077 3.696290
31116.370668 3 0.696812 4.242070 0.995315 3.696180
31118.835075 3 0.696783 4.269908 1.000553 3.696069
31121.274838 3 0.696753 4.297943 1.005790 3.695958
31123.690203 3 0.696723 4.326177 1.011028 3.695845
31126.081415 3 0.696692 4.354613 1.016266 3.695732
31128.448714 3 0.696661 4.383250 1.021504 3.695618
31130.792341 3 0.696630 4.412091 1.026741 3.695504
31133.112531 3 0.696599 4.441138 1.031979 3.695388
31135.409519 3 0.696568 4.470391 1.037217 3.695272
31137.683538 3 0.696536 4.499853 1.042455 3.695155
31139.934816 3 0.696504 4.529526 1.047693 3.695037
31142.163581 3 0.696471 4.559410 1.052930 3.694919
31144.370059 3 0.696439 4.589507 1.058168 3.694800
31146.554472 3 0.696406 4.619820 1.063406 3.694679
31148.717041 3 0.696373 4.650350 1.068644 3.694559
31150.857984 3 0.696339 4.681097 1.073881 3.694437
31152.977518 3 0.696305 4.712065 1.079119 3.694315
31155.075857 3 0.696271 4.743255 1.084357 3.694192
31157.153212 3 0.696237 4.774669 1.089595 3.694068
31159.209793 3 0.696202 4.806307 1.094832 3.693943
31161.245809 3 0.696167 4.838173 1.100070 3.693817
31163.261464 3 0.696132 4.870268 1.105308 3.693691
31165.256963 3 0.696096 4.902593 1.110546 3.693564
31167.232507 3 0.696061 4.935151 1.115783 3.693436
31169.188296 3 0.696024 4.967943 1.121021 3.693308
31171.124526 3 0.695988 5.000970 1.126259 3.693178
31173.041395 3 0.695951 5.034236 1.131497 3.693048
31174.939094 3 0.695914 5.067742 1.136735 3.692917
31176.817817 3 0.695876 5.101489 1.141972 3.692785
31178.677753 3 0.695838 5.135479 1.147210 3.692653
31180.519089 3 0.695800 5.169715 1.152448 3.692519
31182.342011 3 0.695762 5.204198 1.157686 3.692385
31184.146705 3 0.695723 5.238931 1.162923 3.692250
31185.933351 3 0.695684 5.273914 1.168161 3.692114
31187.702131 3 0.695644 5.309151 1.173399 3.691978
31189.453224 3 0.695605 5.344643 1.178637 3.691840
31191.186805 3 0.695564 5.380392 1.183874 3.691702
31192.903051 3 0.695524 5.416400 1.189112 3.691563
31194.602134 3 0.695483 5.452670 1.194350 3.691423
31196.284226 3 0.695442 5.489202 1.199588 3.691283
31197.949497 3 0.695400 5.526000 1.204826 3.691141
31199.598116 3 0.695358 5.563066 1.210063 3.690999
31201.230249 3 0.695316 5.600400 1.215301 3.690856
31202.846060 3 0.695273 5.638007 1.220539 3.690712
31204.445713 3 0.695230 5.675887 1.225777 3.690568
31206.029369 3 0.695186 5.714043 1.231014 3.690422
31207.597189 3 0.695142 5.752478 1.236252 3.690276
31209.149331 3 0.695098 5.791192 1.241490 3.690129
31210.685951 3 0.695054 5.830189 1.246728 3.689981
31212.207205 3 0.695009 5.869471 1.251965 3.689832
31213.713247 3 0.694963 5.909040 1.257203 3.689683
31215.204228 3 0.694917 5.948898 1.262441 3.689533
31216.680299 3 0.694871 5.989047 1.267679 3.689381
31218.141610 3 0.694824 6.029491 1.272916 3.689229
31219.588307 3 0.694777 6.070230 1.278154 3.689077
31221.020538 3 0.694730 6.111268 1.283392 3.688923
31222.438446 3 0.694682 6.152607 1.288630 3.688768
31223.842175 3 0.694634 6.194250 1.293868 3.688613
31225.231867 3 0.694585 6.236198 1.299105 3.688457
31226.607662 3 0.694536 6.278454 1.304343 3.688300
31227.969699 3 0.694486 6.321020 1.309581 3.688142
31229.318116 3 0.694436 6.363900 1.314819 3.687984
31230.653048 3 0.694385 6.407095 1.320056 3.687824
31231.974631 3 0.694334 6.450608 1.325294 3.687664
31233.282999 3 0.694283 6.494442 1.330532 3.687503
31234.578282 3 0.694231 6.538599 1.335770 3.687341
31235.860613 3 0.694179 6.583082 1.341007 3.687178
31237.130120 3 0.694126 6.627893 1.346245 3.687014
31238.386933 3 0.694073 6.673034 1.351483 3.686850
31239.631177 3 0.694019 6.718510 1.356721 3.686684
31240.862979 3 0.693965 6.764321 1.361958 3.686518
31242.082463 3 0.693910 6.810472 1.367196 3.686351
31243.289752 3 0.693855 6.856964 1.372434 3.686183
31244.484968 3 0.693799 6.903801 1.377672 3.686014
31245.668232 3 0.693743 6.950984 1.382910 3.685845
31246.839663 3 0.693686 6.998518 1.388147 3.685674
31247.999380 3 0.693629 7.046404 1.393385 3.685503
31249.147500 3 0.693571 7.094646 1.398623 3.685331
31250.284138 3 0.693513 7.143246 1.403861 3.685158
31251.409411 3 0.693454 7.192207 1.409098 3.684984
31252.523430 3 0.693395 7.241533 1.414336 3.684809
31253.626309 3 0.693335 7.291226 1.419574 3.684634
31254.718160 3 0.693275 7.341289 1.424812 3.684457
31255.799092 3 0.693214 7.391724 1.430049 3.684280
31256.869215 3 0.693153 7.442536 1.435287 3.684102
31257.928636 3 0.693091 7.493727 1.440525 3.683923
31258.977463 3 0.693028 7.545300 1.445763 3.683743
31260.015802 3 0.692965 7.597259 1.451001 3.683562
31261.043758 3 0.692901 7.649605 1.456238 3.683381
31262.061434 3 0.692837 7.702343 1.461476 3.683198
31263.068933 3 0.692772 7.755476 1.466714 3.683015
31264.066358 3 0.692707 7.809007 1.471952 3.682831
31265.053808 3 0.692641 7.862938 1.477189 3.682645
31266.031383 3 0.692574 7.917274 1.482427 3.682460
31266.999183 3 0.692507 7.972018 1.487665 3.682273
31267.957305 3 0.692439 8.027172 1.492903 3.682085
31268.905845 3 0.692371 8.082740 1.498140 3.681896
31269.844900 3 0.692302 8.138726 1.503378 3.681707
31270.774565 3 0.692232 8.195133 1.508616 3.681517
31271.694933 3 0.692162 8.251965 1.513854 3.681325
31272.606097 3 0.692091 8.309224 1.519091 3.681133
31273.508150 3 0.692019 8.366915 1.524329 3.680940
31274.401182 3 0.691947 8.425040 1.529567 3.680746
31275.285284 3 0.691874 8.483603 1.534805 3.680552
31276.160545 3 0.691801 8.542609 1.540043 3.680356
31277.027053 3 0.691727 8.602060 1.545280 3.680159
31277.884896 3 0.691652 8.661960 1.550518 3.679962
31278.734160 3 0.691576 8.722313 1.555756 3.679764
31279.574932 3 0.691500 8.783123 1.560994 3.679564
31280.407297 3 0.691423 8.844393 1.566231 3.679364
31281.231337 3 0.691345 8.906127 1.571469 3.679163
31282.047138 3 0.691267 8.968328 1.576707 3.678962
31282.854780 3 0.691188 9.031001 1.581945 3.678759
31283.654346 3 0.691108 9.094150 1.587182 3.678555
31284.445916 3 0.691027 9.157778 1.592420 3.678351
31285.229570 3 0.690946 9.221890 1.597658 3.678145
31286.005388 3 0.690864 9.286489 1.602896 3.677939
31286.773448 3 0.690781 9.351579 1.608134 3.677731
31287.533827 3 0.690698 9.417164 1.613371 3.677523
31288.286602 3 0.690614 9.483249 1.618609 3.677314
31289.031850 3 0.690529 9.549837 1.623847 3.677104
31289.769645 3 0.690443 9.616933 1.629085 3.676893
31290.500062 3 0.690356 9.684541 1.634322 3.676682
31291.223175 3 0.690269 9.752665 1.639560 3.676469
31291.939057 3 0.690181 9.821309 1.644798 3.676255
31292.647780 3 0.690092 9.890478 1.650036 3.676041
31293.349416 3 0.690002 9.960175 1.655273 3.675825
31294.044035 3 0.689911 10.030406 1.660511 3.675609
31294.731709 3 0.689820 10.101175 1.665749 3.675392
31295.412505 3 0.689727 10.172485 1.670987 3.675174
31296.086494 3 0.689634 10.244342 1.676224 3.674955
31296.753742 3 0.689540 10.316751 1.681462 3.674735
31297.414319 3 0.689445 10.389715 1.686700 3.674514
31298.068289 3 0.689349 10.463239 1.691938 3.674292
31298.715720 3 0.689253 10.537329 1.697176 3.674069
31299.356676 3 0.689155 10.611988 1.702413 3.673846
31299.991223 3 0.689056 10.687221 1.707651 3.673621
31300.619424 3 0.688957 10.763033 1.712889 3.673395
31301.241344 3 0.688857 10.839430 1.718127 3.673169
31301.857044 3 0.688755 10.916415 1.723364 3.672942
31302.466587 3 0.688653 10.993994 1.728602 3.672713
31303.070035 3 0.688550 11.072171 1.733840 3.672484
31303.667448 3 0.688446 11.150952 1.739078 3.672254
31304.258887 3 0.688341 11.230342 1.744315 3.672023
31304.844412 3 0.688235 11.310345 1.749553 3.671791
31305.424081 3 0.688128 11.390968 1.754791 3.671558
31305.997954 3 0.688020 11.472214 1.760029 3.671324
31306.566088 3 0.687911 11.554089 1.765267 3.671089
31307.128541 3 0.687801 11.636599 1.770504 3.670854
31307.685369 3 0.687690 11.719749 1.775742 3.670617
31308.236629 3 0.687578 11.803544 1.780980 3.670379
31308.782376 3 0.687464 11.887989 1.786218 3.670141
31309.322666 3 0.687350 11.973091 1.791455 3.669901
31309.857553 3 0.687235 12.058853 1.796693 3.669661
31310.387091 3 0.687119 12.145283 1.801931 3.669419
31310.911334 3 0.687001 12.232386 1.807169 3.669177
31311.430334 3 0.686883 12.320167 1.812406 3.668934
31311.944145 3 0.686763 12.408632 1.817644 3.668690
31312.452817 3 0.686642 12.497786 1.822882 3.668445
31312.956402 3 0.686520 12.587636 1.828120 3.668198
31313.454952 3 0.686397 12.678187 1.833357 3.667951
31313.948516 3 0.686273 12.769446 1.838595 3.667703
31314.437144 3 0.686147 12.861418 1.843833 3.667454
31314.920886 3 0.686021 12.954109 1.849071 3.667204
31315.399791 3 0.685893 13.047526 1.854309 3.666954
31315.873907 3 0.685764 13.141674 1.859546 3.666702
31316.343281 3 0.685634 13.236560 1.864784 3.666449
31316.807962 3 0.685503 13.332189 1.870022 3.666195
31317.267996 3 0.685370 13.428569 1.875260 3.665941
31317.723430 3 0.685236 13.525705 1.880497 3.665685
31318.174309 3 0.685101 13.623604 1.885735 3.665428
31318.620680 3 0.684964 13.722273 1.890973 3.665171
31319.062586 3 0.684827 13.821718 1.896211 3.664912
31319.500074 3 0.684688 13.921945 1.901448 3.664653
31319.933187 3 0.684547 14.022961 1.906686 3.664392
31320.361969 3 0.684405 14.124773 1.911924 3.664131
31320.786463 3 0.684262 14.227387 1.917162 3.663868
31321.206712 3 0.684118 14.330811 1.922400 3.663605
31321.622758 3 0.683972 14.435052 1.927637 3.663341
31322.034644 3 0.683825 14.540116 1.932875 3.663075
31322.442411 3 0.683676 14.646010 1.938113 3.662809
31322.846101 3 0.683526 14.752741 1.943351 3.662542
31323.245753 3 0.683375 14.860317 1.948588 3.662274
31323.641410 3 0.683222 14.968745 1.953826 3.662004
31324.033109 3 0.683068 15.078031 1.959064 3.661734
31324.420892 3 0.682912 15.188185 1.964302 3.661463
31324.804796 3 0.682755 15.299211 1.969539 3.661191
31325.184862 3 0.682596 15.411120 1.974777 3.660918
31325.561127 3 0.682436 15.523917 1.980015 3.660644
31325.933629 3 0.682274 15.637610 1.985253 3.660369
31326.302407 3 0.682110 15.752208 1.990490 3.660092
31326.667496 3 0.681945 15.867717 1.995728 3.659815
31327.028935 3 0.681779 15.984146 2.000966 3.659537
31327.386759 3 0.681611 16.101503 2.006204 3.659258
31327.741005 3 0.681441 16.219795 2.011442 3.658978
31328.091709 3 0.681270 16.339032 2.016679 3.658697
31328.438905 3 0.681097 16.459219 2.021917 3.658415
31328.782630 3 0.680922 16.580367 2.027155 3.658132
31329.122917 3 0.680745 16.702483 2.032393 3.657848
31329.459801 3 0.680567 16.825576 2.037630 3.657563
31329.793317 3 0.680387 16.949654 2.042868 3.657277
31330.123497 3 0.680206 17.074726 2.048106 3.656990
31330.450376 3 0.680023 17.200799 2.053344 3.656702
31330.773986 3 0.679837 17.327884 2.058581 3.656413
31331.094360 3 0.679651 17.455988 2.063819 3.656123
31331.411530 3 0.679462 17.585120 2.069057 3.655832
31331.725528 3 0.679271 17.715290 2.074295 3.655540
31332.036386 3 0.679079 17.846506 2.079533 3.655247
31332.344136 3 0.678885 17.978778 2.084770 3.654953
31332.648808 3 0.678688 18.112114 2.090008 3.654658
31332.950434 3 0.678490 18.246524 2.095246 3.654362
31333.249043 3 0.678290 18.382018 2.100484 3.654065
31333.544666 3 0.678088 18.518604 2.105721 3.653767
31333.837333 3 0.677885 18.656292 2.110959 3.653468
31334.127074 3 0.677679 18.795092 2.116197 3.653168
31334.413916 3 0.677471 18.935014 2.121435 3.652866
31334.697891 3 0.677261 19.076067 2.126672 3.652564
31334.979026 3 0.677049 19.218261 2.131910 3.652261
31335.257349 3 0.676835 19.361606 2.137148 3.651957
31335.532889 3 0.676618 19.506113 2.142386 3.651652
31335.805674 3 0.676400 19.651790 2.147623 3.651345
31336.075731 3 0.676180 19.798650 2.152861 3.651038
31336.343087 3 0.675957 19.946702 2.158099 3.650730
31336.607770 3 0.675732 20.095956 2.163337 3.650420
31336.869806 3 0.675505 20.246423 2.168575 3.650110
31337.129221 3 0.675276 20.398114 2.173812 3.649799
31337.386043 3 0.675045 20.551040 2.179050 3.649486
31337.640296 3 0.674811 20.705211 2.184288 3.649173
31337.892006 3 0.674575 20.860639 2.189526 3.648858
31338.141200 3 0.674336 21.017334 2.194763 3.648543
31338.387902 3 0.674095 21.175307 2.200001 3.648226
31338.632136 3 0.673852 21.334571 2.205239 3.647908
31338.873928 3 0.673607 21.495136 2.210477 3.647590
31339.113303 3 0.673359 21.657014 2.215714 3.647270
31339.350283 3 0.673108 21.820216 2.220952 3.646949
31339.584894 3 0.672855 21.984755 2.226190 3.646627
31339.817159 3 0.672600 22.150642 2.231428 3.646304
31340.047101 3 0.672341 22.317888 2.236665 3.645980
31340.274743 3 0.672081 22.486508 2.241903 3.645655
31340.500110 3 0.671818 22.656511 2.247141 3.645329
31340.723222 3 0.671552 22.827911 2.252379 3.645002
31340.944103 3 0.671283 23.000720 2.257617 3.644674
31341.162776 3 0.671012 23.174951 2.262854 3.644345
31341.379262 3 0.670738 23.350617 2.268092 3.644014
31341.593583 3 0.670462 23.527729 2.273330 3.643683
31341.805761 3 0.670182 23.706302 2.278568 3.643351
31342.015817 3 0.669900 23.886348 2.283805 3.643017
31342.223772 3 0.669615 24.067881 2.289043 3.642682
31342.429648 3 0.669327 24.250913 2.294281 3.642347
31342.633465 3 0.669036 24.435458 2.299519 3.642010
31342.835244 3 0.668742 24.621530 2.304756 3.641672
31343.035005 3 0.668446 24.809143 2.309994 3.641333
31343.232769 3 0.668146 24.998310 2.315232 3.640993
31343.428555 3 0.667843 25.189045 2.320470 3.640652
31343.622383 3 0.667537 25.381363 2.325708 3.640310
31343.814273 3 0.667228 25.575277 2.330945 3.639967
31344.004243 3 0.666916 25.770803 2.336183 3.639622
31344.192315 3 0.666601 25.967955 2.341421 3.639277
31344.378505 3 0.666283 26.166747 2.346659 3.638930
31344.562834 3 0.665961 26.367194 2.351896 3.638583
31344.745319 3 0.665636 26.569312 2.357134 3.638234
31344.925979 3 0.665308 26.773115 2.362372 3.637884
31345.104833 3 0.664976 26.978618 2.367610 3.637533
31345.281898 3 0.664641 27.185838 2.372847 3.637181
31345.457193 3 0.664303 27.394790 2.378085 3.636828
31345.630735 3 0.663961 27.605490 2.383323 3.636474
31345.802541 3 0.663616 27.817953 2.388561 3.636118
31345.972629 3 0.663267 28.032196 2.393798 3.635762
31346.141016 3 0.662915 28.248235 2.399036 3.635404
31346.307720 3 0.662558 28.466086 2.404274 3.635045
31346.472756 3 0.662199 28.685766 2.409512 3.634685
31346.636142 3 0.661835 28.907291 2.414750 3.634324
31346.797895 3 0.661468 29.130680 2.419987 3.633962
31346.958029 3 0.661097 29.355948 2.425225 3.633599
31347.116563 3 0.660722 29.583113 2.430463 3.633234
31347.273511 3 0.660344 29.812193 2.435701 3.632869
31347.428889 3 0.659961 30.043205 2.440938 3.632502
31347.582714 3 0.659574 30.276167 2.446176 3.632134
31347.735000 3 0.659184 30.511097 2.451414 3.631765
31347.885764 3 0.658789 30.748013 2.456652 3.631395
31348.035020 3 0.658391 30.986934 2.461889 3.631024
31348.182783 3 0.657988 31.227878 2.467127 3.630651
31348.329069 3 0.657581 31.470864 2.472365 3.630277
31348.473892 3 0.657169 31.715911 2.477603 3.629903
31348.617267 3 0.656754 31.963038 2.482841 3.629527
31348.759208 3 0.656334 32.212265 2.488078 3.629150
31348.899729 3 0.655909 32.463611 2.493316 3.628771
31349.038845 3 0.655480 32.717096 2.498554 3.628392
31349.176571 3 0.655047 32.972739 2.503792 3.628011
31349.312918 3 0.654609 33.230562 2.509029 3.627629
31349.447903 3 0.654167 33.490584 2.514267 3.627246
31349.581537 3 0.653720 33.752826 2.519505 3.626862
31349.713836 3 0.653268 34.017309 2.524743 3.626476
31349.844811 3 0.652811 34.284055 2.529980 3.626090
31349.974476 3 0.652350 34.553084 2.535218 3.625702
31350.102845 3 0.651883 34.824418 2.540456 3.625313
31350.229930 3 0.651412 35.098079 2.545694 3.624922
31350.355745 3 0.650936 35.374088 2.550931 3.624531
31350.480301 3 0.650454 35.652469 2.556169 3.624138
31350.603612 3 0.649968 35.933243 2.561407 3.623744
31350.725689 3 0.649476 36.216433 2.566645 3.623349
31350.846546 3 0.648979 36.502063 2.571883 3.622952
31350.966194 3 0.648477 36.790156 2.577120 3.622555
31351.084646 3 0.647969 37.080734 2.582358 3.622156
31351.201913 3 0.647456 37.373822 2.587596 3.621756
31351.318007 3 0.646938 37.669445 2.592834 3.621354
31351.432941 3 0.646414 37.967625 2.598071 3.620952
31351.546725 3 0.645884 38.268388 2.603309 3.620548
31351.659371 3 0.645348 38.571759 2.608547 3.620143
31351.770891 3 0.644807 38.877762 2.613785 3.619736
31351.881296 3 0.644260 39.186424 2.619022 3.619328
31351.990597 3 0.643707 39.497769 2.624260 3.618919
31352.098804 3 0.643148 39.811825 2.629498 3.618509
31352.205930 3 0.642583 40.128616 2.634736 3.618097
31352.311984 3 0.642012 40.448170 2.639974 3.617685
31352.416978 3 0.641434 40.770514 2.645211 3.617270
31352.520922 3 0.640850 41.095674 2.650449 3.616855
31352.623826 3 0.640260 41.423679 2.655687 3.616438
31352.725701 3 0.639664 41.754556 2.660925 3.616020
31352.826558 3 0.639061 42.088333 2.666162 3.615600
31352.926558 3 0.638451 42.425039 2.671400 3.615179
31353.026558 3 0.637834 42.764702 2.676638 3.614757
31353.126558 3 0.637211 43.107353 2.681876 3.614334
31353.226558 3 0.636581 43.453019 2.687113 3.613909
31353.326558 3 0.635944 43.801732 2.692351 3.613483
31353.426558 3 0.635300 44.153521 2.697589 3.613055
31353.526558 3 0.634649 44.508417 2.702827 3.612626
31353.626558 3 0.633990 44.866451 2.708064 3.612196
31353.726558 3 0.633324 45.227654 2.713302 3.611764
31353.826558 3 0.632651 45.592058 2.718540 3.611331
31353.926558 3 0.631970 45.959694 2.723778 3.610896
31354.026558 3 0.631282 46.330597 2.729016 3.610461
31354.126558 3 0.630586 46.704797 2.734253 3.610023
31354.226558 3 0.629882 47.082329 2.739491 3.609584
31354.326558 3 0.629170 47.463226 2.744729 3.609144
31354.426558 3 0.628450 47.847522 2.749967 3.608702
31354.526558 3 0.627722 48.235253 2.755204 3.608259
31354.626558 3 0.626986 48.626452 2.760442 3.607815
31354.726558 3 0.626242 49.021155 2.765680 3.607369
31354.826558 3 0.625489 49.419398 2.770918 3.606921
31354.926558 3 0.624727 49.821218 2.776155 3.606472
31355.026558 3 0.623957 50.226651 2.781393 3.606022
31355.126558 3 0.623178 50.635734 2.786631 3.605570
31355.226558 3 0.622390 51.048506 2.791869 3.605116
31355.326558 3 0.621593 51.465003 2.797107 3.604661
31355.426558 3 0.620787 51.885266 2.802344 3.604205
31355.526558 3 0.619972 52.309333 2.807582 3.603746
31355.626558 3 0.619147 52.737244 2.812820 3.603287
31355.726558 3 0.618313 53.169040 2.818058 3.602826
31355.826558 3 0.617469 53.604760 2.823295 3.602363
31355.926558 3 0.616615 54.044447 2.828533 3.601898
31356.026558 3 0.615752 54.488143 2.833771 3.601432
31356.126558 3 0.614878 54.935889 2.839009 3.600965
31356.226558 3 0.613994 55.387730 2.844246 3.600495
31356.326558 3 0.613100 55.843708 2.849484 3.600024
31356.426558 3 0.612195 56.303868 2.854722 3.599552
31356.526558 3 0.611280 56.768255 2.859960 3.599078
31356.626558 3 0.610354 57.236915 2.865197 3.598602
31356.726558 3 0.609417 57.709893 2.870435 3.598124
31356.826558 3 0.608468 58.187237 2.875673 3.597645
31356.926558 3 0.607509 58.668994 2.880911 3.597164
31357.026558 3 0.606538 59.155211 2.886149 3.596681
31357.126558 3 0.605555 59.645939 2.891386 3.596197
31357.226558 3 0.604561 60.141227 2.896624 3.595710
31357.326558 3 0.603555 60.641125 2.901862 3.595222
31357.426558 3 0.602537 61.145684 2.907100 3.594733
31357.526558 3 0.601506 61.654956 2.912337 3.594241
31357.626558 3 0.600463 62.168993 2.917575 3.593747
31357.726558 3 0.599407 62.687850 2.922813 3.593252
31357.826558 3 0.598339 63.211581 2.928051 3.592755
31357.926558 3 0.597257 63.740240 2.933288 3.592256
31358.026558 3 0.596163 64.273884 2.938526 3.591755
31358.126558 3 0.595055 64.812569 2.943764 3.591252
31358.226558 3 0.593933 65.356353 2.949002 3.590747
31358.326558 3 0.592797 65.905296 2.954240 3.590240
31358.426558 3 0.591648 66.459456 2.959477 3.589731
31358.526558 3 0.590484 67.018895 2.964715 3.589221
31358.626558 3 0.589305 67.583673 2.969953 3.588708
31358.726558 3 0.588112 68.153854 2.975191 3.588193
31358.826558 3 0.586904 68.729501 2.980428 3.587676
31358.926558 3 0.585681 69.310680 2.985666 3.587157
31359.026558 3 0.584443 69.897455 2.990904 3.586636
31359.126558 3 0.583188 70.489895 2.996142 3.586113
31359.226558 3 0.581918 71.088067 3.001379 3.585587
31359.326558 3 0.580632 71.692040 3.006617 3.585059
31359.426558 3 0.579329 72.301886 3.011855 3.584529
31359.526558 3 0.578010 72.917677 3.017093 3.583997
31359.626558 3 0.576673 73.539484 3.022330 3.583463
31359.726558 3 0.575320 74.167384 3.027568 3.582926
31359.826558 3 0.573949 74.801453 3.032806 3.582387
31359.926558 3 0.572560 75.441767 3.038044 3.581846
31360.026558 3 0.571153 76.088405 3.043282 3.581302
31360.126558 3 0.569727 76.741448 3.048519 3.580755
31360.226558 3 0.568283 77.400979 3.053757 3.580207
31360.326558 3 0.566820 78.067080 3.058995 3.579655
31360.426558 3 0.565337 78.739837 3.064233 3.579101
31360.526558 3 0.563835 79.419336 3.069470 3.578545
31360.626558 3 0.562313 80.105668 3.074708 3.577986
31360.726558 3 0.560770 80.798922 3.079946 3.577424
31360.826558 3 0.559206 81.499191 3.085184 3.576860
31360.926558 3 0.557622 82.206569 3.090421 3.576293
31361.026558 3 0.556015 82.921153 3.095659 3.575723
31361.126558 3 0.554387 83.643043 3.100897 3.575150
31361.226558 3 0.552737 84.372338 3.106135 3.574574
31361.326558 3 0.551064 85.109141 3.111372 3.573996
31361.426558 3 0.549367 85.853560 3.116610 3.573414
31361.526558 3 0.547647 86.605701 3.121848 3.572829
31361.626558 3 0.545903 87.277259 3.127086 3.572461
31361.726558 3 0.544137 87.853685 3.132323 3.572341
31361.826558 3 0.542349 88.427900 3.137561 3.572236
31361.926558 3 0.540540 88.999346 3.142799 3.572147
31362.026558 3 0.538710 89.567405 3.148037 3.572075
31362.126558 3 0.536858 90.131391 3.153274 3.572021
31362.226558 3 0.534984 90.690540 3.158512 3.571988
31362.326558 3 0.533088 91.244000 3.163750 3.571976
31362.426558 3 0.531170 91.790819 3.168987 3.571988
31362.526558 3 0.529230 92.329925 3.174225 3.572026
31362.626558 3 0.527267 92.860110 3.179462 3.572092
31362.726558 3 0.525281 93.380007 3.184700 3.572189
31362.826558 3 0.523273 93.888059 3.189937 3.572320
31362.926558 3 0.521242 94.382482 3.195175 3.572489
31363.026558 3 0.519188 94.861224 3.200412 3.572699
31363.126558 3 0.517112 95.321901 3.205649 3.572957
31363.226558 3 0.515013 95.761724 3.210887 3.573266
31363.326558 3 0.512891 96.177399 3.216124 3.573635
31363.426558 3 0.510747 96.564985 3.221360 3.574071
31363.526558 3 0.508581 96.919716 3.226597 3.574584
31363.626558 3 0.506393 97.235725 3.231833 3.575186
31363.726558 3 0.504184 97.505667 3.237069 3.575893
31363.826558 3 0.501955 97.720131 3.242304 3.576725
31363.926558 3 0.499707 97.866744 3.247539 3.577708
31364.026558 3 0.497441 97.928714 3.252772 3.578879
31364.126558 3 0.495158 97.882358 3.258003 3.580289
31364.226558 3 0.492861 97.692712 3.263231 3.582017
31364.326558 3 0.490554 97.305224 3.268454 3.584186
31364.426558 3 0.488240 96.629006 3.273669 3.587004
31364.526558 3 0.487083 96.136209 3.276264 3.588763
31364.626558 3 0.485929 95.501516 3.278854 3.590849
31364.726558 3 0.484778 94.679987 3.281436 3.593370
31364.826558 3 0.484206 94.180635 3.282721 3.594840
31364.926558 3 0.483636 93.608297 3.284004 3.596484
31365.026558 3 0.483068 92.949849 3.285282 3.598337
31365.126558 3 0.482503 92.189134 3.286554 3.600439
31365.226558 3 0.481942 91.306182 3.287821 3.602846
31365.326558 3 0.481664 90.812341 3.288451 3.604181
31365.426558 3 0.481387 90.278465 3.289079 3.605618
31365.526558 3 0.481112 89.700571 3.289704 3.607169
31365.626558 3 0.480838 89.074226 3.290326 3.608846
31365.726558 3 0.480566 88.394506 3.290946 3.610664
31365.826558 3 0.480295 87.655944 3.291562 3.612640
31365.926558 3 0.480027 86.852487 3.292173 3.614793
31366.026558 3 0.479894 86.425135 3.292477 3.615940
31366.126558 3 0.479762 85.979104 3.292780 3.617139
31366.226558 3 0.479630 85.513467 3.293082 3.618394
31366.326558 3 0.479499 85.027253 3.293382 3.619707
31366.426558 3 0.479369 84.519450 3.293681 3.621082
31366.526558 3 0.479239 83.989004 3.293978 3.622524
31366.626558 3 0.479110 83.434817 3.294273 3.624035
31366.726558 3 0.478982 82.855753 3.294567 3.625621
31366.826558 3 0.478855 82.250635 3.294859 3.627286
31366.926558 3 0.478728 81.618251 3.295148 3.629034
31367.026558 3 0.478603 80.957352 3.295436 3.630871
31367.126558 3 0.478479 80.266664 3.295721 3.632803
31367.226558 3 0.478355 79.544885 3.296004 3.634835
31367.326558 3 0.478233 78.790698 3.296284 3.636974
31367.426558 3 0.478172 78.401716 3.296423 3.638084
31367.526558 3 0.478112 78.004179 3.296561 3.639222
31367.626558 3 0.478052 77.597925 3.296699 3.640390
31367.726558 3 0.477992 77.182791 3.296836 3.641589
31367.826558 3 0.477933 76.758615 3.296971 3.642820
31367.926558 3 0.477874 76.325236 3.297107 3.644083
31368.026558 3 0.477815 75.882496 3.297241 3.645380
31368.126558 3 0.477757 75.430240 3.297374 3.646711
31368.226558 3 0.477699 74.968315 3.297507 3.648078
31368.326558 3 0.477641 74.496572 3.297638 3.649482
31368.426558 3 0.477584 74.014865 3.297769 3.650923
31368.526558 3 0.477527 73.523053 3.297898 3.652403
31368.626558 3 0.477470 73.021002 3.298027 3.653923
31368.726558 3 0.477414 72.508582 3.298154 3.655484
31368.826558 3 0.477358 71.985670 3.298280 3.657088
31368.926558 3 0.477302 71.452152 3.298405 3.658734
31369.026558 3 0.477247 70.907920 3.298529 3.660426
31369.126558 3 0.477193 70.352877 3.298652 3.662163
31369.226558 3 0.477138 69.786933 3.298773 3.663947
31369.326558 3 0.477085 69.210012 3.298894 3.665780
31369.426558 3 0.477031 68.622047 3.299012 3.667662
31369.526558 3 0.476978 68.022984 3.299130 3.669595
31369.626558 3 0.476926 67.412782 3.299246 3.671581
31369.726558 3 0.476874 66.791416 3.299360 3.673620
31369.826558 3 0.476823 66.158873 3.299473 3.675715
31369.926558 3 0.476771 65.515158 3.299585 3.677866
31370.026558 3 0.476721 64.860294 3.299695 3.680075
31370.126558 3 0.476696 64.529245 3.299749 3.681200
31370.226558 3 0.476671 64.195440 3.299803 3.682339
31370.326558 3 0.476646 63.858887 3.299856 3.683494
31370.426558 3 0.476622 63.519595 3.299909 3.684664
31370.526558 3 0.476597 63.177574 3.299962 3.685850
31370.626558 3 0.476573 62.832837 3.300014 3.687051
31370.726558 3 0.476549 62.485396 3.300066 3.688268
31370.826558 3 0.476525 62.135266 3.300117 3.689501
31370.926558 3 0.476501 61.782461 3.300168 3.690750
31371.026558 3 0.476477 61.427000 3.300218 3.692015
31371.126558 3 0.476453 61.068900 3.300268 3.693298
31371.226558 3 0.476430 60.708181 3.300317 3.694596
31371.326558 3 0.476406 60.344864 3.300366 3.695912
31371.426558 3 0.476383 59.978973 3.300415 3.697245
31371.526558 3 0.476360 59.610530 3.300463 3.698595
31371.626558 3 0.476337 59.239561 3.300510 3.699962
31371.726558 3 0.476314 58.866094 3.300557 3.701347
31371.826558 3 0.476291 58.490157 3.300603 3.702750
31371.926558 3 0.476269 58.111779 3.300649 3.704171
31372.026558 3 0.476246 57.730993 3.300694 3.705610
31372.126558 3 0.476224 57.347831 3.300739 3.707067
31372.226558 3 0.476202 56.962327 3.300783 3.708542
31372.326558 3 0.476180 56.574519 3.300827 3.710037
31372.426558 3 0.476158 56.184443 3.300870 3.711550
31372.526558 3 0.476136 55.792138 3.300912 3.713082
31372.626558 3 0.476115 55.397646 3.300954 3.714633
31372.726558 3 0.476094 55.001009 3.300995 3.716204
31372.826558 3 0.476072 54.602270 3.301036 3.717794
31372.926558 3 0.476051 54.201474 3.301076 3.719404
31373.026558 3 0.476030 53.798669 3.301115 3.721034
31373.126558 3 0.476010 53.393902 3.301154 3.722683
31373.226558 3 0.475989 52.987224 3.301193 3.724353
31373.326558 3 0.475969 52.578686 3.301230 3.726043
31373.426558 3 0.475948 52.168341 3.301267 3.727754
31373.526558 3 0.475928 51.756243 3.301303 3.729485
31373.626558 3 0.475908 51.342447 3.301339 3.731237
31373.726558 3 0.475889 50.927012 3.301374 3.733010
31373.826558 3 0.475869 50.509994 3.301408 3.734804
31373.926558 3 0.475849 50.091455 3.301442 3.736619
31374.026558 3 0.475830 49.671454 3.301475 3.738456
31374.126558 3 0.475811 49.250056 3.301507 3.740314
31374.226558 3 0.475792 48.827323 3.301538 3.742194
31374.326558 3 0.475773 48.403321 3.301569 3.744095
31374.426558 3 0.475754 47.978115 3.301599 3.746019
31374.526558 3 0.475736 47.551773 3.301629 3.747964
31374.626558 3 0.475718 47.124364 3.301657 3.749932
31374.726558 3 0.475700 46.695956 3.301685 3.751922
31374.826558 3 0.475682 46.266621 3.301712 3.753935
31374.926558 3 0.475664 45.836430 3.301739 3.755970
31375.026558 3 0.475646 45.405455 3.301764 3.758028
31375.126558 3 0.475629 44.973771 3.301789 3.760108
31375.226558 3 0.475611 44.541450 3.301813 3.762212
31375.326558 3 0.475594 44.108568 3.301836 3.764338
31375.426558 3 0.475577 43.675200 3.301859 3.766488
31375.526558 3 0.475560 43.241423 3.301880 3.768661
31375.626558 3 0.475544 42.807314 3.301901 3.770857
31375.726558 3 0.475527 42.372950 3.301921 3.773076
31375.826558 3 0.475511 41.938409 3.301940 3.775320
31375.926558 3 0.475495 41.503770 3.301958 3.777586
31376.026558 3 0.475479 41.069110 3.301976 3.779877
31376.126558 3 0.475463 40.634510 3.301992 3.782191
31376.226558 3 0.475447 40.200048 3.302008 3.784529
31376.326558 3 0.475432 39.765804 3.302023 3.786891
31376.426558 3 0.475416 39.331858 3.302037 3.789277
31376.526558 3 0.475401 38.898288 3.302050 3.791688
31376.626558 3 0.475386 38.465175 3.302062 3.794122
31376.726558 3 0.475372 38.032597 3.302073 3.796581
31376.826558 3 0.475357 37.600635 3.302083 3.799064
31376.926558 3 0.475342 37.169367 3.302093 3.801571
31377.026558 3 0.475328 36.738871 3.302101 3.804103
31377.126558 3 0.475314 36.309228 3.302108 3.806659
31377.226558 3 0.475300 35.880514 3.302115 3.809240
31377.326558 3 0.475286 35.452806 3.302120 3.811845
31377.426558 3 0.475273 35.026183 3.302125 3.814475
31377.526558 3 0.475259 34.600721 3.302128 3.817130
31377.626558 3 0.475246 34.176495 3.302131 3.819810
31377.726558 3 0.475233 33.753580 3.302133 3.822514
31377.826558 3 0.475220 33.332050 3.302133 3.825243
31377.926558 3 0.475207 32.911980 3.302133 3.827997
31378.026558 3 0.475194 32.493442 3.302131 3.830775
31378.126558 3 0.475182 32.076507 3.302128 3.833579
31378.226558 3 0.475170 31.661245 3.302125 3.836408
31378.326558 3 0.475157 31.247728 3.302120 3.839261
31378.426558 3 0.475145 30.836023 3.302114 3.842140
31378.526558 3 0.475134 30.426197 3.302107 3.845044
31378.626558 3 0.475122 30.018317 3.302100 3.847972
31378.726558 3 0.475110 29.612448 3.302090 3.850926
31378.826558 3 0.475099 29.208654 3.302080 3.853905
31378.926558 3 0.475088 28.806996 3.302069 3.856909
31379.026558 3 0.475077 28.407537 3.302057 3.859938
31379.126558 3 0.475066 28.010336 3.302043 3.862992
31379.226558 3 0.475055 27.615452 3.302028 3.866072
31379.326558 3 0.475044 27.222941 3.302012 3.869176
31379.426558 3 0.475034 26.832859 3.301995 3.872306
31379.526558 3 0.475024 26.445259 3.301977 3.875461
31379.626558 3 0.475014 26.060196 3.301957 3.878641
31379.726558 3 0.475004 25.677718 3.301937 3.881847
31379.826558 3 0.474994 25.297877 3.301915 3.885077
31379.926558 3 0.474984 24.920720 3.301892 3.888333
31380.026558 3 0.474975 24.546293 3.301867 3.891614
31380.126558 3 0.474965 24.174640 3.301841 3.894921
31380.226558 3 0.474956 23.805806 3.301814 3.898253
31380.326558 3 0.474947 23.439832 3.301786 3.901610
31380.426558 3 0.474938 23.076758 3.301756 3.904992
31380.526558 3 0.474929 22.716621 3.301726 3.908400
31380.626558 3 0.474920 22.359459 3.301693 3.911833
31380.726558 3 0.474912 22.005307 3.301660 3.915292
31380.826558 3 0.474903 21.654199 3.301625 3.918776
31380.926558 3 0.474895 21.306166 3.301588 3.922285
31381.026558 3 0.474887 20.961239 3.301551 3.925820
31381.126558 3 0.474879 20.619446 3.301511 3.929380
31381.226558 3 0.474871 20.280814 3.301471 3.932966
31381.326558 3 0.474863 19.945370 3.301429 3.936577
31381.426558 3 0.474856 19.613136 3.301385 3.940213
31381.526558 3 0.474848 19.284137 3.301340 3.943876
31381.626558 3 0.474841 18.958391 3.301294 3.947563
31381.726558 3 0.474834 18.635920 3.301246 3.951277
31381.826558 3 0.474827 18.316740 3.301196 3.955016
31381.926558 3 0.474820 18.000869 3.301145 3.958780
31382.026558 3 0.474813 17.688320 3.301093 3.962570
31382.126558 3 0.474806 17.379109 3.301039 3.966386
31382.226558 3 0.474799 17.073246 3.300983 3.970228
31382.326558 3 0.474793 16.770742 3.300925 3.974096
31382.426558 3 0.474786 16.471607 3.300866 3.977989
31382.526558 3 0.474780 16.175849 3.300806 3.981908
31382.626558 3 0.474774 15.883474 3.300743 3.985854
31382.726558 3 0.474768 15.594488 3.300679 3.989825
31382.826558 3 0.474762 15.308895 3.300613 3.993822
31382.926558 3 0.474756 15.026697 3.300546 3.997845
31383.026558 3 0.474750 14.747897 3.300476 4.001895
31383.126558 3 0.474745 14.472493 3.300405 4.005970
31383.226558 3 0.474739 14.200487 3.300332 4.010072
31383.326558 3 0.474734 13.931875 3.300257 4.014200
31383.426558 3 0.474729 13.666655 3.300180 4.018355
31383.526558 3 0.474724 13.404823 3.300102 4.022535
31383.626558 3 0.474718 13.146373 3.300021 4.026743
31383.726558 3 0.474713 12.891299 3.299939 4.030977
31383.826558 3 0.474709 12.639594 3.299854 4.035238
31383.926558 3 0.474704 12.391251 3.299768 4.039525
31384.026558 3 0.474699 12.146258 3.299679 4.043839
31384.126558 3 0.474694 11.904607 3.299588 4.048180
31384.226558 3 0.474690 11.666287 3.299496 4.052548
31384.326558 3 0.474686 11.431286 3.299401 4.056943
31384.426558 3 0.474681 11.199590 3.299304 4.061365
31384.526558 3 0.474677 10.971188 3.299205 4.065815
31384.626558 3 0.474673 10.746063 3.299103 4.070292
31384.726558 3 0.474669 10.524202 3.298999 4.074796
31384.826558 3 0.474665 10.305589 3.298893 4.079327
31384.926558 3 0.474661 10.090207 3.298785 4.083887
31385.026558 3 0.474657 9.878038 3.298674 4.088474
31385.126558 3 0.474653 9.669066 3.298561 4.093089
31385.226558 3 0.474650 9.463272 3.298445 4.097731
31385.326558 3 0.474648 9.280299 3.298347 4.101946
31385.426558 3 0.474646 9.098992 3.298245 4.106205
31385.526558 3 0.474644 8.919370 3.298140 4.110509
31385.626558 3 0.474642 8.741451 3.298033 4.114857
31385.726558 3 0.474641 8.565255 3.297922 4.119251
31385.826558 3 0.474639 8.390800 3.297807 4.123691
31385.926558 3 0.474637 8.218104 3.297690 4.128177
31386.026558 3 0.474635 8.047183 3.297569 4.132711
31386.126558 3 0.474633 7.878056 3.297445 4.137292
31386.226558 3 0.474631 7.710738 3.297317 4.141922
31386.326558 3 0.474629 7.545246 3.297185 4.146600
31386.426558 3 0.474627 7.381594 3.297050 4.151328
31386.526558 3 0.474625 7.219798 3.296911 4.156106
31386.626558 3 0.474623 7.059873 3.296768 4.160934
31386.726558 3 0.474621 6.901832 3.296621 4.165814
31386.826558 3 0.474619 6.745689 3.296470 4.170745
31386.926558 3 0.474617 6.591456 3.296315 4.175729
31387.026558 3 0.474614 6.439146 3.296155 4.180765
31387.126558 3 0.474612 6.288771 3.295991 4.185856
31387.226558 3 0.474610 6.140340 3.295823 4.191000
31387.326558 3 0.474608 5.993866 3.295650 4.196200
31387.426558 3 0.474606 5.849357 3.295472 4.201455
31387.526558 3 0.474603 5.706823 3.295289 4.206766
31387.626558 3 0.474601 5.566273 3.295102 4.212134
31387.726558 3 0.474599 5.427713 3.294909 4.217559
31387.826558 3 0.474596 5.291152 3.294711 4.223043
31387.926558 3 0.474594 5.156596 3.294507 4.228586
31388.026558 3 0.474592 5.024051 3.294298 4.234188
31388.126558 3 0.474589 4.893522 3.294084 4.239851
31388.226558 3 0.474587 4.765013 3.293863 4.245574
31388.326558 3 0.474584 4.638528 3.293637 4.251360
31388.426558 3 0.474582 4.514070 3.293404 4.257207
31388.526558 3 0.474579 4.391641 3.293165 4.263118
31388.626558 3 0.474576 4.271243 3.292920 4.269093
31388.726558 3 0.474574 4.152877 3.292667 4.275133
31388.826558 3 0.474571 4.036543 3.292408 4.281238
31388.926558 3 0.474568 3.922240 3.292142 4.287409
31389.026558 3 0.474566 3.809966 3.291869 4.293647
31389.126558 3 0.474563 3.699720 3.291588 4.299953
31389.226558 3 0.474560 3.591498 3.291299 4.306327
31389.326558 3 0.474557 3.485297 3.291002 4.312771
31389.426558 3 0.474554 3.381113 3.290697 4.319285
31389.526558 3 0.474551 3.278940 3.290384 4.325870
31389.626558 3 0.474548 3.178772 3.290062 4.332526
31389.726558 3 0.474545 3.080602 3.289731 4.339256
31389.826558 3 0.474542 2.984424 3.289391 4.346058
31389.926558 3 0.474539 2.890228 3.289041 4.352935
31390.026558 3 0.474536 2.798036 3.288681 4.359884
31390.126558 3 0.474533 2.708080 3.288313 4.366888
31390.226558 3 0.474529 2.620335 3.287936 4.373946
31390.326558 3 0.474526 2.534777 3.287549 4.381058
31390.426558 3 0.474523 2.451380 3.287153 4.388224
31390.526558 3 0.474520 2.370117 3.286748 4.395443
31390.626558 3 0.474517 2.290961 3.286332 4.402715
31390.726558 3 0.474517 2.225815 3.285986 4.408893
31390.826558 3 0.474516 2.162111 3.285633 4.415110
31390.926558 3 0.474516 2.099833 3.285272 4.421366
31391.026558 3 0.474515 2.038964 3.284903 4.427661
31391.126558 3 0.474515 1.979488 3.284526 4.433996
31391.226558 3 0.474515 1.921387 3.284141 4.440368
31391.326558 3 0.474514 1.864631 3.283747 4.446781
31391.426558 3 0.474514 1.809133 3.283344 4.453241
31391.526558 3 0.474514 1.754877 3.282932 4.459750
31391.626558 3 0.474513 1.701850 3.282510 4.466307
31391.726558 3 0.474513 1.650037 3.282077 4.472913
31391.826558 3 0.474512 1.599423 3.281635 4.479568
31391.926558 3 0.474512 1.549993 3.281182 4.486271
31392.026558 3 0.474511 1.501734 3.280718 4.493023
31392.126558 3 0.474511 1.454631 3.280242 4.499825
31392.226558 3 0.474510 1.408669 3.279755 4.506675
31392.326558 3 0.474510 1.363835 3.279257 4.513574
31392.426558 3 0.474509 1.320115 3.278746 4.520521
31392.526558 3 0.474508 1.277495 3.278223 4.527517
31392.626558 3 0.474508 1.235962 3.277687 4.534560
31392.726558 3 0.474507 1.195502 3.277138 4.541650
31392.826558 3 0.474506 1.156101 3.276576 4.548787
31392.926558 3 0.474506 1.117745 3.275999 4.555969
31393.026558 3 0.474505 1.080422 3.275409 4.563196
31393.126558 3 0.474504 1.044117 3.274805 4.570467
31393.226558 3 0.474503 1.008818 3.274186 4.577781
31393.326558 3 0.474503 0.974509 3.273552 4.585136
31393.426558 3 0.474502 0.941178 3.272902 4.592530
31393.526558 3 0.474501 0.908809 3.272238 4.599964
31393.626558 3 0.474500 0.877389 3.271557 4.607434
31393.726558 3 0.474499 0.846904 3.270860 4.614938
31393.826558 3 0.474498 0.817337 3.270146 4.622476
31393.926558 3 0.474497 0.788674 3.269415 4.630046
31394.026558 3 0.474496 0.760900 3.268668 4.637644
31394.126558 3 0.474495 0.733998 3.267903 4.645269
31394.226558 3 0.474495 0.707952 3.267120 4.652919
31394.326558 3 0.474494 0.682745 3.266319 4.660591
31394.426558 3 0.474493 0.658361 3.265500 4.668283
31394.526558 3 0.474492 0.634782 3.264662 4.675994
31394.626558 3 0.474491 0.611990 3.263806 4.683720
31394.726558 3 0.474490 0.589967 3.262930 4.691459
31394.826558 3 0.474489 0.568694 3.262034 4.699210
31394.926558 3 0.474489 0.548154 3.261119 4.706969
31395.026558 3 0.474488 0.528303 3.260182 4.714744
31395.126558 3 0.474487 0.509125 3.259223 4.722534
31395.226558 3 0.474486 0.490600 3.258241 4.730337
31395.326558 3 0.474485 0.472711 3.257237 4.738152
31395.426558 3 0.474485 0.455438 3.256208 4.745978
31395.526558 3 0.474484 0.438765 3.255155 4.753813
31395.626558 3 0.474483 0.422675 3.254078 4.761657
31395.726558 3 0.474482 0.407149 3.252974 4.769507
31395.826558 3 0.474482 0.392172 3.251844 4.777363
31395.926558 3 0.474481 0.377727 3.250688 4.785223
31396.026558 3 0.474480 0.363798 3.249503 4.793086
31396.126558 3 0.474479 0.350369 3.248290 4.800950
31396.226558 3 0.474479 0.337425 3.247048 4.808814
31396.326558 3 0.474478 0.324950 3.245775 4.816676
31396.426558 3 0.474477 0.312930 3.244472 4.824535
31396.526558 3 0.474476 0.301350 3.243137 4.832389
31396.626558 3 0.474476 0.290197 3.241770 4.840237
31396.726558 3 0.474475 0.279455 3.240369 4.848077
31396.826558 3 0.474474 0.269113 3.238934 4.855907
31396.926558 3 0.474473 0.259156 3.237464 4.863726
31397.026558 3 0.474473 0.249572 3.235957 4.871532
31397.126558 3 0.474472 0.240348 3.234414 4.879323
31397.226558 3 0.474471 0.231473 3.232832 4.887099
31397.326558 3 0.474471 0.222933 3.231211 4.894856
31397.426558 3 0.474470 0.214718 3.229549 4.902593
31397.526558 3 0.474469 0.206817 3.227846 4.910309
31397.626558 3 0.474469 0.199218 3.226101 4.918002
31397.726558 3 0.474468 0.191911 3.224312 4.925669
31397.826558 3 0.474467 0.184885 3.222477 4.933309
31397.926558 3 0.474467 0.178130 3.220597 4.940921
31398.026558 3 0.474466 0.171637 3.218669 4.948502
31398.126558 3 0.474465 0.165397 3.216692 4.956050
31398.226558 3 0.474465 0.159399 3.214665 4.963564
31398.326558 3 0.474464 0.153636 3.212586 4.971041
31398.426558 3 0.474463 0.148097 3.210454 4.978480
31398.526558 3 0.474463 0.142776 3.208267 4.985879
31398.626558 3 0.474462 0.137664 3.206025 4.993236
31398.726558 3 0.474462 0.132754 3.203724 5.000548
31398.826558 3 0.474461 0.128037 3.201364 5.007815
31398.926558 3 0.474460 0.123506 3.198944 5.015033
31399.026558 3 0.474460 0.119154 3.196460 5.022201
31399.126558 3 0.474459 0.114975 3.193912 5.029318
31399.226558 3 0.474459 0.110961 3.191297 5.036380
31399.326558 3 0.474458 0.107107 3.188614 5.043386
31399.426558 3 0.474458 0.103406 3.185861 5.050334
31399.526558 3 0.474457 0.099852 3.183036 5.057222
31399.626558 3 0.474457 0.096439 3.180137 5.064048
31399.726558 3 0.474456 0.093163 3.177161 5.070809
31399.826558 3 0.474456 0.090017 3.174107 5.077505
31399.926558 3 0.474455 0.086997 3.170971 5.084132
31400.026558 3 0.474455 0.084097 3.167753 5.090690
31400.126558 3 0.474454 0.081312 3.164450 5.097175
31400.226558 3 0.474454 0.078639 3.161058 5.103585
31400.326558 3 0.474453 0.076073 3.157576 5.109920
31400.426558 3 0.474453 0.073609 3.154002 5.116176
31400.526558 3 0.474452 0.071243 3.150332 5.122353
31400.626558 3 0.474452 0.068971 3.146563 5.128447
31400.726558 3 0.474451 0.066791 3.142694 5.134456
31400.826558 3 0.474451 0.064697 3.138721 5.140380
31400.926558 3 0.474450 0.062686 3.134642 5.146215
31401.026558 3 0.474450 0.060756 3.130452 5.151961
31401.126558 3 0.474450 0.058902 3.126150 5.157614
31401.226558 3 0.474449 0.057122 3.121733 5.163174
31401.326558 3 0.474449 0.055412 3.117196 5.168637
31401.426558 3 0.474448 0.053771 3.112538 5.174003
31401.526558 3 0.474448 0.052194 3.107753 5.179269
31401.626558 3 0.474448 0.050680 3.102840 5.184433
31401.726558 3 0.474447 0.049226 3.097795 5.189494
31401.826558 3 0.474447 0.047829 3.092614 5.194450
31401.926558 3 0.474447 0.046487 3.087293 5.199298
31402.026558 3 0.474446 0.045198 3.081829 5.204038
31402.126558 3 0.474446 0.043960 3.076219 5.208667
31402.226558 3 0.474446 0.042770 3.070458 5.213184
31402.326558 3 0.474445 0.041627 3.064543 5.217586
31402.426558 3 0.474445 0.040529 3.058469 5.221873
31402.526558 3 0.474445 0.039474 3.052234 5.226042
31402.626558 3 0.474444 0.038460 3.045832 5.230092
31402.726558 3 0.474444 0.037486 3.039261 5.234021
31402.826558 3 0.474444 0.036550 3.032515 5.237828
31402.926558 3 0.474444 0.035650 3.025592 5.241511
31403.026558 3 0.474443 0.034785 3.018486 5.245068
31403.126558 3 0.474443 0.033953 3.011195 5.248498
31403.226558 3 0.474443 0.033154 3.003713 5.251801
31403.326558 3 0.474443 0.032386 2.996038 5.254973
31403.426558 3 0.474443 0.031647 2.988164 5.258015
31403.526558 3 0.474442 0.030937 2.980089 5.260924
31403.626558 3 0.474442 0.030254 2.971808 5.263700
31403.726558 3 0.474442 0.029598 2.963318 5.266341
31403.826558 3 0.474442 0.028967 2.954615 5.268846
31403.926558 3 0.474442 0.028360 2.945695 5.271215
31404.026558 3 0.474441 0.027776 2.936556 5.273445
31404.126558 3 0.474441 0.027215 2.927193 5.275537
31404.226558 3 0.474441 0.026675 2.917605 5.277490
31404.326558 3 0.474441 0.026156 2.907787 5.279303
31404.426558 3 0.474441 0.025657 2.897738 5.280975
31404.526558 3 0.474441 0.025177 2.887456 5.282506
31404.626558 3 0.474441 0.024715 2.876938 5.283895
31404.726558 3 0.474441 0.024271 2.866183 5.285142
31404.826558 3 0.474440 0.023844 2.855189 5.286248
31404.926558 3 0.474440 0.023433 2.843956 5.287212
31405.026558 3 0.474440 0.023039 2.832483 5.288034
31405.126558 3 0.474440 0.022659 2.820771 5.288714
31405.226558 3 0.474440 0.022294 2.808820 5.289253
31405.326558 3 0.474440 0.021943 2.796632 5.289653
31405.426558 3 0.474440 0.021605 2.784207 5.289912
31405.526558 3 0.474440 0.021281 2.771549 5.290034
31405.626558 3 0.474440 0.020969 2.758661 5.290018
31405.726558 3 0.474440 0.020669 2.745547 5.289866
31405.826558 3 0.474440 0.020381 2.732212 5.289581
31405.926558 3 0.474440 0.020104 2.718661 5.289163
31406.026558 3 0.474440 0.019838 2.704900 5.288615
31406.126558 3 0.474440 0.019583 2.690937 5.287940
31406.226558 3 0.474439 0.019337 2.676781 5.287140
31406.326558 3 0.474439 0.019101 2.662440 5.286219
