t Ka M R logL logTeff
0.668323 1 6.000042 2.516659 3.043145 4.321515
1.336656 1 6.000000 2.529076 3.044888 4.320882
2.004998 1 5.999957 2.541562 3.046681 4.320260
2.673350 1 5.999915 2.554119 3.048523 4.319651
3.341711 1 5.999871 2.566752 3.050414 4.319052
4.010082 1 5.999828 2.579464 3.052354 4.318464
4.678463 1 5.999784 2.592260 3.054343 4.317887
5.346854 1 5.999740 2.605143 3.056382 4.317320
6.015255 1 5.999695 2.618118 3.058469 4.316763
6.683665 1 5.999650 2.631189 3.060606 4.316216
7.352086 1 5.999604 2.644360 3.062792 4.315678
8.020518 1 5.999558 2.657635 3.065027 4.315150
8.688959 1 5.999512 2.671019 3.067311 4.314630
9.357411 1 5.999465 2.684517 3.069644 4.314119
10.025874 1 5.999418 2.698132 3.072027 4.313616
10.694347 1 5.999370 2.711870 3.074458 4.313121
11.362831 1 5.999321 2.725736 3.076939 4.312633
12.031326 1 5.999272 2.739734 3.079469 4.312154
12.699832 1 5.999223 2.753869 3.082048 4.311681
13.368349 1 5.999172 2.768147 3.084675 4.311215
14.036878 1 5.999121 2.782572 3.087353 4.310755
14.705418 1 5.999070 2.797150 3.090079 4.310302
15.373969 1 5.999018 2.811885 3.092854 4.309855
16.042533 1 5.998965 2.826784 3.095678 4.309414
16.711108 1 5.998911 2.841852 3.098551 4.308978
17.379695 1 5.998857 2.857094 3.101474 4.308547
18.048295 1 5.998802 2.872517 3.104445 4.308121
18.716906 1 5.998746 2.888126 3.107466 4.307699
19.385531 1 5.998690 2.903928 3.110535 4.307281
20.054168 1 5.998632 2.919928 3.113654 4.306868
20.722818 1 5.998574 2.936133 3.116821 4.306458
21.391482 1 5.998515 2.952549 3.120038 4.306051
22.060158 1 5.998455 2.969183 3.123303 4.305648
22.728848 1 5.998394 2.986042 3.126618 4.305247
23.397552 1 5.998332 3.003132 3.129982 4.304849
24.066270 1 5.998268 3.020462 3.133394 4.304452
24.735002 1 5.998204 3.038038 3.136856 4.304058
25.403749 1 5.998139 3.055869 3.140366 4.303665
26.072510 1 5.998073 3.073962 3.143926 4.303273
26.741286 1 5.998005 3.092325 3.147534 4.302882
27.410078 1 5.997937 3.110968 3.151191 4.302491
28.078884 1 5.997867 3.129900 3.154898 4.302100
28.747707 1 5.997796 3.149129 3.158653 4.301709
29.416546 1 5.997723 3.168667 3.162457 4.301317
30.085401 1 5.997650 3.188524 3.166310 4.300923
30.754272 1 5.997575 3.208710 3.170212 4.300528
31.423161 1 5.997498 3.229238 3.174163 4.300131
32.092067 1 5.997420 3.250120 3.178162 4.299731
32.760990 1 5.997340 3.271370 3.182211 4.299328
33.429931 1 5.997259 3.293002 3.186308 4.298922
34.098891 1 5.997176 3.315032 3.190454 4.298510
34.767869 1 5.997092 3.337477 3.194649 4.298094
35.436867 1 5.997005 3.360354 3.198893 4.297671
36.105883 1 5.996917 3.383683 3.203186 4.297242
36.774920 1 5.996828 3.407486 3.207527 4.296805
37.443977 1 5.996736 3.431785 3.211917 4.296360
38.113055 1 5.996642 3.456606 3.216356 4.295905
38.782153 1 5.996546 3.481977 3.220843 4.295438
39.451274 1 5.996448 3.507929 3.225380 4.294960
40.120416 1 5.996348 3.534493 3.229964 4.294468
40.789581 1 5.996246 3.561708 3.234598 4.293961
41.458769 1 5.996141 3.589614 3.239280 4.293437
42.127981 1 5.996034 3.618256 3.244011 4.292894
42.797217 1 5.995924 3.647682 3.248790 4.292330
43.466478 1 5.995812 3.677948 3.253618 4.291742
44.135764 1 5.995698 3.709114 3.258495 4.291129
44.805075 1 5.995580 3.741247 3.263420 4.290487
45.474414 1 5.995460 3.774421 3.268393 4.289814
46.143779 1 5.995337 3.808717 3.273416 4.289105
46.813172 1 5.995211 3.844229 3.278486 4.288357
47.482594 1 5.995082 3.881056 3.283605 4.287567
48.152045 1 5.994949 3.919312 3.288772 4.286729
48.486785 1 5.994882 3.939014 3.291374 4.286290
48.821533 1 5.994813 3.959121 3.293988 4.285838
49.156289 1 5.994744 3.979651 3.296614 4.285372
49.491052 1 5.994673 4.000623 3.299252 4.284890
49.825824 1 5.994602 4.022056 3.301902 4.284392
50.160604 1 5.994530 4.043973 3.304564 4.283877
50.495391 1 5.994457 4.066394 3.307238 4.283345
50.830187 1 5.994383 4.089344 3.309925 4.282795
51.164991 1 5.994308 4.112846 3.312623 4.282225
51.499804 1 5.994233 4.136928 3.315334 4.281635
51.834625 1 5.994156 4.161616 3.318056 4.281024
52.169455 1 5.994079 4.186939 3.320791 4.280390
52.504294 1 5.994000 4.212930 3.323537 4.279733
52.839141 1 5.993920 4.239619 3.326296 4.279051
53.173998 1 5.993840 4.267041 3.329067 4.278344
53.508864 1 5.993758 4.295233 3.331849 4.277610
53.843738 1 5.993676 4.324234 3.334644 4.276847
54.178623 1 5.993592 4.354083 3.337451 4.276055
54.513516 1 5.993507 4.384824 3.340270 4.275232
54.848419 1 5.993422 4.416502 3.343101 4.274377
55.183332 1 5.993335 4.449166 3.345944 4.273487
55.518255 1 5.993247 4.482867 3.348799 4.272562
55.853187 1 5.993158 4.517660 3.351666 4.271600
56.188130 1 5.993068 4.553600 3.354545 4.270599
56.523083 1 5.992977 4.590751 3.357436 4.269558
56.858046 1 5.992885 4.629176 3.360339 4.268473
57.193019 1 5.992792 4.668944 3.363254 4.267345
57.528003 1 5.992697 4.710128 3.366181 4.266169
57.862998 1 5.992601 4.752805 3.369120 4.264946
58.198004 1 5.992505 4.797059 3.372071 4.263671
58.533020 1 5.992407 4.842976 3.375034 4.262343
58.868048 1 5.992307 4.890650 3.378009 4.260960
59.035567 1 5.992257 4.915177 3.379501 4.260246
59.203089 1 5.992207 4.940181 3.380996 4.259518
59.370614 1 5.992156 4.965675 3.382494 4.258775
59.538142 1 5.992105 4.991674 3.383995 4.258016
59.705673 1 5.992054 5.018191 3.385499 4.257242
59.873207 1 5.992002 5.045241 3.387006 4.256451
60.040743 1 5.991950 5.072841 3.388516 4.255644
60.208283 1 5.991898 5.101005 3.390029 4.254820
60.375826 1 5.991845 5.129750 3.391545 4.253979
60.543371 1 5.991793 5.159092 3.393064 4.253120
60.710920 1 5.991739 5.189050 3.394586 4.252243
60.878471 1 5.991686 5.219641 3.396111 4.251348
61.046026 1 5.991632 5.250884 3.397639 4.250434
61.213583 1 5.991578 5.282798 3.399170 4.249501
61.381144 1 5.991524 5.315404 3.400704 4.248548
61.548707 1 5.991469 5.348721 3.402240 4.247576
61.716274 1 5.991414 5.382771 3.403780 4.246583
61.883844 1 5.991359 5.417577 3.405323 4.245569
62.051417 1 5.991304 5.453160 3.406869 4.244534
62.218993 1 5.991248 5.489546 3.408418 4.243477
62.386573 1 5.991192 5.526758 3.409970 4.242398
62.554155 1 5.991135 5.564822 3.411525 4.241296
62.721741 1 5.991079 5.603764 3.413083 4.240171
62.889330 1 5.991022 5.643612 3.414644 4.239023
63.056922 1 5.990964 5.684393 3.416208 4.237850
63.224517 1 5.990907 5.726138 3.417775 4.236653
63.392116 1 5.990849 5.768876 3.419345 4.235431
63.559717 1 5.990791 5.812640 3.420917 4.234183
63.727323 1 5.990732 5.857462 3.422493 4.232909
63.894931 1 5.990673 5.903376 3.424072 4.231608
64.062543 1 5.990614 5.950417 3.425654 4.230280
64.230158 1 5.990555 5.998622 3.427239 4.228925
64.397776 1 5.990495 6.048029 3.428827 4.227540
64.565398 1 5.990436 6.098677 3.430418 4.226127
64.733023 1 5.990375 6.150609 3.432012 4.224684
64.900652 1 5.990315 6.203865 3.433609 4.223212
65.068284 1 5.990254 6.258491 3.435209 4.221708
65.235920 1 5.990193 6.314534 3.436811 4.220173
65.403559 1 5.990132 6.372040 3.438417 4.218606
65.571201 1 5.990070 6.431059 3.440026 4.217006
65.738847 1 5.990009 6.491645 3.441638 4.215373
65.906496 1 5.989947 6.553850 3.443253 4.213706
66.074149 1 5.989884 6.617732 3.444871 4.212004
66.241806 1 5.989822 6.683349 3.446492 4.210266
66.577126 1 5.989696 6.636429 3.468504 4.217299
66.677126 1 5.989678 6.577055 3.473894 4.220598
66.777126 1 5.989670 6.545466 3.476437 4.222279
66.877126 1 5.989662 6.512587 3.478922 4.223994
66.977126 1 5.989655 6.478807 3.481342 4.225729
67.077126 1 5.989648 6.444478 3.483689 4.227469
67.177126 1 5.989641 6.409906 3.485959 4.229205
67.277126 1 5.989635 6.375361 3.488148 4.230925
67.377126 1 5.989629 6.341071 3.490253 4.232623
67.477126 1 5.989623 6.307232 3.492274 4.234290
67.577126 1 5.989618 6.274007 3.494210 4.235921
67.677126 1 5.989612 6.241529 3.496061 4.237510
67.777126 1 5.989607 6.209906 3.497828 4.239055
67.877126 1 5.989603 6.179222 3.499513 4.240552
67.977126 1 5.989594 6.118972 3.502745 4.243488
68.077126 1 5.989586 6.063338 3.505652 4.246198
68.177126 1 5.989579 6.012425 3.508254 4.248679
68.277126 1 5.989572 5.966168 3.510578 4.250937
68.377126 1 5.989567 5.924389 3.512646 4.252980
68.477126 1 5.989561 5.886838 3.514482 4.254820
68.577126 1 5.989557 5.853223 3.516110 4.256471
68.677126 1 5.989553 5.823232 3.517550 4.257946
68.777126 1 5.989546 5.769457 3.520105 4.260599
68.877126 1 5.989541 5.728057 3.522051 4.262650
68.977126 1 5.989537 5.696410 3.523527 4.264222
69.077126 1 5.989530 5.647988 3.525767 4.266635
69.177126 2 5.989524 5.598438 3.528040 4.269117
69.277126 2 5.989523 5.650882 3.527525 4.266964
69.377126 2 5.989523 5.686346 3.527179 4.265519
69.477126 2 5.989522 5.722033 3.526833 4.264074
69.577126 2 5.989522 5.757943 3.526487 4.262629
69.677126 2 5.989522 5.794080 3.526142 4.261184
69.777126 2 5.989521 5.830443 3.525796 4.259739
69.877126 2 5.989521 5.867034 3.525450 4.258294
69.977126 2 5.989520 5.903855 3.525104 4.256849
70.077126 2 5.989520 5.940906 3.524759 4.255404
70.177126 2 5.989519 5.978191 3.524413 4.253959
70.277126 2 5.989519 6.015709 3.524067 4.252514
70.377126 2 5.989519 6.053463 3.523721 4.251069
70.477126 2 5.989518 6.091454 3.523375 4.249624
70.577126 2 5.989518 6.129683 3.523030 4.248179
70.677126 2 5.989517 6.168152 3.522684 4.246734
70.777126 2 5.989517 6.206863 3.522338 4.245289
70.877126 2 5.989517 6.245816 3.521992 4.243844
70.977126 2 5.989516 6.285014 3.521647 4.242399
71.077126 2 5.989516 6.324458 3.521301 4.240954
71.177126 2 5.989515 6.364150 3.520955 4.239509
71.277126 2 5.989515 6.404090 3.520609 4.238064
71.377126 2 5.989515 6.444282 3.520264 4.236619
71.477126 2 5.989514 6.484725 3.519918 4.235174
71.577126 2 5.989514 6.525423 3.519572 4.233729
71.677126 2 5.989513 6.566375 3.519226 4.232284
71.777126 2 5.989513 6.607585 3.518881 4.230839
71.877126 2 5.989513 6.649053 3.518535 4.229394
71.977126 2 5.989512 6.690782 3.518189 4.227949
72.077126 2 5.989512 6.732773 3.517843 4.226504
72.177126 2 5.989512 6.775027 3.517497 4.225059
72.277126 2 5.989511 6.817546 3.517152 4.223614
72.377126 2 5.989511 6.860332 3.516806 4.222169
72.477126 2 5.989510 6.903387 3.516460 4.220725
72.577126 2 5.989510 6.946711 3.516114 4.219280
72.677126 2 5.989510 6.990308 3.515769 4.217835
72.777126 2 5.989509 7.034178 3.515423 4.216390
72.877126 2 5.989509 7.078324 3.515077 4.214945
72.977126 2 5.989509 7.122747 3.514731 4.213500
73.077126 2 5.989508 7.167448 3.514386 4.212055
73.177126 2 5.989508 7.212430 3.514040 4.210610
73.277126 2 5.989508 7.257694 3.513694 4.209165
73.377126 2 5.989507 7.303243 3.513348 4.207720
73.477126 2 5.989507 7.349077 3.513003 4.206275
73.577126 2 5.989506 7.395199 3.512657 4.204830
73.677126 2 5.989506 7.441610 3.512311 4.203385
73.777126 2 5.989506 7.488313 3.511965 4.201940
73.877126 2 5.989505 7.535308 3.511620 4.200495
73.977126 2 5.989505 7.582599 3.511274 4.199050
74.077126 2 5.989505 7.630187 3.510928 4.197605
74.177126 2 5.989504 7.678073 3.510582 4.196160
74.277126 2 5.989504 7.726259 3.510237 4.194715
74.377126 2 5.989504 7.774748 3.509891 4.193270
74.477126 2 5.989503 7.823542 3.509545 4.191825
74.577126 2 5.989503 7.872641 3.509199 4.190380
74.677126 2 5.989503 7.922049 3.508854 4.188935
74.777126 2 5.989502 7.971766 3.508508 4.187490
74.877126 2 5.989502 8.021796 3.508162 4.186045
74.977126 2 5.989502 8.072140 3.507816 4.184600
75.077126 2 5.989501 8.122800 3.507471 4.183155
75.177126 2 5.989501 8.173777 3.507125 4.181710
75.277126 2 5.989501 8.225075 3.506779 4.180265
75.377126 2 5.989500 8.276694 3.506433 4.178820
75.477126 2 5.989500 8.328638 3.506088 4.177375
75.577126 2 5.989500 8.380907 3.505742 4.175931
75.677126 2 5.989500 8.433505 3.505396 4.174486
75.777126 2 5.989499 8.486432 3.505050 4.173041
75.877126 2 5.989499 8.539692 3.504705 4.171596
75.977126 2 5.989499 8.593286 3.504359 4.170151
76.077126 2 5.989498 8.647217 3.504013 4.168706
76.177126 2 5.989498 8.701485 3.503667 4.167261
76.277126 2 5.989498 8.756095 3.503322 4.165816
76.377126 2 5.989497 8.811047 3.502976 4.164371
76.477126 2 5.989497 8.866344 3.502630 4.162926
76.577126 2 5.989497 8.921988 3.502284 4.161481
76.677126 2 5.989496 8.977981 3.501939 4.160036
76.777126 2 5.989496 9.034326 3.501593 4.158591
76.877126 2 5.989496 9.091024 3.501247 4.157146
76.977126 2 5.989496 9.148078 3.500902 4.155701
77.077126 2 5.989495 9.205490 3.500556 4.154256
77.177126 2 5.989495 9.263263 3.500210 4.152811
77.277126 2 5.989495 9.321398 3.499864 4.151366
77.377126 2 5.989494 9.379897 3.499519 4.149921
77.477126 2 5.989494 9.438764 3.499173 4.148476
77.577126 2 5.989494 9.498001 3.498827 4.147031
77.677126 2 5.989494 9.557609 3.498481 4.145586
77.777126 2 5.989493 9.617591 3.498136 4.144141
77.877126 2 5.989493 9.677950 3.497790 4.142696
77.977126 2 5.989493 9.738688 3.497444 4.141251
78.077126 2 5.989492 9.799806 3.497098 4.139806
78.177126 2 5.989492 9.861309 3.496753 4.138361
78.277126 2 5.989492 9.923197 3.496407 4.136916
78.377126 2 5.989492 9.985474 3.496061 4.135472
78.477126 2 5.989491 10.048141 3.495715 4.134027
78.577126 2 5.989491 10.111202 3.495370 4.132582
78.677126 2 5.989491 10.174659 3.495024 4.131137
78.777126 2 5.989491 10.238513 3.494678 4.129692
78.877126 2 5.989490 10.302769 3.494333 4.128247
78.977126 2 5.989490 10.367428 3.493987 4.126802
79.077126 2 5.989490 10.432492 3.493641 4.125357
79.177126 2 5.989490 10.497965 3.493295 4.123912
79.277126 2 5.989489 10.563849 3.492950 4.122467
79.377126 2 5.989489 10.630146 3.492604 4.121022
79.477126 2 5.989489 10.696860 3.492258 4.119577
79.577126 2 5.989489 10.763992 3.491912 4.118132
79.677126 2 5.989488 10.831545 3.491567 4.116687
79.777126 2 5.989488 10.899523 3.491221 4.115242
79.877126 2 5.989488 10.967926 3.490875 4.113797
79.977126 2 5.989488 11.036760 3.490529 4.112352
80.077126 2 5.989487 11.106025 3.490184 4.110907
80.177126 2 5.989487 11.175725 3.489838 4.109462
80.277126 2 5.989487 11.245862 3.489492 4.108017
80.377126 2 5.989487 11.316440 3.489147 4.106572
80.477126 2 5.989486 11.387460 3.488801 4.105127
80.577126 2 5.989486 11.458926 3.488455 4.103682
80.677126 2 5.989486 11.530841 3.488109 4.102237
80.777126 2 5.989486 11.603207 3.487764 4.100792
80.877126 2 5.989485 11.676027 3.487418 4.099348
80.977126 2 5.989485 11.749304 3.487072 4.097903
81.077126 2 5.989485 11.823041 3.486727 4.096458
81.177126 2 5.989484 11.897240 3.486381 4.095013
81.277126 2 5.989483 11.971904 3.486035 4.093568
81.377126 2 5.989482 12.047037 3.485689 4.092123
81.477126 2 5.989482 12.122642 3.485343 4.090678
81.577126 2 5.989481 12.198720 3.484997 4.089233
81.677126 2 5.989480 12.275277 3.484651 4.087788
81.777126 2 5.989479 12.352313 3.484305 4.086343
81.877126 2 5.989478 12.429833 3.483960 4.084898
81.977126 2 5.989477 12.507840 3.483614 4.083453
82.077126 2 5.989477 12.586336 3.483268 4.082008
82.177126 2 5.989476 12.665325 3.482922 4.080563
82.277126 2 5.989475 12.744809 3.482576 4.079118
82.377126 2 5.989474 12.824792 3.482230 4.077673
82.477126 2 5.989473 12.905277 3.481884 4.076228
82.577126 2 5.989472 12.986268 3.481538 4.074783
82.677126 2 5.989471 13.067766 3.481192 4.073338
82.777126 2 5.989470 13.149776 3.480847 4.071893
82.877126 2 5.989470 13.232301 3.480501 4.070448
82.977126 2 5.989469 13.315343 3.480155 4.069003
83.077126 2 5.989468 13.398907 3.479809 4.067558
83.177126 2 5.989467 13.482994 3.479463 4.066113
83.277126 2 5.989466 13.567610 3.479117 4.064668
83.377126 2 5.989465 13.652757 3.478771 4.063223
83.477126 2 5.989464 13.738438 3.478425 4.061778
83.577126 2 5.989463 13.824656 3.478079 4.060333
83.677126 2 5.989462 13.911416 3.477734 4.058888
83.777126 2 5.989461 13.998720 3.477388 4.057443
83.877126 2 5.989460 14.086572 3.477042 4.055998
83.977126 2 5.989459 14.174976 3.476696 4.054553
84.077126 2 5.989458 14.263934 3.476350 4.053108
84.177126 2 5.989457 14.353450 3.476004 4.051663
84.277126 2 5.989456 14.443528 3.475658 4.050218
84.377126 2 5.989455 14.534171 3.475312 4.048773
84.477126 2 5.989455 14.625384 3.474966 4.047328
84.577126 2 5.989454 14.717168 3.474620 4.045884
84.677126 2 5.989453 14.809529 3.474274 4.044439
84.777126 2 5.989452 14.902469 3.473929 4.042994
84.877126 2 5.989451 14.995992 3.473583 4.041549
84.977126 2 5.989450 15.090103 3.473237 4.040104
85.077126 2 5.989449 15.184803 3.472891 4.038659
85.177126 2 5.989448 15.280099 3.472545 4.037214
85.277126 2 5.989447 15.375992 3.472199 4.035769
85.377126 2 5.989445 15.472487 3.471853 4.034324
85.477126 2 5.989444 15.569587 3.471507 4.032879
85.577126 2 5.989443 15.667297 3.471161 4.031434
85.677126 2 5.989442 15.765620 3.470815 4.029989
85.777126 2 5.989441 15.864560 3.470469 4.028544
85.877126 2 5.989440 15.964121 3.470123 4.027099
85.977126 2 5.989439 16.064306 3.469777 4.025654
86.077126 2 5.989438 16.165120 3.469432 4.024209
86.177126 2 5.989437 16.266567 3.469086 4.022764
86.277126 2 5.989436 16.368651 3.468740 4.021319
86.377126 2 5.989435 16.471375 3.468394 4.019874
86.477126 2 5.989434 16.574744 3.468048 4.018429
86.577126 2 5.989433 16.678761 3.467702 4.016984
86.677126 2 5.989432 16.783431 3.467356 4.015539
86.777126 2 5.989431 16.888758 3.467010 4.014094
86.877126 2 5.989429 16.994746 3.466664 4.012649
86.977126 2 5.989428 17.101399 3.466318 4.011204
87.077126 2 5.989427 17.208722 3.465972 4.009759
87.177126 2 5.989426 17.316718 3.465626 4.008314
87.277126 2 5.989425 17.425391 3.465280 4.006869
87.377126 2 5.989424 17.534747 3.464934 4.005424
87.477126 2 5.989423 17.644788 3.464588 4.003979
87.577126 2 5.989421 17.755520 3.464242 4.002534
87.677126 2 5.989420 17.866948 3.463896 4.001089
87.777126 2 5.989419 17.979074 3.463550 3.999645
87.877126 2 5.989418 18.091904 3.463204 3.998200
87.977126 2 5.989417 18.205442 3.462858 3.996755
88.077126 2 5.989416 18.319692 3.462513 3.995310
88.177126 2 5.989414 18.434660 3.462167 3.993865
88.277126 2 5.989413 18.550349 3.461821 3.992420
88.377126 2 5.989412 18.666763 3.461475 3.990975
88.477126 2 5.989411 18.783909 3.461129 3.989530
88.577126 2 5.989410 18.901789 3.460783 3.988085
88.677126 2 5.989408 19.020409 3.460437 3.986640
88.777126 2 5.989407 19.139774 3.460091 3.985195
88.877126 2 5.989406 19.259887 3.459745 3.983750
88.977126 2 5.989405 19.380755 3.459399 3.982305
89.077126 2 5.989403 19.502380 3.459053 3.980860
89.177126 2 5.989402 19.624769 3.458707 3.979415
89.277126 2 5.989401 19.747926 3.458361 3.977970
89.377126 2 5.989400 19.871856 3.458015 3.976525
89.477126 2 5.989398 19.996563 3.457669 3.975080
89.577126 2 5.989397 20.122053 3.457323 3.973635
89.677126 2 5.989396 20.248331 3.456977 3.972190
89.777126 2 5.989394 20.375401 3.456631 3.970745
89.877126 2 5.989393 20.503268 3.456285 3.969300
89.977126 2 5.989392 20.631938 3.455939 3.967855
90.077126 2 5.989390 20.761415 3.455593 3.966410
90.177126 2 5.989389 20.891704 3.455247 3.964965
90.277126 2 5.989388 21.022811 3.454901 3.963520
90.377126 2 5.989386 21.154741 3.454555 3.962075
90.477126 2 5.989385 21.287499 3.454209 3.960630
90.577126 2 5.989384 21.421090 3.453863 3.959186
90.677126 2 5.989382 21.555519 3.453517 3.957741
90.777126 2 5.989381 21.690791 3.453171 3.956296
90.877126 2 5.989380 21.826912 3.452825 3.954851
90.977126 2 5.989378 21.963888 3.452479 3.953406
91.077126 2 5.989377 22.101723 3.452133 3.951961
91.177126 2 5.989375 22.240423 3.451787 3.950516
91.277126 2 5.989374 22.379993 3.451441 3.949071
91.377126 2 5.989373 22.520440 3.451095 3.947626
91.477126 2 5.989371 22.661767 3.450749 3.946181
91.577126 2 5.989370 22.803981 3.450403 3.944736
91.677126 2 5.989368 22.947088 3.450057 3.943291
91.777126 2 5.989367 23.091093 3.449711 3.941846
91.877126 2 5.989365 23.236001 3.449365 3.940401
91.977126 2 5.989364 23.381818 3.449019 3.938956
92.077126 2 5.989362 23.528551 3.448673 3.937511
92.177126 2 5.989361 23.676204 3.448326 3.936066
92.277126 2 5.989359 23.824784 3.447980 3.934621
92.377126 2 5.989358 23.974296 3.447634 3.933176
92.477126 2 5.989356 24.124747 3.447288 3.931731
92.577126 2 5.989355 24.276141 3.446942 3.930286
92.677126 2 5.989353 24.428485 3.446596 3.928841
92.777126 2 5.989352 24.581786 3.446250 3.927396
92.877126 2 5.989350 24.736048 3.445904 3.925951
92.977126 2 5.989349 24.891278 3.445558 3.924506
93.077126 2 5.989347 25.047482 3.445212 3.923062
93.177126 2 5.989346 25.204667 3.444866 3.921617
93.277126 2 5.989344 25.362838 3.444520 3.920172
93.377126 2 5.989342 25.522001 3.444174 3.918727
93.477126 2 5.989341 25.682163 3.443828 3.917282
93.577126 2 5.989339 25.843330 3.443482 3.915837
93.677126 2 5.989338 26.005508 3.443136 3.914392
93.777126 2 5.989336 26.168704 3.442790 3.912947
93.877126 2 5.989334 26.332924 3.442444 3.911502
93.977126 2 5.989333 26.498174 3.442097 3.910057
94.077126 2 5.989331 26.664461 3.441751 3.908612
94.177126 2 5.989329 26.831792 3.441405 3.907167
94.277126 2 5.989328 27.000173 3.441059 3.905722
94.377126 2 5.989326 27.169610 3.440713 3.904277
94.477126 2 5.989324 27.340110 3.440367 3.902832
94.577126 2 5.989323 27.511681 3.440021 3.901387
94.677126 2 5.989321 27.684327 3.439675 3.899942
94.777126 2 5.989319 27.858057 3.439329 3.898497
94.877126 2 5.989318 28.032878 3.438983 3.897052
94.977126 2 5.989316 28.208795 3.438637 3.895607
95.077126 2 5.989314 28.385816 3.438290 3.894162
95.177126 2 5.989312 28.563947 3.437944 3.892718
95.277126 2 5.989311 28.743197 3.437598 3.891273
95.377126 2 5.989309 28.923571 3.437252 3.889828
95.477126 2 5.989307 29.105077 3.436906 3.888383
95.577126 2 5.989305 29.287722 3.436560 3.886938
95.677126 2 5.989303 29.471513 3.436214 3.885493
95.777126 2 5.989302 29.656457 3.435868 3.884048
95.877126 2 5.989300 29.842561 3.435522 3.882603
95.977126 2 5.989298 30.029834 3.435175 3.881158
96.077126 2 5.989296 30.218281 3.434829 3.879713
96.177126 2 5.989294 30.407911 3.434483 3.878268
96.277126 2 5.989292 30.598731 3.434137 3.876823
96.377126 2 5.989291 30.790748 3.433791 3.875378
96.477126 2 5.989289 30.983969 3.433445 3.873933
96.577126 2 5.989287 31.178403 3.433099 3.872488
96.677126 2 5.989285 31.374058 3.432752 3.871043
96.777126 2 5.989283 31.570939 3.432406 3.869598
96.877126 2 5.989281 31.769057 3.432060 3.868153
96.977126 2 5.989279 31.968417 3.431714 3.866708
97.077126 2 5.989277 32.169028 3.431368 3.865264
97.177126 2 5.989275 32.370898 3.431022 3.863819
97.277126 2 5.989273 32.574034 3.430676 3.862374
97.377126 2 5.989271 32.778445 3.430329 3.860929
97.477126 2 5.989269 32.984139 3.429983 3.859484
97.577126 2 5.989267 33.191123 3.429637 3.858039
97.677126 2 5.989265 33.399406 3.429291 3.856594
97.777126 2 5.989263 33.608996 3.428945 3.855149
97.877126 2 5.989261 33.819901 3.428599 3.853704
97.977126 2 5.989259 34.032129 3.428252 3.852259
98.077126 2 5.989257 34.245689 3.427906 3.850814
98.177126 2 5.989255 34.460589 3.427560 3.849369
98.277126 2 5.989253 34.676837 3.427214 3.847924
98.377126 2 5.989251 34.894442 3.426868 3.846479
98.477126 2 5.989249 35.113412 3.426521 3.845034
98.577126 2 5.989247 35.333756 3.426175 3.843589
98.677126 2 5.989245 35.555483 3.425829 3.842145
98.777126 2 5.989243 35.778601 3.425483 3.840700
98.877126 2 5.989240 36.003118 3.425137 3.839255
98.977126 2 5.989238 36.229045 3.424790 3.837810
99.077126 2 5.989236 36.456389 3.424444 3.836365
99.177126 2 5.989234 36.685159 3.424098 3.834920
99.277126 2 5.989232 36.915365 3.423752 3.833475
99.377126 2 5.989229 37.147015 3.423406 3.832030
99.477126 2 5.989227 37.380119 3.423059 3.830585
99.577126 2 5.989225 37.614685 3.422713 3.829140
99.677126 2 5.989223 37.850723 3.422367 3.827695
99.777126 2 5.989221 38.088242 3.422021 3.826250
99.877126 2 5.989218 38.327251 3.421674 3.824805
99.977126 2 5.989216 38.567759 3.421328 3.823360
100.077126 2 5.989214 38.809777 3.420982 3.821915
100.177126 2 5.989211 39.053313 3.420636 3.820471
100.277126 2 5.989209 39.298377 3.420289 3.819026
100.377126 2 5.989207 39.544979 3.419943 3.817581
100.477126 2 5.989204 39.793128 3.419597 3.816136
100.577126 2 5.989202 40.042834 3.419251 3.814691
100.677126 2 5.989200 40.294106 3.418904 3.813246
100.777126 2 5.989197 40.546955 3.418558 3.811801
100.877126 2 5.989195 40.801390 3.418212 3.810356
100.977126 2 5.989193 41.057422 3.417866 3.808911
101.077126 2 5.989190 41.315060 3.417519 3.807466
101.177126 2 5.989188 41.574315 3.417173 3.806021
101.277126 2 5.989185 41.835196 3.416827 3.804576
101.377126 2 5.989183 42.097714 3.416480 3.803131
101.477126 2 5.989180 42.361879 3.416134 3.801687
101.577126 2 5.989178 42.627701 3.415788 3.800242
101.677126 2 5.989175 42.895191 3.415442 3.798797
101.777126 2 5.989173 43.164359 3.415095 3.797352
101.877126 2 5.989170 43.435216 3.414749 3.795907
101.977126 2 5.989168 43.707772 3.414403 3.794462
102.077126 2 5.989165 43.982039 3.414056 3.793017
102.177126 2 5.989163 44.258026 3.413710 3.791572
102.277126 2 5.989160 44.535744 3.413364 3.790127
102.377126 2 5.989158 44.815205 3.413017 3.788682
102.477126 2 5.989155 45.096420 3.412671 3.787237
102.577126 2 5.989152 45.379398 3.412325 3.785792
102.677126 2 5.989150 45.664152 3.411978 3.784347
102.777126 2 5.989147 45.950692 3.411632 3.782903
102.877126 2 5.989144 46.239030 3.411286 3.781458
102.977126 2 5.989142 46.529177 3.410939 3.780013
103.077126 2 5.989139 46.821145 3.410593 3.778568
103.177126 2 5.989136 47.114944 3.410247 3.777123
103.277126 2 5.989134 47.410586 3.409900 3.775678
103.377126 2 5.989131 47.708083 3.409554 3.774233
103.477126 2 5.989128 48.007447 3.409208 3.772788
103.577126 2 5.989125 48.308689 3.408861 3.771343
103.677126 2 5.989123 48.611820 3.408515 3.769898
103.777126 2 5.989120 48.916853 3.408169 3.768453
103.877126 2 5.989117 49.223800 3.407822 3.767009
103.977126 2 5.989114 49.532673 3.407476 3.765564
104.077126 2 5.989111 49.843483 3.407129 3.764119
104.177126 2 5.989108 50.156244 3.406783 3.762674
104.277126 2 5.989106 50.470966 3.406437 3.761229
104.377126 2 5.989103 50.787663 3.406090 3.759784
104.477126 2 5.989100 51.106347 3.405744 3.758339
104.577126 2 5.989097 51.427030 3.405398 3.756894
104.677126 2 5.989094 51.749724 3.405051 3.755449
104.777126 2 5.989091 52.074443 3.404705 3.754004
104.877126 2 5.989088 52.401200 3.404358 3.752560
104.977126 2 5.989085 52.730006 3.404012 3.751115
105.077126 2 5.989082 53.060875 3.403665 3.749670
105.177126 2 5.989079 53.393820 3.403319 3.748225
105.277126 2 5.989076 53.728853 3.402973 3.746780
105.377126 2 5.989073 54.065988 3.402626 3.745335
105.477126 2 5.989070 54.405238 3.402280 3.743890
105.577126 2 5.989067 54.746617 3.401933 3.742445
105.677126 2 5.989064 55.090137 3.401587 3.741000
105.777126 2 5.989060 55.435812 3.401240 3.739555
105.877126 2 5.989057 55.783655 3.400894 3.738111
105.977126 2 5.989054 56.133681 3.400547 3.736666
106.077126 2 5.989051 56.485902 3.400201 3.735221
106.177126 2 5.989048 56.840333 3.399855 3.733776
106.277126 2 5.989045 57.196988 3.399508 3.732331
106.377126 2 5.989041 57.555879 3.399162 3.730886
106.477126 2 5.989038 57.917023 3.398815 3.729441
106.577126 2 5.989035 58.280431 3.398469 3.727996
106.677126 2 5.989032 58.646120 3.398122 3.726551
106.777126 2 5.989028 59.014102 3.397776 3.725107
106.877126 2 5.989025 59.384393 3.397429 3.723662
106.977126 2 5.989022 59.757007 3.397083 3.722217
107.077126 2 5.989018 60.131958 3.396736 3.720772
107.177126 2 5.989015 60.509262 3.396390 3.719327
107.277126 2 5.989012 60.888932 3.396043 3.717882
107.377126 2 5.989008 61.270984 3.395697 3.716437
107.477126 2 5.989005 61.655432 3.395350 3.714992
107.577126 2 5.989001 62.042292 3.395003 3.713548
107.677126 2 5.988998 62.431579 3.394657 3.712103
107.777126 2 5.988994 62.823308 3.394310 3.710658
107.877126 2 5.988991 63.217494 3.393964 3.709213
107.977126 2 5.988987 63.614153 3.393617 3.707768
108.077126 2 5.988984 64.013300 3.393271 3.706323
108.177126 2 5.988980 64.414951 3.392924 3.704878
108.277126 2 5.988977 64.819121 3.392578 3.703433
108.377126 2 5.988973 65.225827 3.392231 3.701989
108.477126 2 5.988969 65.635084 3.391884 3.700544
108.577126 2 5.988966 66.046908 3.391538 3.699099
108.677126 2 5.988962 66.461315 3.391191 3.697654
108.777126 2 5.988958 66.878322 3.390845 3.696209
108.877126 2 5.988955 67.246364 3.390541 3.694941
108.977126 2 5.988950 67.802227 3.390084 3.693040
109.077126 3 5.988945 68.362684 3.389628 3.691138
109.177126 3 5.988940 68.800023 3.393664 3.690762
109.277126 3 5.988932 69.395880 3.399120 3.690254
109.377126 3 5.988924 69.997143 3.404576 3.689744
109.477126 3 5.988916 70.603863 3.410032 3.689234
109.577126 3 5.988908 71.216091 3.415488 3.688724
109.677126 3 5.988900 71.833877 3.420944 3.688212
109.777126 3 5.988892 72.457275 3.426400 3.687700
109.877126 3 5.988884 73.086337 3.431856 3.687187
109.977126 3 5.988876 73.721116 3.437312 3.686673
110.077126 3 5.988867 74.361665 3.442768 3.686158
110.177126 3 5.988859 75.008039 3.448224 3.685643
110.277126 3 5.988850 75.660292 3.453680 3.685127
110.377126 3 5.988842 76.318480 3.459136 3.684610
110.477126 3 5.988833 76.982657 3.464592 3.684092
110.577126 3 5.988824 77.652881 3.470048 3.683574
110.677126 3 5.988815 78.329207 3.475504 3.683055
110.777126 3 5.988806 79.011693 3.480960 3.682535
110.877126 3 5.988797 79.700398 3.486416 3.682014
110.977126 3 5.988787 80.395378 3.491872 3.681493
111.077126 3 5.988778 81.096694 3.497328 3.680971
111.177126 3 5.988768 81.804405 3.502784 3.680448
111.277126 3 5.988759 82.518570 3.508240 3.679925
111.377126 3 5.988749 83.239250 3.513696 3.679401
111.477126 3 5.988739 83.966507 3.519152 3.678876
111.577126 3 5.988729 84.700403 3.524608 3.678350
111.677126 3 5.988719 85.440999 3.530065 3.677824
111.777126 3 5.988709 86.188359 3.535521 3.677296
111.877126 3 5.988699 86.942546 3.540977 3.676769
111.977126 3 5.988689 87.703625 3.546433 3.676240
112.077126 3 5.988678 88.471660 3.551889 3.675711
112.177126 3 5.988667 89.246716 3.557345 3.675181
112.277126 3 5.988657 90.028861 3.562801 3.674650
112.377126 3 5.988646 90.818160 3.568257 3.674118
112.477126 3 5.988635 91.614680 3.573713 3.673586
112.577126 3 5.988624 92.418491 3.579169 3.673053
112.677126 3 5.988612 93.229660 3.584625 3.672520
112.777126 3 5.988601 94.048256 3.590081 3.671985
112.877126 3 5.988590 94.874350 3.595537 3.671450
112.977126 3 5.988578 95.708012 3.600993 3.670915
113.077126 3 5.988566 96.549314 3.606449 3.670378
113.177126 3 5.988554 97.398327 3.611905 3.669841
113.277126 3 5.988542 98.255125 3.617361 3.669303
113.377126 3 5.988530 99.119780 3.622817 3.668765
113.477126 3 5.988518 99.992366 3.628273 3.668225
113.577126 3 5.988505 100.872959 3.633729 3.667685
113.677126 3 5.988493 101.761633 3.639185 3.667145
113.777126 3 5.988480 102.658466 3.644641 3.666603
113.877126 3 5.988467 103.563534 3.650097 3.666061
113.977126 3 5.988454 104.476914 3.655553 3.665519
114.077126 3 5.988441 105.398685 3.661009 3.664975
114.177126 3 5.988428 106.328927 3.666465 3.664431
114.277126 3 5.988414 107.267719 3.671921 3.663886
114.377126 3 5.988401 108.215142 3.677377 3.663341
114.477126 3 5.988387 109.171277 3.682833 3.662795
114.577126 3 5.988373 110.136207 3.688289 3.662248
114.677126 3 5.988359 111.110015 3.693745 3.661700
114.777126 3 5.988344 112.092784 3.699201 3.661152
114.877126 3 5.988330 113.084600 3.704657 3.660603
114.977126 3 5.988315 114.085547 3.710113 3.660053
115.077126 3 5.988301 115.095713 3.715569 3.659503
115.177126 3 5.988286 116.115183 3.721025 3.658952
115.277126 3 5.988271 117.144047 3.726481 3.658401
115.377126 4 5.988267 117.411769 3.727892 3.658258
115.477126 4 5.988251 117.405487 3.727858 3.658261
115.577126 4 5.988246 117.403195 3.727846 3.658262
115.677126 4 5.986564 116.738615 3.724259 3.658598
115.777126 4 5.984905 116.105602 3.720819 3.658919
115.877126 4 5.983268 115.503088 3.717525 3.659225
115.977126 4 5.981651 114.930046 3.714373 3.659517
116.077126 4 5.980054 114.385481 3.711360 3.659795
116.177126 4 5.978474 113.868434 3.708483 3.660060
116.277126 4 5.976912 113.377975 3.705739 3.660311
116.377126 4 5.975366 112.913204 3.703124 3.660549
116.477126 4 5.973835 112.473249 3.700635 3.660775
116.577126 4 5.972318 112.057265 3.698270 3.660988
116.677126 4 5.970815 111.664429 3.696025 3.661189
116.777126 4 5.969324 111.293944 3.693897 3.661379
116.877126 4 5.967845 110.945032 3.691883 3.661557
116.977126 4 5.966377 110.616938 3.689980 3.661725
117.077126 4 5.964920 110.308924 3.688184 3.661881
117.177126 4 5.963472 110.020271 3.686493 3.662028
117.277126 4 5.962034 109.750274 3.684904 3.662164
117.377126 4 5.960603 109.498247 3.683412 3.662290
117.477126 4 5.959181 109.263517 3.682016 3.662407
117.577126 4 5.957766 109.045424 3.680711 3.662515
117.677126 4 5.956357 108.843321 3.679496 3.662614
117.777126 4 5.954955 108.656572 3.678366 3.662704
117.877126 4 5.953559 108.484552 3.677318 3.662786
117.977126 4 5.952168 108.326646 3.676351 3.662861
118.077126 4 5.950781 108.182247 3.675459 3.662927
118.177126 4 5.949399 108.050758 3.674641 3.662987
118.277126 4 5.948021 107.931589 3.673892 3.663039
118.377126 4 5.946647 107.824155 3.673211 3.663085
118.477126 4 5.945275 107.727880 3.672593 3.663125
118.577126 4 5.943907 107.642192 3.672036 3.663158
118.677126 4 5.942541 107.566524 3.671537 3.663186
118.777126 4 5.941177 107.500314 3.671092 3.663209
118.877126 4 5.939815 107.443003 3.670698 3.663226
118.977126 4 5.938455 107.394038 3.670352 3.663238
119.077126 4 5.937096 107.352865 3.670051 3.663246
119.177126 4 5.935739 107.318937 3.669792 3.663250
119.277126 4 5.934382 107.291705 3.669572 3.663250
119.377126 4 5.933026 107.270625 3.669387 3.663247
119.477126 4 5.931671 107.255153 3.669235 3.663240
119.577126 4 5.930316 107.244746 3.669112 3.663231
119.677126 4 5.928961 107.238863 3.669015 3.663218
119.777126 4 5.927606 107.236963 3.668941 3.663204
119.877126 4 5.926251 107.238506 3.668888 3.663187
119.977126 4 5.924896 107.242950 3.668850 3.663169
120.077126 4 5.923541 107.249756 3.668827 3.663149
120.177126 4 5.922185 107.258383 3.668814 3.663128
120.277126 4 5.920829 107.268292 3.668809 3.663107
120.377126 4 5.919473 107.278940 3.668807 3.663085
120.477126 4 5.919134 107.281654 3.668807 3.663080
120.577126 4 5.918964 106.997301 3.674067 3.664971
120.677126 4 5.918879 106.146125 3.677971 3.667681
120.777126 4 5.918793 105.305878 3.680272 3.669982
120.877126 4 5.918707 104.476397 3.682030 3.672139
120.977126 4 5.918622 103.657519 3.683494 3.674214
121.077126 4 5.918538 102.849088 3.684766 3.676232
121.177126 4 5.918453 102.050948 3.685902 3.678207
121.277126 4 5.918369 101.262949 3.686934 3.680149
121.377126 4 5.918286 100.484940 3.687885 3.682061
121.477126 4 5.918203 99.716775 3.688770 3.683949
121.577126 4 5.918120 98.958310 3.689600 3.685814
121.677126 4 5.918038 98.209404 3.690382 3.687660
121.777126 4 5.917957 97.469915 3.691125 3.689486
121.877126 4 5.917875 96.739709 3.691832 3.691296
121.977126 4 5.917795 96.018650 3.692507 3.693090
122.077126 4 5.917715 95.306605 3.693156 3.694868
122.177126 4 5.917635 94.603445 3.693779 3.696632
122.277126 4 5.917556 93.909042 3.694379 3.698382
122.377126 4 5.917477 93.223269 3.694960 3.700118
122.477126 4 5.917399 92.546004 3.695521 3.701842
122.577126 4 5.917321 91.877124 3.696066 3.703553
122.677126 4 5.917243 91.216509 3.696594 3.705252
122.777126 4 5.917166 90.564042 3.697108 3.706940
122.877126 4 5.917090 89.919608 3.697608 3.708615
122.977126 4 5.917014 89.283091 3.698096 3.710280
123.077126 4 5.916939 88.654382 3.698571 3.711933
123.177126 4 5.916863 88.033368 3.699036 3.713576
123.277126 4 5.916789 87.419943 3.699490 3.715208
123.377126 4 5.916715 86.813999 3.699934 3.716829
123.477126 4 5.916641 86.215431 3.700369 3.718440
123.577126 4 5.916568 85.624137 3.700795 3.720041
123.677126 4 5.916495 85.040016 3.701213 3.721632
123.777126 4 5.916422 84.462967 3.701623 3.723213
123.877126 4 5.916350 83.892892 3.702025 3.724784
123.977126 4 5.916279 83.329694 3.702420 3.726346
124.077126 4 5.916207 82.773280 3.702808 3.727898
124.177126 4 5.916136 82.223555 3.703190 3.729440
124.277126 4 5.916066 81.680427 3.703565 3.730973
124.377126 4 5.915996 81.143805 3.703935 3.732497
124.477126 4 5.915927 80.613602 3.704299 3.734011
124.577126 4 5.915857 80.089729 3.704657 3.735516
124.677126 4 5.915789 79.572100 3.705010 3.737013
124.777126 4 5.915720 79.060629 3.705358 3.738500
124.877126 4 5.915652 78.555235 3.705701 3.739978
124.977126 4 5.915584 78.055834 3.706039 3.741448
125.077126 4 5.915517 77.562346 3.706372 3.742908
125.177126 4 5.915450 77.074690 3.706702 3.744360
125.277126 4 5.915384 76.592790 3.707027 3.745803
125.377126 4 5.915318 76.116567 3.707348 3.747238
125.477126 4 5.915252 75.645946 3.707665 3.748664
125.577126 4 5.915186 75.180851 3.707978 3.750081
125.677126 4 5.915121 74.721211 3.708287 3.751490
125.777126 4 5.915057 74.266952 3.708593 3.752891
125.877126 4 5.914992 73.818002 3.708896 3.754283
125.977126 4 5.914928 73.374293 3.709195 3.755667
126.077126 4 5.914864 72.935754 3.709490 3.757043
126.177126 4 5.914801 72.502318 3.709783 3.758410
126.277126 4 5.914738 72.073918 3.710072 3.759770
126.377126 4 5.914675 71.650488 3.710359 3.761121
126.477126 4 5.914613 71.231964 3.710642 3.762464
126.577126 4 5.914551 70.818280 3.710923 3.763799
126.677126 4 5.914489 70.409376 3.711201 3.765125
126.777126 4 5.914428 70.005187 3.711476 3.766444
126.877126 4 5.914367 69.605654 3.711748 3.767755
126.977126 4 5.914306 69.210717 3.712018 3.769058
127.077126 4 5.914245 68.820317 3.712286 3.770354
127.177126 4 5.914185 68.434394 3.712551 3.771641
127.277126 4 5.914125 68.052892 3.712813 3.772921
127.377126 4 5.914066 67.675755 3.713074 3.774192
127.477126 4 5.914006 67.302927 3.713332 3.775456
127.577126 4 5.913947 66.934352 3.713587 3.776713
127.677126 4 5.913889 66.569978 3.713841 3.777962
127.777126 4 5.913830 66.209751 3.714092 3.779203
127.877126 4 5.913772 65.853618 3.714342 3.780436
127.977126 4 5.913714 65.501528 3.714589 3.781662
128.077126 4 5.913657 65.153431 3.714834 3.782881
128.177126 4 5.913599 64.809276 3.715078 3.784091
128.277126 4 5.913542 64.469014 3.715319 3.785295
128.377126 4 5.913486 64.132596 3.715559 3.786491
128.477126 4 5.913429 63.799976 3.715797 3.787680
128.577126 4 5.913373 63.471104 3.716033 3.788861
128.677126 4 5.913317 63.145936 3.716267 3.790035
128.777126 4 5.913261 62.824426 3.716500 3.791201
128.877126 4 5.913206 62.506528 3.716731 3.792361
128.977126 4 5.913150 62.192197 3.716960 3.793513
129.077126 4 5.913040 61.574067 3.717413 3.795795
129.177126 4 5.912931 60.969691 3.717861 3.798049
129.277126 4 5.912823 60.378739 3.718302 3.800274
129.377126 4 5.912716 59.800887 3.718737 3.802471
129.477126 4 5.912610 59.235822 3.719167 3.804640
129.577126 4 5.912505 58.683240 3.719592 3.806781
129.677126 4 5.912400 58.142843 3.720011 3.808895
129.777126 4 5.912297 57.614346 3.720425 3.810981
129.877126 4 5.912194 57.097469 3.720834 3.813041
129.977126 4 5.912092 56.591941 3.721238 3.815073
130.077126 4 5.911991 56.097497 3.721638 3.817078
130.177126 4 5.911891 55.613882 3.722033 3.819057
130.277126 4 5.911791 55.140846 3.722424 3.821010
130.377126 4 5.911693 54.678147 3.722811 3.822936
130.477126 4 5.911595 54.225549 3.723194 3.824837
130.577126 4 5.911497 53.782824 3.723572 3.826712
130.677126 4 5.911401 53.349748 3.723947 3.828561
130.777126 4 5.911305 52.926104 3.724318 3.830385
130.877126 4 5.911210 52.511683 3.724685 3.832184
130.977126 4 5.911115 52.106278 3.725049 3.833958
131.077126 4 5.911021 51.709690 3.725409 3.835707
131.177126 4 5.910928 51.321725 3.725765 3.837431
131.277126 4 5.910835 50.942194 3.726119 3.839131
131.377126 4 5.910743 50.570913 3.726469 3.840807
131.477126 4 5.910652 50.207702 3.726816 3.842459
131.577126 4 5.910561 49.852387 3.727160 3.844088
131.677126 4 5.910471 49.504799 3.727501 3.845692
131.777126 4 5.910381 49.164772 3.727839 3.847273
131.877126 4 5.910292 48.832145 3.728174 3.848831
131.977126 4 5.910203 48.506761 3.728506 3.850366
132.077126 4 5.910115 48.188468 3.728836 3.851878
132.177126 4 5.910027 47.877116 3.729163 3.853367
132.277126 4 5.909940 47.572560 3.729487 3.854834
132.377126 4 5.909854 47.274659 3.729808 3.856278
132.477126 4 5.909767 46.983275 3.730128 3.857701
132.577126 4 5.909682 46.698273 3.730444 3.859101
132.677126 4 5.909597 46.419524 3.730758 3.860480
132.777126 4 5.909512 46.146898 3.731070 3.861837
132.877126 4 5.909427 45.880272 3.731380 3.863173
132.977126 4 5.909344 45.619524 3.731687 3.864487
133.077126 4 5.909260 45.364535 3.731992 3.865780
133.177126 4 5.909177 45.115190 3.732295 3.867053
133.277126 4 5.909094 44.871377 3.732595 3.868305
133.377126 4 5.909012 44.632984 3.732894 3.869536
133.477126 4 5.908930 44.399905 3.733191 3.870747
133.577126 4 5.908848 44.172035 3.733485 3.871938
133.677126 4 5.908686 43.731515 3.734068 3.874260
133.777126 4 5.908525 43.310632 3.734643 3.876504
133.877126 4 5.908365 42.908634 3.735211 3.878671
133.977126 4 5.908207 42.524801 3.735771 3.880762
134.077126 4 5.908050 42.158446 3.736325 3.882780
134.177126 4 5.907894 41.808912 3.736872 3.884724
134.277126 4 5.907739 41.475571 3.737412 3.886597
134.377126 4 5.907585 41.157822 3.737946 3.888401
134.477126 4 5.907432 40.855090 3.738474 3.890136
134.577126 4 5.907280 40.566823 3.738996 3.891804
134.677126 4 5.907129 40.292492 3.739513 3.893407
134.777126 4 5.906979 40.031590 3.740023 3.894945
134.877126 4 5.906829 39.783627 3.740529 3.896421
134.977126 4 5.906681 39.548137 3.741029 3.897835
135.077126 4 5.906533 39.324666 3.741523 3.899189
135.177126 4 5.906385 39.112781 3.742013 3.900485
135.277126 4 5.906239 38.912063 3.742498 3.901723
135.377126 4 5.905946 38.542521 3.743454 3.904034
135.477126 4 5.905656 38.212967 3.744392 3.906133
135.577126 4 5.905368 37.920520 3.745312 3.908032
135.677126 4 5.905081 37.662473 3.746217 3.909740
135.777126 4 5.904796 37.436262 3.747105 3.911271
135.877126 4 5.904228 37.069739 3.748839 3.913841
135.977126 4 5.903662 36.802750 3.750518 3.915830
136.077126 4 5.903099 36.618409 3.752147 3.917327
136.177126 4 5.902536 36.500758 3.753729 3.918422
136.277126 4 5.901974 36.434449 3.755268 3.919202
136.377126 4 5.901410 36.404502 3.756768 3.919755
136.477126 4 5.900844 36.396130 3.758229 3.920170
136.577126 4 5.900277 36.395359 3.759656 3.920532
136.677126 4 5.899707 36.402925 3.761050 3.920835
136.777126 4 5.899136 36.433050 3.762413 3.920996
136.877126 4 5.898563 36.500538 3.763747 3.920928
136.977126 4 5.897986 36.620395 3.765054 3.920543
137.077126 4 5.897406 36.808012 3.766334 3.919753
137.177126 4 5.896821 37.079415 3.767590 3.918472
137.277126 4 5.896525 37.251794 3.768209 3.917619
137.377126 4 5.896228 37.451582 3.768822 3.916611
137.477126 4 5.895929 37.681116 3.769430 3.915436
137.577126 4 5.895627 37.942849 3.770032 3.914084
137.677126 4 5.895323 38.239364 3.770629 3.912542
137.777126 4 5.895016 38.573399 3.771220 3.910802
137.877126 4 5.894706 38.947863 3.771807 3.908850
137.977126 4 5.894549 39.151219 3.772098 3.907792
138.077126 4 5.894392 39.365866 3.772388 3.906678
138.177126 4 5.894233 39.592228 3.772677 3.905505
138.277126 4 5.894073 39.830745 3.772965 3.904273
138.377126 4 5.893912 40.081874 3.773252 3.902979
138.477126 4 5.893751 40.346091 3.773537 3.901624
138.577126 4 5.893587 40.623891 3.773821 3.900205
138.677126 4 5.893423 40.915787 3.774104 3.898721
138.777126 4 5.893258 41.222318 3.774386 3.897171
138.877126 4 5.893091 41.544042 3.774667 3.895553
138.977126 4 5.892922 41.881545 3.774947 3.893866
139.077126 4 5.892752 42.235436 3.775226 3.892108
139.177126 4 5.892581 42.606354 3.775503 3.890279
139.277126 4 5.892408 42.994965 3.775779 3.888377
139.377126 4 5.892233 43.401969 3.776055 3.886400
139.477126 4 5.892057 43.828096 3.776329 3.884347
139.577126 4 5.891968 44.048570 3.776466 3.883291
139.677126 4 5.891878 44.274114 3.776602 3.882216
139.777126 4 5.891788 44.504832 3.776739 3.881122
139.877126 4 5.891697 44.740827 3.776875 3.880007
139.977126 4 5.891606 44.982206 3.777010 3.878873
140.077126 4 5.891514 45.229078 3.777146 3.877718
140.177126 4 5.891422 45.481556 3.777281 3.876543
140.277126 4 5.891329 45.739754 3.777416 3.875348
140.377126 4 5.891236 46.003790 3.777551 3.874131
140.477126 4 5.891142 46.273784 3.777685 3.872894
140.577126 4 5.891048 46.549862 3.777820 3.871636
140.677126 4 5.890953 46.832148 3.777953 3.870357
140.777126 4 5.890857 47.120774 3.778087 3.869056
140.877126 4 5.890761 47.415874 3.778221 3.867734
140.977126 4 5.890664 47.717583 3.778354 3.866390
141.077126 4 5.890566 48.026043 3.778487 3.865024
141.177126 4 5.890468 48.341399 3.778620 3.863636
141.277126 4 5.890369 48.663797 3.778752 3.862226
141.377126 4 5.890270 48.993390 3.778885 3.860793
141.477126 4 5.890169 49.330333 3.779017 3.859338
141.577126 4 5.890068 49.674788 3.779148 3.857860
141.677126 4 5.889967 50.026919 3.779280 3.856359
141.777126 4 5.889864 50.386893 3.779411 3.854835
141.877126 4 5.889761 50.754886 3.779542 3.853287
141.977126 4 5.889657 51.131074 3.779673 3.851716
142.077126 4 5.889552 51.515641 3.779804 3.850122
142.177126 4 5.889446 51.908775 3.779934 3.848504
142.277126 4 5.889340 52.310670 3.780064 3.846862
142.377126 4 5.889232 52.721522 3.780194 3.845195
142.477126 4 5.889124 53.141538 3.780324 3.843505
142.577126 4 5.889015 53.570926 3.780454 3.841789
142.677126 4 5.888905 54.009903 3.780583 3.840050
142.777126 4 5.888794 54.458689 3.780712 3.838285
142.877126 4 5.888682 54.917514 3.780841 3.836495
142.977126 4 5.888569 55.386611 3.780969 3.834681
143.077126 4 5.888455 55.866221 3.781098 3.832840
143.177126 4 5.888340 56.356593 3.781226 3.830975
143.277126 4 5.888224 56.857982 3.781354 3.829083
143.377126 4 5.888107 57.370651 3.781482 3.827166
143.477126 4 5.887988 57.894869 3.781609 3.825223
143.577126 4 5.887869 58.430915 3.781736 3.823253
143.677126 4 5.887749 58.979075 3.781863 3.821257
143.777126 4 5.887627 59.539643 3.781990 3.819235
143.877126 4 5.887504 60.112924 3.782117 3.817186
143.977126 4 5.887380 60.699228 3.782243 3.815110
144.077126 4 5.887255 61.298879 3.782370 3.813007
144.177126 4 5.887192 61.603812 3.782433 3.811945
144.277126 4 5.887128 61.912206 3.782496 3.810876
144.377126 4 5.887064 62.224105 3.782559 3.809801
144.477126 4 5.887000 62.539552 3.782621 3.808719
144.577126 4 5.886935 62.858591 3.782684 3.807629
144.677126 4 5.886870 63.181267 3.782747 3.806533
144.777126 4 5.886805 63.507626 3.782810 3.805430
144.877126 4 5.886739 63.837713 3.782872 3.804320
144.977126 4 5.886673 64.171577 3.782935 3.803203
145.077126 4 5.886607 64.509265 3.782998 3.802079
145.177126 4 5.886540 64.850824 3.783060 3.800948
145.277126 4 5.886473 65.196304 3.783123 3.799810
145.377126 4 5.886406 65.545756 3.783185 3.798665
145.477126 4 5.886338 65.899229 3.783247 3.797512
145.577126 4 5.886270 66.256775 3.783310 3.796353
145.677126 4 5.886201 66.618447 3.783372 3.795186
145.777126 4 5.886132 66.984297 3.783434 3.794013
145.877126 4 5.886063 67.354379 3.783496 3.792832
145.977126 4 5.885993 67.728748 3.783558 3.791644
146.077126 4 5.885923 68.107459 3.783620 3.790448
146.177126 4 5.885853 68.490569 3.783682 3.789246
146.277126 4 5.885782 68.878135 3.783744 3.788036
146.377126 4 5.885710 69.270214 3.783806 3.786819
146.477126 4 5.885639 69.666867 3.783868 3.785594
146.577126 4 5.885566 70.068152 3.783930 3.784363
146.677126 4 5.885494 70.474131 3.783992 3.783124
146.777126 4 5.885421 70.884866 3.784053 3.781877
146.877126 4 5.885347 71.300419 3.784115 3.780623
146.977126 4 5.885273 71.720855 3.784177 3.779362
147.077126 4 5.885199 72.146237 3.784238 3.778093
147.177126 4 5.885124 72.576632 3.784300 3.776817
147.277126 4 5.885049 73.012106 3.784361 3.775533
147.377126 4 5.884973 73.452728 3.784423 3.774242
147.477126 4 5.884897 73.898566 3.784484 3.772944
147.577126 4 5.884820 74.349691 3.784545 3.771637
147.677126 4 5.884743 74.806174 3.784607 3.770324
147.777126 4 5.884665 75.268086 3.784668 3.769002
147.877126 4 5.884587 75.735502 3.784729 3.767673
147.977126 4 5.884509 76.208496 3.784790 3.766336
148.077126 4 5.884429 76.687144 3.784851 3.764992
148.177126 4 5.884350 77.171523 3.784912 3.763640
148.277126 4 5.884270 77.661712 3.784973 3.762280
148.377126 4 5.884189 78.157789 3.785034 3.760913
148.477126 4 5.884108 78.659836 3.785095 3.759538
148.577126 4 5.884026 79.167935 3.785156 3.758155
148.677126 4 5.883944 79.682170 3.785217 3.756764
148.777126 4 5.883861 80.202625 3.785277 3.755366
148.877126 4 5.883777 80.729387 3.785338 3.753959
148.977126 4 5.883693 81.262543 3.785399 3.752545
149.077126 4 5.883609 81.802182 3.785459 3.751123
149.177126 4 5.883524 82.348395 3.785520 3.749693
149.277126 4 5.883438 82.901274 3.785580 3.748255
149.377126 4 5.883352 83.460913 3.785641 3.746809
149.477126 4 5.883265 84.027407 3.785701 3.745355
149.577126 4 5.883178 84.600852 3.785762 3.743894
149.677126 4 5.883089 85.181346 3.785822 3.742424
149.777126 4 5.883001 85.768990 3.785882 3.740946
149.877126 4 5.882911 86.363885 3.785942 3.739460
149.977126 4 5.882821 86.966135 3.786003 3.737966
150.077126 4 5.882731 87.575844 3.786063 3.736464
150.177126 4 5.882640 88.193119 3.786123 3.734954
150.277126 4 5.882548 88.818069 3.786183 3.733436
150.377126 4 5.882455 89.450804 3.786243 3.731909
150.477126 4 5.882362 90.091437 3.786303 3.730374
150.577126 4 5.882268 90.740081 3.786363 3.728832
150.677126 4 5.882173 91.396852 3.786423 3.727281
150.777126 4 5.882078 92.061869 3.786482 3.725721
150.877126 4 5.881982 92.735251 3.786542 3.724154
150.977126 4 5.881885 93.417122 3.786602 3.722578
151.077126 4 5.881788 94.107604 3.786661 3.720994
151.177126 4 5.881690 94.806824 3.786721 3.719401
151.277126 4 5.881591 95.514910 3.786781 3.717800
151.377126 4 5.881491 96.231994 3.786840 3.716191
151.477126 4 5.881390 96.958207 3.786900 3.714573
151.577126 4 5.881289 97.693686 3.786959 3.712947
151.677126 4 5.881187 98.438567 3.787019 3.711313
151.777126 4 5.881084 99.192991 3.787078 3.709670
151.877126 4 5.880981 99.957100 3.787137 3.708018
151.977126 4 5.880876 100.731039 3.787196 3.706358
152.077126 4 5.880771 101.514954 3.787256 3.704689
152.177126 4 5.880665 102.308996 3.787315 3.703012
152.277126 4 5.880558 103.113318 3.787374 3.701327
152.377126 4 5.880450 103.928073 3.787433 3.699632
152.477126 4 5.880341 104.753421 3.787492 3.697929
152.577126 4 5.880232 105.589522 3.787551 3.696218
152.677126 4 5.880122 106.436540 3.787610 3.694498
152.777126 4 5.880010 107.294639 3.787669 3.692769
152.877126 4 5.879898 108.163991 3.787728 3.691031
152.977126 4 5.879785 109.044768 3.787787 3.689285
153.077126 4 5.879671 109.937144 3.787845 3.687530
153.177126 4 5.879557 110.829841 3.787903 3.685788
153.277126 4 5.879450 111.677329 3.787958 3.684148
153.377126 4 5.879348 112.481286 3.788009 3.682603
153.477126 4 5.879252 113.243401 3.788056 3.681148
153.577126 4 5.879162 113.965364 3.788101 3.679779
153.677126 4 5.879076 114.648857 3.788143 3.678491
153.777126 4 5.878996 115.295545 3.788182 3.677280
153.877126 4 5.878920 115.907064 3.788219 3.676140
153.977126 4 5.878848 116.485024 3.788253 3.675069
154.077126 4 5.878714 117.580999 3.788318 3.673051
154.177126 4 5.878594 118.553324 3.788374 3.671277
154.277126 4 5.878489 119.414482 3.788424 3.669718
154.377126 4 5.878397 120.176045 3.788467 3.668348
154.477126 4 5.878315 120.848647 3.788505 3.667146
154.577126 4 5.878171 122.039887 3.788571 3.665032
154.677126 4 5.878063 122.945334 3.788620 3.663440
154.777126 4 5.877980 123.631271 3.788657 3.662241
154.877126 4 5.877856 124.671331 3.788713 3.660435
