t Ka M R logL logTeff
0.259822 1 10.000065 3.071176 3.761507 4.457865
0.519645 1 10.000046 3.084310 3.763419 4.457416
0.779468 1 10.000027 3.097511 3.765385 4.456980
1.039293 1 10.000008 3.110785 3.767404 4.456557
1.299118 1 9.999989 3.124137 3.769477 4.456145
1.558944 1 9.999970 3.137575 3.771603 4.455744
1.818771 1 9.999950 3.151103 3.773782 4.455355
2.078598 1 9.999931 3.164729 3.776015 4.454976
2.338427 1 9.999911 3.178458 3.778301 4.454608
2.598256 1 9.999891 3.192298 3.780640 4.454249
2.858086 1 9.999871 3.206253 3.783033 4.453900
3.117917 1 9.999851 3.220332 3.785479 4.453560
3.377748 1 9.999830 3.234541 3.787979 4.453229
3.637581 1 9.999810 3.248886 3.790532 4.452906
3.897415 1 9.999789 3.263376 3.793138 4.452592
4.157249 1 9.999768 3.278016 3.795798 4.452284
4.417084 1 9.999747 3.292814 3.798510 4.451985
4.676920 1 9.999725 3.307778 3.801277 4.451692
4.936757 1 9.999703 3.322915 3.804096 4.451405
5.196595 1 9.999681 3.338232 3.806969 4.451125
5.456434 1 9.999659 3.353738 3.809895 4.450850
5.716274 1 9.999637 3.369439 3.812875 4.450581
5.976114 1 9.999614 3.385345 3.815908 4.450316
6.235956 1 9.999591 3.401464 3.818994 4.450056
6.495799 1 9.999567 3.417803 3.822134 4.449801
6.755642 1 9.999544 3.434372 3.825327 4.449549
7.015487 1 9.999519 3.451178 3.828573 4.449300
7.275332 1 9.999495 3.468231 3.831873 4.449055
7.535179 1 9.999470 3.485541 3.835226 4.448812
7.795026 1 9.999445 3.503115 3.838632 4.448571
8.054875 1 9.999420 3.520964 3.842092 4.448333
8.314725 1 9.999394 3.539097 3.845605 4.448096
8.574576 1 9.999368 3.557524 3.849171 4.447859
8.834428 1 9.999341 3.576256 3.852791 4.447624
9.094281 1 9.999314 3.595302 3.856464 4.447389
9.354135 1 9.999286 3.614675 3.860190 4.447154
9.613990 1 9.999258 3.634384 3.863970 4.446918
9.873847 1 9.999230 3.654441 3.867803 4.446681
10.133704 1 9.999201 3.674859 3.871689 4.446443
10.393563 1 9.999171 3.695649 3.875629 4.446202
10.653423 1 9.999141 3.716824 3.879622 4.445960
10.913285 1 9.999111 3.738398 3.883668 4.445715
11.173147 1 9.999080 3.760384 3.887767 4.445466
11.433011 1 9.999048 3.782798 3.891920 4.445214
11.692877 1 9.999016 3.805653 3.896126 4.444958
11.952743 1 9.998983 3.828967 3.900386 4.444696
12.212611 1 9.998950 3.852757 3.904698 4.444429
12.472480 1 9.998915 3.877040 3.909064 4.444157
12.732351 1 9.998881 3.901835 3.913484 4.443877
12.992224 1 9.998845 3.927162 3.917956 4.443590
13.252097 1 9.998809 3.953044 3.922482 4.443295
13.511973 1 9.998772 3.979504 3.927061 4.442991
13.771849 1 9.998734 4.006566 3.931694 4.442678
14.031728 1 9.998696 4.034257 3.936379 4.442354
14.291608 1 9.998657 4.062607 3.941118 4.442018
14.551489 1 9.998617 4.091646 3.945911 4.441669
14.811373 1 9.998576 4.121410 3.950756 4.441307
15.071258 1 9.998534 4.151934 3.955655 4.440929
15.331144 1 9.998492 4.183260 3.960607 4.440535
15.591033 1 9.998448 4.215431 3.965612 4.440123
15.850923 1 9.998404 4.248496 3.970671 4.439691
16.110815 1 9.998358 4.282508 3.975783 4.439237
16.370709 1 9.998312 4.317526 3.980948 4.438760
16.630606 1 9.998264 4.353613 3.986166 4.438257
16.890504 1 9.998215 4.390839 3.991438 4.437726
17.150404 1 9.998165 4.429283 3.996763 4.437165
17.410306 1 9.998114 4.469031 4.002141 4.436569
17.670210 1 9.998060 4.510176 4.007572 4.435937
17.930117 1 9.998006 4.552825 4.013056 4.435264
18.190025 1 9.997950 4.597094 4.018594 4.434547
18.319981 1 9.997921 4.619875 4.021382 4.434171
18.449937 1 9.997892 4.643110 4.024184 4.433782
18.579894 1 9.997862 4.666818 4.027000 4.433380
18.709851 1 9.997832 4.691017 4.029828 4.432964
18.839809 1 9.997802 4.715729 4.032670 4.432534
18.969768 1 9.997771 4.740974 4.035525 4.432088
19.099727 1 9.997739 4.766774 4.038394 4.431627
19.229687 1 9.997708 4.793155 4.041275 4.431149
19.359648 1 9.997675 4.820141 4.044170 4.430653
19.489609 1 9.997643 4.847758 4.047078 4.430140
19.619571 1 9.997609 4.876034 4.050000 4.429607
19.749534 1 9.997576 4.904999 4.052935 4.429055
19.879497 1 9.997541 4.934683 4.055883 4.428482
20.009462 1 9.997506 4.965120 4.058844 4.427887
20.139426 1 9.997471 4.996345 4.061819 4.427269
20.269392 1 9.997435 5.028393 4.064807 4.426628
20.399358 1 9.997399 5.061304 4.067808 4.425961
20.529325 1 9.997362 5.095119 4.070823 4.425269
20.659293 1 9.997324 5.129880 4.073850 4.424550
20.789262 1 9.997286 5.165633 4.076891 4.423802
20.919231 1 9.997248 5.202427 4.079946 4.423024
21.049202 1 9.997208 5.240314 4.083013 4.422215
21.179173 1 9.997169 5.279346 4.086094 4.421374
21.309145 1 9.997128 5.319581 4.089188 4.420499
21.439117 1 9.997087 5.361081 4.092296 4.419588
21.569091 1 9.997045 5.403909 4.095416 4.418641
21.699065 1 9.997003 5.448134 4.098550 4.417654
21.829041 1 9.996959 5.493828 4.101697 4.416627
21.959017 1 9.996916 5.541067 4.104858 4.415558
22.088994 1 9.996871 5.589934 4.108031 4.414445
22.218972 1 9.996826 5.640514 4.111218 4.413286
22.348951 1 9.996780 5.692900 4.114418 4.412078
22.478931 1 9.996733 5.747189 4.117632 4.410821
22.608912 1 9.996685 5.803485 4.120858 4.409511
22.708912 1 9.996661 5.832420 4.122477 4.408835
22.808912 1 9.996637 5.861899 4.124098 4.408146
22.908912 1 9.996612 5.891936 4.125723 4.407442
23.008912 1 9.996588 5.922547 4.127351 4.406724
23.108912 1 9.996563 5.953749 4.128983 4.405991
23.208912 1 9.996538 5.985556 4.130618 4.405243
23.308912 1 9.996512 6.017987 4.132256 4.404479
23.408912 1 9.996487 6.051059 4.133897 4.403699
23.508912 1 9.996461 6.084790 4.135542 4.402903
23.608912 1 9.996435 6.119198 4.137190 4.402091
23.708912 1 9.996408 6.154304 4.138841 4.401261
23.808912 1 9.996382 6.190126 4.140496 4.400415
23.908912 1 9.996355 6.226686 4.142154 4.399551
24.008912 1 9.996328 6.264005 4.143815 4.398668
24.108912 1 9.996301 6.302104 4.145480 4.397768
24.208912 1 9.996062 6.340918 4.147120 4.396845
24.308912 1 9.995820 6.380557 4.148763 4.395902
24.408912 1 9.995576 6.421046 4.150409 4.394940
24.508912 1 9.995330 6.462409 4.152058 4.393958
24.608912 1 9.995082 6.504673 4.153711 4.392956
24.708912 1 9.994832 6.547864 4.155366 4.391932
24.808912 1 9.994580 6.592011 4.157024 4.390888
24.908912 1 9.994326 6.637142 4.158686 4.389821
25.008912 1 9.994069 6.683288 4.160350 4.388733
25.108912 1 9.993810 6.730478 4.162018 4.387622
25.208912 1 9.993549 6.778747 4.163689 4.386488
25.308912 1 9.993286 6.828125 4.165362 4.385330
25.408912 1 9.993021 6.878650 4.167039 4.384149
25.508912 1 9.992753 6.930354 4.168719 4.382942
25.608912 1 9.992483 6.983277 4.170401 4.381711
25.708912 1 9.992210 7.037457 4.172087 4.380454
25.808912 1 9.991935 7.092933 4.173776 4.379172
25.908912 1 9.991658 7.149746 4.175468 4.377862
26.008912 1 9.991379 7.207941 4.177163 4.376526
26.108912 1 9.991096 7.267561 4.178861 4.375161
26.208912 1 9.990812 7.328652 4.180561 4.373769
26.308912 1 9.990525 7.391264 4.182265 4.372348
26.408912 1 9.990235 7.455445 4.183972 4.370897
26.508912 1 9.989943 7.521248 4.185682 4.369416
26.608912 1 9.989648 7.588728 4.187395 4.367905
26.708912 1 9.989351 7.657939 4.189111 4.366362
26.808912 1 9.989051 7.728941 4.190830 4.364788
26.908912 1 9.988749 7.801794 4.192552 4.363181
27.008912 1 9.988443 7.876562 4.194277 4.361541
27.108912 1 9.988135 7.953310 4.196005 4.359868
27.208912 1 9.987824 8.032107 4.197735 4.358160
27.308912 1 9.987668 8.072296 4.198602 4.357293
27.408912 1 9.987510 8.113024 4.199469 4.356416
27.508912 1 9.987352 8.154301 4.200337 4.355532
27.639090 1 9.986716 8.232257 4.212581 4.356526
27.739090 1 9.986611 8.188999 4.217158 4.358815
27.839090 1 9.986516 8.128057 4.221786 4.361594
27.939090 1 9.986431 8.054736 4.226313 4.364693
28.039090 1 9.986393 8.016329 4.228434 4.366261
28.139090 1 9.986357 7.976660 4.230500 4.367855
28.239090 1 9.986323 7.936166 4.232505 4.369462
28.339090 1 9.986291 7.895231 4.234445 4.371069
28.439090 1 9.986260 7.854195 4.236316 4.372669
28.539090 1 9.986231 7.813349 4.238116 4.374251
28.639090 1 9.986204 7.772942 4.239844 4.375809
28.739090 1 9.986178 7.733182 4.241500 4.377337
28.839090 1 9.986154 7.694242 4.243084 4.378829
28.939090 1 9.986131 7.656263 4.244597 4.380281
29.039090 1 9.986087 7.581185 4.247505 4.383148
29.139090 1 9.986048 7.511329 4.250126 4.385814
29.239090 1 9.986014 7.447006 4.252479 4.388269
29.339090 1 9.985983 7.388273 4.254583 4.390515
29.439090 1 9.985956 7.335008 4.256458 4.392555
29.539090 1 9.985932 7.286969 4.258126 4.394398
29.639090 1 9.985911 7.243843 4.259605 4.396057
29.739090 1 9.985893 7.205275 4.260915 4.397544
29.839090 1 9.985860 7.135919 4.263242 4.400226
29.939090 1 9.985857 7.082367 4.265019 4.402306
30.039090 1 9.985855 7.041342 4.266368 4.403905
30.139090 1 9.985852 6.978430 4.268419 4.406366
30.239090 2 9.985849 6.913886 4.270500 4.408905
30.339090 2 9.985849 6.979547 4.270386 4.406823
30.439090 2 9.985848 7.047408 4.270268 4.404693
30.539090 2 9.985848 7.115929 4.270151 4.402562
30.639090 2 9.985848 7.185116 4.270033 4.400432
30.739090 2 9.985848 7.254975 4.269916 4.398302
30.839090 2 9.985848 7.325514 4.269799 4.396171
30.939090 2 9.985846 7.396738 4.269681 4.394041
31.039090 2 9.985845 7.468654 4.269564 4.391910
31.139090 2 9.985844 7.541270 4.269446 4.389780
31.239090 2 9.985842 7.614592 4.269328 4.387649
31.339090 2 9.985841 7.688626 4.269211 4.385519
31.439090 2 9.985840 7.763381 4.269093 4.383388
31.539090 2 9.985839 7.838862 4.268976 4.381258
31.639090 2 9.985837 7.915077 4.268858 4.379128
31.739090 2 9.985836 7.992033 4.268741 4.376997
31.839090 2 9.985835 8.069738 4.268623 4.374867
31.939090 2 9.985833 8.148197 4.268506 4.372736
32.039090 2 9.985832 8.227420 4.268388 4.370606
32.139090 2 9.985831 8.307413 4.268270 4.368475
32.239090 2 9.985829 8.388183 4.268153 4.366345
32.339090 2 9.985828 8.469739 4.268035 4.364214
32.439090 2 9.985827 8.552088 4.267918 4.362084
32.539090 2 9.985825 8.635238 4.267800 4.359953
32.639090 2 9.985824 8.719196 4.267683 4.357823
32.739090 2 9.985823 8.803970 4.267565 4.355693
32.839090 2 9.985821 8.889569 4.267447 4.353562
32.939090 2 9.985820 8.975999 4.267330 4.351432
33.039090 2 9.985819 9.063270 4.267212 4.349301
33.139090 2 9.985817 9.151390 4.267095 4.347171
33.239090 2 9.985816 9.240366 4.266977 4.345040
33.339090 2 9.985815 9.330208 4.266860 4.342910
33.439090 2 9.985814 9.420922 4.266742 4.340779
33.539090 2 9.985812 9.512519 4.266625 4.338649
33.639090 2 9.985811 9.605007 4.266507 4.336518
33.739090 2 9.985810 9.698393 4.266389 4.334388
33.839090 2 9.985809 9.792688 4.266272 4.332258
33.939090 2 9.985807 9.887900 4.266154 4.330127
34.039090 2 9.985806 9.984037 4.266037 4.327997
34.139090 2 9.985805 10.081109 4.265919 4.325866
34.239090 2 9.985804 10.179124 4.265802 4.323736
34.339090 2 9.985802 10.278093 4.265684 4.321605
34.439090 2 9.985801 10.378024 4.265567 4.319475
34.539090 2 9.985800 10.478926 4.265449 4.317344
34.639090 2 9.985799 10.580810 4.265332 4.315214
34.739090 2 9.985798 10.683684 4.265214 4.313084
34.839090 2 9.985797 10.787558 4.265096 4.310953
34.939090 2 9.985795 10.892442 4.264979 4.308823
35.039090 2 9.985794 10.998346 4.264861 4.306692
35.139090 2 9.985793 11.105280 4.264744 4.304562
35.239090 2 9.985792 11.213253 4.264626 4.302431
35.339090 2 9.985791 11.322276 4.264509 4.300301
35.439090 2 9.985790 11.432360 4.264391 4.298170
35.539090 2 9.985788 11.543513 4.264274 4.296040
35.639090 2 9.985787 11.655747 4.264156 4.293910
35.739090 2 9.985786 11.769072 4.264039 4.291779
35.839090 2 9.985785 11.883500 4.263921 4.289649
35.939090 2 9.985784 11.999039 4.263804 4.287518
36.039090 2 9.985783 12.115702 4.263686 4.285388
36.139090 2 9.985782 12.233500 4.263568 4.283257
36.239090 2 9.985781 12.352442 4.263451 4.281127
36.339090 2 9.985780 12.472542 4.263333 4.278996
36.439090 2 9.985779 12.593808 4.263216 4.276866
36.539090 2 9.985778 12.716254 4.263098 4.274736
36.639090 2 9.985776 12.839890 4.262981 4.272605
36.739090 2 9.985775 12.964729 4.262863 4.270475
36.839090 2 9.985774 13.090781 4.262746 4.268344
36.939090 2 9.985773 13.218059 4.262628 4.266214
37.039090 2 9.985772 13.346574 4.262511 4.264083
37.139090 2 9.985771 13.476339 4.262393 4.261953
37.239090 2 9.985770 13.607365 4.262276 4.259822
37.339090 2 9.985769 13.739665 4.262158 4.257692
37.439090 2 9.985768 13.873252 4.262041 4.255562
37.539090 2 9.985767 14.008137 4.261923 4.253431
37.639090 2 9.985766 14.144334 4.261806 4.251301
37.739090 2 9.985765 14.281855 4.261688 4.249170
37.839090 2 9.985764 14.420713 4.261571 4.247040
37.939090 2 9.985763 14.560922 4.261453 4.244909
38.039090 2 9.985762 14.702493 4.261335 4.242779
38.139090 2 9.985761 14.845441 4.261218 4.240649
38.239090 2 9.985760 14.989779 4.261100 4.238518
38.339090 2 9.985759 15.135520 4.260983 4.236388
38.439090 2 9.985758 15.282678 4.260865 4.234257
38.539090 2 9.985757 15.431267 4.260748 4.232127
38.639090 2 9.985757 15.581300 4.260630 4.229996
38.739090 2 9.985756 15.732792 4.260513 4.227866
38.839090 2 9.985755 15.885757 4.260395 4.225735
38.939090 2 9.985754 16.040210 4.260278 4.223605
39.039090 2 9.985753 16.196164 4.260160 4.221475
39.139090 2 9.985752 16.353634 4.260043 4.219344
39.239090 2 9.985751 16.512636 4.259925 4.217214
39.339090 2 9.985750 16.673183 4.259808 4.215083
39.439090 2 9.985749 16.835291 4.259690 4.212953
39.539090 2 9.985748 16.998976 4.259573 4.210822
39.639090 2 9.985747 17.164251 4.259455 4.208692
39.739090 2 9.985747 17.331134 4.259338 4.206562
39.839090 2 9.985746 17.499639 4.259220 4.204431
39.939090 2 9.985745 17.669783 4.259103 4.202301
40.039090 2 9.985744 17.841581 4.258985 4.200170
40.139090 2 9.985743 18.015049 4.258868 4.198040
40.239090 2 9.985742 18.190204 4.258750 4.195909
40.339090 2 9.985741 18.367062 4.258633 4.193779
40.439090 2 9.985740 18.545639 4.258515 4.191648
40.539090 2 9.985740 18.725953 4.258398 4.189518
40.639090 2 9.985739 18.908019 4.258280 4.187388
40.739090 2 9.985738 19.091856 4.258163 4.185257
40.839090 2 9.985737 19.277480 4.258045 4.183127
40.939090 2 9.985736 19.464909 4.257928 4.180996
41.039090 2 9.985735 19.654161 4.257810 4.178866
41.139090 2 9.985735 19.845252 4.257693 4.176735
41.239090 2 9.985734 20.038201 4.257575 4.174605
41.339090 2 9.985733 20.233026 4.257458 4.172475
41.439090 2 9.985732 20.429746 4.257340 4.170344
41.539090 2 9.985731 20.628378 4.257223 4.168214
41.639090 2 9.985731 20.828941 4.257105 4.166083
41.739090 2 9.985730 21.031455 4.256988 4.163953
41.839090 2 9.985729 21.235937 4.256870 4.161822
41.939090 2 9.985728 21.442408 4.256753 4.159692
42.039090 2 9.985728 21.650885 4.256635 4.157562
42.139090 2 9.985727 21.861390 4.256518 4.155431
42.239090 2 9.985726 22.073942 4.256400 4.153301
42.339090 2 9.985725 22.288560 4.256283 4.151170
42.439090 2 9.985725 22.505265 4.256165 4.149040
42.539090 2 9.985724 22.724076 4.256048 4.146909
42.639090 2 9.985723 22.945016 4.255930 4.144779
42.739090 2 9.985722 23.168103 4.255813 4.142649
42.839090 2 9.985722 23.393359 4.255695 4.140518
42.939090 2 9.985721 23.620806 4.255578 4.138388
43.039090 2 9.985720 23.850463 4.255460 4.136257
43.139090 2 9.985719 24.082354 4.255343 4.134127
43.239090 2 9.985719 24.316499 4.255225 4.131996
43.339090 2 9.985718 24.552921 4.255108 4.129866
43.439090 2 9.985717 24.791641 4.254990 4.127736
43.539090 2 9.985716 25.032683 4.254873 4.125605
43.639090 2 9.985716 25.276068 4.254755 4.123475
43.739090 2 9.985715 25.521819 4.254638 4.121344
43.839090 2 9.985714 25.769960 4.254520 4.119214
43.939090 2 9.985714 26.020513 4.254403 4.117083
44.039090 2 9.985713 26.273503 4.254286 4.114953
44.139090 2 9.985712 26.528952 4.254168 4.112823
44.239090 2 9.985712 26.786885 4.254051 4.110692
44.339090 2 9.985711 27.047325 4.253933 4.108562
44.439090 2 9.985710 27.310298 4.253816 4.106431
44.539090 2 9.985710 27.575827 4.253698 4.104301
44.639090 2 9.985709 27.843939 4.253581 4.102170
44.739090 2 9.985708 28.114657 4.253463 4.100040
44.839090 2 9.985708 28.388007 4.253346 4.097910
44.939090 2 9.985707 28.664014 4.253228 4.095779
45.039090 2 9.985705 28.942701 4.253111 4.093649
45.139090 2 9.985703 29.224097 4.252993 4.091518
45.239090 2 9.985701 29.508228 4.252875 4.089388
45.339090 2 9.985699 29.795122 4.252758 4.087257
45.439090 2 9.985697 30.084806 4.252640 4.085127
45.539090 2 9.985695 30.377305 4.252522 4.082996
45.639090 2 9.985693 30.672649 4.252405 4.080866
45.739090 2 9.985691 30.970863 4.252287 4.078736
45.839090 2 9.985688 31.271977 4.252169 4.076605
45.939090 2 9.985686 31.576019 4.252052 4.074475
46.039090 2 9.985684 31.883016 4.251934 4.072344
46.139090 2 9.985682 32.192998 4.251816 4.070214
46.239090 2 9.985680 32.505994 4.251698 4.068083
46.339090 2 9.985677 32.822032 4.251581 4.065953
46.439090 2 9.985675 33.141143 4.251463 4.063823
46.539090 2 9.985673 33.463357 4.251345 4.061692
46.639090 2 9.985671 33.788703 4.251228 4.059562
46.739090 2 9.985668 34.117212 4.251110 4.057431
46.839090 2 9.985666 34.448915 4.250992 4.055301
46.939090 2 9.985664 34.783842 4.250875 4.053170
47.039090 2 9.985661 35.122026 4.250757 4.051040
47.139090 2 9.985659 35.463498 4.250639 4.048910
47.239090 2 9.985657 35.808289 4.250521 4.046779
47.339090 2 9.985654 36.156433 4.250404 4.044649
47.439090 2 9.985652 36.507961 4.250286 4.042518
47.539090 2 9.985649 36.862906 4.250168 4.040388
47.639090 2 9.985647 37.221303 4.250051 4.038257
47.739090 2 9.985644 37.583183 4.249933 4.036127
47.839090 2 9.985642 37.948582 4.249815 4.033997
47.939090 2 9.985639 38.317533 4.249697 4.031866
48.039090 2 9.985636 38.690071 4.249580 4.029736
48.139090 2 9.985634 39.066231 4.249462 4.027605
48.239090 2 9.985631 39.446047 4.249344 4.025475
48.339090 2 9.985628 39.829556 4.249226 4.023344
48.439090 2 9.985626 40.216794 4.249109 4.021214
48.539090 2 9.985623 40.607796 4.248991 4.019084
48.639090 2 9.985620 41.002600 4.248873 4.016953
48.739090 2 9.985618 41.401241 4.248755 4.014823
48.839090 2 9.985615 41.803758 4.248638 4.012692
48.939090 2 9.985612 42.210189 4.248520 4.010562
49.039090 2 9.985609 42.620570 4.248402 4.008431
49.139090 2 9.985606 43.034941 4.248284 4.006301
49.239090 2 9.985603 43.453341 4.248166 4.004171
49.339090 2 9.985600 43.875808 4.248049 4.002040
49.439090 2 9.985597 44.302382 4.247931 3.999910
49.539090 2 9.985594 44.733103 4.247813 3.997779
49.639090 2 9.985591 45.168012 4.247695 3.995649
49.739090 2 9.985588 45.607148 4.247577 3.993518
49.839090 2 9.985585 46.050554 4.247460 3.991388
49.939090 2 9.985582 46.498270 4.247342 3.989258
50.039090 2 9.985579 46.950339 4.247224 3.987127
50.139090 2 9.985576 47.406802 4.247106 3.984997
50.239090 2 9.985573 47.867703 4.246988 3.982866
50.339090 2 9.985569 48.333085 4.246871 3.980736
50.439090 2 9.985566 48.802991 4.246753 3.978606
50.539090 2 9.985563 49.277465 4.246635 3.976475
50.639090 2 9.985559 49.756552 4.246517 3.974345
50.739090 2 9.985556 50.240296 4.246399 3.972214
50.839090 2 9.985553 50.728743 4.246281 3.970084
50.939090 2 9.985549 51.221938 4.246163 3.967953
51.039090 2 9.985546 51.719928 4.246046 3.965823
51.139090 2 9.985542 52.222759 4.245928 3.963693
51.239090 2 9.985539 52.730478 4.245810 3.961562
51.339090 2 9.985535 53.243133 4.245692 3.959432
51.439090 2 9.985532 53.760772 4.245574 3.957301
51.539090 2 9.985528 54.283443 4.245456 3.955171
51.639090 2 9.985524 54.811195 4.245338 3.953041
51.739090 2 9.985521 55.344077 4.245220 3.950910
51.839090 2 9.985517 55.882140 4.245103 3.948780
51.939090 2 9.985513 56.425433 4.244985 3.946649
52.039090 2 9.985509 56.974008 4.244867 3.944519
52.139090 2 9.985506 57.527916 4.244749 3.942388
52.239090 2 9.985502 58.087208 4.244631 3.940258
52.339090 2 9.985498 58.651937 4.244513 3.938128
52.439090 2 9.985494 59.222157 4.244395 3.935997
52.539090 2 9.985490 59.797919 4.244277 3.933867
52.639090 2 9.985486 60.379278 4.244159 3.931736
52.739090 2 9.985482 60.966289 4.244041 3.929606
52.839090 2 9.985478 61.559007 4.243923 3.927476
52.939090 2 9.985474 62.157486 4.243805 3.925345
53.039090 2 9.985470 62.761783 4.243687 3.923215
53.139090 2 9.985465 63.371954 4.243569 3.921084
53.239090 2 9.985461 63.988057 4.243451 3.918954
53.339090 2 9.985457 64.610150 4.243333 3.916824
53.439090 2 9.985453 65.238289 4.243215 3.914693
53.539090 2 9.985448 65.872535 4.243097 3.912563
53.639090 2 9.985444 66.512946 4.242979 3.910432
53.739090 2 9.985439 67.159582 4.242861 3.908302
53.839090 2 9.985435 67.812505 4.242743 3.906172
53.939090 2 9.985430 68.471774 4.242625 3.904041
54.039090 2 9.985426 69.137452 4.242507 3.901911
54.139090 2 9.985421 69.809601 4.242389 3.899780
54.239090 2 9.985416 70.488284 4.242271 3.897650
54.339090 2 9.985412 71.173564 4.242153 3.895520
54.439090 2 9.985407 71.865506 4.242035 3.893389
54.539090 2 9.985402 72.564174 4.241917 3.891259
54.639090 2 9.985397 73.269633 4.241799 3.889128
54.739090 2 9.985392 73.981950 4.241681 3.886998
54.839090 2 9.985388 74.701191 4.241563 3.884868
54.939090 2 9.985383 75.427424 4.241445 3.882737
55.039090 2 9.985378 76.160716 4.241327 3.880607
55.139090 2 9.985372 76.901136 4.241209 3.878476
55.239090 2 9.985367 77.648754 4.241091 3.876346
55.339090 2 9.985362 78.403639 4.240973 3.874216
55.439090 2 9.985357 79.165861 4.240854 3.872085
55.539090 2 9.985352 79.935493 4.240736 3.869955
55.639090 2 9.985346 80.712606 4.240618 3.867824
55.739090 2 9.985341 81.497273 4.240500 3.865694
55.839090 2 9.985336 82.289567 4.240382 3.863564
55.939090 2 9.985330 83.089563 4.240264 3.861433
56.039090 2 9.985325 83.897335 4.240146 3.859303
56.139090 2 9.985319 84.712959 4.240028 3.857173
56.239090 2 9.985313 85.536511 4.239909 3.855042
56.339090 2 9.985308 86.368068 4.239791 3.852912
56.439090 2 9.985302 87.207708 4.239673 3.850781
56.539090 2 9.985296 88.055509 4.239555 3.848651
56.639090 2 9.985290 88.911552 4.239437 3.846521
56.739090 2 9.985284 89.775915 4.239318 3.844390
56.839090 2 9.985278 90.648680 4.239200 3.842260
56.939090 2 9.985272 91.529928 4.239082 3.840129
57.039090 2 9.985266 92.419742 4.238964 3.837999
57.139090 2 9.985260 93.318205 4.238846 3.835869
57.239090 2 9.985254 94.225402 4.238727 3.833738
57.339090 2 9.985248 95.141416 4.238609 3.831608
57.439090 2 9.985242 96.066334 4.238491 3.829478
57.539090 2 9.985235 97.000242 4.238372 3.827347
57.639090 2 9.985229 97.943227 4.238254 3.825217
57.739090 2 9.985222 98.895378 4.238136 3.823087
57.839090 2 9.985216 99.856784 4.238018 3.820956
57.939090 2 9.985209 100.827535 4.237899 3.818826
58.039090 2 9.985203 101.807721 4.237781 3.816695
58.139090 2 9.985196 102.797434 4.237663 3.814565
58.239090 2 9.985189 103.796767 4.237544 3.812435
58.339090 2 9.985182 104.805813 4.237426 3.810304
58.439090 2 9.985175 105.824667 4.237308 3.808174
58.539090 2 9.985168 106.853423 4.237189 3.806044
58.639090 2 9.985161 107.892179 4.237071 3.803913
58.739090 2 9.985154 108.941030 4.236953 3.801783
58.839090 2 9.985147 110.000076 4.236834 3.799653
58.939090 2 9.985140 111.069416 4.236716 3.797522
59.039090 2 9.985132 112.149149 4.236597 3.795392
59.139090 2 9.985125 113.239376 4.236479 3.793262
59.239090 2 9.985117 114.340199 4.236361 3.791131
59.339090 2 9.985110 115.451721 4.236242 3.789001
59.439090 2 9.985102 116.574047 4.236124 3.786871
59.539090 2 9.985095 117.707281 4.236005 3.784740
59.639090 2 9.985087 118.851529 4.235887 3.782610
59.739090 2 9.985079 120.006898 4.235768 3.780480
59.839090 2 9.985071 121.173496 4.235650 3.778349
59.939090 2 9.985063 122.351432 4.235531 3.776219
60.039090 2 9.985055 123.540817 4.235413 3.774089
60.139090 2 9.985047 124.741761 4.235294 3.771958
60.239090 2 9.985039 125.954378 4.235176 3.769828
60.339090 2 9.985031 127.178779 4.235057 3.767698
60.439090 2 9.985022 128.415080 4.234939 3.765567
60.539090 2 9.985014 129.663397 4.234820 3.763437
60.639090 2 9.985005 130.923846 4.234701 3.761307
60.739090 2 9.984997 132.196544 4.234583 3.759176
60.839090 2 9.984988 133.481612 4.234464 3.757046
60.939090 2 9.984979 134.779168 4.234346 3.754916
61.039090 2 9.984971 136.089335 4.234227 3.752785
61.139090 2 9.984962 137.412235 4.234108 3.750655
61.239090 2 9.984953 138.747991 4.233990 3.748525
61.339090 2 9.984944 140.096729 4.233871 3.746394
61.439090 2 9.984934 141.458575 4.233752 3.744264
61.539090 2 9.984925 142.833655 4.233634 3.742134
61.639090 2 9.984916 144.222098 4.233515 3.740003
61.739090 2 9.984906 145.624035 4.233396 3.737873
61.839090 2 9.984897 147.039596 4.233278 3.735743
61.939090 2 9.984887 148.468914 4.233159 3.733613
62.039090 2 9.984877 149.912122 4.233040 3.731482
62.139090 2 9.984868 151.369355 4.232921 3.729352
62.239090 2 9.984858 152.840749 4.232803 3.727222
62.339090 2 9.984848 154.326442 4.232684 3.725091
62.439090 2 9.984838 155.826573 4.232565 3.722961
62.539090 2 9.984828 157.341282 4.232446 3.720831
62.639090 2 9.984817 158.870710 4.232327 3.718700
62.739090 2 9.984807 160.415001 4.232208 3.716570
62.839090 2 9.984796 161.974299 4.232090 3.714440
62.939090 2 9.984786 163.548749 4.231971 3.712310
63.039090 2 9.984775 165.138499 4.231852 3.710179
63.139090 2 9.984764 166.743698 4.231733 3.708049
63.239090 2 9.984754 168.364494 4.231614 3.705919
63.339090 2 9.984743 170.001041 4.231495 3.703789
63.439090 2 9.984732 171.653490 4.231376 3.701658
63.539090 2 9.984720 173.321997 4.231257 3.699528
63.639090 2 9.984709 175.006716 4.231138 3.697398
63.739090 2 9.984698 176.707807 4.231019 3.695268
63.839090 2 9.984686 178.425426 4.230900 3.693137
63.939090 2 9.984675 180.159736 4.230781 3.691007
64.039090 2 9.984663 181.910898 4.230662 3.688877
64.139090 2 9.984651 183.679076 4.230543 3.686747
64.239090 2 9.984639 185.464434 4.230424 3.684616
64.339090 2 9.984627 187.267141 4.230305 3.682486
64.439090 2 9.984615 189.087363 4.230186 3.680356
64.539090 2 9.984603 190.925272 4.230067 3.678226
64.639090 2 9.984590 192.781039 4.229948 3.676095
64.739090 2 9.984578 194.654837 4.229829 3.673965
64.839090 2 9.984565 196.546842 4.229709 3.671835
64.939090 2 9.984552 198.457230 4.229590 3.669705
65.039090 2 9.984539 200.386180 4.229471 3.667574
65.139090 2 9.984526 202.333872 4.229352 3.665444
65.239090 2 9.984513 204.300488 4.229233 3.663314
65.339090 2 9.984500 206.286211 4.229113 3.661184
65.439090 2 9.984487 208.291228 4.228994 3.659054
65.539090 2 9.984473 210.315724 4.228875 3.656923
65.639090 2 9.984460 212.359891 4.228755 3.654793
65.739090 2 9.984446 214.423918 4.228636 3.652663
65.839090 2 9.984432 216.507998 4.228517 3.650533
65.939090 2 9.984418 218.612326 4.228397 3.648403
66.039090 2 9.984404 220.737099 4.228278 3.646272
66.139090 2 9.984390 222.882514 4.228159 3.644142
66.239090 2 9.984375 225.048773 4.228039 3.642012
66.339090 2 9.984361 227.236077 4.227920 3.639882
66.439090 2 9.984346 229.444632 4.227800 3.637752
66.539090 2 9.984331 231.674643 4.227681 3.635622
66.639090 2 9.984316 233.926318 4.227561 3.633491
66.739090 2 9.984301 236.199867 4.227442 3.631361
66.839090 2 9.984286 238.495504 4.227322 3.629231
66.939090 2 9.984270 240.813442 4.227203 3.627101
67.039090 2 9.984255 243.153899 4.227083 3.624971
67.139090 2 9.984239 245.517091 4.226963 3.622841
67.239090 2 9.984223 247.903241 4.226844 3.620710
67.339090 2 9.984207 250.312570 4.226724 3.618580
67.439090 2 9.984191 252.745304 4.226605 3.616450
67.539090 2 9.984175 255.201670 4.226485 3.614320
67.639090 2 9.984159 257.681898 4.226365 3.612190
67.739090 2 9.984142 260.186218 4.226245 3.610060
67.839090 2 9.984125 262.714864 4.226126 3.607930
67.939090 2 9.984108 265.268074 4.226006 3.605800
68.039090 2 9.984091 267.846084 4.225886 3.603669
68.139090 2 9.984074 270.449136 4.225766 3.601539
68.239090 2 9.984057 273.077473 4.225646 3.599409
68.339090 2 9.984039 275.731340 4.225527 3.597279
68.439090 2 9.984021 278.410984 4.225407 3.595149
68.539090 2 9.984004 281.116656 4.225287 3.593019
68.639090 2 9.983986 283.848609 4.225167 3.590889
68.739090 2 9.983967 286.607097 4.225047 3.588759
68.839090 2 9.983949 289.392377 4.224927 3.586629
68.939090 2 9.983930 292.204710 4.224807 3.584499
69.039090 2 9.983912 295.044358 4.224687 3.582369
69.139090 2 9.983893 297.911587 4.224567 3.580239
69.239090 2 9.983874 300.806663 4.224447 3.578108
69.339090 2 9.983854 303.729856 4.224326 3.575978
69.439090 2 9.983835 306.681441 4.224206 3.573848
69.539090 2 9.983815 309.661691 4.224086 3.571718
69.639090 2 9.983795 312.670885 4.223966 3.569588
69.739090 2 9.983775 315.709304 4.223846 3.567458
69.839090 2 9.983755 318.777231 4.223725 3.565328
69.939090 2 9.983735 321.874952 4.223605 3.563198
70.039090 2 9.983719 324.236091 4.223514 3.561588
70.139090 2 9.983707 326.018297 4.223446 3.560381
70.239090 2 9.983690 328.709980 4.223344 3.558570
70.339090 3 9.983672 331.423872 4.223241 3.556759
70.439090 3 9.983665 333.150883 4.225962 3.556311
70.539090 3 9.983659 334.887389 4.228684 3.555862
70.639090 3 9.983651 337.066060 4.232077 3.555302
70.739090 3 9.983644 338.824102 4.234798 3.554853
70.839090 3 9.983638 340.591816 4.237519 3.554403
70.939090 3 9.983631 342.369258 4.240240 3.553953
71.039090 3 9.983624 344.156483 4.242961 3.553503
71.139090 3 9.983618 345.953549 4.245682 3.553052
71.239090 3 9.983611 347.760509 4.248404 3.552601
71.339090 3 9.983604 349.577422 4.251125 3.552150
71.439090 3 9.983597 351.404344 4.253846 3.551698
71.539090 3 9.983590 353.241332 4.256567 3.551247
71.639090 3 9.983583 355.088444 4.259288 3.550794
71.739090 3 9.983576 356.945737 4.262009 3.550342
71.839090 3 9.983569 358.813270 4.264730 3.549889
71.939090 3 9.983562 360.691101 4.267452 3.549436
72.039090 3 9.983555 362.579289 4.270173 3.548982
72.139090 3 9.983548 364.477893 4.272894 3.548528
72.239090 3 9.983540 366.386972 4.275615 3.548074
72.339090 3 9.983533 368.306588 4.278336 3.547620
72.439090 3 9.983526 370.236799 4.281057 3.547165
72.539090 3 9.983518 372.177667 4.283778 3.546710
72.639090 3 9.983511 374.129252 4.286500 3.546255
72.739090 3 9.983503 376.091616 4.289221 3.545799
72.839090 3 9.983496 378.064820 4.291942 3.545343
72.939090 3 9.983488 380.048927 4.294663 3.544887
73.039090 3 9.983481 382.043998 4.297384 3.544430
73.139090 3 9.983473 384.050097 4.300105 3.543973
73.239090 3 9.983465 386.067287 4.302827 3.543516
73.339090 3 9.983458 388.095631 4.305548 3.543058
73.439090 3 9.983450 390.135192 4.308269 3.542600
73.539090 3 9.983442 392.186036 4.310990 3.542142
73.639090 3 9.983434 394.248227 4.313711 3.541683
73.739090 3 9.983426 396.321830 4.316432 3.541225
73.839090 3 9.983418 398.406910 4.319153 3.540765
73.939090 3 9.983410 400.503533 4.321875 3.540306
74.039090 3 9.983402 402.611765 4.324596 3.539846
74.139090 3 9.983394 404.731673 4.327317 3.539386
74.239090 3 9.983385 406.863323 4.330038 3.538926
74.339090 3 9.983377 409.006783 4.332759 3.538465
74.439090 3 9.983369 411.162120 4.335480 3.538004
74.539090 3 9.983360 413.329404 4.338201 3.537543
74.639090 3 9.983352 415.508701 4.340923 3.537081
74.739090 3 9.983343 417.700081 4.343644 3.536619
74.839090 3 9.983335 419.903614 4.346365 3.536157
74.939090 3 9.983326 422.119369 4.349086 3.535694
75.039090 3 9.983317 424.347416 4.351807 3.535232
75.139090 3 9.983309 426.587826 4.354528 3.534768
75.239090 3 9.983300 428.840669 4.357250 3.534305
75.339090 3 9.983291 431.106017 4.359971 3.533841
75.439090 3 9.983282 433.383942 4.362692 3.533377
75.539090 3 9.983273 435.674516 4.365413 3.532913
75.639090 3 9.983264 437.977812 4.368134 3.532448
75.739090 3 9.983255 440.293902 4.370855 3.531983
75.839090 3 9.983246 442.622860 4.373576 3.531518
75.939090 3 9.983237 444.964760 4.376298 3.531052
76.039090 3 9.983227 447.319676 4.379019 3.530586
76.139090 3 9.983218 449.687684 4.381740 3.530120
76.239090 3 9.983209 452.068858 4.384461 3.529654
76.339090 3 9.983199 454.463274 4.387182 3.529187
76.439090 3 9.983190 456.871008 4.389903 3.528720
76.539090 3 9.983180 459.292136 4.392624 3.528252
76.639090 3 9.983170 461.726736 4.395346 3.527784
76.739090 4 9.983156 465.490553 4.399523 3.527066
76.839090 4 9.983146 465.486729 4.399518 3.527067
76.939090 4 9.983136 465.482927 4.399514 3.527067
77.039090 4 9.983126 465.479148 4.399510 3.527068
77.139090 4 9.983112 465.473862 4.399503 3.527069
77.239090 4 9.976833 463.735946 4.397427 3.527362
77.339090 4 9.970604 463.020502 4.396482 3.527461
77.439090 4 9.964395 462.922288 4.396223 3.527442
77.539090 4 9.961290 462.979291 4.396212 3.527413
77.639090 4 9.960902 461.239198 4.401257 3.529492
77.739090 4 9.960706 458.903054 4.403307 3.531107
77.839090 4 9.960511 456.581750 4.404718 3.532561
77.939090 4 9.960316 454.275174 4.405844 3.533942
78.039090 4 9.960121 451.983215 4.406801 3.535280
78.139090 4 9.959927 449.705767 4.407643 3.536587
78.239090 4 9.959733 447.442724 4.408402 3.537872
78.339090 4 9.959540 445.193982 4.409095 3.539140
78.439090 4 9.959348 442.959437 4.409736 3.540393
78.539090 4 9.958965 438.532541 4.410898 3.542864
78.639090 4 9.958584 434.161214 4.411936 3.545299
78.739090 4 9.958207 429.844659 4.412880 3.547705
78.839090 4 9.957832 425.582093 4.413750 3.550086
78.939090 4 9.957460 421.372746 4.414560 3.552447
79.039090 4 9.957092 417.215859 4.415319 3.554790
79.139090 4 9.956726 413.110687 4.416036 3.557116
79.239090 4 9.956363 409.056497 4.416716 3.559428
79.339090 4 9.956003 405.052564 4.417363 3.561726
79.439090 4 9.955647 401.098180 4.417982 3.564011
79.539090 4 9.955293 397.192644 4.418576 3.566284
79.639090 4 9.954942 393.335267 4.419147 3.568546
79.739090 4 9.954594 389.525372 4.419698 3.570797
79.839090 4 9.954249 385.762291 4.420229 3.573038
79.939090 4 9.953907 382.045368 4.420744 3.575269
80.039090 4 9.953568 378.373956 4.421243 3.577491
80.139090 4 9.953231 374.747419 4.421727 3.579703
80.239090 4 9.952898 371.165129 4.422198 3.581907
80.339090 4 9.952567 367.626470 4.422657 3.584101
80.439090 4 9.952239 364.130835 4.423104 3.586288
80.539090 4 9.951914 360.677625 4.423540 3.588466
80.639090 4 9.951592 357.266252 4.423966 3.590636
80.739090 4 9.951272 353.896137 4.424382 3.592798
80.839090 4 9.950955 350.566707 4.424789 3.594953
80.939090 4 9.950641 347.277402 4.425188 3.597099
81.039090 4 9.950329 344.027668 4.425579 3.599239
81.139090 4 9.950021 340.816961 4.425962 3.601370
81.239090 4 9.949714 337.644743 4.426337 3.603495
81.339090 4 9.949410 334.510486 4.426706 3.605612
81.439090 4 9.949109 331.413671 4.427069 3.607722
81.539090 4 9.948810 328.353784 4.427425 3.609826
81.639090 4 9.948514 325.330321 4.427775 3.611922
81.739090 4 9.948220 322.342785 4.428119 3.614011
81.839090 4 9.947929 319.390687 4.428458 3.616094
81.939090 4 9.947640 316.473546 4.428791 3.618170
82.039090 4 9.947354 313.590885 4.429120 3.620239
82.139090 4 9.947070 310.742238 4.429443 3.622301
82.239090 4 9.946788 307.927145 4.429762 3.624357
82.339090 4 9.946509 305.145152 4.430077 3.626407
82.439090 4 9.946232 302.395811 4.430387 3.628449
82.539090 4 9.945957 299.678684 4.430693 3.630486
82.639090 4 9.945685 296.993337 4.430995 3.632516
82.739090 4 9.945414 294.339344 4.431293 3.634540
82.839090 4 9.945146 291.716282 4.431588 3.636557
82.939090 4 9.944881 289.123739 4.431878 3.638568
83.039090 4 9.944617 286.561307 4.432166 3.640573
83.139090 4 9.944356 284.028583 4.432449 3.642572
83.239090 4 9.944096 281.525171 4.432730 3.644564
83.339090 4 9.943839 279.050683 4.433007 3.646551
83.439090 4 9.943584 276.604732 4.433282 3.648531
83.539090 4 9.943331 274.186941 4.433553 3.650505
83.639090 4 9.943080 271.796937 4.433821 3.652474
83.739090 4 9.942831 269.434351 4.434087 3.654436
83.839090 4 9.942584 267.098824 4.434349 3.656392
83.939090 4 9.942339 264.789996 4.434609 3.658342
84.039090 4 9.942096 262.507518 4.434867 3.660286
84.139090 4 9.941855 260.251042 4.435122 3.662225
84.239090 4 9.941616 258.020228 4.435374 3.664157
84.339090 4 9.941379 255.814740 4.435624 3.666084
84.439090 4 9.941143 253.634246 4.435871 3.668004
84.539090 4 9.940910 251.478419 4.436117 3.669919
84.639090 4 9.940678 249.346938 4.436360 3.671828
84.739090 4 9.940448 247.239487 4.436601 3.673732
84.839090 4 9.940220 245.155752 4.436839 3.675629
84.939090 4 9.939994 243.095426 4.437076 3.677521
85.039090 4 9.939770 241.058206 4.437311 3.679407
85.139090 4 9.939547 239.043792 4.437543 3.681288
85.239090 4 9.939326 237.051890 4.437774 3.683162
85.339090 4 9.939107 235.082210 4.438003 3.685031
85.439090 4 9.938890 233.134466 4.438230 3.686895
85.539090 4 9.938674 231.208375 4.438455 3.688752
85.639090 4 9.938460 229.303659 4.438678 3.690605
85.739090 4 9.938247 227.420045 4.438900 3.692451
85.839090 4 9.938036 225.557263 4.439119 3.694292
85.939090 4 9.937827 223.715046 4.439338 3.696127
86.039090 4 9.937619 221.893132 4.439554 3.697957
86.139090 4 9.937413 220.091262 4.439769 3.699781
86.239090 4 9.937209 218.309182 4.439982 3.701600
86.339090 4 9.937006 216.546640 4.440194 3.703413
86.439090 4 9.936804 214.803388 4.440404 3.705221
86.539090 4 9.936604 213.079183 4.440613 3.707023
86.639090 4 9.936406 211.373784 4.440821 3.708820
86.739090 4 9.936209 209.686953 4.441026 3.710611
86.839090 4 9.936014 208.018456 4.441231 3.712397
86.939090 4 9.935820 206.368064 4.441434 3.714178
87.039090 4 9.935627 204.735548 4.441636 3.715953
87.139090 4 9.935436 203.120684 4.441836 3.717723
87.239090 4 9.935246 201.523252 4.442035 3.719487
87.339090 4 9.935058 199.943033 4.442233 3.721246
87.439090 4 9.934871 198.379813 4.442429 3.722999
87.539090 4 9.934686 196.833381 4.442625 3.724747
87.639090 4 9.934502 195.303526 4.442819 3.726490
87.739090 4 9.934319 193.790043 4.443012 3.728228
87.839090 4 9.934137 192.292730 4.443203 3.729960
87.939090 4 9.933957 190.811386 4.443394 3.731687
88.039090 4 9.933778 189.345813 4.443583 3.733408
88.139090 4 9.933601 187.895818 4.443771 3.735125
88.239090 4 9.933425 186.461207 4.443958 3.736836
88.339090 4 9.933250 185.041792 4.444144 3.738542
88.439090 4 9.933076 183.637386 4.444329 3.740242
88.539090 4 9.932903 182.247806 4.444513 3.741938
88.639090 4 9.932732 180.872868 4.444696 3.743628
88.739090 4 9.932562 179.512396 4.444878 3.745313
88.839090 4 9.932393 178.166211 4.445059 3.746993
88.939090 4 9.932226 176.834140 4.445239 3.748667
89.039090 4 9.932059 175.516011 4.445417 3.750337
89.139090 4 9.931894 174.211655 4.445595 3.752001
89.239090 4 9.931730 172.920904 4.445772 3.753660
89.339090 4 9.931567 171.643595 4.445948 3.755314
89.439090 4 9.931405 170.379563 4.446123 3.756963
89.539090 4 9.931244 169.128650 4.446297 3.758606
89.639090 4 9.931084 167.890697 4.446470 3.760245
89.739090 4 9.930926 166.665548 4.446643 3.761878
89.839090 4 9.930768 165.453049 4.446814 3.763507
89.939090 4 9.930612 164.253049 4.446985 3.765130
90.039090 4 9.930457 163.065397 4.447154 3.766748
90.139090 4 9.930303 161.889947 4.447323 3.768361
90.239090 4 9.930149 160.726552 4.447491 3.769970
90.339090 4 9.929997 159.575069 4.447659 3.771573
90.439090 4 9.929846 158.435356 4.447825 3.773171
90.539090 4 9.929696 157.307274 4.447991 3.774764
90.639090 4 9.929547 156.190683 4.448155 3.776352
90.739090 4 9.929399 155.085449 4.448319 3.777935
90.839090 4 9.929252 153.991437 4.448483 3.779513
90.939090 4 9.929106 152.908514 4.448645 3.781086
91.039090 4 9.928961 151.836549 4.448807 3.782654
91.139090 4 9.928816 150.775415 4.448968 3.784217
91.239090 4 9.928673 149.724983 4.449128 3.785775
91.339090 4 9.928531 148.685128 4.449288 3.787329
91.439090 4 9.928390 147.655726 4.449446 3.788877
91.539090 4 9.928249 146.636655 4.449605 3.790420
91.639090 4 9.928110 145.627794 4.449762 3.791959
91.739090 4 9.927971 144.629024 4.449919 3.793493
91.839090 4 9.927833 143.640229 4.450075 3.795021
91.939090 4 9.927697 142.661291 4.450230 3.796545
92.039090 4 9.927561 141.692096 4.450385 3.798064
92.139090 4 9.927426 140.732533 4.450539 3.799578
92.239090 4 9.927291 139.782489 4.450692 3.801087
92.339090 4 9.927158 138.841854 4.450845 3.802592
92.439090 4 9.927026 137.910520 4.450997 3.804091
92.539090 4 9.926894 136.988380 4.451149 3.805586
92.639090 4 9.926763 136.075329 4.451299 3.807076
92.739090 4 9.926633 135.171262 4.451450 3.808561
92.839090 4 9.926504 134.276075 4.451599 3.810041
92.939090 4 9.926376 133.389669 4.451748 3.811517
93.039090 4 9.926248 132.511942 4.451897 3.812987
93.139090 4 9.926121 131.642796 4.452045 3.814453
93.239090 4 9.925995 130.782132 4.452192 3.815914
93.339090 4 9.925870 129.929855 4.452339 3.817371
93.439090 4 9.925746 129.085869 4.452485 3.818822
93.539090 4 9.925622 128.250081 4.452630 3.820269
93.639090 4 9.925499 127.422397 4.452775 3.821711
93.739090 4 9.925377 126.602727 4.452920 3.823149
93.839090 4 9.925256 125.790980 4.453063 3.824582
93.939090 4 9.925135 124.987066 4.453207 3.826010
94.039090 4 9.925015 124.190899 4.453349 3.827433
94.139090 4 9.924896 123.402390 4.453492 3.828852
94.239090 4 9.924777 122.621455 4.453633 3.830266
94.339090 4 9.924660 121.848008 4.453775 3.831675
94.439090 4 9.924543 121.081966 4.453915 3.833080
94.539090 4 9.924426 120.323247 4.454055 3.834480
94.639090 4 9.924311 119.571768 4.454195 3.835875
94.739090 4 9.924196 118.827450 4.454334 3.837266
94.839090 4 9.924081 118.090213 4.454473 3.838652
94.939090 4 9.923968 117.359979 4.454611 3.840033
95.039090 4 9.923855 116.636670 4.454749 3.841410
95.139090 4 9.923742 115.920210 4.454886 3.842782
95.239090 4 9.923631 115.210523 4.455023 3.844150
95.339090 4 9.923520 114.507536 4.455159 3.845513
95.439090 4 9.923409 113.811173 4.455295 3.846872
95.539090 4 9.923299 113.121364 4.455430 3.848226
95.639090 4 9.923190 112.438035 4.455565 3.849575
95.739090 4 9.923082 111.761116 4.455699 3.850920
95.839090 4 9.922974 111.090538 4.455833 3.852260
95.939090 4 9.922867 110.426230 4.455967 3.853596
96.039090 4 9.922760 109.768125 4.456100 3.854927
96.139090 4 9.922654 109.116156 4.456232 3.856254
96.239090 4 9.922548 108.470256 4.456364 3.857576
96.339090 4 9.922444 107.830359 4.456496 3.858894
96.439090 4 9.922339 107.196401 4.456627 3.860207
96.539090 4 9.922236 106.568317 4.456758 3.861516
96.639090 4 9.922132 105.946044 4.456889 3.862820
96.739090 4 9.922030 105.329520 4.457019 3.864120
96.839090 4 9.921928 104.718682 4.457148 3.865416
96.939090 4 9.921826 104.113470 4.457278 3.866706
97.039090 4 9.921726 103.513824 4.457406 3.867993
97.139090 4 9.921625 102.919685 4.457535 3.869275
97.239090 4 9.921525 102.330992 4.457663 3.870553
97.339090 4 9.921426 101.747690 4.457790 3.871826
97.439090 4 9.921328 101.169719 4.457917 3.873095
97.539090 4 9.921229 100.597024 4.458044 3.874359
97.639090 4 9.921132 100.029549 4.458171 3.875619
97.739090 4 9.921035 99.467238 4.458297 3.876875
97.839090 4 9.920938 98.910037 4.458422 3.878126
97.939090 4 9.920842 98.357892 4.458548 3.879373
98.039090 4 9.920746 97.810749 4.458672 3.880615
98.139090 4 9.920651 97.268557 4.458797 3.881854
98.239090 4 9.920557 96.731263 4.458921 3.883087
98.339090 4 9.920463 96.198816 4.459045 3.884317
98.439090 4 9.920369 95.671166 4.459168 3.885542
98.539090 4 9.920276 95.148261 4.459291 3.886763
98.639090 4 9.920183 94.630053 4.459414 3.887980
98.739090 4 9.920091 94.116493 4.459536 3.889192
98.839090 4 9.919999 93.607532 4.459658 3.890400
98.939090 4 9.919908 93.103123 4.459780 3.891603
99.039090 4 9.919817 92.603218 4.459901 3.892803
99.139090 4 9.919727 92.107772 4.460022 3.893998
99.239090 4 9.919637 91.616737 4.460143 3.895189
99.339090 4 9.919548 91.130069 4.460263 3.896375
99.439090 4 9.919459 90.647722 4.460383 3.897558
99.539090 4 9.919371 90.169653 4.460502 3.898736
99.639090 4 9.919282 89.695817 4.460622 3.899910
99.739090 4 9.919195 89.226171 4.460741 3.901080
99.839090 4 9.919108 88.760672 4.460859 3.902245
99.939090 4 9.919021 88.299278 4.460977 3.903406
100.039090 4 9.918935 87.841947 4.461095 3.904563
100.139090 4 9.918849 87.388637 4.461213 3.905716
100.239090 4 9.918763 86.939308 4.461330 3.906865
100.339090 4 9.918678 86.493920 4.461447 3.908010
100.439090 4 9.918594 86.052432 4.461564 3.909150
100.539090 4 9.918509 85.614806 4.461680 3.910286
100.639090 4 9.918426 85.181001 4.461796 3.911418
100.739090 4 9.918342 84.750980 4.461912 3.912546
100.839090 4 9.918259 84.324705 4.462027 3.913670
100.939090 4 9.918094 83.483242 4.462257 3.915905
101.039090 4 9.917930 82.656316 4.462486 3.918124
101.139090 4 9.917768 81.843639 4.462714 3.920327
101.239090 4 9.917607 81.044927 4.462940 3.922513
101.339090 4 9.917448 80.259906 4.463165 3.924683
101.439090 4 9.917290 79.488306 4.463389 3.926836
101.539090 4 9.917134 78.729865 4.463613 3.928974
101.639090 4 9.916979 77.984325 4.463834 3.931096
101.739090 4 9.916826 77.251434 4.464055 3.933201
101.839090 4 9.916674 76.530948 4.464275 3.935291
101.939090 4 9.916523 75.822627 4.464494 3.937365
102.039090 4 9.916373 75.126235 4.464711 3.939423
102.139090 4 9.916225 74.441545 4.464928 3.941465
102.239090 4 9.916078 73.768331 4.465144 3.943491
102.339090 4 9.915933 73.106374 4.465358 3.945503
102.439090 4 9.915788 72.455461 4.465572 3.947498
102.539090 4 9.915645 71.815382 4.465784 3.949478
102.639090 4 9.915503 71.185932 4.465996 3.951443
102.739090 4 9.915362 70.566911 4.466207 3.953392
102.839090 4 9.915223 69.958124 4.466417 3.955326
102.939090 4 9.915084 69.359378 4.466625 3.957244
103.039090 4 9.914947 68.770487 4.466833 3.959148
103.139090 4 9.914810 68.191268 4.467040 3.961036
103.239090 4 9.914675 67.621541 4.467246 3.962910
103.339090 4 9.914541 67.061131 4.467451 3.964768
103.439090 4 9.914408 66.509867 4.467656 3.966611
103.539090 4 9.914276 65.967582 4.467859 3.968440
103.639090 4 9.914144 65.434110 4.468062 3.970254
103.739090 4 9.914014 64.909291 4.468263 3.972053
103.839090 4 9.913885 64.392970 4.468464 3.973837
103.939090 4 9.913757 63.884991 4.468664 3.975607
104.039090 4 9.913630 63.385204 4.468864 3.977363
104.139090 4 9.913504 62.893463 4.469062 3.979103
104.239090 4 9.913378 62.409623 4.469260 3.980830
104.339090 4 9.913254 61.933543 4.469456 3.982542
104.439090 4 9.913130 61.465086 4.469652 3.984239
104.539090 4 9.913008 61.004115 4.469847 3.985923
104.639090 4 9.912886 60.550500 4.470042 3.987592
104.739090 4 9.912765 60.104110 4.470236 3.989247
104.839090 4 9.912645 59.664819 4.470429 3.990889
104.939090 4 9.912526 59.232502 4.470621 3.992516
105.039090 4 9.912407 58.807039 4.470812 3.994129
105.139090 4 9.912289 58.388309 4.471003 3.995728
105.239090 4 9.912173 57.976198 4.471193 3.997314
105.339090 4 9.912056 57.570590 4.471382 3.998886
105.439090 4 9.911941 57.171373 4.471571 4.000444
105.539090 4 9.911826 56.778440 4.471758 4.001988
105.639090 4 9.911711 56.391681 4.471945 4.003519
105.739090 4 9.911597 56.010992 4.472132 4.005037
105.839090 4 9.911484 55.636271 4.472318 4.006541
105.939090 4 9.911371 55.267416 4.472503 4.008032
106.039090 4 9.911259 54.904329 4.472687 4.009509
106.139090 4 9.911147 54.546913 4.472871 4.010973
106.239090 4 9.911036 54.195073 4.473054 4.012424
106.339090 4 9.910925 53.848716 4.473236 4.013862
106.439090 4 9.910815 53.507751 4.473418 4.015287
106.539090 4 9.910706 53.172090 4.473599 4.016699
106.639090 4 9.910596 52.841644 4.473780 4.018097
106.739090 4 9.910488 52.516328 4.473960 4.019483
106.839090 4 9.910380 52.196058 4.474139 4.020856
106.939090 4 9.910272 51.880751 4.474318 4.022217
107.039090 4 9.910165 51.570327 4.474496 4.023565
107.139090 4 9.910058 51.264707 4.474673 4.024900
107.239090 4 9.909952 50.963813 4.474850 4.026222
107.339090 4 9.909846 50.667569 4.475026 4.027532
107.439090 4 9.909741 50.375901 4.475202 4.028830
107.539090 4 9.909636 50.088735 4.475377 4.030115
107.639090 4 9.909531 49.806000 4.475551 4.031388
107.739090 4 9.909427 49.527625 4.475725 4.032648
107.839090 4 9.909323 49.253542 4.475899 4.033896
107.939090 4 9.909220 48.983682 4.476071 4.035133
108.039090 4 9.909117 48.717980 4.476244 4.036357
108.139090 4 9.909015 48.456370 4.476415 4.037569
108.239090 4 9.908913 48.198788 4.476586 4.038769
108.339090 4 9.908811 47.945173 4.476757 4.039957
108.439090 4 9.908710 47.695461 4.476927 4.041134
108.539090 4 9.908609 47.449594 4.477096 4.042298
108.639090 4 9.908509 47.207512 4.477265 4.043451
108.739090 4 9.908408 46.969157 4.477434 4.044593
108.839090 4 9.908209 46.503400 4.477769 4.046841
108.939090 4 9.908011 46.051881 4.478102 4.049042
109.039090 4 9.907814 45.614173 4.478434 4.051199
109.139090 4 9.907618 45.189865 4.478763 4.053311
109.239090 4 9.907424 44.778560 4.479090 4.055378
109.339090 4 9.907231 44.379876 4.479416 4.057401
109.439090 4 9.907040 43.993445 4.479739 4.059381
109.539090 4 9.906849 43.618911 4.480061 4.061318
109.639090 4 9.906660 43.255931 4.480380 4.063213
109.739090 4 9.906472 42.904175 4.480698 4.065065
109.839090 4 9.906284 42.563323 4.481014 4.066876
109.939090 4 9.906098 42.233067 4.481329 4.068646
110.039090 4 9.905913 41.913108 4.481642 4.070376
110.139090 4 9.905729 41.603160 4.481952 4.072066
110.239090 4 9.905546 41.302944 4.482262 4.073716
110.339090 4 9.905363 41.012191 4.482569 4.075326
110.439090 4 9.905182 40.730642 4.482875 4.076899
110.539090 4 9.905001 40.458045 4.483180 4.078433
110.639090 4 9.904822 40.194158 4.483483 4.079930
110.739090 4 9.904643 39.938744 4.483784 4.081389
110.839090 4 9.904465 39.691576 4.484083 4.082812
110.939090 4 9.904287 39.452434 4.484382 4.084199
111.039090 4 9.904110 39.221104 4.484678 4.085550
111.139090 4 9.903934 38.997378 4.484973 4.086866
111.239090 4 9.903759 38.781057 4.485267 4.088147
111.339090 4 9.903584 38.571946 4.485559 4.089395
111.439090 4 9.903410 38.369855 4.485850 4.090608
111.539090 4 9.903237 38.174602 4.486139 4.091788
111.639090 4 9.902891 37.803902 4.486714 4.094051
111.739090 4 9.902547 37.458485 4.487283 4.096186
111.839090 4 9.902205 37.137063 4.487847 4.098199
111.939090 4 9.902052 36.838411 4.488406 4.100092
112.039090 4 9.901898 36.561385 4.488960 4.101869
112.139090 4 9.901743 36.304888 4.489509 4.103535
112.239090 4 9.901586 36.067880 4.490053 4.105093
112.339090 4 9.901429 35.849364 4.490592 4.106548
112.439090 4 9.901270 35.648392 4.491127 4.107902
112.539090 4 9.900951 35.295481 4.492183 4.110327
112.639090 4 9.900629 35.002298 4.493222 4.112398
112.739090 4 9.900303 34.762480 4.494245 4.114146
112.839090 4 9.899974 34.570061 4.495252 4.115603
112.939090 4 9.899642 34.419393 4.496243 4.116800
113.039090 4 9.899308 34.305077 4.497221 4.117766
113.139090 4 9.898970 34.221903 4.498184 4.118534
113.239090 4 9.898631 34.164804 4.499133 4.119134
113.339090 4 9.898290 34.128815 4.500070 4.119598
113.439090 4 9.897946 34.109033 4.500995 4.119954
113.539090 4 9.897600 34.100598 4.501907 4.120236
113.639090 4 9.897253 34.098667 4.502807 4.120474
113.739090 4 9.896904 34.098858 4.503697 4.120695
113.839090 4 9.896553 34.102279 4.504575 4.120893
113.939090 4 9.896200 34.113698 4.505443 4.121037
114.039090 4 9.895846 34.137962 4.506300 4.121097
114.139090 4 9.895489 34.179944 4.507148 4.121042
114.239090 4 9.895132 34.244562 4.507986 4.120841
114.339090 4 9.894773 34.336811 4.508815 4.120464
114.439090 4 9.894413 34.461800 4.509635 4.119880
114.539090 4 9.894052 34.624792 4.510446 4.119058
114.639090 4 9.893690 34.831258 4.511248 4.117968
114.739090 4 9.893327 35.086941 4.512042 4.116578
114.839090 4 9.892964 35.397924 4.512828 4.114859
114.939090 4 9.892783 35.576166 4.513218 4.113866
115.039090 4 9.892602 35.770710 4.513606 4.112778
115.139090 4 9.892421 35.982452 4.513992 4.111593
115.239090 4 9.892240 36.212326 4.514377 4.110307
115.339090 4 9.892059 36.461308 4.514759 4.108914
115.439090 4 9.891879 36.730422 4.515140 4.107413
115.539090 4 9.891698 37.020746 4.515518 4.105798
115.639090 4 9.891519 37.333410 4.515895 4.104066
115.739090 4 9.891339 37.669609 4.516271 4.102213
115.839090 4 9.891160 38.030603 4.516644 4.100235
115.939090 4 9.891071 38.220812 4.516830 4.099198
116.039090 4 9.890982 38.417726 4.517016 4.098129
116.139090 4 9.890893 38.621525 4.517201 4.097026
116.239090 4 9.890804 38.832392 4.517386 4.095890
116.339090 4 9.890613 39.050530 4.517570 4.094720
116.439090 4 9.890420 39.276125 4.517754 4.093515
116.539090 4 9.890227 39.509380 4.517938 4.092275
116.639090 4 9.890032 39.750502 4.518121 4.090999
116.739090 4 9.889836 39.999708 4.518304 4.089688
116.839090 4 9.889639 40.257221 4.518486 4.088340
116.939090 4 9.889441 40.523270 4.518668 4.086955
117.039090 4 9.889242 40.798093 4.518849 4.085533
117.139090 4 9.889042 41.081935 4.519030 4.084073
117.239090 4 9.888840 41.375051 4.519211 4.082574
117.339090 4 9.888637 41.677702 4.519391 4.081036
117.439090 4 9.888433 41.990159 4.519571 4.079460
117.539090 4 9.888228 42.312705 4.519751 4.077843
117.639090 4 9.888021 42.645628 4.519930 4.076186
117.739090 4 9.887813 42.989231 4.520108 4.074488
117.839090 4 9.887603 43.343825 4.520287 4.072749
117.939090 4 9.887392 43.709732 4.520465 4.070968
118.039090 4 9.887179 44.087287 4.520642 4.069144
118.139090 4 9.886964 44.476836 4.520820 4.067279
118.239090 4 9.886748 44.878739 4.520996 4.065369
118.339090 4 9.886531 45.290779 4.521173 4.063429
118.439090 4 9.886311 45.715514 4.521349 4.061446
118.539090 4 9.886090 46.153706 4.521525 4.059418
118.639090 4 9.885867 46.605766 4.521700 4.057346
118.739090 4 9.885754 46.837130 4.521787 4.056292
118.839090 4 9.885641 47.072124 4.521875 4.055227
118.939090 4 9.885528 47.310803 4.521962 4.054151
119.039090 4 9.885414 47.553225 4.522049 4.053063
119.139090 4 9.885300 47.799448 4.522137 4.051963
119.239090 4 9.885185 48.049531 4.522224 4.050852
119.339090 4 9.885069 48.303535 4.522311 4.049729
119.439090 4 9.884953 48.561522 4.522398 4.048594
119.539090 4 9.884837 48.823555 4.522484 4.047447
119.639090 4 9.884720 49.089697 4.522571 4.046288
119.739090 4 9.884602 49.360015 4.522658 4.045117
119.839090 4 9.884484 49.634575 4.522744 4.043934
119.939090 4 9.884365 49.913445 4.522831 4.042739
120.039090 4 9.884246 50.196694 4.522917 4.041532
120.139090 4 9.884126 50.484393 4.523003 4.040313
120.239090 4 9.884006 50.776614 4.523089 4.039081
120.339090 4 9.883885 51.073431 4.523176 4.037837
120.439090 4 9.883763 51.374918 4.523262 4.036580
120.539090 4 9.883641 51.681152 4.523348 4.035311
120.639090 4 9.883518 51.992212 4.523433 4.034030
120.739090 4 9.883394 52.308175 4.523519 4.032736
120.839090 4 9.883270 52.629125 4.523605 4.031429
120.939090 4 9.883146 52.955143 4.523690 4.030109
121.039090 4 9.883020 53.286315 4.523776 4.028777
121.139090 4 9.882894 53.622725 4.523861 4.027431
121.239090 4 9.882767 53.964462 4.523947 4.026073
121.339090 4 9.882640 54.311617 4.524032 4.024702
121.439090 4 9.882512 54.664280 4.524117 4.023318
121.539090 4 9.882383 55.022544 4.524202 4.021921
121.639090 4 9.882253 55.386506 4.524287 4.020510
121.739090 4 9.882123 55.756263 4.524372 4.019087
121.839090 4 9.881992 56.131913 4.524457 4.017650
121.939090 4 9.881860 56.513559 4.524541 4.016200
122.039090 4 9.881728 56.901303 4.524626 4.014736
122.139090 4 9.881594 57.295252 4.524711 4.013259
122.239090 4 9.881460 57.695514 4.524795 4.011768
122.339090 4 9.881325 58.102198 4.524879 4.010264
122.439090 4 9.881190 58.515417 4.524964 4.008746
122.539090 4 9.881053 58.935286 4.525048 4.007215
122.639090 4 9.880916 59.361922 4.525132 4.005670
122.739090 4 9.880778 59.795445 4.525216 4.004111
122.839090 4 9.880639 60.235977 4.525300 4.002538
122.939090 4 9.880499 60.683643 4.525384 4.000951
123.039090 4 9.880358 61.138572 4.525468 3.999350
123.139090 4 9.880216 61.600892 4.525552 3.997735
123.239090 4 9.880074 62.070737 4.525635 3.996106
123.339090 4 9.879930 62.548244 4.525719 3.994463
123.439090 4 9.879786 63.033551 4.525802 3.992805
123.539090 4 9.879641 63.526800 4.525886 3.991133
123.639090 4 9.879494 64.028136 4.525969 3.989447
123.739090 4 9.879347 64.537708 4.526052 3.987747
123.839090 4 9.879199 65.055666 4.526135 3.986032
123.939090 4 9.879050 65.582167 4.526218 3.984302
124.039090 4 9.878900 66.117367 4.526301 3.982558
124.139090 4 9.878748 66.661429 4.526384 3.980799
124.239090 4 9.878596 67.214518 4.526467 3.979026
124.339090 4 9.878443 67.776803 4.526550 3.977238
124.439090 4 9.878288 68.348457 4.526633 3.975434
124.539090 4 9.878132 68.929656 4.526715 3.973616
124.639090 4 9.877974 69.520580 4.526798 3.971783
124.739090 4 9.877816 70.121416 4.526880 3.969935
124.839090 4 9.877655 70.732350 4.526963 3.968072
124.939090 4 9.877494 71.353576 4.527045 3.966194
125.039090 4 9.877331 71.985292 4.527127 3.964300
125.139090 4 9.877166 72.627699 4.527209 3.962392
125.239090 4 9.877000 73.281004 4.527291 3.960468
125.339090 4 9.876832 73.945418 4.527373 3.958528
125.439090 4 9.876663 74.621157 4.527455 3.956573
125.539090 4 9.876492 75.308441 4.527537 3.954603
125.639090 4 9.876320 76.007497 4.527619 3.952617
125.739090 4 9.876146 76.718557 4.527701 3.950616
125.839090 4 9.875970 77.441856 4.527782 3.948598
125.939090 4 9.875793 78.177636 4.527864 3.946565
126.039090 4 9.875614 78.926146 4.527945 3.944516
126.139090 4 9.875433 79.687639 4.528027 3.942452
126.239090 4 9.875251 80.462375 4.528108 3.940371
126.339090 4 9.875066 81.250618 4.528189 3.938275
126.439090 4 9.874880 82.052640 4.528270 3.936162
126.539090 4 9.874692 82.868720 4.528351 3.934033
126.639090 4 9.874597 83.282121 4.528392 3.932963
126.739090 4 9.874501 83.699144 4.528432 3.931888
126.839090 4 9.874405 84.119825 4.528473 3.930810
126.939090 4 9.874309 84.544201 4.528513 3.929727
127.039090 4 9.874212 84.972310 4.528554 3.928640
127.139090 4 9.874114 85.404191 4.528594 3.927550
127.239090 4 9.874016 85.839880 4.528635 3.926455
127.339090 4 9.873918 86.279418 4.528675 3.925356
127.439090 4 9.873819 86.722844 4.528715 3.924253
127.539090 4 9.873719 87.170197 4.528756 3.923145
127.639090 4 9.873619 87.621518 4.528796 3.922034
127.739090 4 9.873519 88.076847 4.528836 3.920919
127.839090 4 9.873418 88.536226 4.528877 3.919799
127.939090 4 9.873316 88.999696 4.528917 3.918676
128.039090 4 9.873214 89.467301 4.528957 3.917548
128.139090 4 9.873111 89.939081 4.528997 3.916416
128.239090 4 9.873008 90.415082 4.529038 3.915280
128.339090 4 9.872904 90.895345 4.529078 3.914139
128.439090 4 9.872799 91.379917 4.529118 3.912995
128.539090 4 9.872694 91.868842 4.529158 3.911846
128.639090 4 9.872589 92.362165 4.529198 3.910693
128.739090 4 9.872483 92.859931 4.529238 3.909536
128.839090 4 9.872376 93.362189 4.529279 3.908375
128.939090 4 9.872269 93.868984 4.529319 3.907209
129.039090 4 9.872161 94.380364 4.529359 3.906039
129.139090 4 9.872052 94.896378 4.529399 3.904865
129.239090 4 9.871943 95.417075 4.529439 3.903687
129.339090 4 9.871834 95.942503 4.529479 3.902505
129.439090 4 9.871723 96.472713 4.529519 3.901318
129.539090 4 9.871612 97.007756 4.529559 3.900127
129.639090 4 9.871501 97.547682 4.529599 3.898932
129.739090 4 9.871388 98.092545 4.529639 3.897732
129.839090 4 9.871276 98.642395 4.529679 3.896528
129.939090 4 9.871162 99.197286 4.529719 3.895320
130.039090 4 9.871048 99.757273 4.529758 3.894108
130.139090 4 9.870933 100.322410 4.529798 3.892891
130.239090 4 9.870818 100.892751 4.529838 3.891670
130.339090 4 9.870702 101.468353 4.529878 3.890445
130.439090 4 9.870585 102.049273 4.529918 3.889215
130.539090 4 9.870467 102.635567 4.529958 3.887981
130.639090 4 9.870349 103.227293 4.529997 3.886743
130.739090 4 9.870230 103.824511 4.530037 3.885500
130.839090 4 9.870111 104.427280 4.530077 3.884253
130.939090 4 9.869990 105.035659 4.530117 3.883001
131.039090 4 9.869869 105.649710 4.530156 3.881745
131.139090 4 9.869748 106.269494 4.530196 3.880485
131.239090 4 9.869625 106.895075 4.530236 3.879221
131.339090 4 9.869502 107.526515 4.530275 3.877952
131.439090 4 9.869378 108.163877 4.530315 3.876678
131.539090 4 9.869254 108.807228 4.530355 3.875400
131.639090 4 9.869128 109.456633 4.530394 3.874118
131.739090 4 9.869002 110.112158 4.530434 3.872831
131.839090 4 9.868875 110.773871 4.530473 3.871540
131.939090 4 9.868747 111.441839 4.530513 3.870245
132.039090 4 9.868619 112.116133 4.530553 3.868945
132.139090 4 9.868490 112.796821 4.530592 3.867640
132.239090 4 9.868360 113.483975 4.530632 3.866331
132.339090 4 9.868229 114.177666 4.530671 3.865018
132.439090 4 9.868097 114.877968 4.530711 3.863700
132.539090 4 9.867964 115.584953 4.530750 3.862377
132.639090 4 9.867831 116.298696 4.530789 3.861050
132.739090 4 9.867697 117.019274 4.530829 3.859719
132.839090 4 9.867562 117.746761 4.530868 3.858383
132.939090 4 9.867426 118.481236 4.530908 3.857043
133.039090 4 9.867289 119.222777 4.530947 3.855698
133.139090 4 9.867152 119.971464 4.530986 3.854348
133.239090 4 9.867013 120.727377 4.531026 3.852994
133.339090 4 9.866874 121.490598 4.531065 3.851635
133.439090 4 9.866733 122.261208 4.531104 3.850272
133.539090 4 9.866592 123.039293 4.531144 3.848905
133.639090 4 9.866450 123.824936 4.531183 3.847532
133.739090 4 9.866307 124.618223 4.531222 3.846155
133.839090 4 9.866163 125.419242 4.531261 3.844774
133.939090 4 9.866018 126.228081 4.531300 3.843388
134.039090 4 9.865872 127.044828 4.531340 3.841997
134.139090 4 9.865725 127.869574 4.531379 3.840602
134.239090 4 9.865578 128.702411 4.531418 3.839202
134.339090 4 9.865429 129.543432 4.531457 3.837797
134.439090 4 9.865279 130.392730 4.531496 3.836388
134.539090 4 9.865128 131.250402 4.531535 3.834974
134.639090 4 9.864977 132.116543 4.531574 3.833556
134.739090 4 9.864824 132.991251 4.531614 3.832132
134.839090 4 9.864670 133.874625 4.531653 3.830705
134.939090 4 9.864515 134.766766 4.531692 3.829272
135.039090 4 9.864359 135.667776 4.531731 3.827835
135.139090 4 9.864202 136.577757 4.531770 3.826393
135.239090 4 9.864044 137.496815 4.531809 3.824946
135.339090 4 9.863885 138.425054 4.531848 3.823495
135.439090 4 9.863725 139.362583 4.531887 3.822039
135.539090 4 9.863564 140.309509 4.531926 3.820578
135.639090 4 9.863402 141.265943 4.531964 3.819113
135.739090 4 9.863238 142.231997 4.532003 3.817643
135.839090 4 9.863073 143.207784 4.532042 3.816168
135.939090 4 9.862908 144.193419 4.532081 3.814688
136.039090 4 9.862741 145.189017 4.532120 3.813204
136.139090 4 9.862572 146.194697 4.532159 3.811714
136.239090 4 9.862403 147.210577 4.532198 3.810220
136.339090 4 9.862233 148.236779 4.532236 3.808722
136.439090 4 9.862061 149.273425 4.532275 3.807218
136.539090 4 9.861888 150.320640 4.532314 3.805710
136.639090 4 9.861714 151.378550 4.532353 3.804197
136.739090 4 9.861538 152.447281 4.532392 3.802679
136.839090 4 9.861362 153.526965 4.532430 3.801156
136.939090 4 9.861184 154.617731 4.532469 3.799628
137.039090 4 9.861005 155.719713 4.532508 3.798096
137.139090 4 9.860824 156.833045 4.532546 3.796558
137.239090 4 9.860642 157.957864 4.532585 3.795016
137.339090 4 9.860459 159.094310 4.532624 3.793469
137.439090 4 9.860275 160.242521 4.532662 3.791917
137.539090 4 9.860089 161.402640 4.532701 3.790360
137.639090 4 9.859902 162.574812 4.532739 3.788799
137.739090 4 9.859713 163.759183 4.532778 3.787232
137.839090 4 9.859523 164.955901 4.532817 3.785661
137.939090 4 9.859332 166.165116 4.532855 3.784084
138.039090 4 9.859139 167.386982 4.532894 3.782503
138.139090 4 9.858944 168.621652 4.532932 3.780917
138.239090 4 9.858749 169.869283 4.532971 3.779326
138.339090 4 9.858552 171.130034 4.533009 3.777730
138.439090 4 9.858353 172.404066 4.533048 3.776129
138.539090 4 9.858153 173.691543 4.533086 3.774523
138.639090 4 9.857951 174.992630 4.533124 3.772912
138.739090 4 9.857748 176.307495 4.533163 3.771296
138.839090 4 9.857543 177.636308 4.533201 3.769675
138.939090 4 9.857337 178.979242 4.533240 3.768049
139.039090 4 9.857129 180.336472 4.533278 3.766418
139.139090 4 9.856919 181.708176 4.533316 3.764782
139.239090 4 9.856708 183.094534 4.533355 3.763142
139.339090 4 9.856495 184.495728 4.533393 3.761496
139.439090 4 9.856281 185.911943 4.533431 3.759845
139.539090 4 9.856065 187.343368 4.533470 3.758189
139.639090 4 9.855847 188.790193 4.533508 3.756528
139.739090 4 9.855628 190.252611 4.533546 3.754862
139.839090 4 9.855407 191.730818 4.533584 3.753191
139.939090 4 9.855184 193.225012 4.533623 3.751515
140.039090 4 9.854959 194.735396 4.533661 3.749833
140.139090 4 9.854732 196.262174 4.533699 3.748147
140.239090 4 9.854504 197.805552 4.533737 3.746456
140.339090 4 9.854274 199.365742 4.533775 3.744759
140.439090 4 9.854042 200.942957 4.533813 3.743058
140.539090 4 9.853808 202.537414 4.533852 3.741351
140.639090 4 9.853573 204.149331 4.533890 3.739639
140.739090 4 9.853335 205.778931 4.533928 3.737922
140.839090 4 9.853095 207.426441 4.533966 3.736200
140.939090 4 9.852854 209.092090 4.534004 3.734473
141.039090 4 9.852610 210.776109 4.534042 3.732740
141.139090 4 9.852365 212.478736 4.534080 3.731003
141.239090 4 9.852118 214.200209 4.534118 3.729260
141.339090 4 9.851868 215.940771 4.534156 3.727512
141.439090 4 9.851617 217.700669 4.534194 3.725759
141.539090 4 9.851363 219.480152 4.534232 3.724001
141.639090 4 9.851107 221.279474 4.534270 3.722237
141.739090 4 9.850850 223.098892 4.534308 3.720469
141.839090 4 9.850590 224.938668 4.534346 3.718695
141.939090 4 9.850327 226.799065 4.534384 3.716916
142.039090 4 9.850063 228.680354 4.534422 3.715132
142.139090 4 9.849797 230.582806 4.534459 3.713342
142.239090 4 9.849528 232.506698 4.534497 3.711547
142.339090 4 9.849257 234.452312 4.534535 3.709747
142.439090 4 9.848983 236.419932 4.534573 3.707942
142.539090 4 9.848708 238.409848 4.534611 3.706131
142.639090 4 9.848429 240.422352 4.534649 3.704315
142.739090 4 9.848149 242.457743 4.534686 3.702494
142.839090 4 9.847866 244.516324 4.534724 3.700668
142.939090 4 9.847581 246.598400 4.534762 3.698836
143.039090 4 9.847293 248.704283 4.534800 3.696999
143.139090 4 9.847003 250.834290 4.534837 3.695156
143.239090 4 9.846710 252.988741 4.534875 3.693309
143.339090 4 9.846415 255.167961 4.534913 3.691456
143.439090 4 9.846117 257.372282 4.534950 3.689597
143.539090 4 9.845816 259.602038 4.534988 3.687734
143.639090 4 9.845513 261.857570 4.535026 3.685864
143.739090 4 9.845207 264.139223 4.535063 3.683990
143.839090 4 9.844899 266.447349 4.535101 3.682110
143.939090 4 9.844588 268.782303 4.535139 3.680225
144.039090 4 9.844274 271.144447 4.535176 3.678334
144.139090 4 9.843957 273.534148 4.535214 3.676438
144.239090 4 9.843637 275.951779 4.535251 3.674537
144.339090 4 9.843315 278.397717 4.535289 3.672630
144.439090 4 9.842989 280.872348 4.535326 3.670718
144.539090 4 9.842661 283.376060 4.535364 3.668800
144.639090 4 9.842330 285.909250 4.535401 3.666877
144.739090 4 9.841995 288.472319 4.535439 3.664948
144.839090 4 9.841658 291.065676 4.535476 3.663014
144.939090 4 9.841318 293.689734 4.535514 3.661075
145.039090 4 9.840974 296.344915 4.535551 3.659130
145.139090 4 9.840628 299.031646 4.535589 3.657179
145.239090 4 9.840278 301.750360 4.535626 3.655223
145.339090 4 9.839925 304.501498 4.535663 3.653262
145.439090 4 9.839568 307.285508 4.535701 3.651295
145.539090 4 9.839209 310.102843 4.535738 3.649322
145.639090 4 9.838846 312.953964 4.535775 3.647344
145.739090 4 9.838479 315.839341 4.535813 3.645361
145.839090 4 9.838110 318.759449 4.535850 3.643372
145.939090 4 9.837736 321.714771 4.535887 3.641377
146.039090 4 9.837360 324.705798 4.535925 3.639377
146.139090 4 9.836979 327.733028 4.535962 3.637371
146.239090 4 9.836595 330.796967 4.535999 3.635360
146.339090 4 9.836208 333.898130 4.536036 3.633343
146.439090 4 9.835817 337.037039 4.536074 3.631320
146.539090 4 9.835422 340.214224 4.536111 3.629292
146.639090 4 9.835023 343.430224 4.536148 3.627258
146.739090 4 9.834620 346.685586 4.536185 3.625219
146.839090 4 9.834214 349.980867 4.536222 3.623174
146.939090 4 9.833804 353.316630 4.536259 3.621123
147.039090 4 9.833389 356.693451 4.536297 3.619067
147.139090 4 9.832971 360.111911 4.536334 3.617005
147.239090 4 9.832549 363.572603 4.536371 3.614938
147.339090 4 9.832122 367.076128 4.536408 3.612864
147.439090 4 9.831692 370.623098 4.536445 3.610786
147.539090 4 9.831257 374.214133 4.536482 3.608701
147.639090 4 9.830818 377.849865 4.536519 3.606611
147.739090 4 9.830374 381.530934 4.536556 3.604515
147.839090 4 9.829926 385.257992 4.536593 3.602413
147.939090 4 9.829474 389.031700 4.536630 3.600306
148.039090 4 9.829017 392.852732 4.536667 3.598192
148.139090 4 9.828556 396.721770 4.536704 3.596074
148.239090 4 9.828090 400.639508 4.536741 3.593949
148.339090 4 9.827620 404.606653 4.536778 3.591819
148.439090 4 9.827144 408.623921 4.536815 3.589682
148.539090 4 9.826664 412.692041 4.536852 3.587540
148.639090 4 9.826179 416.811754 4.536889 3.585393
148.739090 4 9.825934 418.891204 4.536907 3.584317
148.839090 4 9.825688 420.983836 4.536926 3.583239
148.939090 4 9.825441 423.089745 4.536944 3.582160
149.039090 4 9.825192 425.209028 4.536962 3.581080
149.139090 4 9.824696 429.458044 4.536999 3.578930
149.239090 4 9.824226 433.490448 4.537033 3.576909
149.339090 4 9.823781 437.314439 4.537065 3.575010
149.439090 4 9.823360 440.938254 4.537096 3.573226
149.539090 4 9.822962 444.370114 4.537124 3.571549
149.639090 4 9.822587 447.618178 4.537150 3.569974
149.739090 4 9.822232 450.690503 4.537175 3.568495
149.839090 4 9.821896 453.595009 4.537198 3.567106
149.939090 4 9.821580 456.339453 4.537220 3.565802
150.039090 4 9.821282 458.931406 4.537241 3.564577
150.139090 4 9.821001 461.378229 4.537260 3.563427
150.239090 4 9.820736 463.687065 4.537278 3.562347
150.339090 4 9.820236 468.055447 4.537311 3.560320
150.439090 4 9.819795 471.920334 4.537341 3.558541
150.539090 4 9.819405 475.335082 4.537366 3.556982
150.639090 4 9.819062 478.348495 4.537389 3.555616
150.739090 4 9.818760 481.004941 4.537409 3.554418
150.839090 4 9.818228 485.698415 4.537443 3.552318
150.939090 4 9.817825 489.256286 4.537469 3.550740
151.039090 4 9.817521 491.946164 4.537488 3.549554
151.139090 4 9.817062 496.015815 4.537517 3.547772
