t Ka M R logL logTeff
0.249821 1 9.999986 3.961522 3.746392 4.398808
0.499646 1 9.999887 3.981221 3.748377 4.398227
0.749476 1 9.999787 4.001030 3.750407 4.397656
0.999310 1 9.998913 4.020770 3.752374 4.397080
1.249183 1 9.998031 4.040630 3.754386 4.396512
1.499094 1 9.997139 4.060615 3.756441 4.395955
1.749045 1 9.996238 4.080732 3.758540 4.395406
1.999035 1 9.995327 4.100988 3.760682 4.394867
2.249065 1 9.994405 4.121390 3.762868 4.394336
2.499136 1 9.993473 4.141946 3.765098 4.393813
2.749248 1 9.992530 4.162663 3.767371 4.393298
2.999402 1 9.991576 4.183548 3.769687 4.392790
3.249598 1 9.990610 4.204609 3.772047 4.392290
3.499836 1 9.989632 4.225853 3.774451 4.391796
3.750117 1 9.988642 4.247289 3.776897 4.391309
4.000443 1 9.987639 4.268924 3.779387 4.390828
4.250812 1 9.986623 4.290766 3.781920 4.390353
4.501226 1 9.985594 4.312824 3.784496 4.389884
4.751686 1 9.984551 4.335107 3.787116 4.389420
5.002192 1 9.983493 4.357622 3.789778 4.388960
5.252744 1 9.982420 4.380379 3.792483 4.388506
5.503344 1 9.981333 4.403386 3.795231 4.388055
5.753993 1 9.980229 4.426653 3.798022 4.387608
6.004689 1 9.979110 4.450188 3.800856 4.387165
6.255436 1 9.977973 4.474002 3.803733 4.386726
6.506233 1 9.976820 4.498104 3.806652 4.386289
6.757081 1 9.975649 4.522503 3.809613 4.385854
7.007981 1 9.974460 4.547211 3.812617 4.385422
7.258933 1 9.973252 4.572236 3.815664 4.384992
7.509939 1 9.972024 4.597590 3.818753 4.384564
7.761000 1 9.970777 4.623283 3.821884 4.384136
8.012116 1 9.969509 4.649326 3.825057 4.383710
8.263288 1 9.968220 4.675731 3.828272 4.383284
8.514518 1 9.966909 4.702510 3.831529 4.382858
8.765806 1 9.965576 4.729673 3.834828 4.382432
9.017153 1 9.964220 4.757234 3.838169 4.382005
9.268560 1 9.962840 4.785205 3.841551 4.381578
9.520029 1 9.961435 4.813598 3.844975 4.381149
9.771560 1 9.960005 4.842429 3.848440 4.380719
10.023155 1 9.958549 4.871711 3.851947 4.380287
10.274815 1 9.957066 4.901457 3.855495 4.379852
10.526541 1 9.955555 4.931685 3.859084 4.379414
10.778335 1 9.954015 4.962409 3.862714 4.378973
11.030197 1 9.952447 4.993646 3.866385 4.378528
11.282129 1 9.950847 5.025415 3.870097 4.378079
11.534133 1 9.949217 5.057733 3.873849 4.377625
11.786209 1 9.947554 5.090620 3.877641 4.377166
12.038360 1 9.945858 5.124097 3.881474 4.376700
12.290587 1 9.944128 5.158187 3.885347 4.376229
12.542891 1 9.942362 5.192912 3.889260 4.375750
12.795274 1 9.940560 5.228299 3.893213 4.375264
13.047738 1 9.938720 5.264375 3.897206 4.374769
13.300285 1 9.936841 5.301169 3.901238 4.374264
13.552916 1 9.934923 5.338713 3.905309 4.373750
13.805633 1 9.932962 5.377042 3.909419 4.373224
14.058438 1 9.930960 5.416193 3.913569 4.372686
14.311333 1 9.928913 5.456207 3.917757 4.372134
14.564321 1 9.926820 5.497129 3.921984 4.371568
14.817402 1 9.924681 5.539007 3.926248 4.370987
15.070580 1 9.922494 5.581895 3.930551 4.370388
15.323856 1 9.920256 5.625852 3.934892 4.369770
15.577234 1 9.917967 5.670942 3.939271 4.369131
15.830715 1 9.915625 5.717237 3.943687 4.368469
16.084301 1 9.913228 5.764815 3.948140 4.367783
16.337996 1 9.910773 5.813762 3.952630 4.367069
16.591802 1 9.908261 5.864175 3.957156 4.366326
16.845722 1 9.905687 5.916160 3.961719 4.365550
17.099759 1 9.903051 5.969832 3.966318 4.364739
17.353915 1 9.900351 6.025324 3.970952 4.363888
17.608194 1 9.897584 6.082778 3.975622 4.362995
17.862598 1 9.894747 6.142354 3.980327 4.362055
17.989865 1 9.893293 6.172990 3.982691 4.361566
18.117165 1 9.891821 6.204223 3.985064 4.361063
18.244498 1 9.890331 6.236081 3.987445 4.360546
18.371866 1 9.888821 6.268589 3.989835 4.360014
18.499268 1 9.887292 6.301775 3.992234 4.359467
18.626704 1 9.885744 6.335670 3.994640 4.358904
18.754176 1 9.884176 6.370304 3.997056 4.358324
18.881684 1 9.882588 6.405710 3.999479 4.357727
19.009228 1 9.880979 6.441923 4.001911 4.357110
19.136809 1 9.879349 6.478981 4.004351 4.356475
19.264427 1 9.877698 6.516921 4.006799 4.355819
19.392083 1 9.876026 6.555784 4.009255 4.355142
19.519777 1 9.874332 6.595614 4.011720 4.354443
19.647510 1 9.872615 6.636457 4.014192 4.353720
19.775282 1 9.870876 6.678360 4.016673 4.352974
19.903094 1 9.869113 6.721375 4.019161 4.352202
20.030947 1 9.867327 6.765556 4.021657 4.351403
20.158840 1 9.865521 6.810960 4.024161 4.350577
20.286776 1 9.863694 6.857649 4.026674 4.349721
20.414753 1 9.861847 6.905686 4.029195 4.348836
20.542772 1 9.859979 6.955139 4.031724 4.347919
20.670835 1 9.858090 7.006080 4.034261 4.346968
20.798941 1 9.856179 7.058583 4.036806 4.345983
20.927091 1 9.854247 7.112730 4.039360 4.344962
21.055285 1 9.852294 7.168605 4.041922 4.343904
21.183525 1 9.850319 7.226299 4.044491 4.342805
21.311810 1 9.848322 7.285908 4.047069 4.341666
21.440142 1 9.846303 7.347532 4.049655 4.340484
21.568520 1 9.844262 7.411279 4.052248 4.339256
21.696945 1 9.842199 7.477264 4.054850 4.337982
21.825418 1 9.840113 7.545608 4.057460 4.336658
21.953939 1 9.838005 7.616440 4.060078 4.335284
22.082509 1 9.835875 7.689898 4.062703 4.333856
22.211129 1 9.833722 7.766127 4.065337 4.332372
22.311129 1 9.832634 7.805328 4.066656 4.331609
22.411129 1 9.831541 7.845280 4.067977 4.330831
22.511129 1 9.830442 7.886006 4.069301 4.330037
22.611129 1 9.829337 7.927526 4.070626 4.329228
22.711129 1 9.828227 7.969864 4.071953 4.328403
22.811129 1 9.827111 8.013042 4.073282 4.327562
22.911129 1 9.825989 8.057084 4.074613 4.326705
23.011129 1 9.824862 8.102015 4.075947 4.325831
23.111129 1 9.823729 8.147860 4.077282 4.324939
23.211129 1 9.822591 8.194646 4.078619 4.324030
23.311129 1 9.821447 8.242400 4.079958 4.323103
23.411129 1 9.820297 8.291150 4.081299 4.322158
23.511129 1 9.819142 8.340926 4.082642 4.321194
23.611129 1 9.817981 8.391757 4.083987 4.320211
23.711129 1 9.816814 8.443674 4.085334 4.319208
23.811129 1 9.815642 8.496711 4.086683 4.318186
23.911129 1 9.814464 8.550900 4.088034 4.317143
24.011129 1 9.813281 8.606275 4.089387 4.316080
24.111129 1 9.812093 8.662873 4.090742 4.314995
24.211129 1 9.810899 8.720730 4.092099 4.313889
24.311129 1 9.809699 8.779886 4.093458 4.312761
24.411129 1 9.808494 8.840378 4.094819 4.311610
24.511129 1 9.807284 8.902249 4.096182 4.310436
24.611129 1 9.806068 8.965542 4.097547 4.309239
24.711129 1 9.804847 9.030299 4.098914 4.308018
24.811129 1 9.803620 9.096568 4.100283 4.306772
24.911129 1 9.802389 9.164395 4.101654 4.305502
25.011129 1 9.801152 9.233830 4.103027 4.304206
25.111129 1 9.799909 9.304923 4.104402 4.302885
25.211129 1 9.798662 9.377728 4.105779 4.301537
25.311129 1 9.797410 9.452299 4.107158 4.300161
25.411129 1 9.796152 9.528694 4.108540 4.298759
25.511129 1 9.794890 9.606972 4.109923 4.297328
25.611129 1 9.793623 9.687194 4.111308 4.295869
25.711129 1 9.792350 9.769425 4.112696 4.294380
25.811129 1 9.791073 9.853730 4.114085 4.292862
25.911129 1 9.789791 9.940178 4.115477 4.291313
26.011129 1 9.788505 10.028842 4.116870 4.289733
26.111129 1 9.787213 10.119795 4.118266 4.288121
26.211129 1 9.785918 10.213116 4.119664 4.286477
26.311129 1 9.784617 10.308885 4.121064 4.284801
26.411129 1 9.783312 10.407186 4.122466 4.283090
26.511129 1 9.782003 10.508106 4.123871 4.281346
26.611129 1 9.780690 10.611738 4.125277 4.279567
26.741041 1 9.778054 10.521379 4.146467 4.286721
26.841041 1 9.777681 10.420915 4.151693 4.290111
26.941041 1 9.777511 10.367635 4.154160 4.291841
27.041041 1 9.777350 10.312268 4.156572 4.293606
27.141041 1 9.777196 10.255462 4.158920 4.295393
27.241041 1 9.777049 10.197798 4.161198 4.297187
27.341041 1 9.776909 10.139785 4.163402 4.298977
27.441041 1 9.776776 10.081868 4.165527 4.300752
27.541041 1 9.776650 10.024427 4.167571 4.302504
27.641041 1 9.776529 9.967783 4.169534 4.304225
27.741041 1 9.776415 9.912203 4.171414 4.305909
27.841041 1 9.776306 9.857907 4.173211 4.307551
27.941041 1 9.776202 9.805071 4.174928 4.309147
28.041041 1 9.776104 9.753830 4.176564 4.310694
28.141041 1 9.776011 9.704288 4.178122 4.312189
28.241041 1 9.775834 9.607472 4.181107 4.315113
28.341041 1 9.775675 9.518554 4.183785 4.317801
28.441041 1 9.775534 9.437540 4.186179 4.320256
28.541041 1 9.775408 9.364204 4.188314 4.322484
28.641041 1 9.775296 9.298167 4.190211 4.324495
28.741041 1 9.775197 9.238964 4.191895 4.326303
28.841041 1 9.775108 9.186079 4.193385 4.327922
28.941041 1 9.775030 9.138980 4.194703 4.329367
29.041041 1 9.774892 9.054721 4.197039 4.331963
29.141041 1 9.774787 8.990005 4.198816 4.333965
29.241041 1 9.774707 8.940620 4.200164 4.335498
29.341041 1 9.774585 8.865194 4.202207 4.337848
29.441041 2 9.774462 8.788167 4.204278 4.340261
29.541041 2 9.774455 8.863719 4.203648 4.338245
29.641041 2 9.774449 8.930871 4.203093 4.336467
29.741041 2 9.774443 8.998531 4.202537 4.334689
29.841041 2 9.774437 9.066704 4.201982 4.332911
29.941041 2 9.774431 9.135393 4.201427 4.331134
30.041041 2 9.774425 9.204602 4.200871 4.329356
30.141041 2 9.774419 9.274336 4.200316 4.327578
30.241041 2 9.774413 9.344598 4.199761 4.325800
30.341041 2 9.774408 9.415393 4.199205 4.324023
30.441041 2 9.774402 9.486724 4.198650 4.322245
30.541041 2 9.774396 9.558595 4.198095 4.320467
30.641041 2 9.774391 9.631011 4.197539 4.318689
30.741041 2 9.774385 9.703975 4.196984 4.316912
30.841041 2 9.774380 9.777492 4.196429 4.315134
30.941041 2 9.774374 9.851566 4.195873 4.313356
31.041041 2 9.774369 9.926201 4.195318 4.311579
31.141041 2 9.774363 10.001402 4.194763 4.309801
31.241041 2 9.774358 10.077172 4.194208 4.308023
31.341041 2 9.774353 10.153517 4.193652 4.306245
31.441041 2 9.774348 10.230440 4.193097 4.304468
31.541041 2 9.774342 10.307945 4.192542 4.302690
31.641041 2 9.774337 10.386038 4.191987 4.300912
31.741041 2 9.774332 10.464722 4.191431 4.299135
31.841041 2 9.774327 10.544003 4.190876 4.297357
31.941041 2 9.774322 10.623884 4.190321 4.295579
32.041041 2 9.774317 10.704370 4.189766 4.293801
32.141041 2 9.774312 10.785466 4.189210 4.292024
32.241041 2 9.774307 10.867176 4.188655 4.290246
32.341041 2 9.774302 10.949506 4.188100 4.288468
32.441041 2 9.774297 11.032459 4.187545 4.286691
32.541041 2 9.774292 11.116040 4.186990 4.284913
32.641041 2 9.774287 11.200255 4.186434 4.283135
32.741041 2 9.774282 11.285108 4.185879 4.281357
32.841041 2 9.774277 11.370604 4.185324 4.279580
32.941041 2 9.774273 11.456747 4.184769 4.277802
33.041041 2 9.774268 11.543543 4.184214 4.276024
33.141041 2 9.774263 11.630996 4.183658 4.274247
33.241041 2 9.774259 11.719112 4.183103 4.272469
33.341041 2 9.774254 11.807896 4.182548 4.270691
33.441041 2 9.774250 11.897352 4.181993 4.268914
33.541041 2 9.774245 11.987486 4.181438 4.267136
33.641041 2 9.774240 12.078303 4.180883 4.265358
33.741041 2 9.774236 12.169808 4.180327 4.263581
33.841041 2 9.774232 12.262006 4.179772 4.261803
33.941041 2 9.774227 12.354902 4.179217 4.260025
34.041041 2 9.774223 12.448503 4.178662 4.258248
34.141041 2 9.774218 12.542812 4.178107 4.256470
34.241041 2 9.774214 12.637836 4.177552 4.254692
34.341041 2 9.774210 12.733580 4.176997 4.252914
34.441041 2 9.774206 12.830049 4.176442 4.251137
34.541041 2 9.774201 12.927249 4.175886 4.249359
34.641041 2 9.774197 13.025185 4.175331 4.247581
34.741041 2 9.774193 13.123864 4.174776 4.245804
34.841041 2 9.774189 13.223289 4.174221 4.244026
34.941041 2 9.774185 13.323469 4.173666 4.242248
35.041041 2 9.774181 13.424407 4.173111 4.240471
35.141041 2 9.774177 13.526110 4.172556 4.238693
35.241041 2 9.774173 13.628583 4.172001 4.236915
35.341041 2 9.774169 13.731833 4.171446 4.235138
35.441041 2 9.774165 13.835864 4.170891 4.233360
35.541041 2 9.774161 13.940684 4.170336 4.231582
35.641041 2 9.774157 14.046299 4.169780 4.229805
35.741041 2 9.774153 14.152713 4.169225 4.228027
35.841041 2 9.774149 14.259933 4.168670 4.226249
35.941041 2 9.774145 14.367966 4.168115 4.224472
36.041041 2 9.774142 14.476817 4.167560 4.222694
36.141041 2 9.774138 14.586493 4.167005 4.220916
36.241041 2 9.774134 14.697000 4.166450 4.219139
36.341041 2 9.774130 14.808344 4.165895 4.217361
36.441041 2 9.774127 14.920531 4.165340 4.215583
36.541041 2 9.774123 15.033569 4.164785 4.213806
36.641041 2 9.774119 15.147462 4.164230 4.212028
36.741041 2 9.774116 15.262219 4.163675 4.210250
36.841041 2 9.774112 15.377845 4.163120 4.208473
36.941041 2 9.774109 15.494347 4.162565 4.206695
37.041041 2 9.774105 15.611732 4.162010 4.204918
37.141041 2 9.774102 15.730005 4.161455 4.203140
37.241041 2 9.774098 15.849175 4.160900 4.201362
37.341041 2 9.774095 15.969248 4.160345 4.199585
37.441041 2 9.774091 16.090231 4.159790 4.197807
37.541041 2 9.774088 16.212130 4.159235 4.196029
37.641041 2 9.774084 16.334952 4.158680 4.194252
37.741041 2 9.774081 16.458705 4.158125 4.192474
37.841041 2 9.774078 16.583396 4.157570 4.190696
37.941041 2 9.774074 16.709031 4.157015 4.188919
38.041041 2 9.774071 16.835618 4.156460 4.187141
38.141041 2 9.774068 16.963164 4.155905 4.185363
38.241041 2 9.774065 17.091677 4.155350 4.183586
38.341041 2 9.774061 17.221162 4.154795 4.181808
38.441041 2 9.774058 17.351629 4.154240 4.180030
38.541041 2 9.774055 17.483085 4.153685 4.178253
38.641041 2 9.774052 17.615536 4.153130 4.176475
38.741041 2 9.774049 17.748991 4.152575 4.174698
38.841041 2 9.774046 17.883457 4.152020 4.172920
38.941041 2 9.774043 18.018941 4.151465 4.171142
39.041041 2 9.774040 18.155452 4.150910 4.169365
39.141041 2 9.774037 18.292997 4.150356 4.167587
39.241041 2 9.774034 18.431584 4.149801 4.165809
39.341041 2 9.774031 18.571221 4.149246 4.164032
39.441041 2 9.774028 18.711916 4.148691 4.162254
39.541041 2 9.774025 18.853677 4.148136 4.160476
39.641041 2 9.774022 18.996512 4.147581 4.158699
39.741041 2 9.774019 19.140429 4.147026 4.156921
39.841041 2 9.774016 19.285436 4.146471 4.155144
39.941041 2 9.774013 19.431542 4.145916 4.153366
40.041041 2 9.774010 19.578755 4.145361 4.151588
40.141041 2 9.774007 19.727083 4.144806 4.149811
40.241041 2 9.774005 19.876535 4.144251 4.148033
40.341041 2 9.774002 20.027119 4.143696 4.146255
40.441041 2 9.773999 20.178844 4.143142 4.144478
40.541041 2 9.773996 20.331718 4.142587 4.142700
40.641041 2 9.773994 20.485751 4.142032 4.140923
40.741041 2 9.773991 20.640950 4.141477 4.139145
40.841041 2 9.773988 20.797325 4.140922 4.137367
40.941041 2 9.773986 20.954885 4.140367 4.135590
41.041041 2 9.773983 21.113639 4.139812 4.133812
41.141041 2 9.773980 21.273595 4.139257 4.132034
41.241041 2 9.773978 21.434764 4.138702 4.130257
41.341041 2 9.773975 21.597153 4.138148 4.128479
41.441041 2 9.773973 21.760772 4.137593 4.126702
41.541041 2 9.773970 21.925631 4.137038 4.124924
41.641041 2 9.773967 22.091739 4.136483 4.123146
41.741041 2 9.773965 22.259106 4.135928 4.121369
41.841041 2 9.773962 22.427740 4.135373 4.119591
41.941041 2 9.773960 22.597652 4.134818 4.117813
42.041041 2 9.773958 22.768851 4.134264 4.116036
42.141041 2 9.773955 22.941348 4.133709 4.114258
42.241041 2 9.773953 23.115151 4.133154 4.112481
42.341041 2 9.773950 23.290271 4.132599 4.110703
42.441041 2 9.773948 23.466717 4.132044 4.108925
42.541041 2 9.773946 23.644501 4.131489 4.107148
42.641041 2 9.773943 23.823631 4.130934 4.105370
42.741041 2 9.773941 24.004118 4.130380 4.103593
42.841041 2 9.773938 24.185973 4.129825 4.101815
42.941041 2 9.773936 24.369205 4.129270 4.100037
43.041041 2 9.773934 24.553826 4.128715 4.098260
43.141041 2 9.773932 24.739845 4.128160 4.096482
43.241041 2 9.773928 24.927270 4.127605 4.094705
43.341041 2 9.773925 25.116115 4.127050 4.092927
43.441041 2 9.773921 25.306391 4.126495 4.091149
43.541041 2 9.773917 25.498107 4.125940 4.089372
43.641041 2 9.773914 25.691276 4.125385 4.087594
43.741041 2 9.773910 25.885909 4.124830 4.085816
43.841041 2 9.773906 26.082016 4.124275 4.084039
43.941041 2 9.773903 26.279608 4.123720 4.082261
44.041041 2 9.773899 26.478697 4.123165 4.080484
44.141041 2 9.773895 26.679295 4.122610 4.078706
44.241041 2 9.773892 26.881411 4.122055 4.076928
44.341041 2 9.773888 27.085059 4.121500 4.075151
44.441041 2 9.773884 27.290250 4.120945 4.073373
44.541041 2 9.773881 27.496995 4.120390 4.071595
44.641041 2 9.773877 27.705306 4.119835 4.069818
44.741041 2 9.773873 27.915196 4.119280 4.068040
44.841041 2 9.773869 28.126675 4.118725 4.066263
44.941041 2 9.773865 28.339756 4.118170 4.064485
45.041041 2 9.773861 28.554451 4.117615 4.062707
45.141041 2 9.773858 28.770773 4.117060 4.060930
45.241041 2 9.773854 28.988733 4.116505 4.059152
45.341041 2 9.773850 29.208344 4.115949 4.057374
45.441041 2 9.773846 29.429619 4.115394 4.055597
45.541041 2 9.773842 29.652570 4.114839 4.053819
45.641041 2 9.773838 29.877210 4.114284 4.052042
45.741041 2 9.773834 30.103552 4.113729 4.050264
45.841041 2 9.773830 30.331608 4.113174 4.048486
45.941041 2 9.773826 30.561392 4.112619 4.046709
46.041041 2 9.773822 30.792916 4.112064 4.044931
46.141041 2 9.773818 31.026195 4.111509 4.043154
46.241041 2 9.773814 31.261240 4.110954 4.041376
46.341041 2 9.773810 31.498066 4.110399 4.039598
46.441041 2 9.773806 31.736686 4.109844 4.037821
46.541041 2 9.773802 31.977113 4.109289 4.036043
46.641041 2 9.773798 32.219362 4.108733 4.034265
46.741041 2 9.773793 32.463445 4.108178 4.032488
46.841041 2 9.773789 32.709378 4.107623 4.030710
46.941041 2 9.773785 32.957173 4.107068 4.028933
47.041041 2 9.773781 33.206846 4.106513 4.027155
47.141041 2 9.773777 33.458410 4.105958 4.025377
47.241041 2 9.773772 33.711879 4.105403 4.023600
47.341041 2 9.773768 33.967269 4.104848 4.021822
47.441041 2 9.773764 34.224593 4.104293 4.020045
47.541041 2 9.773760 34.483866 4.103737 4.018267
47.641041 2 9.773755 34.745103 4.103182 4.016489
47.741041 2 9.773751 35.008319 4.102627 4.014712
47.841041 2 9.773746 35.273529 4.102072 4.012934
47.941041 2 9.773742 35.540748 4.101517 4.011157
48.041041 2 9.773738 35.809991 4.100962 4.009379
48.141041 2 9.773733 36.081274 4.100407 4.007601
48.241041 2 9.773729 36.354611 4.099852 4.005824
48.341041 2 9.773724 36.630019 4.099296 4.004046
48.441041 2 9.773720 36.907513 4.098741 4.002268
48.541041 2 9.773715 37.187110 4.098186 4.000491
48.641041 2 9.773711 37.468824 4.097631 3.998713
48.741041 2 9.773706 37.752672 4.097076 3.996936
48.841041 2 9.773702 38.038670 4.096521 3.995158
48.941041 2 9.773697 38.326834 4.095966 3.993380
49.041041 2 9.773693 38.617182 4.095410 3.991603
49.141041 2 9.773688 38.909728 4.094855 3.989825
49.241041 2 9.773683 39.204491 4.094300 3.988048
49.341041 2 9.773679 39.501486 4.093745 3.986270
49.441041 2 9.773674 39.800731 4.093190 3.984492
49.541041 2 9.773669 40.102243 4.092635 3.982715
49.641041 2 9.773664 40.406039 4.092079 3.980937
49.741041 2 9.773660 40.712135 4.091524 3.979160
49.841041 2 9.773655 41.020551 4.090969 3.977382
49.941041 2 9.773650 41.331302 4.090414 3.975604
50.041041 2 9.773645 41.644408 4.089859 3.973827
50.141041 2 9.773640 41.959885 4.089303 3.972049
50.241041 2 9.773636 42.277752 4.088748 3.970272
50.341041 2 9.773631 42.598026 4.088193 3.968494
50.441041 2 9.773626 42.920727 4.087638 3.966716
50.541041 2 9.773621 43.245872 4.087083 3.964939
50.641041 2 9.773616 43.573479 4.086527 3.963161
50.741041 2 9.773611 43.903569 4.085972 3.961384
50.841041 2 9.773606 44.236158 4.085417 3.959606
50.941041 2 9.773601 44.571267 4.084862 3.957829
51.041041 2 9.773596 44.908914 4.084307 3.956051
51.141041 2 9.773591 45.249119 4.083751 3.954273
51.241041 2 9.773586 45.591900 4.083196 3.952496
51.341041 2 9.773581 45.937278 4.082641 3.950718
51.441041 2 9.773576 46.285272 4.082086 3.948941
51.541041 2 9.773570 46.635902 4.081530 3.947163
51.641041 2 9.773565 46.989188 4.080975 3.945385
51.741041 2 9.773560 47.345150 4.080420 3.943608
51.841041 2 9.773555 47.703808 4.079865 3.941830
51.941041 2 9.773549 48.065183 4.079309 3.940053
52.041041 2 9.773544 48.429295 4.078754 3.938275
52.141041 2 9.773539 48.796165 4.078199 3.936497
52.241041 2 9.773534 49.165813 4.077644 3.934720
52.341041 2 9.773528 49.538262 4.077088 3.932942
52.441041 2 9.773523 49.913532 4.076533 3.931165
52.541041 2 9.773517 50.291644 4.075978 3.929387
52.641041 2 9.773512 50.672620 4.075423 3.927610
52.741041 2 9.773507 51.056482 4.074867 3.925832
52.841041 2 9.773501 51.443252 4.074312 3.924054
52.941041 2 9.773496 51.832950 4.073757 3.922277
53.041041 2 9.773490 52.225601 4.073201 3.920499
53.141041 2 9.773485 52.621226 4.072646 3.918722
53.241041 2 9.773479 53.019847 4.072091 3.916944
53.341041 2 9.773473 53.421488 4.071536 3.915166
53.441041 2 9.773468 53.826171 4.070980 3.913389
53.541041 2 9.773462 54.233919 4.070425 3.911611
53.641041 2 9.773456 54.644755 4.069870 3.909834
53.741041 2 9.773451 55.058704 4.069314 3.908056
53.841041 2 9.773445 55.475787 4.068759 3.906279
53.941041 2 9.773439 55.896030 4.068204 3.904501
54.041041 2 9.773433 56.319456 4.067648 3.902723
54.141041 2 9.773428 56.746088 4.067093 3.900946
54.241041 2 9.773422 57.175953 4.066538 3.899168
54.341041 2 9.773416 57.609073 4.065982 3.897391
54.441041 2 9.773410 58.045474 4.065427 3.895613
54.541041 2 9.773404 58.485180 4.064872 3.893836
54.641041 2 9.773398 58.928216 4.064316 3.892058
54.741041 2 9.773392 59.374608 4.063761 3.890280
54.841041 2 9.773386 59.824382 4.063206 3.888503
54.941041 2 9.773380 60.277561 4.062650 3.886725
55.041041 2 9.773374 60.734174 4.062095 3.884948
55.141041 2 9.773368 61.194244 4.061540 3.883170
55.241041 2 9.773362 61.657800 4.060984 3.881393
55.341041 2 9.773356 62.124866 4.060429 3.879615
55.441041 2 9.773350 62.595470 4.059873 3.877837
55.541041 2 9.773344 63.069638 4.059318 3.876060
55.641041 2 9.773337 63.547398 4.058763 3.874282
55.741041 2 9.773331 64.028776 4.058207 3.872505
55.841041 2 9.773325 64.513800 4.057652 3.870727
55.941041 2 9.773319 65.002498 4.057097 3.868950
56.041041 2 9.773312 65.494897 4.056541 3.867172
56.141041 2 9.773306 65.991026 4.055986 3.865395
56.241041 2 9.773300 66.490912 4.055430 3.863617
56.341041 2 9.773293 66.994585 4.054875 3.861839
56.441041 2 9.773287 67.502072 4.054319 3.860062
56.541041 2 9.773280 68.013402 4.053764 3.858284
56.641041 2 9.773274 68.528606 4.053209 3.856507
56.741041 2 9.773267 69.047712 4.052653 3.854729
56.841041 2 9.773261 69.570749 4.052098 3.852952
56.941041 2 9.773254 70.097748 4.051542 3.851174
57.041041 2 9.773247 70.628738 4.050987 3.849397
57.141041 2 9.773241 71.163750 4.050431 3.847619
57.241041 2 9.773234 71.702813 4.049876 3.845841
57.341041 2 9.773227 72.245960 4.049321 3.844064
57.441041 2 9.773221 72.793220 4.048765 3.842286
57.541041 2 9.773214 73.344625 4.048210 3.840509
57.641041 2 9.773207 73.900206 4.047654 3.838731
57.741041 2 9.773200 74.459996 4.047099 3.836954
57.841041 2 9.773193 75.024024 4.046543 3.835176
57.941041 2 9.773186 75.592325 4.045988 3.833399
58.041041 2 9.773180 76.164929 4.045432 3.831621
58.141041 2 9.773173 76.741871 4.044877 3.829844
58.241041 2 9.773166 77.323182 4.044321 3.828066
58.341041 2 9.773159 77.908895 4.043766 3.826288
58.441041 2 9.773152 78.499045 4.043210 3.824511
58.541041 2 9.773144 79.093664 4.042655 3.822733
58.641041 2 9.773137 79.692786 4.042099 3.820956
58.741041 2 9.773130 80.296446 4.041544 3.819178
58.841041 2 9.773123 80.904678 4.040988 3.817401
58.941041 2 9.773116 81.517517 4.040433 3.815623
59.041041 2 9.773109 82.134996 4.039877 3.813846
59.141041 2 9.773101 82.757152 4.039322 3.812068
59.241041 2 9.773094 83.384020 4.038766 3.810291
59.341041 2 9.773087 84.015636 4.038211 3.808513
59.441041 2 9.773079 84.652035 4.037655 3.806736
59.541041 2 9.773072 85.293254 4.037099 3.804958
59.641041 2 9.773064 85.939329 4.036544 3.803181
59.741041 2 9.773057 86.590297 4.035988 3.801403
59.841041 2 9.773049 87.246195 4.035433 3.799626
59.941041 2 9.773042 87.907060 4.034877 3.797848
60.041041 2 9.773034 88.572930 4.034322 3.796070
60.141041 2 9.773027 89.243844 4.033766 3.794293
60.241041 2 9.773019 89.919838 4.033211 3.792515
60.341041 2 9.773011 90.600951 4.032655 3.790738
60.441041 2 9.773004 91.287223 4.032099 3.788960
60.541041 2 9.772996 91.978693 4.031544 3.787183
60.641041 2 9.772988 92.675398 4.030988 3.785405
60.741041 2 9.772980 93.377381 4.030433 3.783628
60.841041 2 9.772972 94.084679 4.029877 3.781850
60.941041 2 9.772964 94.797334 4.029321 3.780073
61.041041 2 9.772957 95.515386 4.028766 3.778295
61.141041 2 9.772949 96.238876 4.028210 3.776518
61.241041 2 9.772941 96.967845 4.027654 3.774740
61.341041 2 9.772933 97.702334 4.027099 3.772963
61.441041 2 9.772924 98.442386 4.026543 3.771185
61.541041 2 9.772916 99.188043 4.025987 3.769408
61.641041 2 9.772908 99.939346 4.025432 3.767630
61.741041 2 9.772900 100.696339 4.024876 3.765853
61.841041 2 9.772892 101.459064 4.024321 3.764075
61.941041 2 9.772883 102.227566 4.023765 3.762298
62.041041 2 9.772875 103.001887 4.023209 3.760520
62.141041 2 9.772867 103.782073 4.022653 3.758743
62.241041 2 9.772858 104.568166 4.022098 3.756965
62.341041 2 9.772850 105.360213 4.021542 3.755188
62.441041 2 9.772842 106.158258 4.020986 3.753410
62.541041 2 9.772833 106.962346 4.020431 3.751633
62.641041 2 9.772825 107.772523 4.019875 3.749855
62.741041 2 9.772816 108.588836 4.019319 3.748078
62.841041 2 9.772807 109.411331 4.018764 3.746300
62.941041 2 9.772799 110.240054 4.018208 3.744523
63.041041 2 9.772790 111.075052 4.017652 3.742745
63.141041 2 9.772781 111.916374 4.017096 3.740968
63.241041 2 9.772773 112.764068 4.016541 3.739190
63.341041 2 9.772764 113.618180 4.015985 3.737413
63.441041 2 9.772755 114.478760 4.015429 3.735635
63.541041 2 9.772746 115.345858 4.014873 3.733858
63.641041 2 9.772737 116.219521 4.014318 3.732080
63.741041 2 9.772728 117.099800 4.013762 3.730303
63.841041 2 9.772719 117.986746 4.013206 3.728525
63.941041 2 9.772710 118.880407 4.012650 3.726748
64.041041 2 9.772701 119.780836 4.012095 3.724971
64.141041 2 9.772692 120.688084 4.011539 3.723193
64.241041 2 9.772683 121.602201 4.010983 3.721416
64.341041 2 9.772674 122.523241 4.010427 3.719638
64.441041 2 9.772664 123.451255 4.009871 3.717861
64.541041 2 9.772655 124.386297 4.009316 3.716083
64.641041 2 9.772646 125.328419 4.008760 3.714306
64.741041 2 9.772636 126.277675 4.008204 3.712528
64.841041 2 9.772627 127.234120 4.007648 3.710751
64.941041 2 9.772617 128.197806 4.007092 3.708973
65.041041 2 9.772608 129.168791 4.006536 3.707196
65.141041 2 9.772598 130.147127 4.005981 3.705418
65.241041 2 9.772589 131.132872 4.005425 3.703641
65.341041 2 9.772579 132.126081 4.004869 3.701864
65.441041 2 9.772569 133.126811 4.004313 3.700086
65.541041 2 9.772560 134.135119 4.003757 3.698309
65.641041 2 9.772550 135.151062 4.003201 3.696531
65.741041 2 9.772540 136.174697 4.002645 3.694754
65.841041 2 9.772530 137.206084 4.002089 3.692976
65.941041 2 9.772520 138.245281 4.001534 3.691199
66.041041 2 9.772510 139.292346 4.000978 3.689421
66.141041 2 9.772500 140.347340 4.000422 3.687644
66.241041 2 9.772490 141.410322 3.999866 3.685866
66.341041 2 9.772480 142.481353 3.999310 3.684089
66.441041 2 9.772470 143.560493 3.998754 3.682312
66.541041 2 9.772460 144.647805 3.998198 3.680534
66.641041 2 9.772450 145.743351 3.997642 3.678757
66.741041 2 9.772440 146.847191 3.997086 3.676979
66.841041 2 9.772429 147.959389 3.996530 3.675202
66.941041 2 9.772419 149.080009 3.995974 3.673424
67.041041 2 9.772408 150.209114 3.995418 3.671647
67.141041 2 9.772398 151.346768 3.994862 3.669870
67.241041 2 9.772387 152.493037 3.994306 3.668092
67.341041 2 9.772377 153.647984 3.993750 3.666315
67.441041 2 9.772366 154.811677 3.993194 3.664537
67.541041 2 9.772356 155.984180 3.992638 3.662760
67.641041 2 9.772345 157.165562 3.992082 3.660982
67.741041 2 9.772334 158.355888 3.991526 3.659205
67.841041 2 9.772323 159.555227 3.990970 3.657428
67.941041 2 9.772313 160.763647 3.990414 3.655650
68.041041 2 9.772302 161.981216 3.989858 3.653873
68.141041 2 9.772291 163.208004 3.989302 3.652095
68.241041 2 9.772280 164.444081 3.988746 3.650318
68.341041 2 9.772269 165.689517 3.988190 3.648541
68.441041 2 9.772258 166.944382 3.987634 3.646763
68.541041 2 9.772247 168.208749 3.987078 3.644986
68.641041 2 9.772235 169.482688 3.986522 3.643208
68.741041 2 9.772224 170.766273 3.985966 3.641431
68.841041 2 9.772213 172.059577 3.985410 3.639654
68.941041 2 9.772201 173.362672 3.984854 3.637876
69.041041 2 9.772190 174.675633 3.984298 3.636099
69.141041 2 9.772179 175.953991 3.983760 3.634381
69.241041 2 9.772171 176.918892 3.983357 3.633093
69.341041 2 9.772158 178.376173 3.982752 3.631160
69.441041 3 9.772146 179.845976 3.982150 3.629228
69.541041 3 9.772133 181.463372 3.987606 3.628647
69.641041 3 9.772132 181.616737 3.988120 3.628593
69.741041 3 9.772120 183.250342 3.993576 3.628012
69.841041 3 9.772108 184.898899 3.999032 3.627431
69.941041 3 9.772095 186.562548 4.004488 3.626850
70.041041 3 9.772082 188.241428 4.009944 3.626269
70.141041 3 9.772069 189.935680 4.015400 3.625687
70.241041 3 9.772056 191.645445 4.020856 3.625105
70.341041 3 9.772043 193.370867 4.026312 3.624523
70.441041 3 9.772029 195.112091 4.031768 3.623941
70.541041 3 9.772016 196.869262 4.037224 3.623358
70.641041 3 9.772002 198.642529 4.042680 3.622775
70.741041 3 9.771988 200.432039 4.048136 3.622191
70.841041 3 9.771974 202.237943 4.053592 3.621607
70.941041 3 9.771960 204.060392 4.059048 3.621023
71.041041 3 9.771945 205.899540 4.064504 3.620439
71.141041 3 9.771930 207.755540 4.069960 3.619854
71.241041 3 9.771916 209.628549 4.075416 3.619269
71.341041 3 9.771900 211.518724 4.080872 3.618684
71.441041 3 9.771885 213.426222 4.086328 3.618099
71.541041 3 9.771870 215.351206 4.091784 3.617513
71.641041 3 9.771854 217.293835 4.097240 3.616927
71.741041 3 9.771838 219.254273 4.102696 3.616341
71.841041 3 9.771822 221.232686 4.108152 3.615754
71.941041 3 9.771806 223.229238 4.113608 3.615167
72.041041 3 9.771789 225.244098 4.119064 3.614580
72.141041 3 9.771773 227.277435 4.124520 3.613993
72.241041 3 9.771756 229.329421 4.129976 3.613405
72.341041 3 9.771739 231.400226 4.135433 3.612817
72.441041 3 9.771721 233.490026 4.140889 3.612229
72.541041 3 9.771704 235.598996 4.146345 3.611640
72.641041 3 9.771686 237.727314 4.151801 3.611051
72.741041 3 9.771668 239.875157 4.157257 3.610462
72.841041 3 9.771650 242.042708 4.162713 3.609873
72.941041 3 9.771631 244.230148 4.168169 3.609283
73.041041 3 9.771612 246.437661 4.173625 3.608693
73.141041 3 9.771593 248.665433 4.179081 3.608103
73.241041 3 9.771574 250.913651 4.184537 3.607513
73.341041 3 9.771555 253.182505 4.189993 3.606922
73.441041 3 9.771535 255.472185 4.195449 3.606331
73.541041 3 9.771515 257.782885 4.200905 3.605740
73.641041 3 9.771495 260.114797 4.206361 3.605148
73.741041 3 9.771474 262.468120 4.211817 3.604556
73.841041 3 9.771453 264.843050 4.217273 3.603964
73.941041 3 9.771432 267.239789 4.222729 3.603372
74.041041 3 9.771411 269.658537 4.228185 3.602780
74.141041 3 9.771389 272.099498 4.233641 3.602187
74.241041 3 9.771368 274.562879 4.239097 3.601594
74.341041 3 9.771345 277.048885 4.244553 3.601001
74.441041 3 9.771323 279.557728 4.250009 3.600407
74.541041 3 9.771300 282.089618 4.255465 3.599813
74.641041 3 9.771277 284.644769 4.260921 3.599219
74.741041 3 9.771254 287.223395 4.266377 3.598625
74.841041 3 9.771230 289.825714 4.271833 3.598030
74.941041 3 9.771206 292.451947 4.277289 3.597435
75.041041 3 9.771182 295.102313 4.282745 3.596840
75.141041 3 9.771158 297.777036 4.288201 3.596245
75.241041 3 9.771133 300.476342 4.293657 3.595650
75.341041 3 9.771108 303.200459 4.299113 3.595054
75.441041 3 9.771082 305.949616 4.304569 3.594458
75.541041 3 9.771056 308.724044 4.310025 3.593862
75.641041 3 9.771030 311.523979 4.315481 3.593265
75.741041 3 9.771004 314.349657 4.320937 3.592668
75.841041 3 9.770977 317.201315 4.326393 3.592071
75.941041 3 9.770950 320.079194 4.331849 3.591474
76.041041 3 9.770922 322.983537 4.337305 3.590877
76.141041 3 9.770894 325.914590 4.342761 3.590279
76.241041 3 9.770866 328.872599 4.348217 3.589681
76.341041 3 9.770837 331.857814 4.353673 3.589083
76.441041 3 9.770808 334.870488 4.359129 3.588484
76.541041 3 9.770779 337.910874 4.364585 3.587886
76.641041 3 9.770749 340.979230 4.370041 3.587287
76.741041 4 9.770732 342.777987 4.373216 3.586938
76.841041 4 9.770701 342.751175 4.373168 3.586943
76.941041 4 9.770670 342.724639 4.373121 3.586948
77.041041 4 9.770663 342.718974 4.373111 3.586949
77.141041 4 9.768128 340.556198 4.369230 3.587354
77.241041 4 9.765634 338.445944 4.365420 3.587751
77.341041 4 9.763179 336.387060 4.361679 3.588141
77.441041 4 9.760762 334.378420 4.358007 3.588523
77.541041 4 9.758382 332.418930 4.354403 3.588898
77.641041 4 9.756038 330.507523 4.350866 3.589266
77.741041 4 9.753728 328.643162 4.347396 3.589627
77.841041 4 9.751451 326.824834 4.343992 3.589981
77.941041 4 9.749207 325.051555 4.340654 3.590328
78.041041 4 9.746994 323.322365 4.337381 3.590668
78.141041 4 9.744811 321.636327 4.334171 3.591001
78.241041 4 9.742657 319.992530 4.331026 3.591327
78.341041 4 9.738405 316.828457 4.324923 3.591959
78.441041 4 9.734261 313.822933 4.319066 3.592565
78.541041 4 9.730217 310.969439 4.313452 3.593145
78.641041 4 9.726267 308.261771 4.308074 3.593699
78.741041 4 9.722405 305.694013 4.302927 3.594229
78.841041 4 9.718625 303.260527 4.298007 3.594734
78.941041 4 9.714922 300.955927 4.293308 3.595216
79.041041 4 9.711292 298.775068 4.288825 3.595675
79.141041 4 9.707728 296.713032 4.284553 3.596111
79.241041 4 9.704228 294.765109 4.280488 3.596524
79.341041 4 9.700787 292.926786 4.276623 3.596917
79.441041 4 9.697401 291.193734 4.272954 3.597288
79.541041 4 9.694066 289.561798 4.269476 3.597639
79.641041 4 9.690780 288.026980 4.266184 3.597970
79.741041 4 9.684297 285.233920 4.260135 3.598574
79.841041 4 9.677976 282.784871 4.254768 3.599105
79.941041 4 9.671795 280.652637 4.250042 3.599566
80.041041 4 9.665734 278.811693 4.245916 3.599964
80.141041 4 9.659778 277.237954 4.242349 3.600301
80.241041 4 9.653909 275.908557 4.239301 3.600583
80.341041 4 9.648114 274.801673 4.236730 3.600813
80.441041 4 9.642380 273.896336 4.234597 3.600997
80.541041 4 9.636697 273.172288 4.232860 3.601137
80.641041 4 9.631055 272.609850 4.231478 3.601239
80.741041 4 9.625446 272.189795 4.230412 3.601308
80.841041 4 9.619860 271.893247 4.229619 3.601346
80.941041 4 9.614293 271.701589 4.229060 3.601360
81.041041 4 9.608738 271.596383 4.228694 3.601352
81.141041 4 9.603192 271.559309 4.228480 3.601328
81.241041 4 9.597649 271.572106 4.228377 3.601292
81.341041 4 9.592109 271.616539 4.228344 3.601248
81.441041 4 9.589339 271.644919 4.228341 3.601225
81.541041 4 9.587954 270.798796 4.234276 3.603386
81.641041 4 9.587779 269.402575 4.237082 3.605210
81.741041 4 9.587602 268.015998 4.238943 3.606796
81.841041 4 9.587426 266.638984 4.240411 3.608282
81.941041 4 9.587249 265.271455 4.241650 3.609708
82.041041 4 9.587073 263.913333 4.242737 3.611094
82.141041 4 9.586897 262.564544 4.243713 3.612451
82.241041 4 9.586721 261.225011 4.244604 3.613784
82.341041 4 9.586545 259.894663 4.245427 3.615099
82.441041 4 9.586370 258.573424 4.246194 3.616397
82.541041 4 9.586194 257.261224 4.246915 3.617682
82.641041 4 9.586020 255.957989 4.247597 3.618955
82.741041 4 9.585846 254.663650 4.248243 3.620218
82.841041 4 9.585672 253.378136 4.248860 3.621471
82.941041 4 9.585498 252.101376 4.249450 3.622716
83.041041 4 9.585325 250.833303 4.250017 3.623952
83.141041 4 9.585152 249.573847 4.250562 3.625181
83.241041 4 9.584808 247.080520 4.251596 3.627620
83.341041 4 9.584465 244.620857 4.252565 3.630035
83.441041 4 9.584124 242.194330 4.253479 3.632428
83.541041 4 9.583785 239.800424 4.254346 3.634802
83.641041 4 9.583448 237.438630 4.255171 3.637158
83.741041 4 9.583113 235.108450 4.255960 3.639496
83.841041 4 9.582780 232.809395 4.256717 3.641819
83.941041 4 9.582449 230.540982 4.257444 3.644128
84.041041 4 9.582119 228.302738 4.258145 3.646421
84.141041 4 9.581792 226.094200 4.258823 3.648701
84.241041 4 9.581466 223.914909 4.259478 3.650969
84.341041 4 9.581143 221.764418 4.260113 3.653223
84.441041 4 9.580821 219.642286 4.260730 3.655465
84.541041 4 9.580501 217.548078 4.261330 3.657695
84.641041 4 9.580184 215.481370 4.261914 3.659914
84.741041 4 9.579868 213.441743 4.262483 3.662122
84.841041 4 9.579554 211.428785 4.263038 3.664318
84.941041 4 9.579242 209.442092 4.263580 3.666504
85.041041 4 9.578932 207.481266 4.264110 3.668679
85.141041 4 9.578623 205.545917 4.264628 3.670843
85.241041 4 9.578317 203.635661 4.265135 3.672997
85.341041 4 9.578013 201.750121 4.265633 3.675142
85.441041 4 9.577710 199.888925 4.266120 3.677276
85.541041 4 9.577409 198.051708 4.266598 3.679401
85.641041 4 9.577110 196.238113 4.267067 3.681516
85.741041 4 9.576813 194.447786 4.267528 3.683621
85.841041 4 9.576518 192.680381 4.267981 3.685717
85.941041 4 9.576224 190.935558 4.268427 3.687804
86.041041 4 9.575932 189.212981 4.268865 3.689881
86.141041 4 9.575643 187.512320 4.269296 3.691950
86.241041 4 9.575354 185.833252 4.269720 3.694009
86.341041 4 9.575068 184.175459 4.270138 3.696059
86.441041 4 9.574783 182.538627 4.270550 3.698101
86.541041 4 9.574500 180.922449 4.270956 3.700133
86.641041 4 9.574219 179.326621 4.271356 3.702157
86.741041 4 9.573939 177.750846 4.271750 3.704172
86.841041 4 9.573661 176.194830 4.272140 3.706179
86.941041 4 9.573385 174.658287 4.272524 3.708177
87.041041 4 9.573110 173.140932 4.272903 3.710166
87.141041 4 9.572838 171.642487 4.273277 3.712148
87.241041 4 9.572566 170.162678 4.273647 3.714120
87.341041 4 9.572296 168.701236 4.274012 3.716085
87.441041 4 9.572028 167.257895 4.274374 3.718041
87.541041 4 9.571762 165.832394 4.274730 3.719988
87.641041 4 9.571497 164.424478 4.275083 3.721928
87.741041 4 9.571233 163.033894 4.275432 3.723860
87.841041 4 9.570972 161.660393 4.275777 3.725783
87.941041 4 9.570711 160.303732 4.276118 3.727698
88.041041 4 9.570452 158.963671 4.276456 3.729606
88.141041 4 9.570195 157.639972 4.276790 3.731505
88.241041 4 9.569939 156.332404 4.277120 3.733396
88.341041 4 9.569685 155.040738 4.277448 3.735280
88.441041 4 9.569432 153.764748 4.277772 3.737155
88.541041 4 9.569181 152.504214 4.278093 3.739023
88.641041 4 9.568931 151.258918 4.278411 3.740883
88.741041 4 9.568682 150.028645 4.278726 3.742735
88.841041 4 9.568435 148.813184 4.279038 3.744579
88.941041 4 9.568190 147.612328 4.279347 3.746416
89.041041 4 9.567945 146.425872 4.279653 3.748245
89.141041 4 9.567702 145.253616 4.279957 3.750066
89.241041 4 9.567461 144.095362 4.280257 3.751880
89.341041 4 9.567221 142.950915 4.280556 3.753686
89.441041 4 9.566982 141.820083 4.280852 3.755485
89.541041 4 9.566744 140.702678 4.281145 3.757276
89.641041 4 9.566508 139.598515 4.281436 3.759059
89.741041 4 9.566273 138.507410 4.281724 3.760835
89.841041 4 9.566039 137.429185 4.282011 3.762604
89.941041 4 9.565807 136.363661 4.282295 3.764365
90.041041 4 9.565576 135.310666 4.282576 3.766119
90.141041 4 9.565346 134.270027 4.282856 3.767865
90.241041 4 9.565118 133.241576 4.283133 3.769604
90.341041 4 9.564890 132.225147 4.283409 3.771336
90.441041 4 9.564664 131.220575 4.283682 3.773060
90.541041 4 9.564440 130.227702 4.283953 3.774777
90.641041 4 9.564216 129.246366 4.284222 3.776487
90.741041 4 9.563993 128.276414 4.284490 3.778190
90.841041 4 9.563772 127.317691 4.284755 3.779885
90.941041 4 9.563552 126.370046 4.285019 3.781573
91.041041 4 9.563333 125.433329 4.285281 3.783254
91.141041 4 9.563115 124.507395 4.285541 3.784928
91.241041 4 9.562899 123.592100 4.285799 3.786595
91.341041 4 9.562683 122.687300 4.286055 3.788255
91.441041 4 9.562469 121.792856 4.286310 3.789907
91.541041 4 9.562256 120.908630 4.286563 3.791553
91.641041 4 9.562044 120.034487 4.286815 3.793191
91.741041 4 9.561833 119.170293 4.287065 3.794823
91.841041 4 9.561623 118.315916 4.287313 3.796447
91.941041 4 9.561414 117.471227 4.287560 3.798065
92.041041 4 9.561206 116.636097 4.287805 3.799675
92.141041 4 9.560999 115.810402 4.288048 3.801279
92.241041 4 9.560793 114.994018 4.288291 3.802876
92.341041 4 9.560589 114.186822 4.288531 3.804465
92.441041 4 9.560385 113.388695 4.288771 3.806048
92.541041 4 9.560182 112.599517 4.289009 3.807624
92.641041 4 9.559981 111.819174 4.289245 3.809194
92.741041 4 9.559780 111.047550 4.289480 3.810756
92.841041 4 9.559580 110.284531 4.289714 3.812312
92.941041 4 9.559382 109.530007 4.289946 3.813861
93.041041 4 9.559184 108.783868 4.290178 3.815403
93.141041 4 9.558987 108.046005 4.290407 3.816938
93.241041 4 9.558791 107.316313 4.290636 3.818467
93.341041 4 9.558596 106.594687 4.290863 3.819989
93.441041 4 9.558402 105.881022 4.291090 3.821504
93.541041 4 9.558209 105.175218 4.291314 3.823012
93.641041 4 9.558017 104.477174 4.291538 3.824514
93.741041 4 9.557826 103.786791 4.291761 3.826010
93.841041 4 9.557636 103.103972 4.291982 3.827498
93.941041 4 9.557447 102.428621 4.292202 3.828980
94.041041 4 9.557258 101.760644 4.292421 3.830456
94.141041 4 9.557071 101.099947 4.292639 3.831925
94.241041 4 9.556884 100.446438 4.292856 3.833387
94.341041 4 9.556698 99.800028 4.293072 3.834843
94.441041 4 9.556513 99.160626 4.293286 3.836293
94.541041 4 9.556329 98.528146 4.293500 3.837735
94.641041 4 9.556146 97.902501 4.293713 3.839172
94.741041 4 9.555963 97.283605 4.293924 3.840602
94.841041 4 9.555781 96.671374 4.294135 3.842025
94.941041 4 9.555601 96.065726 4.294344 3.843442
95.041041 4 9.555421 95.466578 4.294553 3.844853
95.141041 4 9.555241 94.873851 4.294760 3.846257
95.241041 4 9.555063 94.287465 4.294967 3.847655
95.341041 4 9.554885 93.707342 4.295173 3.849047
95.441041 4 9.554708 93.133405 4.295377 3.850432
95.541041 4 9.554532 92.565578 4.295581 3.851811
95.641041 4 9.554357 92.003786 4.295784 3.853184
95.741041 4 9.554182 91.447955 4.295986 3.854550
95.841041 4 9.554009 90.898013 4.296187 3.855910
95.941041 4 9.553836 90.353887 4.296387 3.857264
96.041041 4 9.553663 89.815508 4.296586 3.858611
96.141041 4 9.553492 89.282805 4.296784 3.859953
96.241041 4 9.553321 88.755710 4.296982 3.861288
96.341041 4 9.553151 88.234155 4.297179 3.862617
96.441041 4 9.552981 87.718073 4.297375 3.863940
96.541041 4 9.552813 87.207399 4.297570 3.865256
96.641041 4 9.552645 86.702067 4.297764 3.866567
96.741041 4 9.552477 86.202013 4.297957 3.867871
96.841041 4 9.552311 85.707175 4.298150 3.869169
96.941041 4 9.552145 85.217490 4.298341 3.870462
97.041041 4 9.551980 84.732897 4.298532 3.871748
97.141041 4 9.551815 84.253335 4.298723 3.873028
97.241041 4 9.551651 83.778745 4.298912 3.874302
97.341041 4 9.551488 83.309067 4.299101 3.875570
97.441041 4 9.551325 82.844245 4.299289 3.876832
97.541041 4 9.551163 82.384219 4.299476 3.878088
97.641041 4 9.551002 81.928936 4.299662 3.879337
97.741041 4 9.550841 81.478337 4.299848 3.880581
97.841041 4 9.550681 81.032369 4.300033 3.881820
97.941041 4 9.550522 80.590978 4.300217 3.883052
98.041041 4 9.550363 80.154110 4.300401 3.884278
98.141041 4 9.550205 79.721712 4.300584 3.885498
98.241041 4 9.550048 79.293733 4.300766 3.886713
98.341041 4 9.549891 78.870121 4.300948 3.887921
98.441041 4 9.549734 78.450826 4.301128 3.889124
98.541041 4 9.549578 78.035798 4.301308 3.890321
98.641041 4 9.549423 77.624988 4.301488 3.891512
98.741041 4 9.549269 77.218347 4.301667 3.892697
98.841041 4 9.549115 76.815828 4.301845 3.893876
98.941041 4 9.548961 76.417383 4.302023 3.895050
99.041041 4 9.548808 76.022966 4.302199 3.896218
99.141041 4 9.548656 75.632530 4.302376 3.897380
99.241041 4 9.548504 75.246032 4.302551 3.898537
99.341041 4 9.548353 74.863425 4.302726 3.899687
99.441041 4 9.548203 74.484666 4.302901 3.900832
99.541041 4 9.548052 74.109711 4.303075 3.901972
99.641041 4 9.547753 73.371044 4.303420 3.904233
99.741041 4 9.547456 72.647086 4.303764 3.906472
99.841041 4 9.547161 71.937510 4.304105 3.908689
99.941041 4 9.546869 71.241997 4.304444 3.910883
100.041041 4 9.546578 70.560236 4.304780 3.913056
100.141041 4 9.546289 69.891924 4.305114 3.915206
100.241041 4 9.546002 69.236767 4.305447 3.917334
100.341041 4 9.545717 68.594477 4.305777 3.919440
100.441041 4 9.545434 67.964776 4.306105 3.921525
100.541041 4 9.545152 67.347391 4.306430 3.923588
100.641041 4 9.544873 66.742056 4.306754 3.925629
100.741041 4 9.544595 66.148514 4.307076 3.927650
100.841041 4 9.544319 65.566511 4.307396 3.929649
100.941041 4 9.544045 64.995804 4.307714 3.931626
101.041041 4 9.543773 64.436151 4.308030 3.933583
101.141041 4 9.543502 63.887321 4.308344 3.935519
101.241041 4 9.543233 63.349086 4.308657 3.937435
101.341041 4 9.542965 62.821223 4.308967 3.939329
101.441041 4 9.542699 62.303518 4.309276 3.941203
101.541041 4 9.542434 61.795760 4.309583 3.943057
101.641041 4 9.542171 61.297742 4.309888 3.944890
101.741041 4 9.541910 60.809265 4.310192 3.946704
101.841041 4 9.541650 60.330134 4.310494 3.948497
101.941041 4 9.541391 59.860157 4.310794 3.950270
102.041041 4 9.541134 59.399149 4.311092 3.952024
102.141041 4 9.540878 58.946929 4.311389 3.953757
102.241041 4 9.540624 58.503319 4.311685 3.955472
102.341041 4 9.540371 58.068147 4.311979 3.957166
102.441041 4 9.540119 57.641244 4.312271 3.958842
102.541041 4 9.539868 57.222447 4.312562 3.960498
102.641041 4 9.539619 56.811594 4.312851 3.962135
102.741041 4 9.539371 56.408530 4.313139 3.963753
102.841041 4 9.539124 56.013100 4.313425 3.965352
102.941041 4 9.538879 55.625157 4.313710 3.966932
103.041041 4 9.538634 55.244554 4.313994 3.968494
103.141041 4 9.538391 54.871148 4.314276 3.970037
103.241041 4 9.538149 54.504802 4.314556 3.971562
103.341041 4 9.537908 54.145379 4.314836 3.973069
103.441041 4 9.537668 53.792748 4.315114 3.974557
103.541041 4 9.537430 53.446778 4.315390 3.976027
103.641041 4 9.537192 53.107343 4.315666 3.977480
103.741041 4 9.536955 52.774319 4.315940 3.978914
103.841041 4 9.536719 52.447587 4.316213 3.980331
103.941041 4 9.536485 52.127028 4.316484 3.981730
104.041041 4 9.536251 51.812527 4.316754 3.983112
104.141041 4 9.536018 51.503971 4.317023 3.984476
104.241041 4 9.535787 51.201251 4.317291 3.985823
104.341041 4 9.535556 50.904258 4.317558 3.987153
104.441041 4 9.535326 50.612889 4.317823 3.988466
104.541041 4 9.535097 50.327039 4.318088 3.989762
104.641041 4 9.534869 50.046609 4.318351 3.991041
104.741041 4 9.534641 49.771500 4.318613 3.992303
104.841041 4 9.534415 49.501616 4.318873 3.993549
104.941041 4 9.534189 49.236863 4.319133 3.994779
105.041041 4 9.533965 48.977150 4.319392 3.995992
105.141041 4 9.533741 48.722386 4.319649 3.997189
105.241041 4 9.533517 48.472483 4.319906 3.998369
105.341041 4 9.533295 48.227356 4.320161 3.999534
105.441041 4 9.532851 47.751094 4.320668 4.001816
105.541041 4 9.532411 47.292946 4.321172 4.004035
105.641041 4 9.531973 46.852289 4.321671 4.006193
105.741041 4 9.531538 46.428522 4.322166 4.008290
105.841041 4 9.531106 46.021072 4.322658 4.010327
105.941041 4 9.530676 45.629389 4.323145 4.012305
106.041041 4 9.530248 45.252944 4.323629 4.014224
106.141041 4 9.529823 44.891230 4.324109 4.016087
106.241041 4 9.529400 44.543759 4.324586 4.017894
106.341041 4 9.528979 44.210063 4.325059 4.019645
106.441041 4 9.528559 43.889693 4.325528 4.021341
106.541041 4 9.528142 43.582215 4.325995 4.022985
106.641041 4 9.527727 43.287213 4.326458 4.024575
106.741041 4 9.527313 43.004285 4.326917 4.026114
106.841041 4 9.526901 42.733045 4.327374 4.027602
106.941041 4 9.526491 42.473120 4.327827 4.029040
107.041041 4 9.526082 42.224151 4.328277 4.030429
107.141041 4 9.525675 41.985791 4.328725 4.031771
107.241041 4 9.525269 41.757705 4.329169 4.033065
107.341041 4 9.524864 41.539569 4.329610 4.034312
107.441041 4 9.524057 41.131908 4.330485 4.036672
107.541041 4 9.523254 40.760422 4.331348 4.038858
107.641041 4 9.522455 40.422872 4.332200 4.040877
107.741041 4 9.521659 40.117149 4.333042 4.042736
107.841041 4 9.520867 39.841263 4.333874 4.044443
107.941041 4 9.520077 39.593328 4.334696 4.046004
108.041041 4 9.519289 39.371550 4.335509 4.047427
108.141041 4 9.517717 38.999701 4.337108 4.049887
108.241041 4 9.516150 38.712854 4.338672 4.051881
108.341041 4 9.514586 38.499056 4.340203 4.053466
108.441041 4 9.513021 38.347032 4.341704 4.054701
108.541041 4 9.511455 38.246002 4.343175 4.055641
108.641041 4 9.509886 38.185522 4.344619 4.056346
108.741041 4 9.508312 38.155366 4.346036 4.056872
108.841041 4 9.506733 38.145428 4.347429 4.057276
108.941041 4 9.505148 38.145660 4.348797 4.057617
109.041041 4 9.503557 38.149249 4.350142 4.057933
109.141041 4 9.501960 38.162764 4.351465 4.058187
109.241041 4 9.500356 38.196263 4.352768 4.058322
109.341041 4 9.498745 38.259862 4.354050 4.058281
109.441041 4 9.497126 38.363804 4.355313 4.058008
109.541041 4 9.495498 38.518552 4.356557 4.057445
109.641041 4 9.493859 38.734908 4.357783 4.056535
109.741041 4 9.492206 39.024173 4.358993 4.055222
109.841041 4 9.490538 39.398327 4.360185 4.053448
109.941041 4 9.489694 39.621226 4.360776 4.052370
110.041041 4 9.488846 39.870266 4.361362 4.051156
110.141041 4 9.487991 40.147245 4.361944 4.049799
110.241041 4 9.487131 40.454054 4.362523 4.048290
110.341041 4 9.486263 40.792688 4.363098 4.046624
110.441041 4 9.485388 41.165259 4.363670 4.044793
110.541041 4 9.484506 41.574014 4.364237 4.042789
110.641041 4 9.484060 41.792702 4.364520 4.041720
110.741041 4 9.483612 42.021345 4.364802 4.040606
110.841041 4 9.483162 42.260267 4.365082 4.039445
110.941041 4 9.482710 42.509804 4.365362 4.038237
111.041041 4 9.482255 42.770303 4.365642 4.036980
111.141041 4 9.481797 43.042126 4.365920 4.035674
111.241041 4 9.481336 43.325644 4.366197 4.034317
111.341041 4 9.480873 43.621247 4.366474 4.032910
111.441041 4 9.480407 43.929336 4.366750 4.031451
111.541041 4 9.479938 44.250329 4.367024 4.029938
111.641041 4 9.479465 44.584659 4.367299 4.028372
111.741041 4 9.478990 44.932779 4.367572 4.026752
111.841041 4 9.478511 45.295158 4.367844 4.025076
111.941041 4 9.478028 45.672284 4.368116 4.023343
112.041041 4 9.477542 46.064666 4.368387 4.021553
112.141041 4 9.477052 46.472833 4.368657 4.019705
112.241041 4 9.476558 46.897338 4.368926 4.017798
112.341041 4 9.476061 47.338756 4.369195 4.015831
112.441041 4 9.475559 47.797688 4.369463 4.013803
112.541041 4 9.475052 48.274760 4.369730 4.011713
112.641041 4 9.474797 48.520302 4.369863 4.010645
112.741041 4 9.474541 48.770627 4.369996 4.009560
112.841041 4 9.474283 49.025821 4.370129 4.008460
112.941041 4 9.474024 49.285972 4.370262 4.007344
113.041041 4 9.473764 49.551171 4.370394 4.006212
113.141041 4 9.473503 49.821508 4.370527 4.005064
113.241041 4 9.473240 50.097079 4.370659 4.003899
113.341041 4 9.472976 50.377980 4.370791 4.002718
113.441041 4 9.472711 50.664310 4.370922 4.001520
113.541041 4 9.472444 50.956169 4.371054 4.000306
113.641041 4 9.472177 51.253660 4.371185 3.999074
113.741041 4 9.471907 51.556889 4.371317 3.997826
113.841041 4 9.471637 51.865964 4.371448 3.996561
113.941041 4 9.471365 52.180995 4.371578 3.995279
114.041041 4 9.471092 52.502094 4.371709 3.993980
114.141041 4 9.470817 52.829379 4.371840 3.992663
114.241041 4 9.470540 53.162966 4.371970 3.991328
114.341041 4 9.470262 53.502976 4.372100 3.989977
114.441041 4 9.469983 53.849535 4.372230 3.988607
114.541041 4 9.469702 54.202768 4.372360 3.987220
114.641041 4 9.469419 54.562806 4.372489 3.985815
114.741041 4 9.469135 54.929780 4.372619 3.984391
114.841041 4 9.468849 55.303829 4.372748 3.982950
114.941041 4 9.468562 55.685090 4.372877 3.981490
115.041041 4 9.468273 56.073706 4.373006 3.980012
115.141041 4 9.467982 56.469824 4.373135 3.978516
115.241041 4 9.467689 56.873594 4.373263 3.977001
115.341041 4 9.467394 57.285169 4.373392 3.975467
115.441041 4 9.467098 57.704705 4.373520 3.973915
115.541041 4 9.466800 58.132365 4.373648 3.972344
115.641041 4 9.466499 58.568313 4.373776 3.970753
115.741041 4 9.466197 59.012718 4.373904 3.969144
115.841041 4 9.465893 59.465754 4.374031 3.967515
115.941041 4 9.465587 59.927597 4.374159 3.965867
116.041041 4 9.465279 60.398431 4.374286 3.964199
116.141041 4 9.464969 60.878441 4.374413 3.962512
116.241041 4 9.464657 61.367820 4.374540 3.960805
116.341041 4 9.464342 61.866762 4.374667 3.959079
116.441041 4 9.464026 62.375470 4.374793 3.957332
116.541041 4 9.463707 62.894150 4.374920 3.955565
116.641041 4 9.463386 63.423013 4.375046 3.953779
116.741041 4 9.463062 63.962276 4.375172 3.951972
116.841041 4 9.462737 64.512161 4.375298 3.950144
116.941041 4 9.462409 65.072898 4.375424 3.948296
117.041041 4 9.462078 65.644719 4.375549 3.946428
117.141041 4 9.461745 66.227867 4.375675 3.944539
117.241041 4 9.461410 66.822586 4.375800 3.942629
117.341041 4 9.461072 67.429130 4.375925 3.940698
117.441041 4 9.460731 68.047759 4.376050 3.938746
117.541041 4 9.460388 68.678739 4.376175 3.936773
117.641041 4 9.460042 69.322344 4.376299 3.934779
117.741041 4 9.459693 69.978855 4.376424 3.932763
117.841041 4 9.459341 70.648560 4.376548 3.930726
117.941041 4 9.458987 71.331755 4.376672 3.928667
118.041041 4 9.458630 72.028744 4.376796 3.926587
118.141041 4 9.458269 72.739840 4.376920 3.924484
118.241041 4 9.457906 73.465362 4.377044 3.922360
118.341041 4 9.457723 73.833637 4.377106 3.921290
118.441041 4 9.457539 74.205643 4.377167 3.920214
118.541041 4 9.457354 74.581422 4.377229 3.919133
118.641041 4 9.457169 74.961018 4.377291 3.918046
118.741041 4 9.456983 75.344474 4.377353 3.916953
118.841041 4 9.456795 75.731835 4.377414 3.915855
118.941041 4 9.456608 76.123146 4.377476 3.914751
119.041041 4 9.456419 76.518451 4.377537 3.913642
119.141041 4 9.456229 76.917799 4.377599 3.912527
119.241041 4 9.456039 77.321234 4.377660 3.911406
119.341041 4 9.455848 77.728804 4.377722 3.910280
119.441041 4 9.455656 78.140559 4.377783 3.909148
119.541041 4 9.455463 78.556546 4.377844 3.908010
119.641041 4 9.455269 78.976814 4.377906 3.906867
119.741041 4 9.455074 79.401415 4.377967 3.905718
119.841041 4 9.454879 79.830398 4.378028 3.904563
119.941041 4 9.454682 80.263815 4.378089 3.903403
120.041041 4 9.454485 80.701719 4.378150 3.902237
120.141041 4 9.454286 81.144162 4.378211 3.901065
120.241041 4 9.454087 81.591198 4.378273 3.899887
120.341041 4 9.453887 82.042882 4.378334 3.898703
120.441041 4 9.453686 82.499269 4.378395 3.897514
120.541041 4 9.453484 82.960414 4.378456 3.896319
120.641041 4 9.453281 83.426374 4.378516 3.895118
120.741041 4 9.453078 83.897208 4.378577 3.893911
120.841041 4 9.452873 84.372972 4.378638 3.892698
120.941041 4 9.452667 84.853728 4.378699 3.891480
121.041041 4 9.452460 85.339533 4.378760 3.890255
121.141041 4 9.452252 85.830450 4.378820 3.889025
121.241041 4 9.452044 86.326541 4.378881 3.887789
121.341041 4 9.451834 86.827866 4.378942 3.886546
121.441041 4 9.451623 87.334491 4.379002 3.885298
121.541041 4 9.451411 87.846480 4.379063 3.884044
121.641041 4 9.451198 88.363898 4.379124 3.882784
121.741041 4 9.450984 88.886810 4.379184 3.881518
121.841041 4 9.450769 89.415285 4.379245 3.880246
121.941041 4 9.450553 89.949391 4.379305 3.878968
122.041041 4 9.450336 90.489196 4.379365 3.877684
122.141041 4 9.450118 91.034771 4.379426 3.876393
122.241041 4 9.449898 91.586187 4.379486 3.875097
122.341041 4 9.449678 92.143516 4.379546 3.873795
122.441041 4 9.449456 92.706831 4.379607 3.872486
122.541041 4 9.449234 93.276207 4.379667 3.871172
122.641041 4 9.449010 93.851719 4.379727 3.869851
122.741041 4 9.448785 94.433443 4.379787 3.868524
122.841041 4 9.448559 95.021457 4.379847 3.867192
122.941041 4 9.448331 95.615840 4.379908 3.865853
123.041041 4 9.448103 96.216672 4.379968 3.864507
123.141041 4 9.447873 96.824033 4.380028 3.863156
123.241041 4 9.447642 97.438005 4.380088 3.861798
123.341041 4 9.447410 98.058673 4.380148 3.860434
123.441041 4 9.447176 98.686121 4.380207 3.859064
123.541041 4 9.446942 99.320434 4.380267 3.857688
123.641041 4 9.446706 99.961701 4.380327 3.856306
123.741041 4 9.446468 100.610008 4.380387 3.854917
123.841041 4 9.446230 101.265447 4.380447 3.853522
123.941041 4 9.445990 101.928107 4.380506 3.852120
124.041041 4 9.445749 102.598083 4.380566 3.850712
124.141041 4 9.445507 103.275466 4.380626 3.849298
124.241041 4 9.445263 103.960354 4.380685 3.847878
124.341041 4 9.445018 104.652841 4.380745 3.846451
124.441041 4 9.444771 105.353027 4.380805 3.845018
124.541041 4 9.444523 106.061010 4.380864 3.843579
124.641041 4 9.444274 106.776893 4.380924 3.842133
124.741041 4 9.444023 107.500777 4.380983 3.840681
124.841041 4 9.443771 108.232767 4.381042 3.839222
124.941041 4 9.443518 108.972968 4.381102 3.837757
125.041041 4 9.443263 109.721488 4.381161 3.836285
125.141041 4 9.443007 110.478435 4.381220 3.834807
125.241041 4 9.442749 111.243920 4.381280 3.833322
125.341041 4 9.442489 112.018056 4.381339 3.831831
125.441041 4 9.442228 112.800956 4.381398 3.830334
125.541041 4 9.441966 113.592736 4.381457 3.828830
125.641041 4 9.441702 114.393513 4.381517 3.827319
125.741041 4 9.441437 115.203407 4.381576 3.825802
125.841041 4 9.441170 116.022539 4.381635 3.824278
125.941041 4 9.440901 116.851032 4.381694 3.822748
126.041041 4 9.440631 117.689010 4.381753 3.821211
126.141041 4 9.440359 118.536601 4.381812 3.819667
126.241041 4 9.440085 119.393933 4.381871 3.818117
126.341041 4 9.439810 120.261136 4.381930 3.816560
126.441041 4 9.439534 121.138344 4.381988 3.814997
126.541041 4 9.439255 122.025692 4.382047 3.813427
126.641041 4 9.438975 122.923316 4.382106 3.811850
126.741041 4 9.438693 123.831355 4.382165 3.810266
126.841041 4 9.438410 124.749951 4.382224 3.808676
126.941041 4 9.438124 125.679247 4.382282 3.807079
127.041041 4 9.437837 126.619388 4.382341 3.805476
127.141041 4 9.437548 127.570523 4.382400 3.803865
127.241041 4 9.437258 128.532801 4.382458 3.802248
127.341041 4 9.436965 129.506376 4.382517 3.800624
127.441041 4 9.436671 130.491402 4.382575 3.798993
127.541041 4 9.436374 131.488038 4.382634 3.797356
127.641041 4 9.436076 132.496442 4.382692 3.795712
127.741041 4 9.435776 133.516778 4.382751 3.794060
127.841041 4 9.435474 134.549210 4.382809 3.792402
127.941041 4 9.435171 135.593907 4.382867 3.790737
128.041041 4 9.434865 136.651038 4.382926 3.789066
128.141041 4 9.434557 137.720777 4.382984 3.787387
128.241041 4 9.434247 138.803299 4.383042 3.785701
128.341041 4 9.433935 139.898784 4.383101 3.784009
128.441041 4 9.433622 141.007413 4.383159 3.782309
128.541041 4 9.433306 142.129370 4.383217 3.780603
128.641041 4 9.432988 143.264843 4.383275 3.778890
128.741041 4 9.432667 144.414022 4.383333 3.777169
128.841041 4 9.432345 145.577101 4.383391 3.775442
128.941041 4 9.432021 146.754277 4.383449 3.773708
129.041041 4 9.431694 147.945749 4.383507 3.771966
129.141041 4 9.431365 149.151721 4.383565 3.770218
129.241041 4 9.431034 150.372399 4.383623 3.768462
129.341041 4 9.430701 151.607992 4.383681 3.766700
129.441041 4 9.430366 152.858715 4.383739 3.764930
129.541041 4 9.430028 154.124783 4.383797 3.763154
129.641041 4 9.429688 155.406417 4.383855 3.761370
129.741041 4 9.429345 156.703841 4.383912 3.759579
129.841041 4 9.429001 158.017283 4.383970 3.757781
129.941041 4 9.428653 159.346973 4.384028 3.755976
130.041041 4 9.428304 160.693147 4.384086 3.754163
130.141041 4 9.427952 162.056044 4.384143 3.752344
130.241041 4 9.427597 163.435907 4.384201 3.750517
130.341041 4 9.427240 164.832983 4.384258 3.748683
130.441041 4 9.426880 166.247523 4.384316 3.746842
130.541041 4 9.426518 167.679782 4.384373 3.744994
130.641041 4 9.426153 169.130019 4.384431 3.743138
130.741041 4 9.425786 170.598500 4.384488 3.741275
130.841041 4 9.425416 172.085491 4.384546 3.739405
130.941041 4 9.425043 173.591266 4.384603 3.737527
131.041041 4 9.424668 175.116103 4.384661 3.735643
131.141041 4 9.424290 176.660282 4.384718 3.733751
131.241041 4 9.423909 178.224092 4.384775 3.731851
131.341041 4 9.423526 179.807823 4.384833 3.729944
131.441041 4 9.423139 181.411773 4.384890 3.728030
131.541041 4 9.422750 183.036243 4.384947 3.726109
131.641041 4 9.422358 184.681539 4.385004 3.724180
131.741041 4 9.421963 186.347973 4.385061 3.722244
131.841041 4 9.421565 188.035864 4.385118 3.720300
131.941041 4 9.421163 189.745533 4.385176 3.718349
132.041041 4 9.420759 191.477309 4.385233 3.716390
132.141041 4 9.420352 193.231525 4.385290 3.714424
132.241041 4 9.419942 195.008521 4.385347 3.712450
132.341041 4 9.419529 196.808643 4.385404 3.710469
132.441041 4 9.419112 198.632241 4.385460 3.708481
132.541041 4 9.418693 200.479674 4.385517 3.706485
132.641041 4 9.418270 202.351304 4.385574 3.704481
132.741041 4 9.417844 204.247503 4.385631 3.702470
132.841041 4 9.417414 206.168645 4.385688 3.700451
132.941041 4 9.416982 208.115113 4.385745 3.698425
133.041041 4 9.416546 210.087298 4.385801 3.696391
133.141041 4 9.416106 212.085596 4.385858 3.694349
133.241041 4 9.415663 214.110409 4.385915 3.692300
133.341041 4 9.415217 216.162148 4.385971 3.690244
133.441041 4 9.414767 218.241230 4.386028 3.688179
133.541041 4 9.414313 220.348080 4.386085 3.686107
133.641041 4 9.413856 222.483131 4.386141 3.684027
133.741041 4 9.413395 224.646822 4.386198 3.681940
133.841041 4 9.412931 226.839602 4.386254 3.679845
133.941041 4 9.412462 229.061924 4.386311 3.677742
134.041041 4 9.411990 231.314254 4.386367 3.675631
134.141041 4 9.411514 233.597062 4.386424 3.673513
134.241041 4 9.411034 235.910830 4.386480 3.671387
134.341041 4 9.410551 238.256046 4.386536 3.669253
134.441041 4 9.410063 240.633208 4.386593 3.667111
134.541041 4 9.409817 241.833931 4.386621 3.666037
134.641041 4 9.409570 243.042832 4.386649 3.664961
134.741041 4 9.409323 244.259975 4.386677 3.663884
134.841041 4 9.409074 245.485425 4.386705 3.662804
134.941041 4 9.408824 246.719248 4.386733 3.661722
135.041041 4 9.408573 247.961510 4.386761 3.660639
135.141041 4 9.408321 249.212279 4.386789 3.659553
135.241041 4 9.408068 250.471622 4.386818 3.658466
135.341041 4 9.407814 251.739608 4.386846 3.657376
135.441041 4 9.407559 253.016305 4.386874 3.656285
135.541041 4 9.407302 254.301783 4.386902 3.655191
135.641041 4 9.407045 255.596112 4.386930 3.654096
135.741041 4 9.406787 256.899363 4.386958 3.652999
135.841041 4 9.406527 258.211607 4.386986 3.651899
135.941041 4 9.406267 259.532917 4.387014 3.650798
136.041041 4 9.406005 260.863364 4.387042 3.649695
136.141041 4 9.405742 262.203023 4.387070 3.648589
136.241041 4 9.405478 263.551967 4.387098 3.647482
136.341041 4 9.405213 264.910272 4.387126 3.646373
136.441041 4 9.404947 266.278011 4.387154 3.645261
136.541041 4 9.404680 267.655262 4.387182 3.644148
136.641041 4 9.404412 269.042102 4.387210 3.643033
136.741041 4 9.404142 270.438607 4.387238 3.641916
136.841041 4 9.403871 271.844856 4.387266 3.640797
136.941041 4 9.403599 273.260928 4.387294 3.639675
137.041041 4 9.403326 274.686902 4.387322 3.638552
137.141041 4 9.403052 276.122858 4.387350 3.637427
137.241041 4 9.402777 277.568878 4.387378 3.636300
137.341041 4 9.402500 279.025044 4.387406 3.635170
137.441041 4 9.402223 280.491437 4.387434 3.634039
137.541041 4 9.401944 281.968141 4.387462 3.632906
137.641041 4 9.401663 283.455241 4.387490 3.631771
137.741041 4 9.401384 284.942699 4.387517 3.630641
137.841041 4 9.401112 286.393613 4.387544 3.629545
137.941041 4 9.400583 289.232870 4.387596 3.627416
138.041041 4 9.400083 291.928790 4.387645 3.625413
138.141041 4 9.399610 294.486634 4.387691 3.623530
138.241041 4 9.399164 296.911708 4.387733 3.621760
138.341041 4 9.398743 299.209332 4.387773 3.620096
138.441041 4 9.398346 301.384804 4.387811 3.618533
138.541041 4 9.397971 303.443370 4.387846 3.617063
138.641041 4 9.397618 305.390206 4.387879 3.615683
138.741041 4 9.397285 307.230390 4.387910 3.614386
138.841041 4 9.396972 308.968891 4.387939 3.613168
138.941041 4 9.396676 310.610552 4.387966 3.612024
139.041041 4 9.396398 312.160078 4.387992 3.610950
139.141041 4 9.395875 315.093006 4.388040 3.608931
139.241041 4 9.395413 317.689170 4.388081 3.607160
139.341041 4 9.395006 319.983959 4.388118 3.605606
139.441041 4 9.394648 322.009815 4.388150 3.604243
139.541041 4 9.394333 323.796289 4.388178 3.603049
139.641041 4 9.393780 326.954045 4.388227 3.600954
139.741041 4 9.393361 329.348930 4.388263 3.599378
139.841041 4 9.393045 331.160209 4.388291 3.598194
139.941041 4 9.392570 333.901664 4.388332 3.596414
