t Ka M R logL logTeff
0.100000 1 49.945104 10.840880 5.555787 4.632555
0.200000 1 49.889644 10.899225 5.557219 4.631748
0.300000 1 49.833697 10.957831 5.558663 4.630944
0.400000 1 49.777255 11.016727 5.560119 4.630144
0.500000 1 49.720313 11.075944 5.561587 4.629347
0.600000 1 49.662862 11.135512 5.563066 4.628552
0.700000 1 49.604894 11.195463 5.564556 4.627759
0.800000 1 49.546404 11.255828 5.566058 4.626966
0.900000 1 49.487382 11.316640 5.567570 4.626174
1.000000 1 49.427821 11.377931 5.569093 4.625382
1.100000 1 49.367715 11.439735 5.570626 4.624589
1.200000 1 49.307054 11.502085 5.572170 4.623795
1.300000 1 49.245831 11.565017 5.573724 4.622998
1.400000 1 49.184039 11.628565 5.575288 4.622200
1.500000 1 49.121670 11.692765 5.576862 4.621397
1.600000 1 49.058715 11.757652 5.578445 4.620591
1.700000 1 48.995167 11.823265 5.580038 4.619781
1.800000 1 48.931019 11.889640 5.581639 4.618966
1.900000 1 48.866261 11.956816 5.583250 4.618145
2.000000 1 48.800887 12.024830 5.584870 4.617319
2.100000 1 48.734889 12.093724 5.586498 4.616485
2.200000 1 48.668258 12.163537 5.588135 4.615644
2.300000 1 48.600987 12.234309 5.589780 4.614796
2.400000 1 48.533069 12.306084 5.591433 4.613939
2.500000 1 48.464495 12.378902 5.593093 4.613073
2.600000 1 48.395259 12.452808 5.594761 4.612197
2.700000 1 48.325352 12.527846 5.596437 4.611312
2.800000 1 48.254768 12.604060 5.598120 4.610415
2.900000 1 48.183499 12.681498 5.599810 4.609508
3.000000 1 48.111538 12.760207 5.601507 4.608588
3.100000 1 48.038878 12.840234 5.603210 4.607657
3.200000 1 47.965513 12.921630 5.604920 4.606712
3.300000 1 47.891435 13.004445 5.606635 4.605754
3.400000 1 47.816638 13.088732 5.608357 4.604781
3.500000 1 47.741117 13.174546 5.610085 4.603794
3.600000 1 47.664865 13.261940 5.611819 4.602792
3.700000 1 47.587876 13.350974 5.613558 4.601773
3.800000 1 47.510146 13.441707 5.615302 4.600739
3.900000 1 47.431669 13.534202 5.617051 4.599687
4.000000 1 47.352440 13.628521 5.618806 4.598618
4.100000 1 47.272455 13.724735 5.620565 4.597530
4.200000 1 47.191711 13.822912 5.622328 4.596423
4.300000 1 47.110203 13.923127 5.624097 4.595296
4.400000 1 47.027929 14.025459 5.625869 4.594149
4.500000 1 46.944886 14.129990 5.627646 4.592981
4.600000 1 46.861072 14.236809 5.629427 4.591791
4.700000 1 46.776486 14.346008 5.631212 4.590578
4.800000 1 46.691127 14.457687 5.633000 4.589341
4.900000 1 46.604995 14.571955 5.634793 4.588080
5.000000 1 46.518091 14.688925 5.636589 4.586793
5.100000 1 46.430416 14.808721 5.638389 4.585479
5.200000 1 46.341974 14.931479 5.640192 4.584137
5.300000 1 46.252766 15.057343 5.641999 4.582766
5.400000 1 46.162798 15.186472 5.643810 4.581365
5.500000 1 46.072076 15.319039 5.645624 4.579931
5.600000 1 45.980607 15.455234 5.647442 4.578463
5.700000 1 45.888398 15.595263 5.649264 4.576960
5.800000 1 45.795460 15.739355 5.651089 4.575419
5.900000 1 45.701805 15.887761 5.652918 4.573839
6.000000 1 45.607446 16.040758 5.654752 4.572216
6.100000 1 45.512398 16.198652 5.656590 4.570549
6.200000 1 45.464539 16.279516 5.657509 4.569697
6.300000 1 45.416516 16.361734 5.658429 4.568833
6.400000 1 45.368332 16.445354 5.659351 4.567957
6.500000 1 45.319991 16.530427 5.660273 4.567067
6.600000 1 45.271494 16.617006 5.661198 4.566164
6.700000 1 45.222845 16.705148 5.662123 4.565246
6.800000 1 45.174048 16.794911 5.663050 4.564314
6.900000 1 45.125107 16.886359 5.663979 4.563367
7.000000 1 45.076025 16.979558 5.664909 4.562405
7.100000 1 45.026807 17.074577 5.665841 4.561426
7.200000 1 44.977456 17.171490 5.666775 4.560430
7.300000 1 44.927978 17.270375 5.667710 4.559417
7.400000 1 44.878378 17.371313 5.668648 4.558386
7.500000 1 44.828661 17.474391 5.669587 4.557336
7.600000 1 44.778832 17.579702 5.670529 4.556267
7.700000 1 44.728897 17.687342 5.671473 4.555177
7.800000 1 44.678864 17.797412 5.672419 4.554067
7.900000 1 44.628737 17.910023 5.673367 4.552934
8.000000 1 44.578525 18.025287 5.674319 4.551779
8.100000 1 44.528235 18.143326 5.675273 4.550600
8.200000 1 44.477874 18.264269 5.676230 4.549397
8.300000 1 44.427452 18.388251 5.677190 4.548168
8.400000 1 44.376976 18.515415 5.678153 4.546912
8.500000 1 44.326456 18.645915 5.679120 4.545629
8.600000 1 44.275902 18.779911 5.680091 4.544317
8.700000 1 44.225324 18.917574 5.681065 4.542974
8.800000 1 44.174734 19.059086 5.682044 4.541600
8.900000 1 44.124142 19.204640 5.683026 4.540194
9.000000 1 44.073562 19.354437 5.684014 4.538754
9.100000 1 44.023005 19.508697 5.685006 4.537278
9.200000 1 43.972486 19.667647 5.686003 4.535765
9.300000 1 43.922019 19.831533 5.687005 4.534214
9.400000 1 43.871619 20.000614 5.688014 4.532622
9.500000 1 43.821301 20.175165 5.689028 4.530989
9.600000 1 43.771083 20.355480 5.690049 4.529312
9.700000 1 43.720983 20.541871 5.691076 4.527590
9.800000 1 43.671018 20.734670 5.692111 4.525820
9.900000 1 43.621209 20.934231 5.693153 4.524000
10.000000 1 43.571576 21.140931 5.694203 4.522129
10.100000 1 43.546858 21.247095 5.694731 4.521174
10.200000 1 43.522194 21.355196 5.695262 4.520204
10.300000 1 43.497586 21.465291 5.695795 4.519221
10.400000 1 43.473038 21.577435 5.696331 4.518223
10.500000 1 43.448552 21.691686 5.696869 4.517211
10.600000 1 43.424132 21.808104 5.697409 4.516184
10.700000 1 43.399780 21.926752 5.697952 4.515141
10.800000 1 43.375501 22.047694 5.698497 4.514083
10.900000 1 43.351296 22.170996 5.699045 4.513009
11.000000 1 43.327171 22.296727 5.699596 4.511919
11.100000 1 43.303128 22.424959 5.700150 4.510812
11.200000 1 43.279170 22.555763 5.700706 4.509688
11.300000 1 43.255302 22.689217 5.701266 4.508547
11.400000 1 43.231527 22.825400 5.701828 4.507388
11.500000 1 43.207849 22.964392 5.702394 4.506211
11.600000 1 43.184272 23.106278 5.702962 4.505016
11.700000 1 43.160800 23.251146 5.703534 4.503802
11.800000 1 43.137436 23.399085 5.704110 4.502569
11.900000 1 43.114186 23.550190 5.704689 4.501316
12.000000 1 43.091052 23.704558 5.705271 4.500042
12.100000 1 43.068040 23.862288 5.705857 4.498749
12.200000 1 43.045154 24.023486 5.706447 4.497434
12.300000 1 43.022397 24.188258 5.707041 4.496098
12.400000 1 42.999776 24.356719 5.707638 4.494741
12.500000 1 42.977294 24.528982 5.708240 4.493361
12.600000 1 42.954955 24.705170 5.708846 4.491958
12.700000 1 42.932766 24.885406 5.709456 4.490532
12.800000 1 42.910730 25.069822 5.710070 4.489082
12.900000 1 42.888852 25.258550 5.710689 4.487609
13.000000 1 42.867138 25.451732 5.711312 4.486110
13.100000 1 42.845593 25.649512 5.711940 4.484586
13.200000 1 42.824220 25.852042 5.712573 4.483036
13.300000 1 42.803027 26.059477 5.713210 4.481460
13.400000 1 42.782017 26.271981 5.713853 4.479857
13.500000 1 42.761197 26.489723 5.714501 4.478227
13.600000 1 42.740571 26.712879 5.715154 4.476569
13.700000 1 42.720145 26.941632 5.715812 4.474882
13.800000 1 42.699925 27.176172 5.716476 4.473165
13.900000 1 42.679915 27.416697 5.717145 4.471419
14.000000 1 42.660122 27.663414 5.717820 4.469643
14.100000 1 42.640550 27.916537 5.718501 4.467835
14.200000 1 42.621206 28.176289 5.719188 4.465996
14.300000 1 42.602095 28.442904 5.719880 4.464124
14.400000 1 42.583222 28.716624 5.720579 4.462219
14.500000 1 42.564593 28.997702 5.721285 4.460280
14.600000 1 42.546215 29.286400 5.721996 4.458307
14.700000 1 42.537153 29.433717 5.722355 4.457307
14.800000 1 42.528156 29.583043 5.722716 4.456298
14.900000 1 42.519224 29.734416 5.723078 4.455280
15.000000 1 42.510359 29.887872 5.723442 4.454254
15.100000 1 42.501561 30.043448 5.723808 4.453218
15.200000 1 42.492830 30.201184 5.724176 4.452172
15.300000 1 42.484167 30.361119 5.724545 4.451118
15.400000 1 42.475574 30.523292 5.724916 4.450054
15.500000 1 42.467050 30.687746 5.725288 4.448980
15.600000 1 42.458596 30.854523 5.725663 4.447897
15.700000 1 42.450213 31.023664 5.726039 4.446804
15.800000 1 42.441902 31.195215 5.726417 4.445701
15.900000 1 42.433663 31.369221 5.726797 4.444588
16.000000 1 42.425496 31.545726 5.727179 4.443465
16.100000 1 42.417404 31.724778 5.727562 4.442332
16.200000 1 42.409385 31.906426 5.727948 4.441188
16.300000 1 42.401441 32.090717 5.728335 4.440035
16.400000 1 42.393573 32.277703 5.728724 4.438870
16.500000 1 42.385743 32.467401 5.729114 4.437695
16.600000 1 42.377895 32.659813 5.729505 4.436510
16.700000 1 42.370028 32.854990 5.729895 4.435314
16.800000 1 42.362143 33.052983 5.730285 4.434106
16.900000 1 42.354240 33.253845 5.730675 4.432888
17.000000 1 42.346319 33.457631 5.731065 4.431659
17.100000 1 42.338379 33.664397 5.731455 4.430419
17.200000 1 42.330420 33.874198 5.731845 4.429167
17.300000 1 42.322443 34.087094 5.732235 4.427904
17.400000 1 42.314447 34.303143 5.732625 4.426630
17.500000 1 42.306433 34.522407 5.733015 4.425344
17.600000 1 42.298400 34.744947 5.733404 4.424046
17.700000 1 42.290348 34.970828 5.733794 4.422736
17.800000 1 42.282278 35.200114 5.734183 4.421414
17.900000 1 42.274188 35.432871 5.734573 4.420081
18.000000 1 42.266080 35.669169 5.734962 4.418735
18.100000 1 42.257952 35.909077 5.735352 4.417376
18.200000 1 42.249806 36.152665 5.735741 4.416006
18.300000 1 42.241641 36.400009 5.736130 4.414622
18.400000 1 42.233456 36.651181 5.736519 4.413226
18.500000 1 42.225252 36.906260 5.736908 4.411818
18.600000 1 42.217029 37.165323 5.737297 4.410396
18.700000 1 42.208787 37.428450 5.737686 4.408961
18.800000 1 42.200526 37.695725 5.738075 4.407513
18.900000 1 42.192245 37.967231 5.738464 4.406052
19.000000 1 42.183945 38.243055 5.738853 4.404577
19.100000 1 42.175625 38.523285 5.739241 4.403089
19.200000 1 42.167286 38.808012 5.739630 4.401587
19.300000 1 42.158928 39.097328 5.740018 4.400072
19.400000 1 42.150549 39.391330 5.740407 4.398542
19.500000 1 42.142151 39.690114 5.740795 4.396998
19.600000 1 42.036796 40.003665 5.739384 4.394937
19.700000 1 41.931704 40.323894 5.737974 4.392853
19.800000 1 41.826875 40.650968 5.736563 4.390746
19.900000 1 41.722308 40.985064 5.735152 4.388616
20.000000 1 41.618002 41.326360 5.733742 4.386462
20.100000 1 41.409912 41.463510 5.735059 4.386072
20.200000 1 41.360498 41.133204 5.736556 4.388183
20.300000 1 41.338663 40.920815 5.737350 4.389506
20.400000 1 41.318088 40.680401 5.738173 4.390991
20.500000 1 41.298700 40.416700 5.739012 4.392613
20.600000 1 41.280429 40.134294 5.739859 4.394347
20.700000 1 41.263211 39.837499 5.740705 4.396171
20.800000 1 41.246986 39.530286 5.741544 4.398062
20.900000 1 41.245279 39.232725 5.742659 4.399981
21.000000 1 41.243670 38.930267 5.743740 4.401932
21.100000 1 41.242153 38.625772 5.744786 4.403898
21.200000 1 41.240724 38.321712 5.745795 4.405867
21.300000 1 41.239376 38.020195 5.746765 4.407825
21.400000 1 41.238107 37.722992 5.747697 4.409762
21.500000 1 41.236911 37.431566 5.748589 4.411669
21.600000 1 41.235785 37.147105 5.749443 4.413539
21.700000 1 41.234725 36.870550 5.750258 4.415365
21.800000 1 41.233727 36.602628 5.751035 4.417143
21.900000 1 41.232787 36.343879 5.751775 4.418869
22.000000 1 41.231903 36.094678 5.752479 4.420539
22.100000 1 41.231071 35.855265 5.753147 4.422151
22.200000 1 41.230288 35.625760 5.753782 4.423704
22.300000 1 41.229552 35.406187 5.754383 4.425197
22.400000 1 41.228860 35.196487 5.754953 4.426629
22.500000 1 41.228209 34.996534 5.755493 4.428001
22.600000 1 41.227597 34.806149 5.756003 4.429313
22.700000 1 41.227022 34.625107 5.756486 4.430567
22.800000 1 41.225941 34.279059 5.757402 4.432977
22.900000 1 41.224991 33.969298 5.758214 4.435151
23.000000 1 41.224156 33.693004 5.758934 4.437104
23.100000 1 41.223423 33.447284 5.759571 4.438853
23.200000 1 41.222779 33.229286 5.760132 4.440413
23.300000 1 41.222208 33.036269 5.760628 4.441802
23.400000 1 41.221700 32.865661 5.761064 4.443035
23.500000 1 41.220797 32.563299 5.761834 4.445235
23.600000 1 41.220102 32.333396 5.762417 4.446919
23.700000 1 41.219571 32.159237 5.762857 4.448202
23.800000 1 41.218761 31.895263 5.763522 4.450158
23.900000 2 41.217933 30.837312 5.764193 4.457650
24.000000 2 41.217930 30.880519 5.764192 4.457346
24.100000 2 41.217902 31.188987 5.764191 4.455188
24.200000 2 41.217876 31.500537 5.764189 4.453029
24.300000 2 41.217850 31.815200 5.764187 4.450870
24.400000 2 41.217824 32.133006 5.764185 4.448711
24.500000 2 41.217799 32.453988 5.764183 4.446552
24.600000 2 41.217774 32.778176 5.764181 4.444393
24.700000 2 41.217750 33.105604 5.764179 4.442235
24.800000 2 41.217727 33.436303 5.764177 4.440076
24.900000 2 41.217704 33.770305 5.764175 4.437917
25.000000 2 41.217681 34.107645 5.764174 4.435758
25.100000 2 41.217659 34.448354 5.764172 4.433599
25.200000 2 41.217636 34.792467 5.764170 4.431440
25.300000 2 41.217613 35.140017 5.764168 4.429282
25.400000 2 41.217590 35.491039 5.764166 4.427123
25.500000 2 41.217567 35.845568 5.764164 4.424964
25.600000 2 41.217545 36.203638 5.764163 4.422805
25.700000 2 41.217522 36.565285 5.764161 4.420646
25.800000 2 41.217499 36.930545 5.764159 4.418487
25.900000 2 41.217476 37.299454 5.764157 4.416329
26.000000 2 41.217454 37.672048 5.764155 4.414170
26.100000 2 41.217431 38.048363 5.764153 4.412011
26.200000 2 41.217408 38.428438 5.764152 4.409852
26.300000 2 41.217385 38.812310 5.764150 4.407693
26.400000 2 41.217362 39.200016 5.764148 4.405534
26.500000 2 41.217340 39.591596 5.764146 4.403376
26.600000 2 41.217317 39.987087 5.764144 4.401217
26.700000 2 41.217294 40.386529 5.764142 4.399058
26.800000 2 41.217271 40.789961 5.764141 4.396899
26.900000 2 41.217067 41.197209 5.764135 4.394740
27.000000 2 41.216863 41.608523 5.764129 4.392582
27.100000 2 41.216659 42.023944 5.764124 4.390423
27.200000 2 41.216455 42.443513 5.764118 4.388264
27.300000 2 41.216251 42.867271 5.764112 4.386106
27.400000 2 41.216046 43.295261 5.764107 4.383947
27.500000 2 41.215842 43.727524 5.764101 4.381788
27.600000 2 41.215638 44.164103 5.764096 4.379630
27.700000 2 41.215434 44.605042 5.764090 4.377471
27.800000 2 41.215230 45.050383 5.764084 4.375312
27.900000 2 41.215026 45.500171 5.764079 4.373154
28.000000 2 41.214822 45.954450 5.764073 4.370995
28.100000 2 41.214618 46.413265 5.764068 4.368836
28.200000 2 41.214414 46.876661 5.764062 4.366678
28.300000 2 41.214209 47.344684 5.764056 4.364519
28.400000 2 41.214005 47.817381 5.764051 4.362360
28.500000 2 41.213801 48.294797 5.764045 4.360202
28.600000 2 41.213597 48.776980 5.764040 4.358043
28.700000 2 41.213393 49.263978 5.764034 4.355884
28.800000 2 41.213189 49.755839 5.764028 4.353726
28.900000 2 41.212985 50.252611 5.764023 4.351567
29.000000 2 41.212781 50.754343 5.764017 4.349408
29.100000 2 41.212578 51.261087 5.764012 4.347250
29.200000 2 41.212377 51.772893 5.764006 4.345091
29.300000 2 41.212176 52.289811 5.764001 4.342932
29.400000 2 41.211977 52.811891 5.763995 4.340773
29.500000 2 41.211778 53.339186 5.763990 4.338615
29.600000 2 41.211581 53.871749 5.763984 4.336456
29.700000 2 41.211385 54.409630 5.763979 4.334297
29.800000 2 41.211189 54.952884 5.763973 4.332139
29.900000 2 41.210995 55.501564 5.763968 4.329980
30.000000 2 41.210802 56.055725 5.763963 4.327821
30.100000 2 41.210610 56.615420 5.763957 4.325663
30.200000 2 41.210419 57.180706 5.763952 4.323504
30.300000 2 41.210229 57.751639 5.763947 4.321345
30.400000 2 41.210039 58.328274 5.763941 4.319186
30.500000 2 41.209851 58.910669 5.763936 4.317028
30.600000 2 41.209664 59.498881 5.763931 4.314869
30.700000 2 41.209478 60.092968 5.763926 4.312710
30.800000 2 41.209293 60.692989 5.763921 4.310551
30.900000 2 41.209109 61.299004 5.763915 4.308393
31.000000 2 41.208926 61.911072 5.763910 4.306234
31.100000 2 41.208744 62.529253 5.763905 4.304075
31.200000 2 41.208562 63.153609 5.763900 4.301916
31.300000 2 41.208382 63.784202 5.763895 4.299758
31.400000 2 41.208203 64.421093 5.763890 4.297599
31.500000 2 41.208024 65.064346 5.763885 4.295440
31.600000 2 41.207847 65.714024 5.763880 4.293281
31.700000 2 41.207671 66.370191 5.763875 4.291123
31.800000 2 41.207495 67.032912 5.763870 4.288964
31.900000 2 41.207321 67.702254 5.763865 4.286805
32.000000 2 41.207147 68.378280 5.763860 4.284646
32.100000 2 41.206974 69.061060 5.763855 4.282488
32.200000 2 41.206802 69.750660 5.763850 4.280329
32.300000 2 41.206632 70.447147 5.763845 4.278170
32.400000 2 41.206462 71.150592 5.763840 4.276011
32.500000 2 41.206293 71.861063 5.763835 4.273853
32.600000 2 41.206124 72.578631 5.763831 4.271694
32.700000 2 41.205957 73.303366 5.763826 4.269535
32.800000 2 41.205791 74.035341 5.763821 4.267376
32.900000 2 41.205625 74.774627 5.763816 4.265218
33.000000 2 41.205461 75.521298 5.763812 4.263059
33.100000 2 41.205297 76.275427 5.763807 4.260900
33.200000 2 41.205134 77.037089 5.763802 4.258741
33.300000 2 41.204972 77.806358 5.763797 4.256582
33.400000 2 41.204811 78.583312 5.763793 4.254424
33.500000 2 41.204650 79.368027 5.763788 4.252265
33.600000 2 41.204491 80.160580 5.763783 4.250106
33.700000 2 41.204332 80.961050 5.763779 4.247947
33.800000 2 41.204175 81.769516 5.763774 4.245788
33.900000 2 41.204018 82.586057 5.763770 4.243630
34.000000 2 41.203862 83.410755 5.763765 4.241471
34.100000 2 41.203706 84.243690 5.763761 4.239312
34.200000 2 41.203552 85.084945 5.763756 4.237153
34.300000 2 41.203398 85.934604 5.763752 4.234994
34.400000 2 41.203246 86.792750 5.763747 4.232836
34.500000 2 41.203094 87.659468 5.763743 4.230677
34.600000 2 41.202943 88.534843 5.763738 4.228518
34.700000 2 41.202792 89.418962 5.763734 4.226359
34.800000 2 41.202643 90.311913 5.763729 4.224200
34.900000 2 41.202494 91.213784 5.763725 4.222042
35.000000 2 41.202346 92.124663 5.763720 4.219883
35.100000 2 41.202199 93.044641 5.763716 4.217724
35.200000 2 41.202052 93.973809 5.763712 4.215565
35.300000 2 41.201907 94.912258 5.763707 4.213406
35.400000 2 41.201762 95.860082 5.763703 4.211247
35.500000 2 41.201618 96.817373 5.763699 4.209089
35.600000 2 41.201474 97.784227 5.763694 4.206930
35.700000 2 41.201332 98.760738 5.763690 4.204771
35.800000 2 41.201190 99.747004 5.763686 4.202612
35.900000 2 41.201049 100.743122 5.763682 4.200453
36.000000 2 41.200909 101.749191 5.763677 4.198294
36.100000 2 41.200769 102.765309 5.763673 4.196136
36.200000 2 41.200631 103.791577 5.763669 4.193977
36.300000 2 41.200492 104.828096 5.763665 4.191818
36.400000 2 41.200355 105.874970 5.763661 4.189659
36.500000 2 41.200219 106.932301 5.763657 4.187500
36.600000 2 41.200083 108.000194 5.763652 4.185341
36.700000 2 41.199948 109.078754 5.763648 4.183183
36.800000 2 41.199813 110.168088 5.763644 4.181024
36.900000 2 41.199679 111.268303 5.763640 4.178865
37.000000 2 41.199546 112.379509 5.763636 4.176706
37.100000 2 41.199414 113.501815 5.763632 4.174547
37.200000 2 41.199282 114.635332 5.763628 4.172388
37.300000 2 41.199152 115.780172 5.763624 4.170229
37.400000 2 41.199021 116.936448 5.763620 4.168071
37.500000 2 41.198892 118.104274 5.763616 4.165912
37.600000 2 41.198763 119.283766 5.763612 4.163753
37.700000 2 41.198635 120.475040 5.763608 4.161594
37.800000 2 41.198508 121.678214 5.763604 4.159435
37.900000 2 41.198381 122.893407 5.763600 4.157276
38.000000 2 41.198255 124.120739 5.763596 4.155117
38.100000 2 41.198129 125.360331 5.763592 4.152959
38.200000 2 41.198004 126.612306 5.763588 4.150800
38.300000 2 41.197880 127.876787 5.763585 4.148641
38.400000 2 41.197757 129.153900 5.763581 4.146482
38.500000 2 41.197634 130.443770 5.763577 4.144323
38.600000 2 41.197512 131.746525 5.763573 4.142164
38.700000 2 41.197391 133.062293 5.763569 4.140005
38.800000 2 41.197270 134.391206 5.763565 4.137846
38.900000 2 41.197150 135.733393 5.763562 4.135688
39.000000 2 41.197030 137.088988 5.763558 4.133529
39.100000 2 41.196911 138.458124 5.763554 4.131370
39.200000 2 41.196793 139.840938 5.763550 4.129211
39.300000 2 41.196675 141.237565 5.763547 4.127052
39.400000 2 41.196558 142.648143 5.763543 4.124893
39.500000 2 41.196442 144.072812 5.763539 4.122734
39.600000 2 41.196326 145.511713 5.763535 4.120575
39.700000 2 41.196211 146.964988 5.763532 4.118417
39.800000 2 41.196096 148.432780 5.763528 4.116258
39.900000 2 41.195982 149.915234 5.763524 4.114099
40.000000 2 41.195869 151.412498 5.763521 4.111940
40.100000 2 41.195756 152.924718 5.763517 4.109781
40.200000 2 41.195644 154.452045 5.763513 4.107622
40.300000 2 41.195532 155.994629 5.763510 4.105463
40.400000 2 41.195422 157.552622 5.763506 4.103304
40.500000 2 41.195311 159.126179 5.763503 4.101145
40.600000 2 41.195201 160.715455 5.763499 4.098987
40.700000 2 41.195092 162.320608 5.763496 4.096828
40.800000 2 41.194917 163.941509 5.763491 4.094669
40.900000 2 41.194741 165.578590 5.763486 4.092510
41.000000 2 41.194563 167.232013 5.763481 4.090351
41.100000 2 41.194383 168.901942 5.763476 4.088192
41.200000 2 41.194202 170.588541 5.763471 4.086033
41.300000 2 41.194020 172.291976 5.763466 4.083874
41.400000 2 41.193836 174.012416 5.763461 4.081716
41.500000 2 41.193651 175.750030 5.763455 4.079557
41.600000 2 41.193464 177.504989 5.763450 4.077398
41.700000 2 41.193276 179.277466 5.763445 4.075239
41.800000 2 41.193086 181.067637 5.763440 4.073080
41.900000 2 41.192895 182.875678 5.763435 4.070921
42.000000 2 41.192702 184.701766 5.763429 4.068762
42.100000 2 41.192508 186.546083 5.763424 4.066604
42.200000 2 41.192312 188.408809 5.763419 4.064445
42.300000 2 41.192114 190.290129 5.763413 4.062286
42.400000 2 41.191915 192.190228 5.763408 4.060127
42.500000 2 41.191714 194.109293 5.763403 4.057968
42.600000 2 41.191512 196.047514 5.763397 4.055809
42.700000 2 41.191308 198.005082 5.763392 4.053650
42.800000 2 41.191102 199.982189 5.763386 4.051491
42.900000 2 41.190895 201.979031 5.763380 4.049333
43.000000 2 41.190686 203.995804 5.763375 4.047174
43.100000 2 41.190475 206.032707 5.763369 4.045015
43.200000 2 41.190263 208.089942 5.763364 4.042856
43.300000 2 41.190049 210.167710 5.763358 4.040697
43.400000 2 41.189833 212.266217 5.763352 4.038538
43.500000 2 41.189615 214.385669 5.763346 4.036379
43.600000 2 41.189396 216.526276 5.763341 4.034220
43.700000 2 41.189175 218.688248 5.763335 4.032062
43.800000 2 41.188952 220.871799 5.763329 4.029903
43.900000 2 41.188727 223.077144 5.763323 4.027744
44.000000 2 41.188501 225.304500 5.763317 4.025585
44.100000 2 41.188272 227.554086 5.763311 4.023426
44.200000 2 41.188042 229.826125 5.763305 4.021267
44.300000 2 41.187810 232.120841 5.763299 4.019108
44.400000 2 41.187576 234.438459 5.763293 4.016949
44.500000 2 41.187341 236.779207 5.763287 4.014790
44.600000 2 41.187103 239.143318 5.763281 4.012632
44.700000 2 41.186863 241.531023 5.763274 4.010473
44.800000 2 41.186622 243.942558 5.763268 4.008314
44.900000 2 41.186378 246.378160 5.763262 4.006155
45.000000 2 41.186133 248.838071 5.763256 4.003996
45.100000 2 41.185886 251.322531 5.763249 4.001837
45.200000 2 41.185636 253.831786 5.763243 3.999678
45.300000 2 41.185385 256.366083 5.763236 3.997519
45.400000 2 41.185131 258.925673 5.763230 3.995360
45.500000 2 41.184876 261.510806 5.763223 3.993202
45.600000 2 41.184618 264.121738 5.763217 3.991043
45.700000 2 41.184359 266.758726 5.763210 3.988884
45.800000 2 41.184097 269.422030 5.763204 3.986725
45.900000 2 41.183833 272.111913 5.763197 3.984566
46.000000 2 41.183567 274.828639 5.763190 3.982407
46.100000 2 41.183299 277.572475 5.763183 3.980248
46.200000 2 41.183029 280.343694 5.763177 3.978089
46.300000 2 41.182756 283.142566 5.763170 3.975930
46.400000 2 41.182482 285.969369 5.763163 3.973772
46.500000 2 41.182205 288.824380 5.763156 3.971613
46.600000 2 41.181926 291.707882 5.763149 3.969454
46.700000 2 41.181644 294.620157 5.763142 3.967295
46.800000 2 41.181361 297.561493 5.763135 3.965136
46.900000 2 41.181075 300.532180 5.763128 3.962977
47.000000 2 41.180786 303.532510 5.763121 3.960818
47.100000 2 41.180496 306.562779 5.763113 3.958659
47.200000 2 41.180203 309.623285 5.763106 3.956500
47.300000 2 41.179908 312.714329 5.763099 3.954341
47.400000 2 41.179610 315.836217 5.763091 3.952182
47.500000 2 41.179310 318.989256 5.763084 3.950024
47.600000 2 41.179008 322.173756 5.763077 3.947865
47.700000 2 41.178703 325.390031 5.763069 3.945706
47.800000 2 41.178396 328.638397 5.763061 3.943547
47.900000 2 41.178086 331.919175 5.763054 3.941388
48.000000 2 41.177773 335.232688 5.763046 3.939229
48.100000 2 41.177459 338.579262 5.763039 3.937070
48.200000 2 41.177141 341.959226 5.763031 3.934911
48.300000 2 41.176821 345.372914 5.763023 3.932752
48.400000 2 41.176499 348.820661 5.763015 3.930593
48.500000 2 41.176174 352.302808 5.763007 3.928434
48.600000 2 41.175846 355.819696 5.762999 3.926275
48.700000 2 41.175515 359.371673 5.762991 3.924116
48.800000 2 41.175182 362.959087 5.762983 3.921958
48.900000 2 41.174847 366.582293 5.762975 3.919799
49.000000 2 41.174508 370.241647 5.762967 3.917640
49.100000 2 41.174167 373.937509 5.762959 3.915481
49.200000 2 41.173823 377.670244 5.762950 3.913322
49.300000 2 41.173477 381.440218 5.762942 3.911163
49.400000 2 41.173127 385.247802 5.762934 3.909004
49.500000 2 41.172775 389.093373 5.762925 3.906845
49.600000 2 41.172420 392.977308 5.762917 3.904686
49.700000 2 41.172062 396.899989 5.762908 3.902527
49.800000 2 41.171701 400.861803 5.762900 3.900368
49.900000 2 41.171337 404.863139 5.762891 3.898209
50.000000 2 41.170970 408.904392 5.762882 3.896050
50.100000 2 41.170601 412.985960 5.762873 3.893891
50.200000 2 41.170228 417.108243 5.762865 3.891732
50.300000 2 41.169852 421.271649 5.762856 3.889573
50.400000 2 41.169473 425.476585 5.762847 3.887414
50.500000 2 41.169092 429.723468 5.762838 3.885255
50.600000 2 41.168707 434.012713 5.762829 3.883096
50.700000 2 41.168319 438.344745 5.762819 3.880938
50.800000 2 41.167928 442.719988 5.762810 3.878779
50.900000 2 41.167534 447.138873 5.762801 3.876620
51.000000 2 41.167136 451.601835 5.762792 3.874461
51.100000 2 41.166736 456.109314 5.762782 3.872302
51.200000 2 41.166332 460.661753 5.762773 3.870143
51.300000 2 41.165925 465.259600 5.762763 3.867984
51.400000 2 41.165515 469.903307 5.762754 3.865825
51.500000 2 41.165101 474.593331 5.762744 3.863666
51.600000 2 41.164684 479.330134 5.762734 3.861507
51.700000 2 41.164264 484.114181 5.762724 3.859348
51.800000 2 41.163840 488.945944 5.762715 3.857189
51.900000 2 41.163413 493.825897 5.762705 3.855030
52.000000 2 41.162982 498.754521 5.762695 3.852871
52.100000 2 41.162548 503.732300 5.762685 3.850712
52.200000 2 41.162110 508.759725 5.762674 3.848553
52.300000 2 41.161669 513.837289 5.762664 3.846394
52.400000 2 41.161225 518.965492 5.762654 3.844235
52.500000 2 41.160776 524.144839 5.762644 3.842076
52.600000 2 41.160325 529.375839 5.762633 3.839917
52.700000 2 41.159869 534.659006 5.762623 3.837758
52.800000 2 41.159410 539.994860 5.762612 3.835599
52.900000 2 41.158947 545.383926 5.762601 3.833440
53.000000 2 41.158481 550.826733 5.762591 3.831281
53.100000 2 41.158010 556.323818 5.762580 3.829122
53.200000 2 41.157536 561.875720 5.762569 3.826963
53.300000 2 41.157058 567.482985 5.762558 3.824804
53.400000 2 41.156576 573.146166 5.762547 3.822645
53.500000 2 41.156091 578.865818 5.762536 3.820486
53.600000 2 41.155601 584.642503 5.762525 3.818327
53.700000 2 41.155108 590.476791 5.762514 3.816168
53.800000 2 41.154610 596.369255 5.762502 3.814009
53.900000 2 41.154109 602.320473 5.762491 3.811849
54.000000 2 41.153603 608.331031 5.762479 3.809690
54.100000 2 41.153094 614.401520 5.762468 3.807531
54.200000 2 41.152580 620.532536 5.762456 3.805372
54.300000 2 41.152062 626.724682 5.762445 3.803213
54.400000 2 41.151540 632.978567 5.762433 3.801054
54.500000 2 41.151014 639.294806 5.762421 3.798895
54.600000 2 41.150483 645.674018 5.762409 3.796736
54.700000 2 41.149948 652.116832 5.762397 3.794577
54.800000 2 41.149409 658.623880 5.762385 3.792418
54.900000 2 41.148866 665.195802 5.762372 3.790259
55.000000 2 41.148318 671.833244 5.762360 3.788100
55.100000 2 41.147766 678.536857 5.762348 3.785941
55.200000 2 41.147209 685.307301 5.762335 3.783782
55.300000 2 41.146648 692.145241 5.762323 3.781623
55.400000 2 41.146083 699.051348 5.762310 3.779464
55.500000 2 41.145513 706.026302 5.762297 3.777304
55.600000 2 41.144938 713.070787 5.762284 3.775145
55.700000 2 41.144358 720.185496 5.762271 3.772986
55.800000 2 41.143774 727.371127 5.762258 3.770827
55.900000 2 41.143186 734.628386 5.762245 3.768668
56.000000 2 41.142592 741.957986 5.762232 3.766509
56.100000 2 41.141994 749.360648 5.762219 3.764350
56.200000 2 41.141391 756.837097 5.762205 3.762191
56.300000 2 41.140783 764.388070 5.762192 3.760032
56.400000 2 41.140170 772.014306 5.762178 3.757872
56.500000 2 41.139552 779.716555 5.762164 3.755713
56.600000 2 41.138929 787.495574 5.762151 3.753554
56.700000 2 41.138302 795.352126 5.762137 3.751395
56.800000 2 41.137669 803.286983 5.762123 3.749236
56.900000 2 41.137031 811.300924 5.762109 3.747077
57.000000 2 41.136388 819.394735 5.762094 3.744918
57.100000 2 41.135740 827.569212 5.762080 3.742758
57.200000 2 41.135086 835.825157 5.762066 3.740599
57.300000 2 41.134428 844.163381 5.762051 3.738440
57.400000 2 41.133764 852.584701 5.762037 3.736281
57.500000 2 41.133094 861.089946 5.762022 3.734122
57.600000 2 41.132420 869.679948 5.762007 3.731963
57.700000 2 41.131740 878.355553 5.761992 3.729803
57.800000 2 41.131054 887.117610 5.761977 3.727644
57.900000 2 41.130363 895.966981 5.761962 3.725485
58.000000 2 41.129666 904.904534 5.761947 3.723326
58.100000 2 41.128964 913.931145 5.761931 3.721167
58.200000 2 41.128256 923.047700 5.761916 3.719007
58.300000 2 41.127542 932.255094 5.761900 3.716848
58.400000 2 41.126823 941.554231 5.761885 3.714689
58.500000 2 41.126098 950.946023 5.761869 3.712530
58.600000 2 41.125367 960.431391 5.761853 3.710371
58.700000 2 41.124630 970.011266 5.761837 3.708211
58.800000 2 41.123887 979.686587 5.761821 3.706052
58.900000 2 41.123138 989.458304 5.761804 3.703893
59.000000 2 41.122384 999.327375 5.761788 3.701734
59.100000 2 41.121623 1009.294769 5.761771 3.699574
59.200000 2 41.120856 1019.361462 5.761755 3.697415
59.300000 2 41.120083 1029.528442 5.761738 3.695256
59.400000 2 41.119303 1039.796707 5.761721 3.693097
59.500000 2 41.118518 1050.167262 5.761704 3.690937
59.600000 2 41.117726 1060.641126 5.761687 3.688778
59.700000 2 41.116927 1071.219324 5.761670 3.686619
59.800000 2 41.116123 1081.902894 5.761652 3.684460
59.900000 2 41.115311 1092.692885 5.761635 3.682300
60.000000 2 41.114494 1103.590352 5.761617 3.680141
60.100000 2 41.113669 1114.596365 5.761599 3.677982
60.200000 2 41.112838 1125.712003 5.761582 3.675822
60.300000 2 41.112001 1136.938354 5.761564 3.673663
60.400000 2 41.111157 1148.276520 5.761545 3.671504
60.500000 2 41.110305 1159.727612 5.761527 3.669344
60.600000 2 41.109447 1171.292752 5.761509 3.667185
60.700000 2 41.108583 1182.973073 5.761490 3.665026
60.800000 2 41.107711 1194.769719 5.761471 3.662866
60.900000 2 41.106832 1206.683848 5.761452 3.660707
61.000000 2 41.105946 1218.716625 5.761433 3.658548
61.100000 2 41.105053 1230.869230 5.761414 3.656388
61.200000 2 41.104153 1243.142854 5.761395 3.654229
61.300000 2 41.103246 1255.538698 5.761376 3.652069
61.400000 2 41.102331 1268.057977 5.761356 3.649910
61.500000 2 41.101409 1280.701918 5.761336 3.647751
61.600000 2 41.100479 1293.471758 5.761317 3.645591
61.700000 2 41.099543 1306.368749 5.761297 3.643432
61.800000 2 41.098598 1319.394153 5.761276 3.641272
61.900000 2 41.097646 1332.549246 5.761256 3.639113
62.000000 2 41.096686 1345.835315 5.761236 3.636954
62.100000 2 41.095719 1359.253663 5.761215 3.634794
62.200000 2 41.094744 1372.805601 5.761194 3.632635
62.300000 2 41.093761 1386.492458 5.761174 3.630475
62.400000 2 41.092770 1400.315573 5.761152 3.628316
62.500000 2 41.091771 1414.276300 5.761131 3.626156
62.600000 2 41.090764 1428.376003 5.761110 3.623997
62.700000 2 41.089749 1442.616065 5.761088 3.621837
62.800000 2 41.088726 1456.997877 5.761067 3.619678
62.900000 2 41.087695 1471.522848 5.761045 3.617518
63.000000 2 41.086656 1486.192399 5.761023 3.615359
63.100000 2 41.085608 1501.007965 5.761001 3.613199
63.200000 2 41.084551 1515.970995 5.760978 3.611040
63.300000 2 41.083486 1531.082955 5.760956 3.608880
63.400000 2 41.082413 1546.345321 5.760933 3.606721
63.500000 2 41.081331 1561.759587 5.760910 3.604561
63.600000 2 41.080241 1577.327260 5.760887 3.602401
63.700000 2 41.079180 1592.495423 5.760865 3.600318
63.800000 2 41.078378 1603.967009 5.760848 3.598755
63.900000 2 41.077773 1612.624793 5.760835 3.597583
64.000000 2 41.076862 1625.699064 5.760816 3.595825
64.100000 4 41.075945 1638.926652 5.760815 3.594065
64.200000 4 41.075785 1638.930078 5.760816 3.594064
64.300000 4 40.665028 1647.806797 5.761794 3.593136
64.400000 4 40.258377 1656.671213 5.762758 3.592212
64.500000 4 39.855794 1665.522979 5.763706 3.591292
64.600000 4 39.457236 1674.361718 5.764640 3.590376
64.700000 4 39.062663 1683.187022 5.765560 3.589464
64.800000 4 38.672037 1691.998446 5.766465 3.588557
64.900000 4 38.285316 1700.795511 5.767357 3.587654
65.000000 4 37.902463 1709.577703 5.768236 3.586755
65.100000 4 37.523439 1718.344469 5.769101 3.585861
65.200000 4 37.148204 1727.095217 5.769954 3.584971
65.300000 4 36.776722 1735.829317 5.770793 3.584085
65.400000 4 36.408955 1744.546094 5.771621 3.583204
65.500000 4 36.044865 1753.244833 5.772436 3.582328
65.600000 4 35.684417 1761.924770 5.773239 3.581457
65.700000 4 35.327572 1770.585098 5.774030 3.580590
65.800000 4 34.974297 1779.224959 5.774810 3.579728
65.900000 4 34.624554 1787.843442 5.775579 3.578870
66.000000 4 34.278308 1796.439585 5.776336 3.578018
66.100000 4 33.935525 1805.012369 5.777083 3.577171
66.200000 4 33.596170 1813.560717 5.777818 3.576329
66.300000 4 33.260208 1822.083490 5.778544 3.575492
66.400000 4 32.927606 1829.819686 5.778976 3.574680
66.500000 4 32.598330 1837.540771 5.779405 3.573873
66.600000 4 32.272347 1845.245368 5.779829 3.573071
66.700000 4 31.949623 1852.932037 5.780248 3.572273
66.800000 4 31.630127 1860.599268 5.780664 3.571480
66.900000 4 31.313826 1868.245486 5.781075 3.570692
67.000000 4 31.000688 1875.869037 5.781483 3.569910
67.100000 4 30.690681 1883.468190 5.781886 3.569133
67.200000 4 30.383774 1891.041129 5.782285 3.568361
67.300000 4 30.079936 1898.585951 5.782680 3.567595
67.400000 4 29.779137 1906.100658 5.783071 3.566836
67.500000 4 29.481345 1913.583150 5.783459 3.566082
67.600000 4 29.186532 1921.031223 5.783842 3.565334
67.700000 4 28.894667 1928.442559 5.784222 3.564593
67.800000 4 28.605720 1935.814716 5.784598 3.563858
67.900000 4 28.319663 1943.145128 5.784970 3.563130
68.000000 4 28.036466 1950.431086 5.785338 3.562410
68.100000 4 27.756101 1957.669735 5.785703 3.561697
68.200000 4 27.478540 1964.858064 5.786064 3.560991
68.300000 4 27.203755 1971.992888 5.786421 3.560293
68.400000 4 26.931718 1979.070844 5.786775 3.559604
68.500000 4 26.662400 1986.088370 5.787125 3.558923
68.600000 4 26.395776 1993.041694 5.787472 3.558250
68.700000 4 26.131819 1999.926817 5.787815 3.557587
68.800000 4 25.870500 2006.739492 5.788155 3.556934
68.900000 4 25.611795 2013.475208 5.788492 3.556290
69.000000 4 25.355677 2020.129164 5.788825 3.555657
69.100000 4 25.102121 2026.696247 5.789155 3.555035
69.200000 4 24.851099 2033.171000 5.789481 3.554424
69.300000 4 24.602588 2039.547599 5.789804 3.553825
69.400000 4 24.356563 2045.819810 5.790124 3.553238
69.500000 4 24.112997 2051.980956 5.790441 3.552664
69.600000 4 23.871867 2058.023873 5.790755 3.552104
69.700000 4 23.633148 2063.940861 5.791065 3.551558
69.800000 4 23.396817 2069.723625 5.791373 3.551028
69.900000 4 23.162849 2075.363222 5.791677 3.550513
70.000000 4 22.931220 2080.849979 5.791978 3.550015
70.100000 4 22.701908 2086.173420 5.792277 3.549535
70.200000 4 22.474889 2091.322170 5.792572 3.549073
70.300000 4 22.250140 2096.283845 5.792864 3.548632
70.400000 4 22.027639 2101.044933 5.793154 3.548211
70.500000 4 21.807362 2105.590648 5.793440 3.547814
70.600000 4 21.589289 2109.904760 5.793724 3.547440
70.700000 4 21.373396 2113.969399 5.794005 3.547092
70.800000 4 21.159662 2117.764820 5.794283 3.546772
70.900000 4 20.948065 2121.269129 5.794558 3.546482
71.000000 4 20.738584 2124.457945 5.794830 3.546224
71.100000 4 20.531199 2127.304003 5.795100 3.546001
71.200000 4 20.325887 2129.776667 5.795367 3.545815
71.300000 4 20.122628 2131.841330 5.795631 3.545671
71.400000 4 19.921401 2133.458678 5.795893 3.545572
71.500000 4 19.722187 2134.583761 5.796152 3.545522
71.600000 4 19.524966 2135.164823 5.796409 3.545527
71.700000 4 19.329716 2135.141794 5.796663 3.545593
71.800000 4 19.136419 2134.444332 5.796914 3.545727
71.900000 4 18.945055 2132.989224 5.797163 3.545937
72.000000 4 18.755604 2130.676866 5.797409 3.546234
72.100000 4 18.568048 2127.386409 5.797653 3.546631
72.200000 4 18.382368 2122.968847 5.797895 3.547142
72.300000 4 18.198544 2117.236895 5.798133 3.547789
72.400000 4 18.016558 2109.949570 5.798370 3.548597
72.500000 4 17.836393 2100.787598 5.798604 3.549601
72.600000 4 17.658029 2089.311912 5.798836 3.550848
72.700000 4 17.481449 2074.888474 5.799065 3.552409
72.800000 4 17.306634 2056.539360 5.799291 3.554395
72.900000 4 17.220101 2045.449180 5.799403 3.555597
73.000000 4 17.134000 2032.681180 5.799514 3.556984
73.100000 4 17.048330 2017.791998 5.799624 3.558608
73.200000 4 16.963089 2000.120306 5.799733 3.560546
73.300000 4 16.920681 1989.950645 5.799787 3.561666
73.400000 4 16.878379 1978.652856 5.799840 3.562916
73.500000 4 16.836183 1965.983762 5.799893 3.564324
73.600000 4 16.794093 1951.616363 5.799945 3.565930
73.700000 4 16.752108 1935.100896 5.799997 3.567788
73.800000 4 16.710227 1915.803167 5.800047 3.569977
73.900000 4 16.689340 1904.846004 5.800071 3.571228
74.000000 4 16.668478 1892.819902 5.800095 3.572610
74.100000 4 16.647642 1879.538367 5.800118 3.574144
74.200000 4 16.626833 1864.770079 5.800141 3.575863
74.300000 4 16.606049 1848.225625 5.800162 3.577804
74.400000 4 16.595671 1839.179656 5.800173 3.578872
74.500000 4 16.585298 1829.545868 5.800183 3.580015
74.600000 4 16.574932 1819.262822 5.800193 3.581241
74.700000 4 16.564573 1808.260854 5.800202 3.582560
74.800000 4 16.554220 1796.460794 5.800211 3.583984
74.900000 4 16.543874 1783.772453 5.800219 3.585526
75.000000 4 16.533534 1770.092857 5.800227 3.587199
75.100000 4 16.523200 1755.304164 5.800234 3.589023
75.200000 4 16.512873 1739.271231 5.800241 3.591017
75.300000 4 16.507713 1730.741879 5.800243 3.592085
75.400000 4 16.502555 1721.841598 5.800246 3.593205
75.500000 4 16.497397 1712.547290 5.800248 3.594381
75.600000 4 16.492242 1702.834153 5.800250 3.595617
75.700000 4 16.487088 1692.675546 5.800252 3.596917
75.800000 4 16.481936 1682.042841 5.800254 3.598285
75.900000 4 16.476785 1670.905275 5.800255 3.599728
76.000000 4 16.471636 1659.229781 5.800256 3.601251
76.100000 4 16.466489 1646.980812 5.800256 3.602860
76.200000 4 16.461343 1634.120162 5.800256 3.604563
76.300000 4 16.456199 1620.606762 5.800255 3.606366
76.400000 4 16.451057 1606.396489 5.800254 3.608278
76.500000 4 16.445916 1591.441948 5.800253 3.610308
76.600000 4 16.440776 1575.692268 5.800250 3.612467
76.700000 4 16.438207 1567.502997 5.800249 3.613599
76.800000 4 16.435639 1559.094214 5.800248 3.614766
76.900000 4 16.433071 1550.458488 5.800246 3.615972
77.000000 4 16.430503 1541.588135 5.800244 3.617217
77.100000 4 16.427936 1532.475206 5.800242 3.618504
77.200000 4 16.425369 1523.111487 5.800239 3.619835
77.300000 4 16.422803 1513.488490 5.800237 3.621210
77.400000 4 16.420236 1503.597454 5.800234 3.622633
77.500000 4 16.417671 1493.429335 5.800231 3.624106
77.600000 4 16.415106 1482.974810 5.800227 3.625631
77.700000 4 16.412541 1472.224270 5.800224 3.627210
77.800000 4 16.409976 1461.167821 5.800220 3.628846
77.900000 4 16.407412 1449.795290 5.800216 3.630541
78.000000 4 16.404849 1438.096219 5.800211 3.632299
78.100000 4 16.402285 1426.059876 5.800206 3.634123
78.200000 4 16.399722 1413.675260 5.800201 3.636016
78.300000 4 16.397160 1400.931111 5.800196 3.637981
78.400000 4 16.394598 1387.815920 5.800190 3.640022
78.500000 4 16.392036 1374.317945 5.800183 3.642143
78.600000 4 16.390756 1367.421958 5.800180 3.643234
78.700000 4 16.389475 1360.426044 5.800176 3.644347
78.800000 4 16.388195 1353.328427 5.800173 3.645482
78.900000 4 16.386914 1346.127576 5.800169 3.646640
79.000000 4 16.385634 1338.821946 5.800165 3.647820
79.100000 4 16.384354 1331.409988 5.800161 3.649025
79.200000 4 16.383074 1323.890144 5.800157 3.650254
79.300000 4 16.381794 1316.260851 5.800153 3.651508
79.400000 4 16.380515 1308.520541 5.800148 3.652787
79.500000 4 16.379235 1300.667645 5.800144 3.654093
79.600000 4 16.377955 1292.700592 5.800139 3.655426
79.700000 4 16.376676 1284.617811 5.800134 3.656787
79.800000 4 16.375396 1276.417734 5.800130 3.658177
79.900000 4 16.374117 1268.098798 5.800124 3.659595
80.000000 4 16.372838 1259.659447 5.800119 3.661044
80.100000 4 16.371559 1251.098131 5.800114 3.662523
80.200000 4 16.370280 1242.413317 5.800108 3.664035
80.300000 4 16.369001 1233.603480 5.800102 3.665578
80.400000 4 16.367722 1224.667116 5.800096 3.667156
80.500000 4 16.366444 1215.602740 5.800090 3.668767
80.600000 4 16.365165 1206.408888 5.800084 3.670414
80.700000 4 16.363887 1197.084126 5.800077 3.672097
80.800000 4 16.362608 1187.627048 5.800070 3.673818
80.900000 4 16.361330 1178.036280 5.800063 3.675577
81.000000 4 16.360052 1168.310491 5.800056 3.677375
81.100000 4 16.358774 1158.448386 5.800048 3.679214
81.200000 4 16.357496 1148.448723 5.800041 3.681095
81.300000 4 16.356218 1138.310307 5.800033 3.683018
81.400000 4 16.354940 1128.032002 5.800024 3.684986
81.500000 4 16.353662 1117.612733 5.800016 3.686999
81.600000 4 16.352385 1107.051493 5.800007 3.689058
81.700000 4 16.351107 1096.347348 5.799998 3.691166
81.800000 4 16.349830 1085.499446 5.799989 3.693323
81.900000 4 16.349191 1080.021450 5.799984 3.694420
82.000000 4 16.348553 1074.507235 5.799979 3.695531
82.100000 4 16.347914 1068.956720 5.799974 3.696654
82.200000 4 16.347275 1063.369831 5.799969 3.697791
82.300000 4 16.346637 1057.746498 5.799964 3.698941
82.400000 4 16.345998 1052.086660 5.799959 3.700104
82.500000 4 16.345360 1046.390263 5.799953 3.701282
82.600000 4 16.344721 1040.657258 5.799948 3.702474
82.700000 4 16.344083 1034.887607 5.799943 3.703680
82.800000 4 16.343445 1029.081276 5.799937 3.704900
82.900000 4 16.342806 1023.238241 5.799931 3.706135
83.000000 4 16.342168 1017.358487 5.799926 3.707385
83.100000 4 16.341529 1011.442007 5.799920 3.708650
83.200000 4 16.340891 1005.488801 5.799914 3.709930
83.300000 4 16.340253 999.498881 5.799908 3.711226
83.400000 4 16.339615 993.472267 5.799902 3.712538
83.500000 4 16.338976 987.408989 5.799896 3.713866
83.600000 4 16.338338 981.309086 5.799889 3.715210
83.700000 4 16.337700 975.172608 5.799883 3.716571
83.800000 4 16.337062 968.999618 5.799877 3.717948
83.900000 4 16.336424 962.790186 5.799870 3.719342
84.000000 4 16.335785 956.544396 5.799863 3.720754
84.100000 4 16.335147 950.262342 5.799856 3.722183
84.200000 4 16.334509 943.944133 5.799849 3.723630
84.300000 4 16.333871 937.589886 5.799842 3.725095
84.400000 4 16.333233 931.199733 5.799835 3.726578
84.500000 4 16.332595 924.773820 5.799828 3.728080
84.600000 4 16.331957 918.312305 5.799820 3.729600
84.700000 4 16.331319 911.815359 5.799813 3.731140
84.800000 4 16.330681 905.283169 5.799805 3.732700
84.900000 4 16.330044 898.715935 5.799797 3.734279
85.000000 4 16.329406 892.113873 5.799789 3.735878
85.100000 4 16.328768 885.477213 5.799781 3.737497
85.200000 4 16.328130 878.806201 5.799773 3.739137
85.300000 4 16.327492 872.101100 5.799765 3.740798
85.400000 4 16.326854 865.362187 5.799756 3.742481
