t Ka M R logL logTeff
10.974901 1 2.000080 1.616842 1.203182 3.957602
21.949873 1 2.000075 1.623476 1.205148 3.957205
32.924917 1 2.000070 1.630145 1.207131 3.956810
43.900032 1 2.000066 1.636853 1.209132 3.956419
54.875219 1 2.000061 1.643606 1.211150 3.956029
65.850479 1 2.000056 1.650408 1.213187 3.955642
76.825814 1 2.000052 1.657263 1.215241 3.955255
87.801222 1 2.000047 1.664175 1.217312 3.954869
98.776706 1 2.000042 1.671151 1.219402 3.954483
109.752266 1 2.000037 1.678193 1.221509 3.954097
120.727902 1 2.000032 1.685308 1.223634 3.953709
131.703616 1 2.000027 1.692500 1.225776 3.953320
142.679407 1 2.000022 1.699774 1.227936 3.952929
153.655277 1 2.000017 1.707136 1.230114 3.952535
164.631227 1 2.000012 1.714590 1.232309 3.952138
175.607257 1 2.000007 1.722142 1.234522 3.951737
186.583369 1 2.000002 1.729797 1.236753 3.951331
197.559562 1 1.999996 1.737560 1.239001 3.950921
208.535838 1 1.999991 1.745438 1.241267 3.950505
219.512197 1 1.999986 1.753436 1.243551 3.950083
230.488641 1 1.999980 1.761559 1.245852 3.949655
241.465170 1 1.999975 1.769814 1.248172 3.949220
252.441786 1 1.999969 1.778207 1.250508 3.948777
263.418488 1 1.999963 1.786743 1.252863 3.948325
274.395279 1 1.999958 1.795429 1.255235 3.947865
285.372158 1 1.999952 1.804271 1.257625 3.947396
296.349128 1 1.999946 1.813275 1.260032 3.946917
307.326188 1 1.999940 1.822449 1.262457 3.946427
318.303340 1 1.999934 1.831799 1.264900 3.945927
329.280585 1 1.999928 1.841333 1.267360 3.945415
340.257924 1 1.999922 1.851056 1.269838 3.944890
351.235358 1 1.999916 1.860976 1.272334 3.944354
362.212888 1 1.999910 1.871101 1.274848 3.943804
373.190515 1 1.999904 1.881438 1.277379 3.943240
384.168241 1 1.999897 1.891995 1.279927 3.942662
395.146066 1 1.999891 1.902780 1.282493 3.942070
406.123991 1 1.999884 1.913801 1.285077 3.941462
417.102019 1 1.999878 1.925066 1.287679 3.940838
428.080150 1 1.999871 1.936584 1.290298 3.940197
439.058385 1 1.999864 1.948364 1.292935 3.939539
450.036726 1 1.999858 1.960415 1.295589 3.938864
461.015173 1 1.999851 1.972747 1.298261 3.938170
471.993730 1 1.999844 1.985368 1.300951 3.937458
482.972396 1 1.999837 1.998290 1.303659 3.936726
493.951173 1 1.999829 2.011522 1.306383 3.935974
504.930062 1 1.999822 2.025074 1.309126 3.935202
515.909066 1 1.999815 2.038959 1.311886 3.934408
526.888186 1 1.999807 2.053187 1.314664 3.933592
537.867422 1 1.999800 2.067771 1.317459 3.932754
548.846778 1 1.999792 2.082723 1.320272 3.931893
559.826254 1 1.999784 2.098055 1.323103 3.931008
570.805852 1 1.999776 2.113781 1.325951 3.930098
581.785574 1 1.999768 2.129915 1.328817 3.929164
592.765422 1 1.999760 2.146473 1.331700 3.928203
603.745397 1 1.999752 2.163468 1.334601 3.927216
614.725501 1 1.999743 2.180918 1.337520 3.926201
625.705737 1 1.999735 2.198840 1.340456 3.925158
636.686106 1 1.999726 2.217250 1.343410 3.924086
647.666610 1 1.999718 2.236169 1.346381 3.922983
658.647252 1 1.999709 2.255616 1.349370 3.921850
669.628033 1 1.999700 2.275612 1.352376 3.920685
680.608955 1 1.999690 2.296180 1.355400 3.919488
691.590022 1 1.999681 2.317343 1.358441 3.918256
702.571234 1 1.999672 2.339127 1.361500 3.916989
713.552595 1 1.999662 2.361559 1.364577 3.915685
724.534108 1 1.999652 2.384667 1.367671 3.914344
735.515773 1 1.999642 2.408482 1.370783 3.912965
741.006684 1 1.999637 2.420665 1.372345 3.912259
746.497635 1 1.999632 2.433038 1.373912 3.911544
751.988625 1 1.999627 2.445604 1.375483 3.910818
757.479656 1 1.999622 2.458369 1.377058 3.910082
762.970728 1 1.999616 2.471338 1.378638 3.909334
768.461841 1 1.999611 2.484515 1.380222 3.908575
773.952996 1 1.999606 2.497906 1.381811 3.907805
779.444192 1 1.999600 2.511516 1.383404 3.907024
784.935430 1 1.999595 2.525351 1.385001 3.906230
790.426711 1 1.999590 2.539416 1.386603 3.905424
795.918035 1 1.999584 2.553719 1.388209 3.904606
801.409402 1 1.999578 2.568264 1.389820 3.903776
806.900813 1 1.999573 2.583059 1.391435 3.902932
812.392269 1 1.999567 2.598111 1.393054 3.902075
817.883768 1 1.999561 2.613427 1.394677 3.901205
823.375313 1 1.999556 2.629013 1.396305 3.900320
828.866903 1 1.999550 2.644879 1.397938 3.899422
834.358540 1 1.999544 2.661032 1.399574 3.898509
839.850222 1 1.999538 2.677480 1.401215 3.897581
845.341951 1 1.999532 2.694233 1.402861 3.896638
850.833727 1 1.999526 2.711299 1.404510 3.895679
856.325551 1 1.999520 2.728688 1.406164 3.894705
861.817424 1 1.999513 2.746410 1.407823 3.893714
867.309344 1 1.999507 2.764476 1.409486 3.892706
872.801314 1 1.999501 2.782896 1.411153 3.891680
878.293334 1 1.999494 2.801683 1.412824 3.890637
883.785403 1 1.999488 2.820847 1.414500 3.889576
889.277523 1 1.999481 2.840401 1.416181 3.888496
894.769695 1 1.999475 2.860359 1.417865 3.887397
900.261918 1 1.999468 2.880733 1.419554 3.886278
905.754193 1 1.999461 2.901539 1.421247 3.885138
911.246521 1 1.999455 2.922791 1.422945 3.883978
916.738902 1 1.999448 2.944506 1.424647 3.882796
922.231337 1 1.999441 2.966698 1.426353 3.881592
927.723827 1 1.999434 2.989387 1.428064 3.880365
933.216372 1 1.999427 3.012589 1.429779 3.879115
938.708973 1 1.999419 3.036323 1.431498 3.877841
944.201630 1 1.999412 3.060610 1.433222 3.876542
949.694344 1 1.999405 3.085471 1.434950 3.875217
955.187116 1 1.999397 3.110926 1.436682 3.873866
960.679946 1 1.999390 3.137000 1.438419 3.872488
966.172835 1 1.999382 3.163716 1.440160 3.871082
971.665784 1 1.999375 3.191100 1.441905 3.869647
977.158793 1 1.999367 3.219178 1.443654 3.868182
982.651863 1 1.999359 3.247979 1.445408 3.866686
988.144995 1 1.999351 3.277531 1.447166 3.865159
993.638190 1 1.999343 3.307866 1.448929 3.863599
999.131448 1 1.999335 3.339017 1.450696 3.862005
1004.624771 1 1.999326 3.371018 1.452467 3.860377
1010.118158 1 1.999318 3.403905 1.454242 3.858712
1015.611612 1 1.999309 3.437716 1.456022 3.857011
1018.358372 1 1.999305 3.454981 1.456914 3.856146
1021.105149 1 1.999301 3.472492 1.457806 3.855271
1023.851943 1 1.999296 3.490254 1.458700 3.854387
1026.598754 1 1.999292 3.508275 1.459594 3.853492
1029.345583 1 1.999288 3.526558 1.460490 3.852588
1032.092428 1 1.999283 3.545109 1.461387 3.851673
1034.839292 1 1.999279 3.563936 1.462285 3.850747
1037.586173 1 1.999274 3.583043 1.463184 3.849811
1040.333071 1 1.999270 3.602438 1.464084 3.848863
1043.079988 1 1.999265 3.622126 1.464985 3.847905
1045.826922 1 1.999260 3.642115 1.465887 3.846936
1048.573874 1 1.999256 3.662411 1.466790 3.845955
1051.320845 1 1.999251 3.683021 1.467695 3.844962
1054.067834 1 1.999246 3.703953 1.468600 3.843958
1056.814842 1 1.999242 3.725215 1.469507 3.842942
1059.561868 1 1.999237 3.746812 1.470414 3.841913
1062.308913 1 1.999232 3.768755 1.471323 3.840872
1065.055977 1 1.999227 3.791050 1.472232 3.839819
1067.803060 1 1.999222 3.813707 1.473143 3.838753
1070.550162 1 1.999217 3.836733 1.474055 3.837673
1073.297283 1 1.999212 3.860138 1.474968 3.836581
1076.044424 1 1.999207 3.883931 1.475882 3.835475
1078.791585 1 1.999202 3.908121 1.476797 3.834356
1081.538765 1 1.999197 3.932717 1.477713 3.833222
1092.527565 1 1.999177 3.943817 1.514935 3.841916
1093.214385 1 1.999175 3.912080 1.524077 3.845956
1093.815354 1 1.999174 3.876863 1.532935 3.850134
1094.341203 1 1.999173 3.839934 1.541345 3.854315
1094.801321 1 1.999172 3.802696 1.549208 3.858397
1095.203925 1 1.999171 3.766206 1.556473 3.862307
1095.556204 1 1.999170 3.731210 1.563126 3.865997
1095.864449 1 1.999169 3.698199 1.569174 3.869439
1096.134163 1 1.999169 3.667463 1.574639 3.872617
1096.370163 1 1.999168 3.639142 1.579554 3.875529
1096.576664 1 1.999168 3.613264 1.583955 3.878180
1096.757352 1 1.999167 3.589779 1.587885 3.880578
1096.915454 1 1.999167 3.568585 1.591382 3.882738
1097.053793 1 1.999167 3.549547 1.594488 3.884676
1097.295887 1 1.999166 3.515124 1.600026 3.888177
1097.477457 1 1.999166 3.488387 1.604265 3.890894
1097.613635 1 1.999165 3.467819 1.607492 3.892985
1097.817903 1 1.999165 3.436143 1.612410 3.896207
1098.022170 2 1.999164 3.403486 1.617421 3.899534
1098.122170 2 1.999163 3.417940 1.615476 3.898127
1098.222170 2 1.999162 3.436991 1.612924 3.896282
1098.322170 2 1.999161 3.456148 1.610373 3.894438
1098.422170 2 1.999160 3.475413 1.607821 3.892593
1098.522170 2 1.999158 3.494784 1.605270 3.890748
1098.622170 2 1.999157 3.514263 1.602719 3.888903
1098.722170 2 1.999156 3.533851 1.600167 3.887058
1098.822170 2 1.999154 3.553548 1.597616 3.885213
1098.922170 2 1.999153 3.573355 1.595064 3.883369
1099.022170 2 1.999152 3.593272 1.592513 3.881524
1099.122170 2 1.999150 3.613300 1.589962 3.879679
1099.222170 2 1.999149 3.633439 1.587410 3.877834
1099.322170 2 1.999148 3.653691 1.584859 3.875989
1099.422170 2 1.999147 3.674056 1.582307 3.874145
1099.522170 2 1.999145 3.694534 1.579756 3.872300
1099.622170 2 1.999144 3.715126 1.577205 3.870455
1099.722170 2 1.999143 3.735832 1.574653 3.868610
1099.822170 2 1.999141 3.756655 1.572102 3.866765
1099.922170 2 1.999140 3.777593 1.569550 3.864921
1100.022170 2 1.999139 3.798647 1.566999 3.863076
1100.122170 2 1.999138 3.819819 1.564448 3.861231
1100.222170 2 1.999136 3.841109 1.561896 3.859386
1100.322170 2 1.999135 3.862518 1.559345 3.857542
1100.422170 2 1.999134 3.884046 1.556793 3.855697
1100.522170 2 1.999132 3.905693 1.554242 3.853852
1100.622170 2 1.999131 3.927462 1.551691 3.852007
1100.722170 2 1.999130 3.949351 1.549139 3.850163
1100.822170 2 1.999129 3.971363 1.546588 3.848318
1100.922170 2 1.999127 3.993497 1.544037 3.846473
1101.022170 2 1.999126 4.015754 1.541485 3.844628
1101.122170 2 1.999125 4.038136 1.538934 3.842784
1101.222170 2 1.999124 4.060642 1.536383 3.840939
1101.322170 2 1.999122 4.083273 1.533831 3.839094
1101.422170 2 1.999121 4.106031 1.531280 3.837249
1101.522170 2 1.999120 4.128915 1.528729 3.835405
1101.622170 2 1.999118 4.151927 1.526177 3.833560
1101.722170 2 1.999117 4.175066 1.523626 3.831715
1101.822170 2 1.999116 4.198335 1.521074 3.829871
1101.922170 2 1.999115 4.221734 1.518523 3.828026
1102.022170 2 1.999113 4.245262 1.515972 3.826181
1102.122170 2 1.999112 4.268922 1.513420 3.824337
1102.222170 2 1.999111 4.292714 1.510869 3.822492
1102.322170 2 1.999109 4.316638 1.508318 3.820647
1102.422170 2 1.999108 4.340695 1.505766 3.818803
1102.522170 2 1.999107 4.364886 1.503215 3.816958
1102.622170 2 1.999106 4.389213 1.500664 3.815113
1102.722170 2 1.999104 4.413674 1.498112 3.813269
1102.822170 2 1.999103 4.438272 1.495561 3.811424
1102.922170 2 1.999102 4.463007 1.493010 3.809579
1103.022170 2 1.999101 4.487879 1.490458 3.807735
1103.122170 2 1.999099 4.512891 1.487907 3.805890
1103.222170 2 1.999098 4.538041 1.485356 3.804045
1103.322170 2 1.999097 4.563332 1.482805 3.802201
1103.422170 2 1.999095 4.588763 1.480253 3.800356
1103.522170 2 1.999094 4.614336 1.477702 3.798511
1103.622170 2 1.999093 4.640052 1.475151 3.796667
1103.722170 2 1.999092 4.665910 1.472599 3.794822
1103.822170 2 1.999090 4.691913 1.470048 3.792978
1103.922170 2 1.999089 4.718061 1.467497 3.791133
1104.022170 2 1.999088 4.744354 1.464945 3.789288
1104.122170 2 1.999087 4.770794 1.462394 3.787444
1104.222170 2 1.999085 4.797381 1.459843 3.785599
1104.322170 2 1.999084 4.824116 1.457292 3.783755
1104.422170 2 1.999083 4.851000 1.454740 3.781910
1104.522170 2 1.999082 4.878033 1.452189 3.780065
1104.622170 2 1.999080 4.905218 1.449638 3.778221
1104.722170 2 1.999079 4.932553 1.447086 3.776376
1104.822170 2 1.999078 4.960041 1.444535 3.774532
1104.922170 2 1.999076 4.987682 1.441984 3.772687
1105.022170 2 1.999075 5.015477 1.439433 3.770843
1105.122170 2 1.999074 5.043427 1.436881 3.768998
1105.222170 2 1.999073 5.071532 1.434330 3.767153
1105.322170 2 1.999071 5.099794 1.431779 3.765309
1105.422170 2 1.999070 5.128214 1.429227 3.763464
1105.522170 2 1.999069 5.156791 1.426676 3.761620
1105.622170 2 1.999068 5.185528 1.424125 3.759775
1105.722170 2 1.999066 5.214425 1.421574 3.757931
1105.822170 2 1.999065 5.243483 1.419022 3.756086
1105.922170 2 1.999064 5.272703 1.416471 3.754242
1106.022170 2 1.999063 5.302085 1.413920 3.752397
1106.122170 2 1.999061 5.331631 1.411369 3.750553
1106.222170 2 1.999060 5.361342 1.408817 3.748708
1106.322170 2 1.999059 5.391218 1.406266 3.746864
1106.422170 2 1.999058 5.421260 1.403715 3.745019
1106.522170 2 1.999056 5.451470 1.401164 3.743175
1106.622170 2 1.999055 5.481848 1.398612 3.741330
1106.722170 2 1.999054 5.512395 1.396061 3.739486
1106.822170 2 1.999052 5.543113 1.393510 3.737641
1106.922170 2 1.999051 5.574001 1.390959 3.735797
1107.022170 2 1.999050 5.605062 1.388407 3.733952
1107.122170 2 1.999049 5.636295 1.385856 3.732108
1107.222170 2 1.999047 5.667702 1.383305 3.730263
1107.322170 2 1.999046 5.699285 1.380754 3.728419
1107.422170 2 1.999045 5.731043 1.378202 3.726574
1107.522170 2 1.999044 5.762978 1.375651 3.724730
1107.622170 2 1.999042 5.795091 1.373100 3.722885
1107.722170 2 1.999041 5.827383 1.370549 3.721041
1107.822170 2 1.999040 5.859854 1.367998 3.719197
1107.922170 2 1.999039 5.892507 1.365446 3.717352
1108.022170 2 1.999037 5.925341 1.362895 3.715508
1108.122170 3 1.999037 5.933170 1.362289 3.715069
1108.222170 3 1.999036 5.945592 1.363842 3.715004
1108.458550 3 1.999033 5.987688 1.369080 3.714781
1108.692567 3 1.999030 6.030111 1.374318 3.714557
1108.924244 3 1.999026 6.072865 1.379556 3.714333
1109.153603 3 1.999023 6.115951 1.384793 3.714107
1109.380670 3 1.999020 6.159373 1.390031 3.713880
1109.605465 3 1.999016 6.203134 1.395269 3.713652
1109.828013 3 1.999013 6.247236 1.400507 3.713423
1110.048335 3 1.999009 6.291683 1.405744 3.713193
1110.266454 3 1.999006 6.336476 1.410982 3.712962
1110.482391 3 1.999002 6.381619 1.416220 3.712730
1110.696170 3 1.998999 6.427115 1.421458 3.712497
1110.907810 3 1.998995 6.472967 1.426696 3.712263
1111.117334 3 1.998992 6.519177 1.431933 3.712027
1111.324763 3 1.998988 6.565749 1.437171 3.711791
1111.530118 3 1.998984 6.612686 1.442409 3.711554
1111.733419 3 1.998980 6.659991 1.447647 3.711315
1111.934687 3 1.998977 6.707666 1.452884 3.711076
1112.133942 3 1.998973 6.755715 1.458122 3.710835
1112.331205 3 1.998969 6.804141 1.463360 3.710594
1112.526495 3 1.998965 6.852947 1.468598 3.710351
1112.719833 3 1.998961 6.902137 1.473835 3.710108
1112.911237 3 1.998957 6.951713 1.479073 3.709863
1113.100727 3 1.998953 7.001678 1.484311 3.709617
1113.288321 3 1.998949 7.052037 1.489549 3.709370
1113.474041 3 1.998945 7.102792 1.494786 3.709123
1113.657902 3 1.998941 7.153946 1.500024 3.708874
1113.839926 3 1.998937 7.205503 1.505262 3.708624
1114.020129 3 1.998933 7.257467 1.510500 3.708373
1114.198529 3 1.998929 7.309840 1.515738 3.708121
1114.375146 3 1.998925 7.362626 1.520975 3.707868
1114.549997 3 1.998920 7.415828 1.526213 3.707614
1114.723099 3 1.998916 7.469450 1.531451 3.707359
1114.894471 3 1.998912 7.523496 1.536689 3.707103
1115.064128 3 1.998907 7.577969 1.541926 3.706846
1115.232089 3 1.998903 7.632873 1.547164 3.706588
1115.398371 3 1.998898 7.688210 1.552402 3.706328
1115.562989 3 1.998894 7.743986 1.557640 3.706068
1115.725961 3 1.998889 7.800203 1.562877 3.705807
1115.887304 3 1.998885 7.856865 1.568115 3.705545
1116.047033 3 1.998880 7.913976 1.573353 3.705281
1116.205165 3 1.998875 7.971539 1.578591 3.705017
1116.361716 3 1.998871 8.029559 1.583829 3.704752
1116.516701 3 1.998866 8.088040 1.589066 3.704485
1116.670136 3 1.998861 8.146984 1.594304 3.704218
1116.822037 3 1.998856 8.206396 1.599542 3.703950
1116.972419 3 1.998851 8.266281 1.604780 3.703680
1117.121297 3 1.998846 8.326641 1.610017 3.703410
1117.268686 3 1.998841 8.387481 1.615255 3.703139
1117.414601 3 1.998836 8.448806 1.620493 3.702866
1117.559058 3 1.998831 8.510618 1.625731 3.702593
1117.702069 3 1.998826 8.572922 1.630968 3.702318
1117.843651 3 1.998821 8.635722 1.636206 3.702043
1117.983817 3 1.998815 8.699023 1.641444 3.701766
1118.122581 3 1.998810 8.762829 1.646682 3.701489
1118.259957 3 1.998805 8.827143 1.651919 3.701210
1118.395960 3 1.998799 8.891970 1.657157 3.700931
1118.530602 3 1.998794 8.957315 1.662395 3.700650
1118.663899 3 1.998789 9.023182 1.667633 3.700369
1118.795862 3 1.998783 9.089575 1.672871 3.700086
1118.926506 3 1.998777 9.156498 1.678108 3.699803
1119.055843 3 1.998772 9.223957 1.683346 3.699518
1119.183887 3 1.998766 9.291955 1.688584 3.699233
1119.310650 3 1.998760 9.360497 1.693822 3.698947
1119.436146 3 1.998754 9.429588 1.699059 3.698659
1119.560386 3 1.998749 9.499232 1.704297 3.698371
1119.683385 3 1.998743 9.569434 1.709535 3.698081
1119.805153 3 1.998737 9.640199 1.714773 3.697791
1119.925704 3 1.998731 9.711532 1.720010 3.697499
1120.045049 3 1.998725 9.783436 1.725248 3.697207
1120.163201 3 1.998718 9.855918 1.730486 3.696914
1120.280171 3 1.998712 9.928981 1.735724 3.696619
1120.395972 3 1.998706 10.002632 1.740962 3.696324
1120.510614 3 1.998700 10.076874 1.746199 3.696027
1120.624110 3 1.998693 10.151713 1.751437 3.695730
1120.736471 3 1.998687 10.227154 1.756675 3.695432
1120.847709 3 1.998680 10.303202 1.761913 3.695133
1120.957834 3 1.998674 10.379862 1.767150 3.694832
1121.066858 3 1.998667 10.457139 1.772388 3.694531
1121.174792 3 1.998661 10.535039 1.777626 3.694229
1121.281646 3 1.998654 10.613566 1.782864 3.693926
1121.387432 3 1.998647 10.692726 1.788101 3.693622
1121.492160 3 1.998640 10.772525 1.793339 3.693317
1121.595840 3 1.998633 10.852968 1.798577 3.693011
1121.698484 3 1.998626 10.934060 1.803815 3.692704
1121.800101 3 1.998619 11.015806 1.809052 3.692396
1121.900703 3 1.998612 11.098213 1.814290 3.692087
1122.000703 3 1.998605 11.181286 1.819528 3.691777
1122.100703 3 1.998597 11.265030 1.824766 3.691466
1122.200703 3 1.998590 11.349451 1.830004 3.691154
1122.300703 3 1.998583 11.434556 1.835241 3.690841
1122.400703 3 1.998575 11.520349 1.840479 3.690528
1122.500703 3 1.998568 11.606837 1.845717 3.690213
1122.600703 3 1.998560 11.694025 1.850955 3.689897
1122.700703 3 1.998552 11.781920 1.856192 3.689581
1122.800703 3 1.998544 11.870527 1.861430 3.689263
1122.900703 3 1.998537 11.959852 1.866668 3.688945
1123.000703 3 1.998529 12.049903 1.871906 3.688625
1123.100703 3 1.998521 12.140684 1.877143 3.688305
1123.200703 3 1.998513 12.232201 1.882381 3.687984
1123.300703 3 1.998504 12.324462 1.887619 3.687661
1123.400703 3 1.998496 12.417473 1.892857 3.687338
1123.500703 3 1.998488 12.511239 1.898094 3.687014
1123.600703 3 1.998479 12.605768 1.903332 3.686689
1123.700703 3 1.998471 12.701066 1.908570 3.686363
1123.800703 3 1.998462 12.797139 1.913808 3.686036
1123.900703 3 1.998454 12.893993 1.919046 3.685708
1124.000703 3 1.998445 12.991637 1.924283 3.685379
1124.100703 3 1.998436 13.090076 1.929521 3.685050
1124.200703 3 1.998427 13.189316 1.934759 3.684719
1124.300703 3 1.998418 13.289366 1.939997 3.684388
1124.400703 3 1.998409 13.390232 1.945234 3.684055
1124.500703 3 1.998400 13.491920 1.950472 3.683722
1124.600703 3 1.998391 13.594438 1.955710 3.683387
1124.700703 3 1.998382 13.697793 1.960948 3.683052
1124.800703 3 1.998372 13.801992 1.966185 3.682716
1124.900703 3 1.998363 13.907042 1.971423 3.682379
1125.000703 3 1.998353 14.012950 1.976661 3.682041
1125.100703 3 1.998343 14.119724 1.981899 3.681702
1125.200703 3 1.998334 14.227371 1.987137 3.681362
1125.300703 3 1.998324 14.335899 1.992374 3.681022
1125.400703 3 1.998314 14.445315 1.997612 3.680680
1125.500703 3 1.998304 14.555627 2.002850 3.680338
1125.600703 3 1.998293 14.666842 2.008088 3.679994
1125.700703 3 1.998283 14.778968 2.013325 3.679650
1125.800703 3 1.998273 14.892012 2.018563 3.679305
1125.900703 3 1.998262 15.005984 2.023801 3.678959
1126.000703 3 1.998252 15.120890 2.029039 3.678612
1126.100703 3 1.998241 15.236738 2.034276 3.678264
1126.200703 3 1.998230 15.353538 2.039514 3.677915
1126.300703 3 1.998219 15.471296 2.044752 3.677565
1126.400703 3 1.998208 15.590021 2.049990 3.677215
1126.500703 3 1.998197 15.709721 2.055227 3.676863
1126.600703 3 1.998186 15.830404 2.060465 3.676511
1126.700703 3 1.998175 15.952080 2.065703 3.676158
1126.800703 3 1.998163 16.074757 2.070941 3.675804
1126.900703 3 1.998152 16.198442 2.076179 3.675449
1127.000703 3 1.998140 16.323145 2.081416 3.675093
1127.100703 3 1.998129 16.448874 2.086654 3.674736
1127.200703 3 1.998117 16.575639 2.091892 3.674378
1127.300703 3 1.998105 16.703448 2.097130 3.674020
1127.400703 3 1.998093 16.832309 2.102367 3.673661
1127.500703 3 1.998080 16.962233 2.107605 3.673300
1127.600703 3 1.998068 17.093228 2.112843 3.672939
1127.700703 3 1.998056 17.225303 2.118081 3.672577
1127.800703 3 1.998043 17.358468 2.123318 3.672214
1127.900703 3 1.998030 17.492732 2.128556 3.671851
1128.000703 3 1.998017 17.628104 2.133794 3.671486
1128.100703 3 1.998004 17.764594 2.139032 3.671121
1128.200703 3 1.997991 17.902211 2.144270 3.670755
1128.300703 3 1.997978 18.040966 2.149507 3.670387
1128.400703 3 1.997965 18.180867 2.154745 3.670020
1128.500703 3 1.997951 18.321926 2.159983 3.669651
1128.600703 3 1.997938 18.464151 2.165221 3.669281
1128.700703 3 1.997924 18.607552 2.170458 3.668911
1128.800703 3 1.997910 18.752141 2.175696 3.668539
1128.900703 3 1.997896 18.897926 2.180934 3.668167
1129.000703 3 1.997882 19.044919 2.186172 3.667794
1129.100703 3 1.997868 19.193130 2.191409 3.667420
1129.200703 3 1.997853 19.342568 2.196647 3.667045
1129.300703 3 1.997839 19.493246 2.201885 3.666670
1129.400703 3 1.997824 19.645173 2.207123 3.666293
1129.500703 3 1.997809 19.798360 2.212360 3.665916
1129.600703 3 1.997794 19.952817 2.217598 3.665538
1129.700703 3 1.997779 20.108557 2.222836 3.665159
1129.800703 3 1.997764 20.265590 2.228074 3.664779
1129.900703 3 1.997748 20.423927 2.233312 3.664399
1130.000703 3 1.997733 20.583579 2.238549 3.664017
1130.100703 3 1.997717 20.744558 2.243787 3.663635
1130.200703 3 1.997701 20.906874 2.249025 3.663252
1130.300703 3 1.997685 21.070541 2.254263 3.662868
1130.400703 3 1.997669 21.235568 2.259500 3.662484
1130.500703 3 1.997652 21.401969 2.264738 3.662098
1130.600703 3 1.997636 21.569754 2.269976 3.661712
1130.700703 3 1.997619 21.738936 2.275214 3.661325
1130.800703 3 1.997602 21.909527 2.280451 3.660937
1130.900703 3 1.997585 22.081539 2.285689 3.660548
1131.000703 3 1.997568 22.254983 2.290927 3.660159
1131.100703 3 1.997551 22.429874 2.296165 3.659768
1131.200703 3 1.997533 22.606222 2.301403 3.659377
1131.300703 3 1.997515 22.784041 2.306640 3.658985
1131.400703 3 1.997498 22.963343 2.311878 3.658593
1131.500703 3 1.997479 23.144141 2.317116 3.658199
1131.600703 3 1.997461 23.326448 2.322354 3.657805
1131.700703 3 1.997443 23.510277 2.327591 3.657410
1131.800703 3 1.997424 23.695642 2.332829 3.657014
1131.900703 3 1.997405 23.882554 2.338067 3.656617
1132.000703 3 1.997386 24.071029 2.343305 3.656219
1132.100703 3 1.997367 24.261079 2.348542 3.655821
1132.200703 3 1.997348 24.452718 2.353780 3.655422
1132.300703 3 1.997328 24.645959 2.359018 3.655022
1132.400703 3 1.997309 24.840817 2.364256 3.654622
1132.500703 3 1.997289 25.037305 2.369493 3.654220
1132.600703 3 1.997268 25.235438 2.374731 3.653818
1132.700703 3 1.997248 25.435230 2.379969 3.653415
1132.800703 3 1.997228 25.636695 2.385207 3.653011
1132.900703 3 1.997207 25.839847 2.390445 3.652607
1133.000703 3 1.997186 26.044702 2.395682 3.652201
1133.100703 3 1.997165 26.251274 2.400920 3.651795
1133.200703 3 1.997143 26.459577 2.406158 3.651389
1133.300703 3 1.997122 26.669627 2.411396 3.650981
1133.400703 3 1.997100 26.881440 2.416633 3.650573
1133.500703 4 1.997084 27.033234 2.420360 3.650282
1133.600703 4 1.997078 26.797649 2.414564 3.650733
1133.700703 4 1.997073 26.565955 2.408811 3.651181
1133.800703 4 1.997068 26.338070 2.403101 3.651624
1133.900703 4 1.997062 26.113917 2.397433 3.652063
1134.000703 4 1.997057 25.893419 2.391807 3.652498
1134.100703 4 1.997052 25.676501 2.386223 3.652928
1134.200703 4 1.997048 25.496751 2.381557 3.653287
1134.300703 4 1.997045 25.363297 2.378071 3.653555
1134.400703 4 1.997040 25.165272 2.372862 3.653955
1134.500703 4 1.997036 24.969797 2.367678 3.654352
1134.600703 4 1.997033 24.824825 2.363805 3.654649
1134.700703 4 1.997030 24.681249 2.359946 3.654943
1134.800703 4 1.997026 24.539056 2.356100 3.655237
1134.900703 4 1.997023 24.398229 2.352268 3.655529
1135.000703 4 1.997020 24.258752 2.348450 3.655819
1135.100703 4 1.997017 24.120611 2.344646 3.656108
1135.200703 4 1.997014 23.983790 2.340855 3.656395
1135.300703 4 1.997011 23.848275 2.337077 3.656681
1135.400703 4 1.997008 23.714051 2.333313 3.656966
1135.500703 4 1.997006 23.581104 2.329563 3.657249
1135.600703 4 1.997003 23.449418 2.325826 3.657531
1135.700703 4 1.997000 23.318981 2.322102 3.657811
1135.800703 4 1.996997 23.189778 2.318392 3.658090
1135.900703 4 1.996994 23.061796 2.314695 3.658368
1136.000703 4 1.996992 22.935021 2.311012 3.658644
1136.100703 4 1.996989 22.809439 2.307342 3.658919
1136.200703 4 1.996987 22.685038 2.303685 3.659192
1136.300703 4 1.996984 22.561804 2.300042 3.659464
1136.400703 4 1.996982 22.439725 2.296412 3.659735
1136.500703 4 1.996979 22.318788 2.292795 3.660004
1136.600703 4 1.996977 22.198980 2.289192 3.660272
1136.700703 4 1.996974 22.080290 2.285601 3.660538
1136.800703 4 1.996972 21.962704 2.282024 3.660804
1136.900703 4 1.996970 21.846211 2.278460 3.661068
1137.000703 4 1.996967 21.730798 2.274909 3.661330
1137.100703 4 1.996965 21.616455 2.271371 3.661591
1137.200703 4 1.996963 21.503170 2.267847 3.661851
1137.300703 4 1.996960 21.390930 2.264335 3.662109
1137.400703 4 1.996958 21.279725 2.260836 3.662367
1137.500703 4 1.996956 21.169544 2.257351 3.662623
1137.600703 4 1.996954 21.060376 2.253878 3.662877
1137.700703 4 1.996952 20.952209 2.250419 3.663130
1137.800703 4 1.996950 20.845033 2.246972 3.663382
1137.900703 4 1.996948 20.738838 2.243538 3.663633
1138.000703 4 1.996946 20.633612 2.240117 3.663882
1138.100703 4 1.996944 20.529346 2.236709 3.664130
1138.200703 4 1.996942 20.426029 2.233314 3.664377
1138.300703 4 1.996938 20.222203 2.226563 3.664867
1138.400703 4 1.996934 20.022055 2.219862 3.665352
1138.500703 4 1.996930 19.825508 2.213212 3.665831
1138.600703 4 1.996927 19.632485 2.206613 3.666306
1138.700703 4 1.996923 19.442914 2.200064 3.666776
1138.800703 4 1.996920 19.256723 2.193566 3.667241
1138.900703 4 1.996916 19.073842 2.187118 3.667701
1139.000703 4 1.996913 18.894203 2.180719 3.668156
1139.100703 4 1.996910 18.717739 2.174371 3.668607
1139.200703 4 1.996907 18.544384 2.168072 3.669052
1139.300703 4 1.996904 18.374077 2.161822 3.669493
1139.400703 4 1.996901 18.206754 2.155621 3.669930
1139.500703 4 1.996898 18.042355 2.149470 3.670361
1139.600703 4 1.996895 17.880822 2.143367 3.670789
1139.700703 4 1.996892 17.722096 2.137313 3.671211
1139.800703 4 1.996889 17.566122 2.131307 3.671629
1139.900703 4 1.996887 17.412844 2.125349 3.672043
1140.000703 4 1.996884 17.262210 2.119439 3.672452
1140.100703 4 1.996882 17.114166 2.113577 3.672857
1140.200703 4 1.996879 16.968662 2.107763 3.673258
1140.300703 4 1.996877 16.825648 2.101996 3.673654
1140.400703 4 1.996874 16.685074 2.096276 3.674046
1140.500703 4 1.996872 16.546894 2.090604 3.674433
1140.600703 4 1.996870 16.411061 2.084978 3.674817
1140.700703 4 1.996868 16.277529 2.079399 3.675196
1140.800703 4 1.996865 16.146255 2.073866 3.675571
1140.900703 4 1.996863 16.017194 2.068379 3.675942
1141.000703 4 1.996861 15.890304 2.062939 3.676309
1141.100703 4 1.996859 15.765544 2.057544 3.676672
1141.200703 4 1.996857 15.642874 2.052195 3.677031
1141.300703 4 1.996855 15.522254 2.046891 3.677386
1141.400703 4 1.996853 15.403645 2.041633 3.677737
1141.500703 4 1.996851 15.287009 2.036420 3.678084
1141.600703 4 1.996849 15.172310 2.031251 3.678428
1141.700703 4 1.996848 15.059512 2.026128 3.678767
1141.800703 4 1.996846 14.948578 2.021048 3.679103
1141.900703 4 1.996844 14.839476 2.016014 3.679435
1142.000703 4 1.996842 14.732170 2.011023 3.679763
1142.100703 4 1.996841 14.626628 2.006076 3.680087
1142.200703 4 1.996839 14.522818 2.001173 3.680408
1142.300703 4 1.996837 14.420708 1.996313 3.680726
1142.400703 4 1.996836 14.320267 1.991497 3.681039
1142.500703 4 1.996834 14.221466 1.986724 3.681349
1142.600703 4 1.996833 14.124273 1.981993 3.681656
1142.700703 4 1.996831 14.028662 1.977306 3.681959
1142.800703 4 1.996830 13.934603 1.972661 3.682259
1142.900703 4 1.996828 13.842068 1.968058 3.682555
1143.000703 4 1.996827 13.751032 1.963498 3.682847
1143.100703 4 1.996825 13.661466 1.958980 3.683137
1143.200703 4 1.996824 13.573346 1.954503 3.683423
1143.300703 4 1.996823 13.486646 1.950068 3.683706
1143.400703 4 1.996821 13.401340 1.945674 3.683985
1143.500703 4 1.996820 13.317406 1.941322 3.684261
1143.600703 4 1.996819 13.234819 1.937010 3.684534
1143.700703 4 1.996817 13.153555 1.932739 3.684804
1143.800703 4 1.996816 13.073593 1.928509 3.685070
1143.900703 4 1.996815 12.994909 1.924320 3.685334
1144.000703 4 1.996814 12.917482 1.920170 3.685594
1144.100703 4 1.996812 12.841291 1.916061 3.685851
1144.200703 4 1.996811 12.766314 1.911991 3.686106
1144.300703 4 1.996810 12.692531 1.907961 3.686357
1144.400703 4 1.996809 12.619922 1.903971 3.686605
1144.500703 4 1.996808 12.548468 1.900019 3.686850
1144.600703 4 1.996807 12.478148 1.896107 3.687092
1144.700703 4 1.996806 12.408944 1.892234 3.687332
1144.800703 4 1.996805 12.340839 1.888399 3.687568
1144.900703 4 1.996804 12.273812 1.884603 3.687802
1145.000703 4 1.996802 12.207847 1.880845 3.688032
1145.100703 4 1.996801 12.142927 1.877125 3.688260
1145.200703 4 1.996800 12.079034 1.873444 3.688485
1145.300703 4 1.996799 12.016152 1.869799 3.688708
1145.400703 4 1.996798 11.954263 1.866193 3.688927
1145.500703 4 1.996797 11.893353 1.862623 3.689144
1145.600703 4 1.996796 11.833406 1.859091 3.689358
1145.700703 4 1.996795 11.716337 1.852137 3.689779
1145.800703 4 1.996793 11.602936 1.845329 3.690189
1145.900703 4 1.996791 11.493090 1.838666 3.690589
1146.000703 4 1.996789 11.386686 1.832146 3.690978
1146.100703 4 1.996787 11.283619 1.825767 3.691358
1146.200703 4 1.996786 11.183786 1.819529 3.691728
1146.300703 4 1.996784 11.087089 1.813428 3.692089
1146.400703 4 1.996782 10.993433 1.807465 3.692440
1146.500703 4 1.996781 10.902726 1.801637 3.692782
1146.600703 4 1.996779 10.814880 1.795942 3.693115
1146.700703 4 1.996778 10.729812 1.790380 3.693439
1146.800703 4 1.996776 10.647438 1.784948 3.693755
1146.900703 4 1.996775 10.567681 1.779646 3.694062
1147.000703 4 1.996773 10.490464 1.774471 3.694361
1147.100703 4 1.996772 10.415714 1.769421 3.694651
1147.200703 4 1.996771 10.343361 1.764497 3.694934
1147.300703 4 1.996769 10.273336 1.759695 3.695209
1147.400703 4 1.996768 10.205574 1.755014 3.695475
1147.500703 4 1.996767 10.140010 1.750454 3.695735
1147.600703 4 1.996765 10.076584 1.746011 3.695987
1147.700703 4 1.996764 10.015236 1.741685 3.696231
1147.800703 4 1.996763 9.955908 1.737475 3.696469
1147.900703 4 1.996762 9.898545 1.733377 3.696699
1148.000703 4 1.996761 9.843094 1.729392 3.696923
1148.100703 4 1.996759 9.789501 1.725517 3.697140
1148.200703 4 1.996758 9.737718 1.721752 3.697350
1148.300703 4 1.996757 9.687695 1.718093 3.697554
1148.400703 4 1.996755 9.592742 1.711092 3.697942
1148.500703 4 1.996753 9.504280 1.704501 3.698306
1148.600703 4 1.996750 9.421971 1.698309 3.698647
1148.700703 4 1.996748 9.345493 1.692503 3.698965
1148.800703 4 1.996746 9.274545 1.687070 3.699262
1148.900703 4 1.996744 9.208839 1.681999 3.699538
1149.000703 4 1.996742 9.148105 1.677276 3.699794
1149.100703 4 1.996740 9.092084 1.672889 3.700031
1149.200703 4 1.996738 9.040531 1.668826 3.700250
1149.300703 4 1.996737 8.993211 1.665075 3.700452
1149.400703 4 1.996735 8.949900 1.661622 3.700637
1149.500703 4 1.996733 8.910384 1.658457 3.700806
1149.600703 4 1.996731 8.874455 1.655565 3.700961
1149.700703 4 1.996729 8.841916 1.652935 3.701101
1149.800703 4 1.996728 8.812573 1.650554 3.701228
1149.900703 4 1.996726 8.786241 1.648411 3.701342
1150.000703 4 1.996724 8.762739 1.646491 3.701443
1150.100703 4 1.996722 8.741892 1.644784 3.701534
1150.200703 4 1.996721 8.723528 1.643277 3.701614
1150.300703 4 1.996719 8.707480 1.641957 3.701683
1150.400703 4 1.996717 8.693583 1.640811 3.701744
1150.500703 4 1.996715 8.681676 1.639828 3.701796
1150.600703 4 1.996714 8.671600 1.638995 3.701840
1150.700703 4 1.996710 8.656315 1.637730 3.701906
1150.800703 4 1.996707 8.646494 1.636915 3.701949
1150.900703 4 1.996704 8.640918 1.636452 3.701974
1151.079037 4 1.996697 8.637690 1.636183 3.701988
1153.932385 4 1.996590 8.637778 1.636187 3.701986
1156.785734 4 1.996483 8.637937 1.636217 3.701990
1159.639082 4 1.996376 8.638174 1.636279 3.701999
1162.492430 4 1.996270 8.638531 1.636381 3.702016
1165.345779 4 1.996163 8.639046 1.636528 3.702040
1168.199127 4 1.996056 8.639759 1.636725 3.702071
1171.052475 4 1.995949 8.640711 1.636977 3.702110
1173.905824 4 1.995842 8.641942 1.637286 3.702156
1176.759172 4 1.995734 8.643491 1.637657 3.702210
1179.612520 4 1.995627 8.645398 1.638093 3.702271
1182.465869 4 1.995520 8.647704 1.638598 3.702340
1185.319217 4 1.995412 8.650448 1.639174 3.702415
1188.172565 4 1.995304 8.653672 1.639824 3.702496
1191.025914 4 1.995196 8.657415 1.640552 3.702584
1193.879262 4 1.995088 8.661719 1.641359 3.702678
1196.732610 4 1.994980 8.666624 1.642248 3.702778
1199.585959 4 1.994871 8.672171 1.643222 3.702882
1202.439307 4 1.994762 8.678401 1.644283 3.702992
1205.292655 4 1.994652 8.685356 1.645434 3.703105
1208.146004 4 1.994542 8.693078 1.646675 3.703223
1210.999352 4 1.994432 8.701610 1.648011 3.703343
1213.852700 4 1.994321 8.710992 1.649442 3.703467
1216.706049 4 1.994210 8.721270 1.650971 3.703593
1219.559397 4 1.994099 8.732485 1.652599 3.703721
1222.412745 4 1.993986 8.744683 1.654329 3.703851
1225.266094 4 1.993873 8.757907 1.656163 3.703981
1228.119442 4 1.993760 8.772203 1.658102 3.704112
1230.972790 4 1.993646 8.787617 1.660148 3.704242
1233.826139 4 1.993531 8.804194 1.662304 3.704372
1236.679487 4 1.993415 8.821982 1.664570 3.704500
1239.532835 4 1.993298 8.841030 1.666948 3.704626
1242.386184 4 1.993180 8.861386 1.669440 3.704750
1245.239532 4 1.993062 8.883100 1.672048 3.704870
1248.092880 4 1.992942 8.906223 1.674773 3.704987
1250.946229 4 1.992822 8.930807 1.677617 3.705099
1253.799577 4 1.992700 8.956905 1.680581 3.705207
1256.652925 4 1.992577 8.984571 1.683668 3.705309
1259.506274 4 1.992453 9.013862 1.686877 3.705404
1262.359622 4 1.992327 9.044835 1.690212 3.705493
1265.212970 4 1.992200 9.077547 1.693672 3.705574
1268.066319 4 1.992072 9.112059 1.697261 3.705647
1270.919667 4 1.991942 9.148434 1.700978 3.705712
1273.773015 4 1.991810 9.186735 1.704826 3.705767
1276.626363 4 1.991677 9.227027 1.708806 3.705811
1279.479712 4 1.991542 9.269379 1.712919 3.705845
1282.333060 4 1.991405 9.313860 1.717167 3.705867
1285.186408 4 1.991265 9.360542 1.721550 3.705878
1288.039757 4 1.991124 9.409500 1.726071 3.705875
1290.893105 4 1.990981 9.460810 1.730730 3.705859
1293.746453 4 1.990835 9.514553 1.735529 3.705829
1296.599802 4 1.990686 9.570811 1.740468 3.705783
1299.453150 4 1.990535 9.629670 1.745550 3.705722
1302.306498 4 1.990382 9.691218 1.750775 3.705645
1305.159847 4 1.990225 9.755547 1.756144 3.705551
1308.013195 4 1.990066 9.822754 1.761659 3.705439
1310.866543 4 1.989903 9.892937 1.767321 3.705308
1313.719892 4 1.989737 9.966201 1.773131 3.705159
1316.573240 4 1.989567 10.042651 1.779090 3.704989
1319.426588 4 1.989394 10.122401 1.785199 3.704799
1322.279937 4 1.989217 10.205568 1.791460 3.704587
1325.133285 4 1.989036 10.292271 1.797872 3.704353
1327.986633 4 1.988851 10.382639 1.804439 3.704096
1330.839982 4 1.988661 10.476803 1.811159 3.703816
1333.693330 4 1.988466 10.574902 1.818036 3.703511
1336.546678 4 1.988267 10.677079 1.825068 3.703181
1339.400027 4 1.988062 10.783485 1.832259 3.702826
1340.826701 4 1.987956 10.838324 1.835913 3.702638
1342.253375 4 1.987850 10.894280 1.839608 3.702443
1343.680049 4 1.987742 10.951373 1.843342 3.702242
1345.106723 4 1.987632 11.009626 1.847116 3.702033
1346.533398 4 1.987521 11.069059 1.850930 3.701818
1347.960072 4 1.987408 11.129695 1.854785 3.701595
1349.386746 4 1.987294 11.191556 1.858680 3.701365
1350.813420 4 1.987178 11.254667 1.862615 3.701128
1352.240094 4 1.987060 11.319051 1.866591 3.700883
1353.666768 4 1.986941 11.384732 1.870608 3.700631
1355.093443 4 1.986819 11.451735 1.874666 3.700371
1356.520117 4 1.986696 11.520086 1.878764 3.700104
1357.946791 4 1.986571 11.589812 1.882903 3.699828
1359.373465 4 1.986444 11.660938 1.887084 3.699545
1360.800139 4 1.986314 11.733493 1.891306 3.699253
1362.226813 4 1.986183 11.807505 1.895569 3.698954
1363.653488 4 1.986050 11.883002 1.899873 3.698646
1365.080162 4 1.985914 11.960014 1.904219 3.698330
1366.506836 4 1.985776 12.038571 1.908607 3.698005
1367.933510 4 1.985636 12.118705 1.913037 3.697672
1369.360184 4 1.985494 12.200446 1.917508 3.697330
1370.786858 4 1.985349 12.283829 1.922021 3.696979
1372.213533 4 1.985201 12.368885 1.926577 3.696619
1373.640207 4 1.985051 12.455649 1.931174 3.696251
1375.066881 4 1.984898 12.544157 1.935814 3.695873
1376.493555 4 1.984743 12.634444 1.940496 3.695487
1377.920229 4 1.984584 12.726547 1.945220 3.695090
1379.346903 4 1.984423 12.820504 1.949987 3.694685
1380.773578 4 1.984259 12.916353 1.954797 3.694270
1382.200252 4 1.984091 13.014136 1.959649 3.693845
1383.626926 4 1.983921 13.113891 1.964544 3.693411
1385.053600 4 1.983747 13.215662 1.969482 3.692967
1386.480274 4 1.983570 13.319491 1.974462 3.692512
1387.906948 4 1.983389 13.425422 1.979486 3.692048
1389.333623 4 1.983205 13.533500 1.984553 3.691574
1390.760297 4 1.983017 13.643773 1.989662 3.691089
1392.186971 4 1.982825 13.756286 1.994815 3.690594
1393.613645 4 1.982630 13.871091 2.000012 3.690088
1395.040319 4 1.982430 13.988236 2.005251 3.689572
1396.466993 4 1.982226 14.107773 2.010534 3.689045
1397.893668 4 1.982018 14.229756 2.015860 3.688507
1399.320342 4 1.981806 14.354238 2.021230 3.687958
1400.747016 4 1.981589 14.481275 2.026643 3.687398
1402.173690 4 1.981367 14.610926 2.032100 3.686827
1403.600364 4 1.981141 14.743248 2.037600 3.686244
1405.027038 4 1.980909 14.878302 2.043144 3.685650
1406.453713 4 1.980672 15.016152 2.048732 3.685044
1407.880387 4 1.980430 15.156860 2.054363 3.684427
1409.307061 4 1.980183 15.300492 2.060038 3.683797
1410.733735 4 1.979930 15.447116 2.065757 3.683156
1412.160409 4 1.979671 15.596801 2.071520 3.682503
1413.587083 4 1.979406 15.749620 2.077326 3.681837
1415.013757 4 1.979134 15.905644 2.083177 3.681159
1415.727095 4 1.978995 15.984885 2.086118 3.680815
1416.440432 4 1.978855 16.064955 2.089071 3.680468
1417.153769 4 1.978713 16.145865 2.092034 3.680118
1417.867106 4 1.978569 16.227626 2.095008 3.679765
1418.580443 4 1.978423 16.310246 2.097994 3.679409
1419.293780 4 1.978276 16.393736 2.100990 3.679049
1420.007117 4 1.978127 16.478106 2.103997 3.678686
1420.720454 4 1.977976 16.563368 2.107015 3.678320
1421.433791 4 1.977823 16.649531 2.110044 3.677951
1422.147128 4 1.977668 16.736607 2.113084 3.677578
1422.860465 4 1.977511 16.824606 2.116135 3.677202
1423.573802 4 1.977353 16.913539 2.119197 3.676823
1424.287140 4 1.977192 17.003419 2.122270 3.676440
1425.000477 4 1.977030 17.094255 2.125353 3.676054
1425.713814 4 1.976865 17.186060 2.128448 3.675664
1426.427151 4 1.976698 17.278846 2.131553 3.675271
1427.140488 4 1.976529 17.372625 2.134669 3.674875
1427.853825 4 1.976359 17.467408 2.137797 3.674475
1428.567162 4 1.976185 17.563208 2.140935 3.674072
1429.280499 4 1.976010 17.660038 2.144083 3.673666
1429.993836 4 1.975832 17.757910 2.147243 3.673255
1430.707173 4 1.975652 17.856836 2.150414 3.672842
1431.971492 4 1.975329 18.034802 2.156060 3.672100
1432.603652 4 1.975164 18.125069 2.158896 3.671725
