t Ka M R logL logTeff
0.643812 1 6.000065 2.259360 3.064372 4.350241
1.287628 1 6.000046 2.269630 3.066146 4.349699
1.931448 1 6.000027 2.279954 3.067973 4.349171
2.575272 1 6.000007 2.290335 3.069852 4.348654
3.219101 1 5.999988 2.300776 3.071784 4.348149
3.862933 1 5.999968 2.311282 3.073769 4.347656
4.506769 1 5.999948 2.321855 3.075806 4.347174
5.150610 1 5.999928 2.332500 3.077895 4.346704
5.794454 1 5.999908 2.343221 3.080037 4.346243
6.438303 1 5.999887 2.354022 3.082232 4.345793
7.082157 1 5.999867 2.364907 3.084480 4.345353
7.726014 1 5.999846 2.375879 3.086779 4.344923
8.369876 1 5.999824 2.386944 3.089132 4.344502
9.013742 1 5.999803 2.398105 3.091537 4.344091
9.657613 1 5.999781 2.409366 3.093994 4.343688
10.301489 1 5.999760 2.420733 3.096504 4.343293
10.945368 1 5.999738 2.432209 3.099067 4.342907
11.589253 1 5.999715 2.443800 3.101682 4.342528
12.233142 1 5.999692 2.455509 3.104350 4.342157
12.877036 1 5.999669 2.467342 3.107070 4.341793
13.520935 1 5.999646 2.479303 3.109843 4.341436
14.164838 1 5.999623 2.491398 3.112668 4.341086
14.808747 1 5.999599 2.503631 3.115546 4.340742
15.452660 1 5.999575 2.516007 3.118476 4.340404
16.096579 1 5.999550 2.528531 3.121459 4.340071
16.740503 1 5.999525 2.541210 3.124494 4.339744
17.384432 1 5.999500 2.554047 3.127582 4.339422
18.028366 1 5.999474 2.567050 3.130723 4.339104
18.672305 1 5.999448 2.580223 3.133916 4.338791
19.316250 1 5.999422 2.593572 3.137161 4.338482
19.960201 1 5.999395 2.607103 3.140459 4.338176
20.604157 1 5.999367 2.620821 3.143809 4.337874
21.248119 1 5.999340 2.634735 3.147212 4.337575
21.892087 1 5.999311 2.648848 3.150668 4.337279
22.536060 1 5.999283 2.663169 3.154176 4.336985
23.180040 1 5.999253 2.677704 3.157736 4.336693
23.824026 1 5.999224 2.692459 3.161349 4.336403
24.468018 1 5.999193 2.707443 3.165014 4.336115
25.112016 1 5.999163 2.722662 3.168732 4.335827
25.756020 1 5.999131 2.738123 3.172502 4.335540
26.400032 1 5.999099 2.753836 3.176325 4.335253
27.044050 1 5.999067 2.769809 3.180200 4.334966
27.688074 1 5.999034 2.786049 3.184128 4.334678
28.332106 1 5.999000 2.802567 3.188108 4.334390
28.976145 1 5.998965 2.819372 3.192141 4.334100
29.620191 1 5.998930 2.836474 3.196226 4.333808
30.264244 1 5.998894 2.853884 3.200363 4.333513
30.908305 1 5.998857 2.871613 3.204553 4.333216
31.552373 1 5.998820 2.889674 3.208795 4.332915
32.196450 1 5.998782 2.908080 3.213090 4.332610
32.840534 1 5.998743 2.926844 3.217437 4.332300
33.484626 1 5.998703 2.945981 3.221836 4.331985
34.128727 1 5.998662 2.965508 3.226288 4.331663
34.772836 1 5.998621 2.985442 3.230792 4.331334
35.416954 1 5.998578 3.005801 3.235349 4.330998
36.061081 1 5.998535 3.026608 3.239958 4.330652
36.705217 1 5.998490 3.047883 3.244619 4.330296
37.349363 1 5.998444 3.069651 3.249333 4.329929
37.993517 1 5.998398 3.091939 3.254099 4.329550
38.637682 1 5.998350 3.114777 3.258917 4.329156
39.281857 1 5.998301 3.138196 3.263788 4.328748
39.926041 1 5.998251 3.162231 3.268711 4.328322
40.570237 1 5.998200 3.186923 3.273686 4.327876
41.214442 1 5.998148 3.212312 3.278714 4.327410
41.858659 1 5.998094 3.238448 3.283794 4.326921
42.502888 1 5.998039 3.265381 3.288926 4.326405
43.147127 1 5.997982 3.293171 3.294110 4.325861
43.791379 1 5.997924 3.321880 3.299347 4.325285
44.435643 1 5.997865 3.351579 3.304636 4.324675
45.079919 1 5.997804 3.382348 3.309977 4.324026
45.724208 1 5.997741 3.414273 3.315370 4.323334
46.368510 1 5.997677 3.447450 3.320816 4.322595
46.690667 1 5.997644 3.464542 3.323558 4.322207
47.012828 1 5.997610 3.481988 3.326313 4.321805
47.334993 1 5.997577 3.499803 3.329081 4.321389
47.657161 1 5.997542 3.518004 3.331863 4.320958
47.979333 1 5.997508 3.536608 3.334657 4.320511
48.301508 1 5.997473 3.555632 3.337465 4.320048
48.623688 1 5.997437 3.575096 3.340285 4.319568
48.945870 1 5.997401 3.595020 3.343119 4.319070
49.268057 1 5.997364 3.615424 3.345965 4.318552
49.590247 1 5.997327 3.636331 3.348825 4.318015
49.912442 1 5.997290 3.657764 3.351697 4.317457
50.234640 1 5.997251 3.679748 3.354583 4.316877
50.556842 1 5.997213 3.702310 3.357482 4.316275
50.879048 1 5.997174 3.725476 3.360393 4.315648
51.201259 1 5.997134 3.749276 3.363318 4.314996
51.523473 1 5.997094 3.773742 3.366256 4.314318
51.845692 1 5.997053 3.798905 3.369206 4.313613
52.167915 1 5.997012 3.824801 3.372170 4.312879
52.490142 1 5.996970 3.851466 3.375147 4.312114
52.812374 1 5.996928 3.878938 3.378137 4.311318
53.134610 1 5.996885 3.907258 3.381139 4.310489
53.456850 1 5.996841 3.936471 3.384155 4.309626
53.779095 1 5.996797 3.966621 3.387184 4.308726
54.101345 1 5.996753 3.997758 3.390226 4.307789
54.423600 1 5.996708 4.029934 3.393280 4.306812
54.745859 1 5.996662 4.063202 3.396348 4.305793
55.068123 1 5.996615 4.097621 3.399429 4.304732
55.390391 1 5.996568 4.133254 3.402523 4.303625
55.712665 1 5.996520 4.170164 3.405629 4.302471
56.034944 1 5.996472 4.208423 3.408749 4.301268
56.357228 1 5.996423 4.248104 3.411882 4.300013
56.679516 1 5.996374 4.289285 3.415027 4.298705
57.001811 1 5.996323 4.332051 3.418186 4.297340
57.162960 1 5.996298 4.354056 3.419770 4.296636
57.324111 1 5.996272 4.376491 3.421358 4.295917
57.485264 1 5.996247 4.399368 3.422948 4.295183
57.646417 1 5.996221 4.422699 3.424542 4.294432
57.807572 1 5.996195 4.446498 3.426140 4.293666
57.968729 1 5.996168 4.470778 3.427740 4.292884
58.129886 1 5.996142 4.495552 3.429344 4.292085
58.291046 1 5.996115 4.520835 3.430951 4.291269
58.452206 1 5.996089 4.546641 3.432561 4.290435
58.613368 1 5.996062 4.572986 3.434174 4.289584
58.774531 1 5.996035 4.599884 3.435791 4.288715
58.935696 1 5.996008 4.627353 3.437411 4.287827
59.096862 1 5.995980 4.655410 3.439034 4.286920
59.258030 1 5.995953 4.684070 3.440660 4.285994
59.419199 1 5.995925 4.713353 3.442290 4.285048
59.580370 1 5.995897 4.743277 3.443923 4.284082
59.741542 1 5.995869 4.773861 3.445559 4.283095
59.902715 1 5.995841 4.805125 3.447198 4.282088
60.063890 1 5.995812 4.837089 3.448841 4.281059
60.225066 1 5.995784 4.869775 3.450487 4.280008
60.386244 1 5.995755 4.903205 3.452136 4.278934
60.547424 1 5.995726 4.937402 3.453788 4.277838
60.708605 1 5.995697 4.972389 3.455444 4.276719
60.869787 1 5.995668 5.008191 3.457103 4.275576
61.030971 1 5.995638 5.044833 3.458765 4.274408
61.192157 1 5.995609 5.082343 3.460430 4.273216
61.353344 1 5.995579 5.120746 3.462099 4.271999
61.514532 1 5.995549 5.160071 3.463770 4.270755
61.675723 1 5.995519 5.200349 3.465445 4.269486
61.836914 1 5.995489 5.241609 3.467124 4.268189
61.998108 1 5.995459 5.283883 3.468805 4.266865
62.159303 1 5.995428 5.327204 3.470490 4.265513
62.320499 1 5.995397 5.371607 3.472178 4.264133
62.481697 1 5.995367 5.417126 3.473869 4.262723
62.642897 1 5.995336 5.463799 3.475564 4.261284
62.804098 1 5.995304 5.511665 3.477262 4.259815
62.965301 1 5.995273 5.560762 3.478963 4.258314
63.126506 1 5.995242 5.611132 3.480667 4.256782
63.287712 1 5.995210 5.662819 3.482374 4.255218
63.448920 1 5.995178 5.715868 3.484085 4.253621
63.610130 1 5.995146 5.770325 3.485799 4.251990
63.771341 1 5.995114 5.826239 3.487516 4.250326
64.093767 1 5.995050 5.789571 3.508194 4.256866
64.193767 1 5.995041 5.740339 3.513203 4.259972
64.293767 1 5.995032 5.684865 3.518027 4.263287
64.393767 1 5.995029 5.656733 3.520268 4.264925
64.493767 1 5.995025 5.628145 3.522440 4.266568
64.593767 1 5.995022 5.599356 3.524539 4.268206
64.693767 1 5.995019 5.570590 3.526563 4.269831
64.793767 1 5.995015 5.542036 3.528508 4.271433
64.893767 1 5.995013 5.513856 3.530375 4.273007
64.993767 1 5.995010 5.486185 3.532163 4.274546
65.093767 1 5.995007 5.459135 3.533872 4.276047
65.193767 1 5.995002 5.405499 3.537163 4.279013
65.293767 1 5.994998 5.355424 3.540134 4.281777
65.393767 1 5.994994 5.309189 3.542805 4.284328
65.493767 1 5.994990 5.266879 3.545196 4.286663
65.593767 1 5.994987 5.228437 3.547330 4.288787
65.693767 1 5.994984 5.193714 3.549228 4.290709
65.793767 1 5.994982 5.162504 3.550914 4.292439
65.893767 1 5.994980 5.134562 3.552407 4.293991
65.993767 1 5.994976 5.084250 3.555062 4.296793
66.093767 1 5.994973 5.045343 3.557088 4.298967
66.193767 1 5.994970 5.015508 3.558627 4.300640
66.293767 1 5.994967 4.969711 3.560968 4.303217
66.393767 2 5.994963 4.922674 3.563346 4.305876
66.493767 2 5.994963 4.948183 3.563232 4.304726
66.593767 2 5.994963 4.973824 3.563118 4.303575
66.693767 2 5.994963 5.012698 3.562947 4.301841
66.793767 2 5.994963 5.051875 3.562775 4.300108
66.893767 2 5.994962 5.091359 3.562604 4.298375
66.993767 2 5.994962 5.131152 3.562433 4.296641
67.093767 2 5.994962 5.171256 3.562261 4.294908
67.193767 2 5.994962 5.211673 3.562090 4.293174
67.293767 2 5.994961 5.252406 3.561918 4.291441
67.393767 2 5.994961 5.293457 3.561747 4.289708
67.493767 2 5.994961 5.334829 3.561576 4.287974
67.593767 2 5.994961 5.376524 3.561404 4.286241
67.693767 2 5.994960 5.418546 3.561233 4.284507
67.793767 2 5.994960 5.460896 3.561061 4.282774
67.893767 2 5.994960 5.503576 3.560890 4.281041
67.993767 2 5.994960 5.546591 3.560719 4.279307
68.093767 2 5.994960 5.589941 3.560547 4.277574
68.193767 2 5.994959 5.633631 3.560376 4.275840
68.293767 2 5.994959 5.677661 3.560205 4.274107
68.393767 2 5.994959 5.722036 3.560033 4.272374
68.493767 2 5.994959 5.766758 3.559862 4.270640
68.593767 2 5.994959 5.811829 3.559690 4.268907
68.693767 2 5.994958 5.857253 3.559519 4.267173
68.793767 2 5.994958 5.903032 3.559348 4.265440
68.893767 2 5.994958 5.949168 3.559176 4.263707
68.993767 2 5.994958 5.995665 3.559005 4.261973
69.093767 2 5.994957 6.042525 3.558834 4.260240
69.193767 2 5.994957 6.089752 3.558662 4.258506
69.293767 2 5.994957 6.137348 3.558491 4.256773
69.393767 2 5.994957 6.185315 3.558319 4.255039
69.493767 2 5.994957 6.233658 3.558148 4.253306
69.593767 2 5.994956 6.282378 3.557977 4.251573
69.693767 2 5.994956 6.331480 3.557805 4.249839
69.793767 2 5.994956 6.380965 3.557634 4.248106
69.893767 2 5.994956 6.430836 3.557462 4.246372
69.993767 2 5.994956 6.481098 3.557291 4.244639
70.093767 2 5.994955 6.531752 3.557120 4.242906
70.193767 2 5.994955 6.582803 3.556948 4.241172
70.293767 2 5.994955 6.634252 3.556777 4.239439
70.393767 2 5.994955 6.686103 3.556606 4.237705
70.493767 2 5.994955 6.738360 3.556434 4.235972
70.593767 2 5.994954 6.791025 3.556263 4.234239
70.693767 2 5.994954 6.844102 3.556091 4.232505
70.793767 2 5.994954 6.897593 3.555920 4.230772
70.893767 2 5.994954 6.951503 3.555749 4.229038
70.993767 2 5.994954 7.005834 3.555577 4.227305
71.093767 2 5.994954 7.060589 3.555406 4.225572
71.193767 2 5.994953 7.115773 3.555235 4.223838
71.293767 2 5.994953 7.171387 3.555063 4.222105
71.393767 2 5.994953 7.227437 3.554892 4.220371
71.493767 2 5.994953 7.283924 3.554720 4.218638
71.593767 2 5.994953 7.340853 3.554549 4.216905
71.693767 2 5.994952 7.398227 3.554378 4.215171
71.793767 2 5.994952 7.456050 3.554206 4.213438
71.893767 2 5.994952 7.514324 3.554035 4.211704
71.993767 2 5.994952 7.573054 3.553864 4.209971
72.093767 2 5.994952 7.632242 3.553692 4.208238
72.193767 2 5.994952 7.691894 3.553521 4.206504
72.293767 2 5.994951 7.752011 3.553349 4.204771
72.393767 2 5.994951 7.812599 3.553178 4.203037
72.493767 2 5.994951 7.873660 3.553007 4.201304
72.593767 2 5.994951 7.935198 3.552835 4.199571
72.693767 2 5.994951 7.997217 3.552664 4.197837
72.793767 2 5.994950 8.059721 3.552493 4.196104
72.893767 2 5.994950 8.122713 3.552321 4.194370
72.993767 2 5.994950 8.186198 3.552150 4.192637
73.093767 2 5.994950 8.250179 3.551978 4.190903
73.193767 2 5.994950 8.314660 3.551807 4.189170
73.293767 2 5.994950 8.379645 3.551636 4.187437
73.393767 2 5.994949 8.445138 3.551464 4.185703
73.493767 2 5.994949 8.511143 3.551293 4.183970
73.593767 2 5.994949 8.577663 3.551122 4.182236
73.693767 2 5.994949 8.644704 3.550950 4.180503
73.793767 2 5.994949 8.712268 3.550779 4.178770
73.893767 2 5.994949 8.780361 3.550607 4.177036
73.993767 2 5.994948 8.848985 3.550436 4.175303
74.093767 2 5.994948 8.918146 3.550265 4.173569
74.193767 2 5.994948 8.987848 3.550093 4.171836
74.293767 2 5.994948 9.058094 3.549922 4.170103
74.393767 2 5.994948 9.128890 3.549751 4.168369
74.493767 2 5.994948 9.200238 3.549579 4.166636
74.593767 2 5.994948 9.272145 3.549408 4.164902
74.693767 2 5.994947 9.344613 3.549237 4.163169
74.793767 2 5.994947 9.417648 3.549065 4.161436
74.893767 2 5.994947 9.491253 3.548894 4.159702
74.993767 2 5.994947 9.565434 3.548722 4.157969
75.093767 2 5.994947 9.640195 3.548551 4.156235
75.193767 2 5.994947 9.715540 3.548380 4.154502
75.293767 2 5.994946 9.791473 3.548208 4.152769
75.393767 2 5.994946 9.868001 3.548037 4.151035
75.493767 2 5.994946 9.945126 3.547866 4.149302
75.593767 2 5.994946 10.022854 3.547694 4.147568
75.693767 2 5.994946 10.101190 3.547523 4.145835
75.793767 2 5.994946 10.180138 3.547351 4.144102
75.893767 2 5.994946 10.259703 3.547180 4.142368
75.993767 2 5.994945 10.339889 3.547009 4.140635
76.093767 2 5.994945 10.420703 3.546837 4.138901
76.193767 2 5.994945 10.502148 3.546666 4.137168
76.293767 2 5.994945 10.584230 3.546495 4.135435
76.393767 2 5.994945 10.666953 3.546323 4.133701
76.493767 2 5.994945 10.750323 3.546152 4.131968
76.593767 2 5.994945 10.834344 3.545981 4.130234
76.693767 2 5.994944 10.919022 3.545809 4.128501
76.793767 2 5.994944 11.004362 3.545638 4.126768
76.893767 2 5.994944 11.090369 3.545466 4.125034
76.993767 2 5.994944 11.177048 3.545295 4.123301
77.093767 2 5.994944 11.264404 3.545124 4.121567
77.193767 2 5.994944 11.352443 3.544952 4.119834
77.293767 2 5.994944 11.441171 3.544781 4.118101
77.393767 2 5.994943 11.530592 3.544610 4.116367
77.493767 2 5.994943 11.620711 3.544438 4.114634
77.593767 2 5.994943 11.711535 3.544267 4.112900
77.693767 2 5.994943 11.803069 3.544096 4.111167
77.793767 2 5.994943 11.895318 3.543924 4.109434
77.893767 2 5.994943 11.988289 3.543753 4.107700
77.993767 2 5.994943 12.081986 3.543581 4.105967
78.093767 2 5.994943 12.176415 3.543410 4.104233
78.193767 2 5.994942 12.271582 3.543239 4.102500
78.293767 2 5.994942 12.367493 3.543067 4.100767
78.393767 2 5.994942 12.464154 3.542896 4.099033
78.493767 2 5.994942 12.561570 3.542725 4.097300
78.593767 2 5.994942 12.659747 3.542553 4.095566
78.693767 2 5.994941 12.758690 3.542382 4.093833
78.793767 2 5.994940 12.858406 3.542210 4.092100
78.893767 2 5.994939 12.958901 3.542038 4.090366
78.993767 2 5.994938 13.060182 3.541867 4.088633
79.093767 2 5.994937 13.162254 3.541695 4.086899
79.193767 2 5.994936 13.265124 3.541524 4.085166
79.293767 2 5.994935 13.368798 3.541352 4.083432
79.393767 2 5.994933 13.473282 3.541181 4.081699
79.493767 2 5.994932 13.578582 3.541009 4.079966
79.593767 2 5.994931 13.684706 3.540837 4.078232
79.693767 2 5.994930 13.791659 3.540666 4.076499
79.793767 2 5.994929 13.899447 3.540494 4.074765
79.893767 2 5.994928 14.008078 3.540323 4.073032
79.993767 2 5.994927 14.117559 3.540151 4.071298
80.093767 2 5.994926 14.227894 3.539979 4.069565
80.193767 2 5.994924 14.339092 3.539808 4.067832
80.293767 2 5.994923 14.451159 3.539636 4.066098
80.393767 2 5.994922 14.564102 3.539464 4.064365
80.493767 2 5.994921 14.677928 3.539293 4.062631
80.593767 2 5.994920 14.792643 3.539121 4.060898
80.693767 2 5.994919 14.908254 3.538950 4.059165
80.793767 2 5.994917 15.024769 3.538778 4.057431
80.893767 2 5.994916 15.142195 3.538606 4.055698
80.993767 2 5.994915 15.260538 3.538435 4.053964
81.093767 2 5.994914 15.379806 3.538263 4.052231
81.193767 2 5.994912 15.500007 3.538091 4.050497
81.293767 2 5.994911 15.621146 3.537920 4.048764
81.393767 2 5.994910 15.743232 3.537748 4.047031
81.493767 2 5.994909 15.866273 3.537577 4.045297
81.593767 2 5.994907 15.990275 3.537405 4.043564
81.693767 2 5.994906 16.115246 3.537233 4.041830
81.793767 2 5.994905 16.241194 3.537062 4.040097
81.893767 2 5.994903 16.368126 3.536890 4.038364
81.993767 2 5.994902 16.496050 3.536718 4.036630
82.093767 2 5.994901 16.624973 3.536547 4.034897
82.193767 2 5.994899 16.754905 3.536375 4.033163
82.293767 2 5.994898 16.885851 3.536203 4.031430
82.393767 2 5.994897 17.017821 3.536032 4.029696
82.493767 2 5.994895 17.150822 3.535860 4.027963
82.593767 2 5.994894 17.284863 3.535688 4.026230
82.693767 2 5.994893 17.419951 3.535517 4.024496
82.793767 2 5.994891 17.556095 3.535345 4.022763
82.893767 2 5.994890 17.693303 3.535173 4.021029
82.993767 2 5.994888 17.831583 3.535002 4.019296
83.093767 2 5.994887 17.970944 3.534830 4.017563
83.193767 2 5.994886 18.111394 3.534658 4.015829
83.293767 2 5.994884 18.252941 3.534487 4.014096
83.393767 2 5.994883 18.395595 3.534315 4.012362
83.493767 2 5.994881 18.539364 3.534143 4.010629
83.593767 2 5.994880 18.684255 3.533971 4.008896
83.693767 2 5.994878 18.830280 3.533800 4.007162
83.793767 2 5.994877 18.977445 3.533628 4.005429
83.893767 2 5.994875 19.125761 3.533456 4.003695
83.993767 2 5.994874 19.275235 3.533285 4.001962
84.093767 2 5.994872 19.425878 3.533113 4.000228
84.193767 2 5.994871 19.577698 3.532941 3.998495
84.293767 2 5.994869 19.730704 3.532770 3.996762
84.393767 2 5.994867 19.884906 3.532598 3.995028
84.493767 2 5.994866 20.040313 3.532426 3.993295
84.593767 2 5.994864 20.196935 3.532254 3.991561
84.693767 2 5.994863 20.354781 3.532083 3.989828
84.793767 2 5.994861 20.513860 3.531911 3.988095
84.893767 2 5.994859 20.674182 3.531739 3.986361
84.993767 2 5.994858 20.835757 3.531567 3.984628
85.093767 2 5.994856 20.998595 3.531396 3.982894
85.193767 2 5.994854 21.162705 3.531224 3.981161
85.293767 2 5.994853 21.328098 3.531052 3.979428
85.393767 2 5.994851 21.494783 3.530881 3.977694
85.493767 2 5.994849 21.662771 3.530709 3.975961
85.593767 2 5.994848 21.832071 3.530537 3.974227
85.693767 2 5.994846 22.002695 3.530365 3.972494
85.793767 2 5.994844 22.174652 3.530193 3.970761
85.893767 2 5.994842 22.347953 3.530022 3.969027
85.993767 2 5.994841 22.522608 3.529850 3.967294
86.093767 2 5.994839 22.698628 3.529678 3.965560
86.193767 2 5.994837 22.876023 3.529506 3.963827
86.293767 2 5.994835 23.054805 3.529335 3.962094
86.393767 2 5.994833 23.234984 3.529163 3.960360
86.493767 2 5.994831 23.416570 3.528991 3.958627
86.593767 2 5.994830 23.599576 3.528819 3.956893
86.693767 2 5.994828 23.784012 3.528648 3.955160
86.793767 2 5.994826 23.969889 3.528476 3.953426
86.893767 2 5.994824 24.157219 3.528304 3.951693
86.993767 2 5.994822 24.346013 3.528132 3.949960
87.093767 2 5.994820 24.536282 3.527960 3.948226
87.193767 2 5.994818 24.728037 3.527789 3.946493
87.293767 2 5.994816 24.921292 3.527617 3.944759
87.393767 2 5.994814 25.116056 3.527445 3.943026
87.493767 2 5.994812 25.312343 3.527273 3.941293
87.593767 2 5.994810 25.510163 3.527101 3.939559
87.693767 2 5.994808 25.709529 3.526929 3.937826
87.793767 2 5.994806 25.910453 3.526758 3.936092
87.893767 2 5.994804 26.112947 3.526586 3.934359
87.993767 2 5.994802 26.317024 3.526414 3.932626
88.093767 2 5.994800 26.522695 3.526242 3.930892
88.193767 2 5.994798 26.729973 3.526070 3.929159
88.293767 2 5.994796 26.938871 3.525898 3.927425
88.393767 2 5.994794 27.149402 3.525727 3.925692
88.493767 2 5.994792 27.361578 3.525555 3.923959
88.593767 2 5.994790 27.575411 3.525383 3.922225
88.693767 2 5.994787 27.790916 3.525211 3.920492
88.793767 2 5.994785 28.008105 3.525039 3.918758
88.893767 2 5.994783 28.226990 3.524867 3.917025
88.993767 2 5.994781 28.447587 3.524695 3.915292
89.093767 2 5.994779 28.669907 3.524524 3.913558
89.193767 2 5.994776 28.893964 3.524352 3.911825
89.293767 2 5.994774 29.119772 3.524180 3.910092
89.393767 2 5.994772 29.347345 3.524008 3.908358
89.493767 2 5.994769 29.576696 3.523836 3.906625
89.593767 2 5.994767 29.807839 3.523664 3.904891
89.693767 2 5.994765 30.040788 3.523492 3.903158
89.793767 2 5.994763 30.275558 3.523320 3.901425
89.893767 2 5.994760 30.512162 3.523148 3.899691
89.993767 2 5.994758 30.750614 3.522976 3.897958
90.093767 2 5.994755 30.990931 3.522805 3.896224
90.193767 2 5.994753 31.233125 3.522633 3.894491
90.293767 2 5.994751 31.477211 3.522461 3.892758
90.393767 2 5.994748 31.723205 3.522289 3.891024
90.493767 2 5.994746 31.971121 3.522117 3.889291
90.593767 2 5.994743 32.220974 3.521945 3.887557
90.693767 2 5.994741 32.472780 3.521773 3.885824
90.793767 2 5.994738 32.726553 3.521601 3.884091
90.893767 2 5.994736 32.982309 3.521429 3.882357
90.993767 2 5.994733 33.240064 3.521257 3.880624
91.093767 2 5.994730 33.499833 3.521085 3.878891
91.193767 2 5.994728 33.761631 3.520913 3.877157
91.293767 2 5.994725 34.025475 3.520741 3.875424
91.393767 2 5.994723 34.291381 3.520569 3.873690
91.493767 2 5.994720 34.559364 3.520397 3.871957
91.593767 2 5.994717 34.829442 3.520225 3.870224
91.693767 2 5.994714 35.101630 3.520053 3.868490
91.793767 2 5.994712 35.375944 3.519881 3.866757
91.893767 2 5.994709 35.652402 3.519709 3.865023
91.993767 2 5.994706 35.931021 3.519537 3.863290
92.093767 2 5.994703 36.211816 3.519365 3.861557
92.193767 2 5.994701 36.494805 3.519193 3.859823
92.293767 2 5.994698 36.780006 3.519021 3.858090
92.393767 2 5.994695 37.067435 3.518849 3.856357
92.493767 2 5.994692 37.357109 3.518677 3.854623
92.593767 2 5.994689 37.649048 3.518505 3.852890
92.693767 2 5.994686 37.943267 3.518333 3.851156
92.793767 2 5.994683 38.239785 3.518161 3.849423
92.893767 2 5.994680 38.538620 3.517989 3.847690
92.993767 2 5.994677 38.839790 3.517817 3.845956
93.093767 2 5.994674 39.143314 3.517645 3.844223
93.193767 2 5.994671 39.449209 3.517473 3.842490
93.293767 2 5.994668 39.757493 3.517301 3.840756
93.393767 2 5.994665 40.068187 3.517129 3.839023
93.493767 2 5.994662 40.381309 3.516957 3.837289
93.593767 2 5.994659 40.696876 3.516784 3.835556
93.693767 2 5.994656 41.014910 3.516612 3.833823
93.793767 2 5.994653 41.335428 3.516440 3.832089
93.893767 2 5.994650 41.658451 3.516268 3.830356
93.993767 2 5.994647 41.983998 3.516096 3.828623
94.093767 2 5.994643 42.312088 3.515924 3.826889
94.193767 2 5.994640 42.642742 3.515752 3.825156
94.293767 2 5.994637 42.975979 3.515580 3.823423
94.393767 2 5.994633 43.311820 3.515407 3.821689
94.493767 2 5.994630 43.650284 3.515235 3.819956
94.593767 2 5.994627 43.991394 3.515063 3.818222
94.693767 2 5.994623 44.335168 3.514891 3.816489
94.793767 2 5.994620 44.681629 3.514719 3.814756
94.893767 2 5.994617 45.030796 3.514547 3.813022
94.993767 2 5.994613 45.382691 3.514375 3.811289
95.093767 2 5.994610 45.737336 3.514202 3.809556
95.193767 2 5.994606 46.094752 3.514030 3.807822
95.293767 2 5.994603 46.454960 3.513858 3.806089
95.393767 2 5.994599 46.817983 3.513686 3.804356
95.493767 2 5.994596 47.183841 3.513514 3.802622
95.593767 2 5.994592 47.552559 3.513341 3.800889
95.693767 2 5.994588 47.924157 3.513169 3.799156
95.793767 2 5.994585 48.298658 3.512997 3.797422
95.893767 2 5.994581 48.676085 3.512825 3.795689
95.993767 2 5.994577 49.056461 3.512652 3.793956
96.093767 2 5.994574 49.439809 3.512480 3.792222
96.193767 2 5.994570 49.826152 3.512308 3.790489
96.293767 2 5.994566 50.215513 3.512136 3.788756
96.393767 2 5.994562 50.607916 3.511963 3.787022
96.493767 2 5.994558 51.003385 3.511791 3.785289
96.593767 2 5.994554 51.401943 3.511619 3.783556
96.693767 2 5.994551 51.803616 3.511447 3.781822
96.793767 2 5.994547 52.208426 3.511274 3.780089
96.893767 2 5.994543 52.616399 3.511102 3.778355
96.993767 2 5.994539 53.027560 3.510930 3.776622
97.093767 2 5.994535 53.441933 3.510757 3.774889
97.193767 2 5.994531 53.859542 3.510585 3.773155
97.293767 2 5.994526 54.280415 3.510413 3.771422
97.393767 2 5.994522 54.704576 3.510240 3.769689
97.493767 2 5.994518 55.132050 3.510068 3.767955
97.593767 2 5.994514 55.562864 3.509896 3.766222
97.693767 2 5.994510 55.997043 3.509723 3.764489
97.793767 2 5.994506 56.434615 3.509551 3.762756
97.893767 2 5.994501 56.875605 3.509379 3.761022
97.993767 2 5.994497 57.320040 3.509206 3.759289
98.093767 2 5.994493 57.767947 3.509034 3.757556
98.193767 2 5.994488 58.219353 3.508861 3.755822
98.293767 2 5.994484 58.674286 3.508689 3.754089
98.393767 2 5.994479 59.132773 3.508517 3.752356
98.493767 2 5.994475 59.594841 3.508344 3.750622
98.593767 2 5.994471 60.060520 3.508172 3.748889
98.693767 2 5.994466 60.529836 3.507999 3.747156
98.793767 2 5.994461 61.002818 3.507827 3.745422
98.893767 2 5.994457 61.479496 3.507654 3.743689
98.993767 2 5.994452 61.959897 3.507482 3.741956
99.093767 2 5.994448 62.444051 3.507309 3.740222
99.193767 2 5.994443 62.931987 3.507137 3.738489
99.293767 2 5.994438 63.423735 3.506964 3.736756
99.393767 2 5.994433 63.919324 3.506792 3.735022
99.493767 2 5.994429 64.418785 3.506619 3.733289
99.593767 2 5.994424 64.922147 3.506447 3.731556
99.693767 2 5.994419 65.429442 3.506274 3.729823
99.793767 2 5.994414 65.940699 3.506102 3.728089
99.893767 2 5.994409 66.455950 3.505929 3.726356
99.993767 2 5.994404 66.975226 3.505757 3.724623
100.093767 2 5.994399 67.498558 3.505584 3.722889
100.193767 2 5.994394 68.025979 3.505412 3.721156
100.293767 2 5.994389 68.557519 3.505239 3.719423
100.393767 2 5.994384 69.093212 3.505066 3.717689
100.493767 2 5.994378 69.633088 3.504894 3.715956
100.593767 2 5.994373 70.177183 3.504721 3.714223
100.693767 2 5.994368 70.725527 3.504549 3.712490
100.793767 2 5.994363 71.278154 3.504376 3.710756
100.893767 2 5.994357 71.835098 3.504203 3.709023
100.993767 2 5.994352 72.396393 3.504031 3.707290
101.093767 2 5.994347 72.962072 3.503858 3.705556
101.193767 2 5.994341 73.532170 3.503685 3.703823
101.293767 2 5.994336 74.106720 3.503513 3.702090
101.393767 2 5.994330 74.685759 3.503340 3.700357
101.493767 2 5.994325 75.269320 3.503167 3.698623
101.593767 2 5.994319 75.857440 3.502995 3.696890
101.693767 2 5.994313 76.450153 3.502822 3.695157
101.793767 2 5.994308 77.047496 3.502649 3.693424
101.893767 2 5.994302 77.649504 3.502476 3.691690
101.993767 2 5.994296 78.256215 3.502304 3.689957
102.093767 2 5.994290 78.867665 3.502131 3.688224
102.193767 2 5.994284 79.483890 3.501958 3.686491
102.293767 2 5.994279 80.104929 3.501785 3.684757
102.393767 2 5.994273 80.730818 3.501613 3.683024
102.493767 2 5.994267 81.361596 3.501440 3.681291
102.593767 2 5.994261 81.997301 3.501267 3.679558
102.693767 2 5.994254 82.637971 3.501094 3.677824
102.793767 2 5.994248 83.283644 3.500921 3.676091
102.893767 2 5.994242 83.934361 3.500748 3.674358
102.993767 2 5.994236 84.590160 3.500576 3.672625
103.093767 2 5.994230 85.251081 3.500403 3.670891
103.193767 2 5.994223 85.917164 3.500230 3.669158
103.293767 2 5.994217 86.588449 3.500057 3.667425
103.393767 2 5.994211 87.264977 3.499884 3.665692
103.493767 2 5.994204 87.946788 3.499711 3.663958
103.593767 2 5.994198 88.633925 3.499538 3.662225
103.693767 2 5.994191 89.326428 3.499365 3.660492
103.793767 2 5.994184 90.024340 3.499192 3.658759
103.893767 2 5.994178 90.727702 3.499019 3.657025
103.993767 2 5.994171 91.436557 3.498846 3.655292
104.093767 2 5.994164 92.150948 3.498673 3.653559
104.193767 2 5.994158 92.870919 3.498500 3.651826
104.293767 2 5.994151 93.596512 3.498327 3.650093
104.393767 2 5.994144 94.327772 3.498154 3.648359
104.493767 2 5.994137 95.064743 3.497981 3.646626
104.593767 2 5.994130 95.807469 3.497808 3.644893
104.693767 2 5.994123 96.555995 3.497635 3.643160
104.793767 2 5.994116 97.310367 3.497462 3.641427
104.893767 2 5.994108 98.070630 3.497289 3.639693
104.993767 2 5.994101 98.836830 3.497116 3.637960
105.093767 2 5.994094 99.609014 3.496943 3.636227
105.193767 2 5.994087 100.387227 3.496770 3.634494
105.293767 2 5.994079 101.171518 3.496597 3.632761
105.393767 2 5.994072 101.961934 3.496423 3.631027
105.493767 2 5.994064 102.758522 3.496250 3.629294
105.593767 2 5.994057 103.561330 3.496077 3.627561
105.693767 2 5.994049 104.370407 3.495904 3.625828
105.793767 2 5.994042 105.185803 3.495731 3.624095
105.893767 2 5.994034 106.007565 3.495557 3.622361
105.993767 2 5.994026 106.835744 3.495384 3.620628
106.093767 2 5.994018 107.670391 3.495211 3.618895
106.193767 2 5.994011 108.442382 3.495052 3.617304
106.293767 2 5.994006 109.025004 3.494933 3.616111
106.393767 2 5.993997 109.904809 3.494754 3.614321
106.493767 3 5.993989 110.791710 3.494575 3.612531
106.593767 3 5.993984 111.220705 3.496784 3.612244
106.693767 3 5.993978 111.653254 3.499002 3.611955
106.793767 3 5.993965 112.724894 3.504458 3.611245
106.893767 3 5.993951 113.807610 3.509914 3.610533
106.993767 3 5.993937 114.901523 3.515370 3.609820
107.093767 3 5.993923 116.006758 3.520826 3.609105
107.193767 3 5.993909 117.123436 3.526282 3.608389
107.293767 3 5.993895 118.251685 3.531738 3.607671
107.393767 3 5.993881 119.391631 3.537194 3.606952
107.493767 3 5.993866 120.543402 3.542650 3.606231
107.593767 3 5.993851 121.707129 3.548106 3.605509
107.693767 3 5.993836 122.882942 3.553562 3.604785
107.793767 3 5.993821 124.070974 3.559018 3.604060
107.893767 3 5.993806 125.271361 3.564474 3.603333
107.993767 3 5.993790 126.484237 3.569930 3.602605
108.093767 3 5.993774 127.709740 3.575386 3.601875
108.193767 3 5.993758 128.948010 3.580842 3.601144
108.293767 3 5.993742 130.199186 3.586298 3.600411
108.393767 3 5.993726 131.463411 3.591754 3.599677
108.493767 3 5.993709 132.740829 3.597210 3.598941
108.593767 3 5.993693 134.031586 3.602666 3.598204
108.693767 3 5.993676 135.335828 3.608122 3.597465
108.793767 3 5.993659 136.653705 3.613578 3.596724
108.893767 3 5.993641 137.985366 3.619034 3.595983
108.993767 3 5.993624 139.330965 3.624490 3.595239
109.093767 3 5.993606 140.690656 3.629946 3.594494
109.193767 3 5.993588 142.064593 3.635402 3.593748
109.293767 3 5.993570 143.452935 3.640858 3.593000
109.393767 3 5.993551 144.855841 3.646314 3.592251
109.493767 3 5.993533 146.273473 3.651770 3.591500
109.593767 3 5.993514 147.705993 3.657226 3.590748
109.693767 3 5.993494 149.153567 3.662682 3.589994
109.793767 3 5.993475 150.616361 3.668138 3.589239
109.893767 3 5.993455 152.094544 3.673594 3.588482
109.993767 3 5.993436 153.588287 3.679050 3.587724
110.093767 3 5.993416 155.097762 3.684506 3.586964
110.193767 3 5.993395 156.623145 3.689962 3.586203
110.293767 3 5.993375 158.164611 3.695418 3.585440
110.393767 3 5.993354 159.722340 3.700874 3.584676
110.493767 3 5.993333 161.296513 3.706330 3.583911
110.593767 3 5.993311 162.887311 3.711786 3.583143
110.693767 3 5.993290 164.494921 3.717242 3.582375
110.793767 4 5.993274 165.642162 3.721101 3.581830
110.893767 4 5.993252 165.631027 3.721063 3.581835
110.993767 4 5.993247 165.628585 3.721054 3.581836
111.093767 4 5.991129 164.624445 3.717586 3.582290
111.193767 4 5.989041 163.714238 3.714415 3.582701
111.293767 4 5.986978 162.892483 3.711529 3.583072
111.393767 4 5.984939 162.153937 3.708914 3.583405
111.493767 4 5.982920 161.493571 3.706557 3.583702
111.593767 4 5.980920 160.906548 3.704444 3.583965
111.693767 4 5.978936 160.388202 3.702563 3.584195
111.793767 4 5.976966 159.934014 3.700899 3.584395
111.893767 4 5.975009 159.539598 3.699439 3.584566
111.993767 4 5.973063 159.200680 3.698170 3.584711
112.093767 4 5.971125 158.913086 3.697079 3.584830
112.193767 4 5.969196 158.672724 3.696151 3.584927
112.293767 4 5.967273 158.475576 3.695375 3.585003
112.393767 4 5.965355 158.317681 3.694736 3.585060
112.493767 4 5.963441 158.195127 3.694221 3.585099
112.593767 4 5.961530 158.104041 3.693817 3.585123
112.693767 4 5.959622 158.040578 3.693510 3.585134
112.793767 4 5.957715 158.000918 3.693286 3.585132
112.893767 4 5.955809 157.981255 3.693134 3.585121
112.993767 4 5.953903 157.977795 3.693038 3.585102
113.093767 4 5.951997 157.986747 3.692986 3.585077
113.193767 4 5.950091 158.004324 3.692965 3.585047
113.293767 4 5.948183 158.026738 3.692960 3.585015
113.393767 4 5.947706 158.032653 3.692960 3.585007
113.493767 4 5.947587 157.151681 3.702558 3.588620
113.593767 4 5.947466 155.879510 3.706712 3.591424
113.693767 4 5.947345 154.621816 3.709527 3.593887
113.793767 4 5.947223 153.378402 3.711763 3.596199
113.893767 4 5.947102 152.149079 3.713658 3.598420
113.993767 4 5.946982 150.933660 3.715323 3.600578
114.093767 4 5.946862 149.731961 3.716820 3.602688
114.193767 4 5.946743 148.543804 3.718188 3.604760
114.293767 4 5.946624 147.369009 3.719453 3.606801
114.393767 4 5.946506 146.207403 3.720633 3.608814
114.493767 4 5.946388 145.058812 3.721742 3.610804
114.593767 4 5.946271 143.923069 3.722791 3.612773
114.693767 4 5.946155 142.800005 3.723787 3.614723
114.793767 4 5.946039 141.689456 3.724736 3.616656
114.893767 4 5.945924 140.591260 3.725646 3.618573
114.993767 4 5.945809 139.505257 3.726518 3.620475
115.093767 4 5.945696 138.431291 3.727358 3.622363
115.193767 4 5.945582 137.369205 3.728168 3.624238
115.293767 4 5.945470 136.318848 3.728952 3.626100
115.393767 4 5.945358 135.280069 3.729710 3.627951
115.493767 4 5.945247 134.252718 3.730446 3.629790
115.593767 4 5.945137 133.236652 3.731160 3.631619
115.693767 4 5.945027 132.231724 3.731855 3.633437
115.793767 4 5.944917 131.237794 3.732532 3.635244
115.893767 4 5.944809 130.254721 3.733192 3.637042
115.993767 4 5.944701 129.282368 3.733836 3.638830
116.093767 4 5.944594 128.320598 3.734466 3.640609
116.193767 4 5.944487 127.369278 3.735081 3.642378
116.293767 4 5.944381 126.428276 3.735683 3.644139
116.393767 4 5.944276 125.497461 3.736273 3.645891
116.493767 4 5.944171 124.576706 3.736850 3.647635
116.593767 4 5.944067 123.665884 3.737417 3.649370
116.693767 4 5.943964 122.764870 3.737973 3.651097
116.793767 4 5.943861 121.873542 3.738519 3.652816
116.893767 4 5.943759 120.991778 3.739055 3.654526
116.993767 4 5.943657 120.119460 3.739582 3.656229
117.093767 4 5.943556 119.256469 3.740100 3.657925
117.193767 4 5.943456 118.402690 3.740610 3.659612
117.293767 4 5.943356 117.558008 3.741112 3.661292
117.393767 4 5.943257 116.722311 3.741606 3.662965
117.493767 4 5.943158 115.895487 3.742093 3.664630
117.593767 4 5.943060 115.077426 3.742572 3.666289
117.693767 4 5.942963 114.268022 3.743045 3.667939
117.793767 4 5.942866 113.467167 3.743511 3.669583
117.893767 4 5.942769 112.674756 3.743971 3.671220
117.993767 4 5.942674 111.890685 3.744424 3.672850
118.093767 4 5.942579 111.114854 3.744872 3.674472
118.193767 4 5.942484 110.347160 3.745314 3.676088
118.293767 4 5.942390 109.587505 3.745750 3.677698
118.393767 4 5.942296 108.835791 3.746181 3.679300
118.493767 4 5.942204 108.091921 3.746607 3.680896
118.593767 4 5.942111 107.355801 3.747028 3.682485
118.693767 4 5.942019 106.627335 3.747444 3.684067
118.793767 4 5.941928 105.906433 3.747855 3.685643
118.893767 4 5.941837 105.193002 3.748262 3.687213
118.993767 4 5.941747 104.486952 3.748665 3.688776
119.093767 4 5.941657 103.788194 3.749063 3.690332
119.193767 4 5.941568 103.096642 3.749456 3.691882
119.293767 4 5.941479 102.412209 3.749846 3.693426
119.393767 4 5.941391 101.734809 3.750232 3.694964
119.493767 4 5.941303 101.064358 3.750614 3.696495
119.593767 4 5.941216 100.400774 3.750992 3.698020
119.693767 4 5.941129 99.743975 3.751366 3.699539
119.793767 4 5.941043 99.093881 3.751737 3.701051
119.893767 4 5.940958 98.450411 3.752105 3.702558
119.993767 4 5.940872 97.813488 3.752469 3.704058
120.093767 4 5.940788 97.183033 3.752830 3.705553
120.193767 4 5.940703 96.558971 3.753187 3.707041
120.293767 4 5.940619 95.941227 3.753541 3.708523
120.393767 4 5.940536 95.329726 3.753893 3.710000
120.493767 4 5.940453 94.724394 3.754241 3.711470
120.593767 4 5.940371 94.125161 3.754586 3.712934
120.693767 4 5.940289 93.531953 3.754929 3.714393
120.793767 4 5.940207 92.944701 3.755268 3.715845
120.893767 4 5.940126 92.363336 3.755605 3.717292
120.993767 4 5.940046 91.787789 3.755939 3.718733
121.093767 4 5.939965 91.217993 3.756271 3.720168
121.193767 4 5.939886 90.653880 3.756600 3.721597
121.293767 4 5.939806 90.095385 3.756926 3.723021
121.393767 4 5.939728 89.542444 3.757250 3.724439
121.493767 4 5.939649 88.994991 3.757572 3.725851
121.593767 4 5.939571 88.452965 3.757891 3.727257
121.693767 4 5.939493 87.916302 3.758208 3.728658
121.793767 4 5.939416 87.384941 3.758522 3.730053
121.893767 4 5.939339 86.858822 3.758834 3.731442
121.993767 4 5.939263 86.337884 3.759144 3.732826
122.093767 4 5.939187 85.822069 3.759452 3.734204
122.193767 4 5.939111 85.311318 3.759758 3.735577
122.293767 4 5.939036 84.805573 3.760062 3.736944
122.393767 4 5.938961 84.304778 3.760363 3.738305
122.493767 4 5.938887 83.808876 3.760663 3.739661
122.593767 4 5.938813 83.317813 3.760961 3.741012
122.693767 4 5.938739 82.831534 3.761256 3.742357
122.793767 4 5.938666 82.349984 3.761550 3.743696
122.893767 4 5.938593 81.873111 3.761842 3.745030
122.993767 4 5.938521 81.400862 3.762132 3.746359
123.093767 4 5.938448 80.933186 3.762420 3.747682
123.193767 4 5.938377 80.470030 3.762707 3.749000
123.293767 4 5.938305 80.011345 3.762992 3.750313
123.393767 4 5.938234 79.557081 3.763275 3.751620
123.493767 4 5.938164 79.107189 3.763556 3.752922
123.593767 4 5.938093 78.661619 3.763835 3.754218
123.693767 4 5.938023 78.220325 3.764113 3.755509
123.793767 4 5.937954 77.783259 3.764390 3.756795
123.893767 4 5.937884 77.350373 3.764665 3.758076
123.993767 4 5.937815 76.921623 3.764938 3.759351
124.093767 4 5.937747 76.496962 3.765209 3.760621
124.193767 4 5.937678 76.076346 3.765480 3.761886
124.293767 4 5.937610 75.659730 3.765748 3.763145
124.393767 4 5.937543 75.247071 3.766015 3.764400
124.493767 4 5.937475 74.838324 3.766281 3.765649
124.593767 4 5.937408 74.433448 3.766545 3.766893
124.693767 4 5.937342 74.032401 3.766808 3.768132
124.793767 4 5.937275 73.635140 3.767070 3.769365
124.893767 4 5.937209 73.241625 3.767330 3.770594
124.993767 4 5.937144 72.851815 3.767588 3.771817
125.093767 4 5.937078 72.465670 3.767846 3.773036
125.193767 4 5.937013 72.083150 3.768102 3.774249
125.293767 4 5.936948 71.704217 3.768357 3.775457
125.393767 4 5.936884 71.328832 3.768610 3.776661
125.493767 4 5.936820 70.956956 3.768862 3.777859
125.593767 4 5.936756 70.588553 3.769113 3.779052
125.693767 4 5.936692 70.223584 3.769363 3.780240
125.793767 4 5.936629 69.862014 3.769611 3.781423
125.893767 4 5.936566 69.503807 3.769859 3.782601
125.993767 4 5.936503 69.148925 3.770105 3.783774
126.093767 4 5.936441 68.797335 3.770350 3.784942
126.193767 4 5.936379 68.449001 3.770593 3.786105
126.293767 4 5.936317 68.103888 3.770836 3.787264
126.393767 4 5.936255 67.761964 3.771078 3.788417
126.493767 4 5.936132 67.087544 3.771557 3.790709
126.593767 4 5.936011 66.425477 3.772033 3.792981
126.693767 4 5.935890 65.775506 3.772504 3.795234
126.793767 4 5.935771 65.137380 3.772971 3.797468
126.893767 4 5.935652 64.510854 3.773433 3.799683
126.993767 4 5.935535 63.895687 3.773892 3.801878
127.093767 4 5.935418 63.291649 3.774347 3.804054
127.193767 4 5.935303 62.698509 3.774799 3.806212
127.293767 4 5.935189 62.116048 3.775246 3.808350
127.393767 4 5.935075 61.544046 3.775690 3.810470
127.493767 4 5.934962 60.982294 3.776131 3.812571
127.593767 4 5.934851 60.430584 3.776567 3.814654
127.693767 4 5.934740 59.888715 3.777001 3.816718
127.793767 4 5.934630 59.356489 3.777431 3.818764
127.893767 4 5.934521 58.833714 3.777858 3.820792
127.993767 4 5.934413 58.320203 3.778282 3.822802
128.093767 4 5.934305 57.815772 3.778702 3.824793
128.193767 4 5.934199 57.320242 3.779120 3.826767
128.293767 4 5.934093 56.833438 3.779535 3.828722
128.393767 4 5.933988 56.355189 3.779946 3.830660
128.493767 4 5.933884 55.885329 3.780355 3.832580
128.593767 4 5.933780 55.423695 3.780761 3.834483
128.693767 4 5.933678 54.970127 3.781164 3.836368
128.793767 4 5.933576 54.524469 3.781564 3.838236
128.893767 4 5.933475 54.086571 3.781961 3.840086
128.993767 4 5.933374 53.656282 3.782356 3.841919
129.093767 4 5.933275 53.233459 3.782749 3.843735
129.193767 4 5.933175 52.817958 3.783138 3.845534
129.293767 4 5.933077 52.409642 3.783526 3.847316
129.393767 4 5.932979 52.008376 3.783911 3.849082
129.493767 4 5.932882 51.614026 3.784293 3.850830
129.593767 4 5.932786 51.226463 3.784673 3.852562
129.693767 4 5.932690 50.845560 3.785051 3.854277
129.793767 4 5.932595 50.471195 3.785426 3.855975
129.893767 4 5.932501 50.103245 3.785799 3.857657
129.993767 4 5.932407 49.741593 3.786170 3.859323
130.093767 4 5.932314 49.386123 3.786538 3.860973
130.193767 4 5.932221 49.036722 3.786905 3.862606
130.293767 4 5.932129 48.693279 3.787269 3.864223
130.393767 4 5.932037 48.355685 3.787631 3.865825
130.493767 4 5.931946 48.023836 3.787992 3.867410
130.593767 4 5.931856 47.697627 3.788350 3.868980
130.693767 4 5.931766 47.376957 3.788706 3.870533
130.793767 4 5.931676 47.061728 3.789060 3.872072
130.893767 4 5.931587 46.751841 3.789412 3.873594
130.993767 4 5.931499 46.447203 3.789762 3.875101
131.093767 4 5.931411 46.147720 3.790111 3.876593
131.193767 4 5.931324 45.853302 3.790457 3.878070
131.293767 4 5.931237 45.563859 3.790802 3.879531
131.393767 4 5.931151 45.279305 3.791145 3.880977
131.493767 4 5.931065 44.999555 3.791486 3.882408
131.593767 4 5.930979 44.724524 3.791825 3.883824
131.693767 4 5.930894 44.454132 3.792163 3.885225
131.793767 4 5.930810 44.188299 3.792499 3.886612
131.893767 4 5.930726 43.926946 3.792833 3.887983
131.993767 4 5.930642 43.669996 3.793166 3.889340
132.093767 4 5.930559 43.417375 3.793496 3.890683
132.193767 4 5.930476 43.169009 3.793826 3.892011
132.293767 4 5.930393 42.924827 3.794153 3.893325
132.393767 4 5.930311 42.684757 3.794479 3.894624
132.493767 4 5.930230 42.448731 3.794804 3.895909
132.593767 4 5.930148 42.216681 3.795127 3.897180
132.693767 4 5.930068 41.988541 3.795448 3.898437
132.793767 4 5.929987 41.764245 3.795768 3.899680
132.893767 4 5.929907 41.543732 3.796087 3.900909
132.993767 4 5.929827 41.326937 3.796404 3.902125
133.093767 4 5.929748 41.113800 3.796719 3.903327
133.193767 4 5.929669 40.904262 3.797033 3.904515
133.293767 4 5.929590 40.698263 3.797346 3.905689
133.393767 4 5.929433 40.296655 3.797967 3.907998
133.493767 4 5.929278 39.908530 3.798583 3.910253
133.593767 4 5.929124 39.533460 3.799193 3.912456
133.693767 4 5.928971 39.171031 3.799798 3.914608
133.793767 4 5.928819 38.820849 3.800398 3.916708
133.893767 4 5.928669 38.482530 3.800993 3.918757
133.993767 4 5.928519 38.155708 3.801583 3.920757
134.093767 4 5.928371 37.840030 3.802169 3.922707
134.193767 4 5.928224 37.535155 3.802750 3.924609
134.293767 4 5.928077 37.240756 3.803326 3.926463
134.393767 4 5.927932 36.956516 3.803897 3.928269
134.493767 4 5.927787 36.682132 3.804465 3.930029
134.593767 4 5.927644 36.417310 3.805028 3.931744
134.693767 4 5.927501 36.161767 3.805587 3.933412
134.793767 4 5.927359 35.915228 3.806141 3.935037
134.893767 4 5.927218 35.677432 3.806692 3.936617
134.993767 4 5.927077 35.448122 3.807238 3.938154
135.093767 4 5.926938 35.227054 3.807781 3.939648
135.193767 4 5.926799 35.013988 3.808320 3.941100
135.293767 4 5.926660 34.808695 3.808855 3.942511
135.393767 4 5.926522 34.610953 3.809387 3.943880
135.493767 4 5.926385 34.420547 3.809915 3.945210
135.593767 4 5.926249 34.237267 3.810439 3.946501
135.693767 4 5.926113 34.060912 3.810960 3.947752
135.793767 4 5.925842 33.728199 3.811991 3.950142
135.893767 4 5.925573 33.420914 3.813010 3.952384
135.993767 4 5.925306 33.137648 3.814015 3.954484
136.093767 4 5.925041 32.877070 3.815008 3.956446
136.193767 4 5.924777 32.637923 3.815989 3.958277
136.293767 4 5.924514 32.419013 3.816959 3.959980
136.393767 4 5.924253 32.219204 3.817917 3.961562
136.493767 4 5.923993 32.037416 3.818864 3.963028
136.593767 4 5.923474 31.723807 3.820728 3.965630
136.693767 4 5.922957 31.470408 3.822551 3.967827
136.793767 4 5.922443 31.269996 3.824337 3.969661
136.893767 4 5.921930 31.115781 3.826087 3.971172
136.993767 4 5.921417 31.001315 3.827803 3.972401
137.093767 4 5.920904 30.920400 3.829487 3.973390
137.193767 4 5.920391 30.867023 3.831141 3.974178
137.293767 4 5.919876 30.835292 3.832765 3.974808
137.393767 4 5.919360 30.819394 3.834362 3.975319
137.493767 4 5.918842 30.813560 3.835931 3.975752
137.593767 4 5.918322 30.812067 3.837476 3.976149
137.693767 4 5.917801 30.812812 3.838996 3.976524
137.793767 4 5.917277 30.820732 3.840493 3.976842
137.893767 4 5.916752 30.841586 3.841967 3.977064
137.993767 4 5.916224 30.881161 3.843420 3.977149
138.093767 4 5.915694 30.945302 3.844852 3.977056
138.193767 4 5.915161 31.039954 3.846264 3.976746
138.293767 4 5.914625 31.171212 3.847656 3.976178
138.393767 4 5.914084 31.345390 3.849031 3.975311
138.493767 4 5.913539 31.569091 3.850387 3.974106
138.593767 4 5.912988 31.849308 3.851726 3.972522
138.693767 4 5.912710 32.012924 3.852389 3.971575
138.793767 4 5.912429 32.193521 3.853048 3.970518
138.893767 4 5.912146 32.392132 3.853703 3.969347
138.993767 4 5.911861 32.609839 3.854354 3.968055
139.093767 4 5.911574 32.847777 3.855001 3.966638
139.193767 4 5.911284 33.107140 3.855644 3.965091
139.293767 4 5.910992 33.389186 3.856284 3.963409
139.393767 4 5.910696 33.695247 3.856920 3.961586
139.493767 4 5.910398 34.026731 3.857552 3.959618
139.593767 4 5.910247 34.202469 3.857866 3.958578
139.693767 4 5.910095 34.385133 3.858180 3.957500
139.793767 4 5.909942 34.574922 3.858493 3.956383
139.893767 4 5.909788 34.772046 3.858805 3.955227
139.993767 4 5.909634 34.976721 3.859116 3.954030
140.093767 4 5.909478 35.189169 3.859427 3.952793
140.193767 4 5.909321 35.409621 3.859736 3.951514
140.293767 4 5.909163 35.638313 3.860044 3.950193
140.393767 4 5.909004 35.875494 3.860352 3.948830
140.493767 4 5.908844 36.121417 3.860659 3.947423
140.593767 4 5.908682 36.376348 3.860965 3.945972
140.693767 4 5.908519 36.640559 3.861270 3.944477
140.793767 4 5.908355 36.914334 3.861574 3.942937
140.893767 4 5.908190 37.197968 3.861878 3.941350
140.993767 4 5.908023 37.491765 3.862181 3.939718
141.093767 4 5.907855 37.796041 3.862482 3.938038
141.193767 4 5.907685 38.111126 3.862784 3.936311
141.293767 4 5.907514 38.437359 3.863084 3.934535
141.393767 4 5.907341 38.775096 3.863383 3.932710
141.493767 4 5.907167 39.124704 3.863682 3.930836
141.593767 4 5.906990 39.486564 3.863980 3.928911
141.693767 4 5.906812 39.861076 3.864277 3.926935
141.793767 4 5.906633 40.248653 3.864573 3.924908
141.893767 4 5.906451 40.649723 3.864869 3.922829
141.993767 4 5.906359 40.855458 3.865017 3.921770
142.093767 4 5.906267 41.064735 3.865164 3.920697
142.193767 4 5.906174 41.277614 3.865311 3.919611
142.293767 4 5.906081 41.494154 3.865458 3.918512
142.393767 4 5.905987 41.714418 3.865605 3.917399
142.493767 4 5.905893 41.938466 3.865751 3.916272
142.593767 4 5.905798 42.166364 3.865898 3.915132
142.693767 4 5.905702 42.398177 3.866044 3.913978
142.793767 4 5.905606 42.633970 3.866190 3.912810
142.893767 4 5.905510 42.873811 3.866336 3.911628
142.993767 4 5.905413 43.117771 3.866481 3.910433
143.093767 4 5.905315 43.365919 3.866627 3.909223
143.193767 4 5.905217 43.618328 3.866772 3.907999
143.293767 4 5.905118 43.875072 3.866917 3.906761
143.393767 4 5.905018 44.136225 3.867062 3.905509
143.493767 4 5.904918 44.401866 3.867207 3.904242
143.593767 4 5.904817 44.672071 3.867351 3.902960
143.693767 4 5.904716 44.946922 3.867496 3.901665
143.793767 4 5.904613 45.226501 3.867640 3.900354
143.893767 4 5.904511 45.510891 3.867784 3.899029
143.993767 4 5.904407 45.800178 3.867928 3.897689
144.093767 4 5.904303 46.094449 3.868072 3.896334
144.193767 4 5.904198 46.393794 3.868215 3.894964
144.293767 4 5.904092 46.698304 3.868358 3.893580
144.393767 4 5.903986 47.008071 3.868502 3.892180
144.493767 4 5.903879 47.323192 3.868645 3.890765
144.593767 4 5.903771 47.643764 3.868787 3.889334
144.693767 4 5.903663 47.969887 3.868930 3.887889
144.793767 4 5.903553 48.301662 3.869072 3.886428
144.893767 4 5.903443 48.639193 3.869215 3.884951
144.993767 4 5.903332 48.982587 3.869357 3.883459
145.093767 4 5.903220 49.331952 3.869499 3.881951
145.193767 4 5.903108 49.687400 3.869640 3.880428
145.293767 4 5.902994 50.049045 3.869782 3.878888
145.393767 4 5.902880 50.417003 3.869923 3.877333
145.493767 4 5.902764 50.791392 3.870065 3.875762
145.593767 4 5.902648 51.172335 3.870206 3.874174
145.693767 4 5.902531 51.559957 3.870347 3.872571
145.793767 4 5.902413 51.954383 3.870487 3.870951
145.893767 4 5.902294 52.355745 3.870628 3.869315
145.993767 4 5.902174 52.764176 3.870768 3.867663
146.093767 4 5.902054 53.179812 3.870909 3.865994
146.193767 4 5.901932 53.602793 3.871049 3.864309
146.293767 4 5.901809 54.033262 3.871189 3.862607
146.393767 4 5.901685 54.471364 3.871328 3.860889
146.493767 4 5.901560 54.917250 3.871468 3.859153
146.593767 4 5.901434 55.371071 3.871607 3.857401
146.693767 4 5.901307 55.832986 3.871747 3.855632
146.793767 4 5.901179 56.303154 3.871886 3.853846
146.893767 4 5.901049 56.781740 3.872025 3.852042
146.993767 4 5.900919 57.268911 3.872163 3.850222
147.093767 4 5.900787 57.764840 3.872302 3.848384
147.193767 4 5.900655 58.269703 3.872441 3.846529
147.293767 4 5.900521 58.783680 3.872579 3.844657
147.393767 4 5.900385 59.306956 3.872717 3.842767
147.493767 4 5.900249 59.839722 3.872855 3.840860
147.593767 4 5.900111 60.382169 3.872993 3.838934
147.693767 4 5.899972 60.934498 3.873130 3.836992
147.793767 4 5.899832 61.496911 3.873268 3.835031
147.893767 4 5.899690 62.069618 3.873405 3.833052
147.993767 4 5.899547 62.652830 3.873542 3.831056
148.093767 4 5.899402 63.246769 3.873679 3.829041
148.193767 4 5.899256 63.851657 3.873816 3.827009
148.293767 4 5.899109 64.467724 3.873953 3.824958
148.393767 4 5.898960 65.095206 3.874090 3.822888
148.493767 4 5.898810 65.734344 3.874226 3.820801
148.593767 4 5.898658 66.385386 3.874362 3.818695
148.693767 4 5.898504 67.048586 3.874498 3.816570
148.793767 4 5.898427 67.384825 3.874566 3.815501
148.893767 4 5.898349 67.724202 3.874634 3.814427
148.993767 4 5.898271 68.066750 3.874702 3.813349
149.093767 4 5.898192 68.412502 3.874770 3.812265
149.193767 4 5.898113 68.761494 3.874838 3.811177
149.293767 4 5.898033 69.113759 3.874906 3.810085
149.393767 4 5.897953 69.469334 3.874973 3.808987
149.493767 4 5.897873 69.828254 3.875041 3.807885
149.593767 4 5.897792 70.190555 3.875109 3.806778
149.693767 4 5.897711 70.556274 3.875177 3.805667
149.793767 4 5.897629 70.925448 3.875244 3.804551
149.893767 4 5.897547 71.298114 3.875312 3.803429
149.993767 4 5.897465 71.674310 3.875379 3.802304
150.093767 4 5.897382 72.054075 3.875447 3.801173
150.193767 4 5.897298 72.437449 3.875514 3.800038
150.293767 4 5.897214 72.824469 3.875582 3.798897
150.393767 4 5.897130 73.215177 3.875649 3.797752
150.493767 4 5.897045 73.609614 3.875716 3.796602
150.593767 4 5.896959 74.007819 3.875784 3.795448
150.693767 4 5.896874 74.409834 3.875851 3.794288
150.793767 4 5.896787 74.815703 3.875918 3.793124
150.893767 4 5.896701 75.225467 3.875985 3.791954
150.993767 4 5.896613 75.639169 3.876053 3.790780
151.093767 4 5.896526 76.056854 3.876120 3.789601
151.193767 4 5.896437 76.478566 3.876187 3.788417
151.293767 4 5.896348 76.904349 3.876254 3.787229
151.393767 4 5.896259 77.334250 3.876321 3.786035
151.493767 4 5.896169 77.768313 3.876388 3.784836
151.593767 4 5.896079 78.206587 3.876455 3.783633
151.693767 4 5.895988 78.649118 3.876522 3.782424
151.793767 4 5.895897 79.095954 3.876589 3.781211
151.893767 4 5.895805 79.547145 3.876655 3.779992
151.993767 4 5.895712 80.002738 3.876722 3.778769
152.093767 4 5.895619 80.462784 3.876789 3.777540
152.193767 4 5.895526 80.927333 3.876856 3.776307
152.293767 4 5.895432 81.396438 3.876922 3.775068
152.393767 4 5.895337 81.870148 3.876989 3.773825
152.493767 4 5.895242 82.348518 3.877056 3.772577
152.593767 4 5.895146 82.831600 3.877122 3.771323
152.693767 4 5.895050 83.319448 3.877189 3.770065
152.793767 4 5.894953 83.812117 3.877255 3.768801
152.893767 4 5.894855 84.309662 3.877322 3.767532
152.993767 4 5.894757 84.812140 3.877388 3.766259
153.093767 4 5.894658 85.319607 3.877455 3.764980
153.193767 4 5.894559 85.832121 3.877521 3.763696
153.293767 4 5.894459 86.349741 3.877587 3.762407
153.393767 4 5.894358 86.872525 3.877654 3.761113
153.493767 4 5.894257 87.400534 3.877720 3.759813
153.593767 4 5.894155 87.933829 3.877786 3.758509
153.693767 4 5.894053 88.472471 3.877852 3.757200
153.793767 4 5.893950 89.016522 3.877918 3.755885
153.893767 4 5.893846 89.566046 3.877985 3.754565
153.993767 4 5.893742 90.121108 3.878051 3.753240
154.093767 4 5.893636 90.681772 3.878117 3.751910
154.193767 4 5.893531 91.248104 3.878183 3.750574
154.293767 4 5.893424 91.820172 3.878249 3.749234
154.393767 4 5.893317 92.398042 3.878315 3.747888
154.493767 4 5.893209 92.981784 3.878381 3.746537
154.593767 4 5.893101 93.571467 3.878446 3.745180
154.693767 4 5.892991 94.167161 3.878512 3.743819
154.793767 4 5.892881 94.768939 3.878578 3.742452
154.893767 4 5.892771 95.376873 3.878644 3.741080
154.993767 4 5.892659 95.991037 3.878710 3.739703
155.093767 4 5.892547 96.611505 3.878775 3.738320
155.193767 4 5.892434 97.238352 3.878841 3.736932
155.293767 4 5.892321 97.871655 3.878907 3.735539
155.393767 4 5.892206 98.511493 3.878972 3.734140
155.493767 4 5.892091 99.157943 3.879038 3.732736
155.593767 4 5.891975 99.811086 3.879103 3.731327
155.693767 4 5.891858 100.471003 3.879169 3.729912
155.793767 4 5.891741 101.137775 3.879234 3.728492
155.893767 4 5.891623 101.811487 3.879300 3.727067
155.993767 4 5.891503 102.492222 3.879365 3.725636
156.093767 4 5.891384 103.180066 3.879430 3.724200
156.193767 4 5.891263 103.875107 3.879496 3.722759
156.293767 4 5.891141 104.577431 3.879561 3.721312
156.393767 4 5.891019 105.287129 3.879626 3.719859
156.493767 4 5.890895 106.004291 3.879691 3.718402
156.593767 4 5.890771 106.729009 3.879756 3.716938
156.693767 4 5.890646 107.461376 3.879822 3.715470
156.793767 4 5.890520 108.201486 3.879887 3.713996
156.893767 4 5.890393 108.949436 3.879952 3.712516
156.993767 4 5.890266 109.705322 3.880017 3.711031
157.093767 4 5.890137 110.469243 3.880082 3.709540
157.193767 4 5.890008 111.241299 3.880147 3.708044
157.293767 4 5.889877 112.021592 3.880212 3.706543
157.393767 4 5.889746 112.810224 3.880277 3.705036
157.493767 4 5.889613 113.607299 3.880342 3.703523
157.593767 4 5.889480 114.412924 3.880406 3.702005
157.693767 4 5.889346 115.227206 3.880471 3.700481
157.793767 4 5.889211 116.050254 3.880536 3.698952
157.893767 4 5.889074 116.882178 3.880601 3.697417
157.993767 4 5.888937 117.723090 3.880665 3.695876
158.093767 4 5.888799 118.573105 3.880730 3.694330
158.193767 4 5.888660 119.432337 3.880795 3.692778
158.293767 4 5.888519 120.300903 3.880859 3.691221
158.393767 4 5.888378 121.178922 3.880924 3.689658
158.493767 4 5.888236 122.066516 3.880988 3.688089
158.593767 4 5.888092 122.963805 3.881053 3.686515
158.693767 4 5.887948 123.870914 3.881117 3.684935
158.793767 4 5.887802 124.787969 3.881182 3.683350
158.893767 4 5.887655 125.715097 3.881246 3.681758
158.993767 4 5.887507 126.652429 3.881311 3.680161
159.093767 4 5.887358 127.600095 3.881375 3.678559
159.193767 4 5.887208 128.558229 3.881439 3.676950
159.293767 4 5.887057 129.526966 3.881504 3.675336
159.393767 4 5.886905 130.506444 3.881568 3.673717
159.493767 4 5.886751 131.496802 3.881632 3.672091
159.593767 4 5.886596 132.498182 3.881696 3.670460
159.693767 4 5.886440 133.510728 3.881760 3.668823
159.793767 4 5.886283 134.534584 3.881824 3.667180
159.893767 4 5.886124 135.569900 3.881888 3.665531
159.993767 4 5.885965 136.616824 3.881953 3.663877
160.093767 4 5.885804 137.675511 3.882017 3.662216
160.193767 4 5.885641 138.746113 3.882081 3.660550
160.293767 4 5.885478 139.828789 3.882144 3.658878
160.393767 4 5.885313 140.923697 3.882208 3.657201
160.493767 4 5.885147 142.030999 3.882272 3.655517
160.593767 4 5.884979 143.150861 3.882336 3.653828
160.693767 4 5.884810 144.283447 3.882400 3.652132
160.793767 4 5.884640 145.428928 3.882464 3.650431
160.893767 4 5.884469 146.587475 3.882527 3.648724
160.993767 4 5.884296 147.759263 3.882591 3.647011
161.093767 4 5.884121 148.944468 3.882655 3.645292
161.193767 4 5.883945 150.143271 3.882719 3.643567
161.293767 4 5.883768 151.355854 3.882782 3.641836
161.393767 4 5.883589 152.582403 3.882846 3.640100
161.493767 4 5.883409 153.823104 3.882909 3.638357
161.593767 4 5.883227 155.078150 3.882973 3.636608
161.693767 4 5.883044 156.347735 3.883036 3.634854
161.793767 4 5.882859 157.632055 3.883100 3.633093
161.893767 4 5.882673 158.931310 3.883163 3.631327
161.993767 4 5.882485 160.245703 3.883227 3.629554
162.093767 4 5.882295 161.575441 3.883290 3.627775
162.193767 4 5.882104 162.920734 3.883353 3.625991
162.293767 4 5.881912 164.281793 3.883417 3.624200
162.393767 4 5.881717 165.658834 3.883480 3.622403
162.493767 4 5.881521 167.052078 3.883543 3.620600
162.593767 4 5.881323 168.461746 3.883606 3.618792
162.693767 4 5.881124 169.888066 3.883670 3.616977
162.793767 4 5.880923 171.331267 3.883733 3.615155
162.893767 4 5.880720 172.791581 3.883796 3.613328
162.993767 4 5.880515 174.269248 3.883859 3.611495
163.093767 4 5.880309 175.764506 3.883922 3.609655
163.193767 4 5.880103 177.257993 3.883984 3.607834
163.293767 4 5.879909 178.674135 3.884043 3.606120
163.393767 4 5.879725 180.016010 3.884097 3.604509
163.493767 4 5.879552 181.286687 3.884148 3.602995
163.593767 4 5.879388 182.489209 3.884196 3.601571
163.693767 4 5.879233 183.626577 3.884241 3.600233
163.793767 4 5.879087 184.701741 3.884283 3.598976
163.893767 4 5.878949 185.717585 3.884323 3.597795
163.993767 4 5.878820 186.676925 3.884360 3.596685
164.093767 4 5.878575 188.494104 3.884429 3.594599
164.193767 4 5.878359 190.104092 3.884490 3.592767
164.293767 4 5.878168 191.528321 3.884543 3.591160
164.393767 4 5.878000 192.786522 3.884589 3.589750
164.493767 4 5.877852 193.896734 3.884630 3.588513
164.593767 4 5.877721 194.875345 3.884665 3.587428
164.693767 4 5.877492 196.604190 3.884728 3.585526
164.793767 4 5.877318 197.914572 3.884774 3.584095
164.893767 4 5.877187 198.905176 3.884809 3.583020
164.993767 4 5.876989 200.403770 3.884861 3.581403
