t Ka M R logL logTeff
1.498563 1 4.000081 1.777624 2.475224 4.255027
2.997128 1 4.000078 1.786223 2.476968 4.254415
4.495696 1 4.000075 1.794868 2.478760 4.253814
5.994267 1 4.000072 1.803562 2.480600 4.253225
7.492840 1 4.000069 1.812306 2.482487 4.252647
8.991415 1 4.000066 1.821104 2.484423 4.252079
10.489993 1 4.000063 1.829958 2.486406 4.251521
11.988574 1 4.000059 1.838871 2.488437 4.250974
13.487157 1 4.000056 1.847845 2.490516 4.250437
14.985743 1 4.000053 1.856883 2.492642 4.249909
16.484332 1 4.000050 1.865988 2.494817 4.249390
17.982924 1 4.000046 1.875162 2.497039 4.248881
19.481518 1 4.000043 1.884410 2.499309 4.248380
20.980115 1 4.000040 1.893732 2.501628 4.247888
22.478714 1 4.000036 1.903133 2.503993 4.247404
23.977317 1 4.000033 1.912616 2.506407 4.246929
25.475922 1 4.000029 1.922183 2.508869 4.246460
26.974531 1 4.000026 1.931837 2.511378 4.246000
28.473142 1 4.000022 1.941583 2.513936 4.245546
29.971756 1 4.000019 1.951423 2.516541 4.245100
31.470373 1 4.000015 1.961360 2.519194 4.244660
32.968993 1 4.000011 1.971398 2.521895 4.244227
34.467616 1 4.000008 1.981541 2.524643 4.243800
35.966243 1 4.000004 1.991791 2.527440 4.243379
37.464872 1 4.000000 2.002152 2.530284 4.242963
38.963505 1 3.999996 2.012629 2.533176 4.242553
40.462141 1 3.999992 2.023224 2.536116 4.242148
41.960780 1 3.999988 2.033942 2.539104 4.241747
43.459422 1 3.999984 2.044787 2.542140 4.241352
44.958068 1 3.999980 2.055761 2.545223 4.240960
46.456717 1 3.999976 2.066871 2.548355 4.240573
47.955370 1 3.999972 2.078119 2.551534 4.240189
49.454026 1 3.999967 2.089509 2.554761 4.239809
50.952686 1 3.999963 2.101048 2.558036 4.239432
52.451349 1 3.999959 2.112738 2.561358 4.239057
53.950016 1 3.999954 2.124584 2.564729 4.238686
55.448687 1 3.999950 2.136592 2.568147 4.238317
56.947362 1 3.999945 2.148766 2.571613 4.237949
58.446040 1 3.999940 2.161112 2.575127 4.237584
59.944723 1 3.999935 2.173634 2.578689 4.237220
61.443409 1 3.999931 2.186339 2.582299 4.236857
62.942100 1 3.999926 2.199232 2.585956 4.236494
64.440794 1 3.999921 2.212319 2.589662 4.236132
65.939493 1 3.999915 2.225607 2.593415 4.235770
67.438196 1 3.999910 2.239102 2.597216 4.235408
68.936904 1 3.999905 2.252812 2.601064 4.235044
70.435616 1 3.999899 2.266745 2.604961 4.234680
71.934332 1 3.999894 2.280907 2.608905 4.234313
73.433053 1 3.999888 2.295309 2.612898 4.233944
74.931779 1 3.999882 2.309958 2.616938 4.233573
76.430510 1 3.999876 2.324866 2.621025 4.233198
77.929245 1 3.999870 2.340042 2.625161 4.232819
79.427986 1 3.999864 2.355499 2.629345 4.232435
80.926731 1 3.999858 2.371248 2.633576 4.232046
82.425482 1 3.999852 2.387304 2.637855 4.231650
83.924238 1 3.999845 2.403681 2.642182 4.231248
85.423000 1 3.999838 2.420396 2.646556 4.230836
86.921767 1 3.999832 2.437465 2.650979 4.230416
88.420540 1 3.999825 2.454909 2.655449 4.229985
89.919318 1 3.999818 2.472749 2.659967 4.229542
91.418103 1 3.999810 2.491008 2.664533 4.229086
92.916893 1 3.999803 2.509712 2.669147 4.228615
94.415690 1 3.999795 2.528890 2.673808 4.228128
95.914493 1 3.999788 2.548572 2.678517 4.227621
97.413302 1 3.999780 2.568795 2.683274 4.227094
98.912118 1 3.999771 2.589595 2.688079 4.226544
100.410941 1 3.999763 2.611016 2.692932 4.225969
101.909771 1 3.999755 2.633106 2.697832 4.225364
103.408607 1 3.999746 2.655915 2.702780 4.224729
104.907451 1 3.999737 2.679502 2.707776 4.224058
106.406303 1 3.999728 2.703932 2.712820 4.223348
107.905162 1 3.999718 2.729275 2.717911 4.222595
109.404029 1 3.999709 2.755611 2.723050 4.221794
110.902903 1 3.999699 2.783029 2.728237 4.220941
111.652345 1 3.999694 2.797173 2.730849 4.220493
112.401788 1 3.999689 2.811625 2.733472 4.220030
113.151234 1 3.999684 2.826399 2.736107 4.219551
113.900682 1 3.999679 2.841510 2.738754 4.219055
114.650132 1 3.999673 2.856973 2.741414 4.218541
115.399584 1 3.999668 2.872804 2.744085 4.218009
116.149039 1 3.999663 2.889022 2.746768 4.217457
116.898495 1 3.999657 2.905644 2.749463 4.216885
117.647954 1 3.999651 2.922689 2.752170 4.216292
118.397415 1 3.999646 2.940178 2.754888 4.215676
119.146879 1 3.999640 2.958133 2.757619 4.215037
119.896345 1 3.999634 2.976576 2.760362 4.214373
120.645813 1 3.999629 2.995532 2.763116 4.213683
121.395284 1 3.999623 3.015025 2.765883 4.212966
122.144757 1 3.999617 3.035084 2.768662 4.212221
122.894233 1 3.999611 3.055736 2.771452 4.211446
123.643711 1 3.999605 3.077012 2.774254 4.210640
124.393192 1 3.999598 3.098943 2.777069 4.209801
125.142675 1 3.999592 3.121563 2.779895 4.208928
125.892161 1 3.999586 3.144908 2.782733 4.208020
126.641650 1 3.999579 3.169017 2.785583 4.207074
127.391141 1 3.999573 3.193928 2.788445 4.206089
128.140635 1 3.999566 3.219685 2.791319 4.205064
128.890132 1 3.999560 3.246334 2.794205 4.203995
129.639632 1 3.999553 3.273921 2.797103 4.202882
130.389134 1 3.999546 3.302499 2.800013 4.201722
131.138639 1 3.999539 3.332121 2.802934 4.200514
131.888147 1 3.999532 3.362844 2.805868 4.199254
132.637658 1 3.999525 3.394730 2.808813 4.197941
133.387172 1 3.999518 3.427844 2.811771 4.196573
133.761930 1 3.999514 3.444883 2.813254 4.195867
134.136690 1 3.999510 3.462256 2.814740 4.195146
134.511450 1 3.999507 3.479971 2.816229 4.194410
134.886210 1 3.999503 3.498038 2.817722 4.193659
135.260972 1 3.999499 3.516468 2.819217 4.192891
135.635734 1 3.999496 3.535270 2.820715 4.192108
136.010497 1 3.999492 3.554456 2.822216 4.191308
136.385261 1 3.999488 3.574036 2.823720 4.190491
136.760025 1 3.999484 3.594022 2.825227 4.189657
137.134791 1 3.999481 3.614425 2.826737 4.188805
137.509557 1 3.999477 3.635258 2.828250 4.187935
137.884324 1 3.999473 3.656533 2.829766 4.187047
138.259092 1 3.999469 3.678264 2.831285 4.186140
138.633860 1 3.999465 3.700463 2.832807 4.185214
139.008630 1 3.999461 3.723144 2.834332 4.184269
139.383400 1 3.999457 3.746322 2.835860 4.183303
139.758171 1 3.999453 3.770012 2.837391 4.182317
140.132943 1 3.999449 3.794229 2.838925 4.181310
140.507715 1 3.999445 3.818989 2.840462 4.180282
140.882489 1 3.999441 3.844308 2.842002 4.179232
141.257263 1 3.999437 3.870204 2.843544 4.178160
141.632039 1 3.999433 3.896695 2.845090 4.177065
142.006815 1 3.999429 3.923797 2.846639 4.175947
142.381591 1 3.999425 3.951532 2.848191 4.174806
142.756369 1 3.999421 3.979918 2.849746 4.173640
143.131148 1 3.999417 4.008975 2.851303 4.172450
143.505927 1 3.999412 4.038726 2.852864 4.171234
143.880708 1 3.999408 4.069191 2.854428 4.169994
144.255489 1 3.999404 4.100393 2.855995 4.168726
144.630271 1 3.999400 4.132357 2.857564 4.167433
145.005054 1 3.999395 4.165107 2.859137 4.166112
145.379838 1 3.999391 4.198667 2.860713 4.164763
145.754623 1 3.999387 4.233065 2.862291 4.163386
146.129408 1 3.999383 4.268328 2.863873 4.161980
146.504195 1 3.999378 4.304485 2.865458 4.160544
146.878982 1 3.999374 4.341564 2.867045 4.159079
147.253771 1 3.999370 4.379598 2.868636 4.157582
147.628560 1 3.999365 4.418617 2.870229 4.156055
148.003350 1 3.999361 4.458656 2.871826 4.154495
148.378141 1 3.999356 4.499749 2.873425 4.152903
149.127725 1 3.999347 4.462551 2.895301 4.160174
149.227725 1 3.999346 4.422138 2.900661 4.163490
149.327725 1 3.999346 4.400710 2.903190 4.165177
149.427725 1 3.999345 4.378441 2.905662 4.166896
149.527725 1 3.999344 4.355591 2.908069 4.168634
149.627725 1 3.999344 4.332393 2.910403 4.170377
149.727725 1 3.999343 4.309051 2.912661 4.172115
149.827725 1 3.999343 4.285743 2.914838 4.173837
149.927725 1 3.999343 4.262621 2.916932 4.175535
150.027725 1 3.999342 4.239816 2.918942 4.177203
150.127725 1 3.999342 4.217433 2.920868 4.178833
150.227725 1 3.999341 4.195563 2.922709 4.180423
150.327725 1 3.999341 4.174275 2.924467 4.181967
150.427725 1 3.999341 4.153626 2.926143 4.183463
150.527725 1 3.999340 4.113095 2.929358 4.186396
150.627725 1 3.999340 4.075685 2.932249 4.189103
150.727725 1 3.999339 4.041460 2.934839 4.191581
150.827725 1 3.999339 4.010374 2.937150 4.193836
150.927725 1 3.999338 3.982304 2.939208 4.195875
151.027725 1 3.999338 3.957079 2.941035 4.197712
151.127725 1 3.999337 3.934501 2.942654 4.199359
151.227725 1 3.999337 3.914360 2.944086 4.200832
151.327725 1 3.999337 3.878251 2.946628 4.203480
151.427725 1 3.999336 3.850456 2.948564 4.205525
151.527725 1 3.999336 3.829212 2.950032 4.207094
151.627725 1 3.999336 3.796711 2.952261 4.209502
151.727725 2 3.999335 3.763456 2.954523 4.211978
151.827725 2 3.999335 3.783316 2.954377 4.210798
151.927725 2 3.999335 3.803280 2.954231 4.209619
152.027725 2 3.999335 3.827574 2.954054 4.208192
152.127725 2 3.999335 3.852022 2.953878 4.206766
152.227725 2 3.999335 3.876627 2.953701 4.205339
152.327725 2 3.999335 3.901389 2.953525 4.203912
152.427725 2 3.999335 3.926309 2.953348 4.202485
152.527725 2 3.999335 3.951388 2.953172 4.201059
152.627725 2 3.999335 3.976628 2.952995 4.199632
152.727725 2 3.999335 4.002028 2.952819 4.198205
152.827725 2 3.999335 4.027591 2.952643 4.196778
152.927725 2 3.999335 4.053317 2.952466 4.195352
153.027725 2 3.999335 4.079208 2.952290 4.193925
153.127725 2 3.999335 4.105264 2.952113 4.192498
153.227725 2 3.999334 4.131486 2.951937 4.191072
153.327725 2 3.999334 4.157876 2.951760 4.189645
153.427725 2 3.999334 4.184434 2.951584 4.188218
153.527725 2 3.999334 4.211162 2.951407 4.186791
153.627725 2 3.999334 4.238061 2.951231 4.185365
153.727725 2 3.999334 4.265132 2.951054 4.183938
153.827725 2 3.999334 4.292375 2.950878 4.182511
153.927725 2 3.999334 4.319793 2.950701 4.181084
154.027725 2 3.999334 4.347385 2.950525 4.179658
154.127725 2 3.999334 4.375154 2.950348 4.178231
154.227725 2 3.999334 4.403100 2.950172 4.176804
154.327725 2 3.999334 4.431225 2.949995 4.175377
154.427725 2 3.999334 4.459530 2.949819 4.173951
154.527725 2 3.999334 4.488015 2.949642 4.172524
154.627725 2 3.999334 4.516682 2.949466 4.171097
154.727725 2 3.999334 4.545532 2.949289 4.169671
154.827725 2 3.999334 4.574567 2.949113 4.168244
154.927725 2 3.999334 4.603787 2.948936 4.166817
155.027725 2 3.999334 4.633193 2.948760 4.165390
155.127725 2 3.999334 4.662788 2.948583 4.163964
155.227725 2 3.999334 4.692571 2.948407 4.162537
155.327725 2 3.999334 4.722545 2.948231 4.161110
155.427725 2 3.999334 4.752710 2.948054 4.159683
155.527725 2 3.999334 4.783068 2.947878 4.158257
155.627725 2 3.999333 4.813620 2.947701 4.156830
155.727725 2 3.999333 4.844367 2.947525 4.155403
155.827725 2 3.999333 4.875310 2.947348 4.153976
155.927725 2 3.999333 4.906451 2.947172 4.152550
156.027725 2 3.999333 4.937791 2.946995 4.151123
156.127725 2 3.999333 4.969331 2.946819 4.149696
156.227725 2 3.999333 5.001073 2.946642 4.148270
156.327725 2 3.999333 5.033017 2.946466 4.146843
156.427725 2 3.999333 5.065165 2.946289 4.145416
156.527725 2 3.999333 5.097519 2.946113 4.143989
156.627725 2 3.999333 5.130079 2.945936 4.142563
156.727725 2 3.999333 5.162848 2.945760 4.141136
156.827725 2 3.999333 5.195825 2.945583 4.139709
156.927725 2 3.999333 5.229014 2.945407 4.138282
157.027725 2 3.999333 5.262414 2.945230 4.136856
157.127725 2 3.999333 5.296027 2.945054 4.135429
157.227725 2 3.999333 5.329856 2.944877 4.134002
157.327725 2 3.999333 5.363900 2.944701 4.132575
157.427725 2 3.999333 5.398162 2.944525 4.131149
157.527725 2 3.999333 5.432643 2.944348 4.129722
157.627725 2 3.999333 5.467344 2.944172 4.128295
157.727725 2 3.999333 5.502266 2.943995 4.126869
157.827725 2 3.999333 5.537412 2.943819 4.125442
157.927725 2 3.999333 5.572782 2.943642 4.124015
158.027725 2 3.999333 5.608378 2.943466 4.122588
158.127725 2 3.999333 5.644201 2.943289 4.121162
158.227725 2 3.999333 5.680254 2.943113 4.119735
158.327725 2 3.999332 5.716536 2.942936 4.118308
158.427725 2 3.999332 5.753051 2.942760 4.116881
158.527725 2 3.999332 5.789798 2.942583 4.115455
158.627725 2 3.999332 5.826780 2.942407 4.114028
158.727725 2 3.999332 5.863999 2.942230 4.112601
158.827725 2 3.999332 5.901455 2.942054 4.111174
158.927725 2 3.999332 5.939150 2.941877 4.109748
159.027725 2 3.999332 5.977087 2.941701 4.108321
159.127725 2 3.999332 6.015265 2.941524 4.106894
159.227725 2 3.999332 6.053688 2.941348 4.105468
159.327725 2 3.999332 6.092356 2.941171 4.104041
159.427725 2 3.999332 6.131270 2.940995 4.102614
159.527725 2 3.999332 6.170434 2.940819 4.101187
159.627725 2 3.999332 6.209847 2.940642 4.099761
159.727725 2 3.999332 6.249513 2.940466 4.098334
159.827725 2 3.999332 6.289431 2.940289 4.096907
159.927725 2 3.999331 6.329604 2.940112 4.095480
160.027725 2 3.999331 6.370034 2.939936 4.094054
160.127725 2 3.999330 6.410721 2.939759 4.092627
160.227725 2 3.999330 6.451669 2.939582 4.091200
160.327725 2 3.999329 6.492878 2.939406 4.089773
160.427725 2 3.999328 6.534350 2.939229 4.088347
160.527725 2 3.999328 6.576087 2.939052 4.086920
160.627725 2 3.999327 6.618091 2.938875 4.085493
160.727725 2 3.999326 6.660362 2.938699 4.084066
160.827725 2 3.999326 6.702904 2.938522 4.082640
160.927725 2 3.999325 6.745718 2.938345 4.081213
161.027725 2 3.999324 6.788805 2.938169 4.079786
161.127725 2 3.999324 6.832167 2.937992 4.078359
161.227725 2 3.999323 6.875807 2.937815 4.076933
161.327725 2 3.999322 6.919725 2.937638 4.075506
161.427725 2 3.999322 6.963923 2.937462 4.074079
161.527725 2 3.999321 7.008404 2.937285 4.072652
161.627725 2 3.999320 7.053169 2.937108 4.071225
161.727725 2 3.999320 7.098220 2.936932 4.069799
161.827725 2 3.999319 7.143558 2.936755 4.068372
161.927725 2 3.999318 7.189186 2.936578 4.066945
162.027725 2 3.999318 7.235106 2.936401 4.065518
162.127725 2 3.999317 7.281319 2.936225 4.064092
162.227725 2 3.999316 7.327827 2.936048 4.062665
162.327725 2 3.999315 7.374632 2.935871 4.061238
162.427725 2 3.999315 7.421735 2.935694 4.059811
162.527725 2 3.999314 7.469140 2.935518 4.058385
162.627725 2 3.999313 7.516848 2.935341 4.056958
162.727725 2 3.999313 7.564860 2.935164 4.055531
162.827725 2 3.999312 7.613179 2.934987 4.054104
162.927725 2 3.999311 7.661807 2.934811 4.052678
163.027725 2 3.999310 7.710745 2.934634 4.051251
163.127725 2 3.999310 7.759995 2.934457 4.049824
163.227725 2 3.999309 7.809561 2.934280 4.048397
163.327725 2 3.999308 7.859442 2.934104 4.046971
163.427725 2 3.999307 7.909643 2.933927 4.045544
163.527725 2 3.999307 7.960164 2.933750 4.044117
163.627725 2 3.999306 8.011007 2.933573 4.042690
163.727725 2 3.999305 8.062176 2.933397 4.041264
163.827725 2 3.999304 8.113671 2.933220 4.039837
163.927725 2 3.999304 8.165495 2.933043 4.038410
164.027725 2 3.999303 8.217650 2.932866 4.036983
164.127725 2 3.999302 8.270139 2.932690 4.035557
164.227725 2 3.999301 8.322962 2.932513 4.034130
164.327725 2 3.999300 8.376123 2.932336 4.032703
164.427725 2 3.999300 8.429623 2.932159 4.031276
164.527725 2 3.999299 8.483465 2.931982 4.029850
164.627725 2 3.999298 8.537651 2.931806 4.028423
164.727725 2 3.999297 8.592183 2.931629 4.026996
164.827725 2 3.999296 8.647063 2.931452 4.025569
164.927725 2 3.999295 8.702294 2.931275 4.024143
165.027725 2 3.999295 8.757878 2.931099 4.022716
165.127725 2 3.999294 8.813816 2.930922 4.021289
165.227725 2 3.999293 8.870112 2.930745 4.019862
165.327725 2 3.999292 8.926767 2.930568 4.018436
165.427725 2 3.999291 8.983785 2.930391 4.017009
165.527725 2 3.999290 9.041166 2.930215 4.015582
165.627725 2 3.999290 9.098914 2.930038 4.014155
165.727725 2 3.999289 9.157031 2.929861 4.012728
165.827725 2 3.999288 9.215518 2.929684 4.011302
165.927725 2 3.999287 9.274380 2.929507 4.009875
166.027725 2 3.999286 9.333617 2.929331 4.008448
166.127725 2 3.999285 9.393233 2.929154 4.007021
166.227725 2 3.999284 9.453229 2.928977 4.005595
166.327725 2 3.999283 9.513609 2.928800 4.004168
166.427725 2 3.999282 9.574374 2.928623 4.002741
166.527725 2 3.999282 9.635527 2.928447 4.001314
166.627725 2 3.999281 9.697071 2.928270 3.999888
166.727725 2 3.999280 9.759008 2.928093 3.998461
166.827725 2 3.999279 9.821340 2.927916 3.997034
166.927725 2 3.999278 9.884071 2.927739 3.995607
167.027725 2 3.999277 9.947202 2.927562 3.994181
167.127725 2 3.999276 10.010737 2.927386 3.992754
167.227725 2 3.999275 10.074677 2.927209 3.991327
167.327725 2 3.999274 10.139025 2.927032 3.989900
167.427725 2 3.999273 10.203785 2.926855 3.988474
167.527725 2 3.999272 10.268958 2.926678 3.987047
167.627725 2 3.999271 10.334547 2.926501 3.985620
167.727725 2 3.999270 10.400556 2.926325 3.984193
167.827725 2 3.999269 10.466985 2.926148 3.982767
167.927725 2 3.999268 10.533839 2.925971 3.981340
168.027725 2 3.999267 10.601121 2.925794 3.979913
168.127725 2 3.999266 10.668831 2.925617 3.978486
168.227725 2 3.999265 10.736974 2.925440 3.977060
168.327725 2 3.999264 10.805553 2.925264 3.975633
168.427725 2 3.999263 10.874569 2.925087 3.974206
168.527725 2 3.999262 10.944026 2.924910 3.972779
168.627725 2 3.999261 11.013927 2.924733 3.971353
168.727725 2 3.999260 11.084274 2.924556 3.969926
168.827725 2 3.999259 11.155071 2.924379 3.968499
168.927725 2 3.999258 11.226319 2.924202 3.967072
169.027725 2 3.999257 11.298023 2.924025 3.965646
169.127725 2 3.999256 11.370184 2.923849 3.964219
169.227725 2 3.999255 11.442807 2.923672 3.962792
169.327725 2 3.999254 11.515893 2.923495 3.961365
169.427725 2 3.999253 11.589446 2.923318 3.959939
169.527725 2 3.999252 11.663468 2.923141 3.958512
169.627725 2 3.999250 11.737964 2.922964 3.957085
169.727725 2 3.999249 11.812935 2.922787 3.955658
169.827725 2 3.999248 11.888385 2.922610 3.954232
169.927725 2 3.999247 11.964317 2.922434 3.952805
170.027725 2 3.999246 12.040734 2.922257 3.951378
170.127725 2 3.999245 12.117639 2.922080 3.949951
170.227725 2 3.999244 12.195034 2.921903 3.948525
170.327725 2 3.999243 12.272925 2.921726 3.947098
170.427725 2 3.999241 12.351312 2.921549 3.945671
170.527725 2 3.999240 12.430201 2.921372 3.944245
170.627725 2 3.999239 12.509593 2.921195 3.942818
170.727725 2 3.999238 12.589492 2.921018 3.941391
170.827725 2 3.999237 12.669901 2.920841 3.939964
170.927725 2 3.999236 12.750824 2.920664 3.938538
171.027725 2 3.999234 12.832264 2.920487 3.937111
171.127725 2 3.999233 12.914224 2.920311 3.935684
171.227725 2 3.999232 12.996707 2.920134 3.934257
171.327725 2 3.999231 13.079717 2.919957 3.932831
171.427725 2 3.999230 13.163257 2.919780 3.931404
171.527725 2 3.999228 13.247331 2.919603 3.929977
171.627725 2 3.999227 13.331941 2.919426 3.928550
171.727725 2 3.999226 13.417092 2.919249 3.927124
171.827725 2 3.999225 13.502787 2.919072 3.925697
171.927725 2 3.999223 13.589029 2.918895 3.924270
172.027725 2 3.999222 13.675821 2.918718 3.922843
172.127725 2 3.999221 13.763168 2.918541 3.921417
172.227725 2 3.999220 13.851073 2.918364 3.919990
172.327725 2 3.999218 13.939539 2.918187 3.918563
172.427725 2 3.999217 14.028571 2.918010 3.917136
172.527725 2 3.999216 14.118170 2.917833 3.915710
172.627725 2 3.999214 14.208342 2.917656 3.914283
172.727725 2 3.999213 14.299090 2.917479 3.912856
172.827725 2 3.999212 14.390417 2.917302 3.911429
172.927725 2 3.999210 14.482328 2.917125 3.910003
173.027725 2 3.999209 14.574825 2.916948 3.908576
173.127725 2 3.999208 14.667913 2.916771 3.907149
173.227725 2 3.999206 14.761596 2.916594 3.905723
173.327725 2 3.999205 14.855877 2.916417 3.904296
173.427725 2 3.999204 14.950760 2.916240 3.902869
173.527725 2 3.999202 15.046249 2.916063 3.901442
173.627725 2 3.999201 15.142348 2.915886 3.900016
173.727725 2 3.999199 15.239060 2.915709 3.898589
173.827725 2 3.999198 15.336390 2.915532 3.897162
173.927725 2 3.999197 15.434342 2.915355 3.895735
174.027725 2 3.999195 15.532919 2.915178 3.894309
174.127725 2 3.999194 15.632125 2.915001 3.892882
174.227725 2 3.999192 15.731965 2.914824 3.891455
174.327725 2 3.999191 15.832443 2.914647 3.890028
174.427725 2 3.999189 15.933563 2.914470 3.888602
174.527725 2 3.999188 16.035328 2.914293 3.887175
174.627725 2 3.999186 16.137743 2.914116 3.885748
174.727725 2 3.999185 16.240812 2.913939 3.884322
174.827725 2 3.999183 16.344539 2.913762 3.882895
174.927725 2 3.999182 16.448928 2.913585 3.881468
175.027725 2 3.999180 16.553985 2.913408 3.880041
175.127725 2 3.999179 16.659712 2.913231 3.878615
175.227725 2 3.999177 16.766114 2.913054 3.877188
175.327725 2 3.999176 16.873196 2.912877 3.875761
175.427725 2 3.999174 16.980961 2.912700 3.874334
175.527725 2 3.999173 17.089415 2.912523 3.872908
175.627725 2 3.999171 17.198561 2.912346 3.871481
175.727725 2 3.999170 17.308404 2.912169 3.870054
175.827725 2 3.999168 17.418949 2.911992 3.868627
175.927725 2 3.999166 17.530199 2.911814 3.867201
176.027725 2 3.999165 17.642160 2.911637 3.865774
176.127725 2 3.999163 17.754836 2.911460 3.864347
176.227725 2 3.999162 17.868232 2.911283 3.862921
176.327725 2 3.999160 17.982351 2.911106 3.861494
176.427725 2 3.999158 18.097200 2.910929 3.860067
176.527725 2 3.999157 18.212781 2.910752 3.858640
176.627725 2 3.999155 18.329101 2.910575 3.857214
176.727725 2 3.999153 18.446164 2.910398 3.855787
176.827725 2 3.999152 18.563974 2.910221 3.854360
176.927725 2 3.999150 18.682536 2.910043 3.852934
177.027725 2 3.999148 18.801855 2.909866 3.851507
177.127725 2 3.999147 18.921937 2.909689 3.850080
177.227725 2 3.999145 19.042785 2.909512 3.848653
177.327725 2 3.999143 19.164405 2.909335 3.847227
177.427725 2 3.999141 19.286801 2.909158 3.845800
177.527725 2 3.999140 19.409979 2.908981 3.844373
177.627725 2 3.999138 19.533944 2.908804 3.842946
177.727725 2 3.999136 19.658700 2.908626 3.841520
177.827725 2 3.999134 19.784253 2.908449 3.840093
177.927725 2 3.999132 19.910607 2.908272 3.838666
178.027725 2 3.999131 20.037769 2.908095 3.837240
178.127725 2 3.999129 20.165742 2.907918 3.835813
178.227725 2 3.999127 20.294533 2.907741 3.834386
178.327725 2 3.999125 20.424145 2.907563 3.832959
178.427725 2 3.999123 20.554586 2.907386 3.831533
178.527725 2 3.999121 20.685859 2.907209 3.830106
178.627725 2 3.999120 20.817971 2.907032 3.828679
178.727725 2 3.999118 20.950926 2.906855 3.827253
178.827725 2 3.999116 21.084730 2.906677 3.825826
178.927725 2 3.999114 21.219389 2.906500 3.824399
179.027725 2 3.999112 21.354907 2.906323 3.822972
179.127725 2 3.999110 21.491291 2.906146 3.821546
179.227725 2 3.999108 21.628546 2.905969 3.820119
179.327725 2 3.999106 21.766677 2.905791 3.818692
179.427725 2 3.999104 21.905690 2.905614 3.817266
179.527725 2 3.999102 22.045590 2.905437 3.815839
179.627725 2 3.999100 22.186384 2.905260 3.814412
179.727725 2 3.999098 22.328077 2.905082 3.812986
179.827725 2 3.999096 22.470675 2.904905 3.811559
179.927725 2 3.999094 22.614183 2.904728 3.810132
180.027725 2 3.999092 22.758607 2.904551 3.808705
180.127725 2 3.999090 22.903954 2.904373 3.807279
180.227725 2 3.999088 23.050229 2.904196 3.805852
180.327725 2 3.999086 23.197437 2.904019 3.804425
180.427725 2 3.999084 23.345586 2.903842 3.802999
180.527725 2 3.999082 23.494680 2.903664 3.801572
180.627725 2 3.999080 23.644727 2.903487 3.800145
180.727725 2 3.999078 23.795732 2.903310 3.798718
180.827725 2 3.999075 23.947700 2.903132 3.797292
180.927725 2 3.999073 24.100639 2.902955 3.795865
181.027725 2 3.999071 24.254555 2.902778 3.794438
181.127725 2 3.999069 24.409453 2.902601 3.793012
181.227725 2 3.999067 24.565340 2.902423 3.791585
181.327725 2 3.999065 24.722223 2.902246 3.790158
181.427725 2 3.999062 24.880107 2.902069 3.788732
181.527725 2 3.999060 25.039000 2.901891 3.787305
181.627725 2 3.999058 25.198906 2.901714 3.785878
181.727725 2 3.999056 25.359834 2.901537 3.784452
181.827725 2 3.999053 25.521790 2.901359 3.783025
181.927725 2 3.999051 25.684779 2.901182 3.781598
182.027725 2 3.999049 25.848809 2.901005 3.780171
182.127725 2 3.999046 26.013886 2.900827 3.778745
182.227725 2 3.999044 26.180018 2.900650 3.777318
182.327725 2 3.999042 26.347210 2.900472 3.775891
182.427725 2 3.999039 26.515469 2.900295 3.774465
182.527725 2 3.999037 26.684803 2.900118 3.773038
182.627725 2 3.999035 26.855218 2.899940 3.771611
182.727725 2 3.999032 27.026720 2.899763 3.770185
182.827725 2 3.999030 27.199318 2.899586 3.768758
182.927725 2 3.999027 27.373018 2.899408 3.767331
183.027725 2 3.999025 27.547827 2.899231 3.765905
183.127725 2 3.999023 27.723752 2.899053 3.764478
183.227725 2 3.999020 27.900800 2.898876 3.763051
183.327725 2 3.999018 28.078978 2.898698 3.761625
183.427725 2 3.999015 28.258294 2.898521 3.760198
183.527725 2 3.999013 28.438755 2.898344 3.758771
183.627725 2 3.999010 28.620368 2.898166 3.757344
183.727725 2 3.999008 28.803140 2.897989 3.755918
183.827725 2 3.999005 28.987080 2.897811 3.754491
183.927725 2 3.999002 29.172193 2.897634 3.753064
184.027725 2 3.999000 29.358489 2.897456 3.751638
184.127725 2 3.998997 29.545974 2.897279 3.750211
184.227725 2 3.998995 29.734655 2.897101 3.748784
184.327725 2 3.998992 29.924542 2.896924 3.747358
184.427725 2 3.998989 30.115640 2.896746 3.745931
184.527725 2 3.998987 30.307959 2.896569 3.744504
184.627725 2 3.998984 30.501505 2.896391 3.743078
184.727725 2 3.998981 30.696287 2.896214 3.741651
184.827725 2 3.998979 30.892313 2.896036 3.740224
184.927725 2 3.998976 31.089590 2.895859 3.738798
185.027725 2 3.998973 31.288127 2.895681 3.737371
185.127725 2 3.998970 31.487930 2.895504 3.735944
185.227725 2 3.998968 31.689010 2.895326 3.734518
185.327725 2 3.998965 31.891373 2.895149 3.733091
185.427725 2 3.998962 32.095028 2.894971 3.731664
185.527725 2 3.998959 32.299983 2.894794 3.730238
185.627725 2 3.998956 32.506247 2.894616 3.728811
185.727725 2 3.998954 32.713827 2.894438 3.727384
185.827725 2 3.998951 32.922733 2.894261 3.725958
185.927725 2 3.998948 33.132972 2.894083 3.724531
186.027725 2 3.998945 33.344553 2.893906 3.723105
186.127725 2 3.998942 33.557485 2.893728 3.721678
186.227725 2 3.998939 33.771776 2.893550 3.720251
186.327725 2 3.998936 33.987435 2.893373 3.718825
186.427725 2 3.998933 34.204471 2.893195 3.717398
186.527725 2 3.998930 34.422892 2.893018 3.715971
186.627725 2 3.998927 34.642708 2.892840 3.714545
186.727725 2 3.998924 34.863927 2.892662 3.713118
186.827725 2 3.998921 35.086558 2.892485 3.711691
186.927725 2 3.998918 35.310610 2.892307 3.710265
187.027725 2 3.998915 35.536093 2.892129 3.708838
187.127725 2 3.998912 35.763014 2.891952 3.707411
187.227725 2 3.998909 35.991385 2.891774 3.705985
187.327725 2 3.998905 36.221213 2.891596 3.704558
187.427725 2 3.998902 36.452508 2.891419 3.703132
187.527725 2 3.998899 36.685280 2.891241 3.701705
187.627725 2 3.998896 36.919537 2.891063 3.700278
187.727725 2 3.998893 37.155290 2.890885 3.698852
187.827725 2 3.998889 37.392548 2.890708 3.697425
187.927725 2 3.998886 37.631320 2.890530 3.695998
188.027725 2 3.998883 37.871617 2.890352 3.694572
188.127725 2 3.998880 38.113447 2.890175 3.693145
188.227725 2 3.998876 38.356821 2.889997 3.691718
188.327725 2 3.998873 38.601748 2.889819 3.690292
188.427725 2 3.998869 38.848239 2.889641 3.688865
188.527725 2 3.998866 39.096303 2.889463 3.687439
188.627725 2 3.998863 39.345950 2.889286 3.686012
188.727725 2 3.998859 39.597191 2.889108 3.684585
188.827725 2 3.998856 39.850036 2.888930 3.683159
188.927725 2 3.998852 40.104494 2.888752 3.681732
189.027725 2 3.998849 40.360577 2.888574 3.680305
189.127725 2 3.998845 40.618294 2.888397 3.678879
189.227725 2 3.998842 40.877656 2.888219 3.677452
189.327725 2 3.998838 41.138674 2.888041 3.676026
189.427725 2 3.998835 41.401358 2.887863 3.674599
189.527725 2 3.998831 41.665718 2.887685 3.673172
189.627725 2 3.998828 41.931765 2.887507 3.671746
189.727725 2 3.998824 42.199511 2.887330 3.670319
189.827725 2 3.998820 42.468966 2.887152 3.668893
189.927725 2 3.998817 42.740140 2.886974 3.667466
190.027725 2 3.998813 43.013045 2.886796 3.666039
190.127725 2 3.998809 43.287692 2.886618 3.664613
190.227725 2 3.998805 43.564092 2.886440 3.663186
190.327725 2 3.998802 43.842256 2.886262 3.661760
190.427725 2 3.998798 44.122195 2.886084 3.660333
190.527725 2 3.998794 44.403921 2.885906 3.658906
190.627725 2 3.998790 44.687446 2.885728 3.657480
190.727725 2 3.998786 44.972779 2.885550 3.656053
190.827725 2 3.998783 45.259934 2.885372 3.654627
190.927725 2 3.998779 45.548921 2.885194 3.653200
191.027725 2 3.998775 45.839753 2.885016 3.651774
191.127725 2 3.998771 46.132441 2.884838 3.650347
191.227725 2 3.998767 46.426997 2.884660 3.648920
191.327725 2 3.998763 46.723432 2.884482 3.647494
191.427725 2 3.998759 47.021760 2.884304 3.646067
191.527725 2 3.998755 47.272832 2.884155 3.644874
191.627725 2 3.998750 47.651956 2.883932 3.643083
191.727725 3 3.998745 48.034119 2.883708 3.641293
191.827725 3 3.998742 48.171300 2.885481 3.641117
191.927725 3 3.998738 48.309358 2.887259 3.640940
192.027725 3 3.998728 48.735649 2.892715 3.640396
192.127725 3 3.998717 49.166025 2.898171 3.639851
192.227725 3 3.998706 49.600527 2.903627 3.639304
192.327725 3 3.998695 50.039199 2.909083 3.638756
192.427725 3 3.998684 50.482084 2.914539 3.638207
192.527725 3 3.998673 50.929224 2.919995 3.637656
192.627725 3 3.998661 51.380664 2.925451 3.637103
192.727725 3 3.998650 51.836449 2.930907 3.636550
192.827725 3 3.998638 52.296624 2.936363 3.635994
192.927725 3 3.998627 52.761234 2.941819 3.635438
193.027725 3 3.998615 53.230325 2.947275 3.634880
193.127725 3 3.998603 53.703943 2.952731 3.634320
193.227725 3 3.998591 54.182137 2.958187 3.633759
193.327725 3 3.998578 54.664952 2.963643 3.633197
193.427725 3 3.998566 55.152438 2.969099 3.632633
193.527725 3 3.998553 55.644643 2.974555 3.632068
193.627725 3 3.998541 56.141615 2.980011 3.631501
193.727725 3 3.998528 56.643406 2.985467 3.630933
193.827725 3 3.998515 57.150064 2.990923 3.630363
193.927725 3 3.998501 57.661641 2.996379 3.629792
194.027725 3 3.998488 58.178188 3.001835 3.629219
194.127725 3 3.998475 58.699757 3.007291 3.628645
194.227725 3 3.998461 59.226400 3.012747 3.628070
194.327725 3 3.998447 59.758171 3.018203 3.627493
194.427725 3 3.998433 60.295123 3.023659 3.626914
194.527725 3 3.998419 60.837310 3.029115 3.626334
194.627725 3 3.998405 61.384787 3.034571 3.625753
194.727725 3 3.998391 61.937610 3.040027 3.625170
194.827725 3 3.998376 62.495834 3.045483 3.624586
194.927725 3 3.998361 63.059517 3.050939 3.624000
195.027725 3 3.998346 63.628716 3.056395 3.623413
195.127725 3 3.998331 64.203488 3.061851 3.622824
195.227725 3 3.998316 64.783892 3.067307 3.622234
195.327725 3 3.998300 65.369987 3.072763 3.621642
195.427725 3 3.998285 65.961834 3.078219 3.621049
195.527725 3 3.998269 66.559492 3.083675 3.620454
195.627725 3 3.998253 67.163024 3.089131 3.619858
195.727725 3 3.998237 67.772490 3.094587 3.619261
195.827725 3 3.998220 68.387954 3.100043 3.618662
195.927725 3 3.998204 69.009479 3.105499 3.618061
196.027725 3 3.998187 69.637128 3.110955 3.617459
196.127725 3 3.998170 70.270967 3.116411 3.616855
196.227725 3 3.998153 70.911061 3.121867 3.616250
196.327725 3 3.998136 71.557475 3.127323 3.615644
196.427725 3 3.998118 72.210278 3.132779 3.615036
196.527725 3 3.998100 72.869537 3.138235 3.614426
196.627725 3 3.998082 73.535319 3.143691 3.613815
196.727725 3 3.998064 74.207694 3.149147 3.613203
196.827725 3 3.998046 74.886733 3.154603 3.612589
196.927725 3 3.998027 75.572505 3.160059 3.611973
197.027725 4 3.998024 75.678280 3.160896 3.611879
197.127725 4 3.998005 75.662215 3.160768 3.611893
197.227725 4 3.998004 75.660967 3.160758 3.611894
197.327725 4 3.997460 75.212469 3.157161 3.612286
197.427725 4 3.996925 74.781637 3.153684 3.612664
197.527725 4 3.996397 74.367932 3.150323 3.613028
197.627725 4 3.995875 73.970832 3.147077 3.613380
197.727725 4 3.995361 73.589833 3.143945 3.613718
197.925928 4 3.994343 72.874259 3.138010 3.614356
198.124131 4 3.993350 72.217446 3.132504 3.614945
198.322334 4 3.992377 71.615921 3.127409 3.615488
198.520537 4 3.991424 71.066419 3.122710 3.615986
198.718741 4 3.990487 70.565865 3.118391 3.616441
198.916944 4 3.989567 70.111351 3.114435 3.616855
199.115147 4 3.988660 69.700124 3.110828 3.617231
199.313350 4 3.987766 69.329565 3.107552 3.617569
199.511553 4 3.986883 68.997178 3.104592 3.617873
199.709756 4 3.986010 68.700574 3.101932 3.618143
199.907959 4 3.985146 68.437461 3.099555 3.618382
200.106162 4 3.984290 68.205631 3.097447 3.618592
200.304365 4 3.983441 68.002952 3.095590 3.618774
200.502568 4 3.982598 67.827356 3.093969 3.618930
200.700771 4 3.981759 67.676831 3.092567 3.619062
200.898975 4 3.980926 67.549415 3.091370 3.619172
201.097178 4 3.980095 67.443184 3.090360 3.619262
201.295381 4 3.979268 67.356253 3.089522 3.619332
201.493584 4 3.978444 67.286762 3.088840 3.619386
201.691787 4 3.977621 67.232877 3.088297 3.619424
201.889990 4 3.976800 67.192780 3.087878 3.619449
202.088193 4 3.975980 67.164670 3.087567 3.619462
202.286396 4 3.975161 67.146755 3.087347 3.619465
202.484599 4 3.974342 67.137250 3.087203 3.619460
202.682802 4 3.973523 67.134374 3.087119 3.619448
202.881005 4 3.972705 67.136352 3.087079 3.619431
203.079209 4 3.971886 67.141407 3.087066 3.619412
203.179209 4 3.971477 67.144533 3.087065 3.619402
203.279209 4 3.971272 67.022471 3.095552 3.621918
203.379209 4 3.971220 66.650898 3.101881 3.624708
203.479209 4 3.971167 66.282755 3.105605 3.626842
203.579209 4 3.971115 65.918002 3.108452 3.628751
203.679209 4 3.971062 65.556603 3.110820 3.630537
203.779209 4 3.971009 65.198521 3.112878 3.632241
203.879209 4 3.970956 64.843721 3.114716 3.633886
203.979209 4 3.970904 64.492168 3.116387 3.635484
204.079209 4 3.970851 64.143827 3.117926 3.637045
204.179209 4 3.970799 63.798665 3.119357 3.638574
204.279209 4 3.970746 63.456648 3.120700 3.640077
204.379209 4 3.970694 63.117743 3.121966 3.641556
204.479209 4 3.970642 62.781917 3.123167 3.643015
204.579209 4 3.970590 62.449138 3.124311 3.644455
204.679209 4 3.970538 62.119373 3.125404 3.645878
204.779209 4 3.970486 61.792592 3.126453 3.647286
204.879209 4 3.970435 61.468763 3.127461 3.648679
204.979209 4 3.970383 61.147856 3.128433 3.650058
205.079209 4 3.970332 60.829840 3.129372 3.651425
205.179209 4 3.970281 60.514685 3.130280 3.652780
205.279209 4 3.970230 60.202362 3.131161 3.654124
205.379209 4 3.970179 59.892841 3.132016 3.655457
205.479209 4 3.970128 59.586093 3.132847 3.656780
205.579209 4 3.970078 59.282090 3.133657 3.658093
205.679209 4 3.970027 58.980804 3.134446 3.659397
205.779209 4 3.969977 58.682206 3.135215 3.660691
205.879209 4 3.969927 58.386270 3.135967 3.661977
205.979209 4 3.969877 58.092967 3.136701 3.663254
206.079209 4 3.969778 57.514158 3.138123 3.665784
206.179209 4 3.969679 56.945565 3.139489 3.668283
206.279209 4 3.969581 56.386983 3.140802 3.670752
206.379209 4 3.969484 55.838211 3.142070 3.673192
206.479209 4 3.969387 55.299051 3.143295 3.675605
206.579209 4 3.969291 54.769312 3.144481 3.677992
206.679209 4 3.969196 54.248805 3.145631 3.680353
206.779209 4 3.969101 53.737348 3.146749 3.682690
206.879209 4 3.969007 53.234762 3.147836 3.685002
206.979209 4 3.968914 52.740871 3.148895 3.687291
207.079209 4 3.968821 52.255505 3.149927 3.689556
207.179209 4 3.968729 51.778498 3.150934 3.691799
207.279209 4 3.968637 51.309685 3.151918 3.694020
207.379209 4 3.968547 50.848907 3.152880 3.696220
207.479209 4 3.968456 50.396010 3.153822 3.698398
207.579209 4 3.968367 49.950840 3.154744 3.700555
207.679209 4 3.968278 49.513249 3.155647 3.702692
207.779209 4 3.968189 49.083091 3.156533 3.704808
207.879209 4 3.968101 48.660226 3.157402 3.706904
207.979209 4 3.968014 48.244512 3.158256 3.708981
208.079209 4 3.967927 47.835816 3.159094 3.711038
208.179209 4 3.967841 47.434004 3.159918 3.713075
208.279209 4 3.967755 47.038946 3.160729 3.715094
208.379209 4 3.967670 46.650516 3.161526 3.717094
208.479209 4 3.967586 46.268589 3.162310 3.719075
208.579209 4 3.967502 45.893045 3.163083 3.721038
208.679209 4 3.967418 45.523764 3.163844 3.722982
208.779209 4 3.967336 45.160631 3.164594 3.724909
208.879209 4 3.967253 44.803531 3.165333 3.726818
208.979209 4 3.967171 44.452355 3.166061 3.728708
209.079209 4 3.967090 44.106993 3.166780 3.730582
209.179209 4 3.967009 43.767339 3.167489 3.732438
209.279209 4 3.966929 43.433290 3.168189 3.734276
209.379209 4 3.966849 43.104744 3.168880 3.736098
209.479209 4 3.966769 42.781601 3.169562 3.737903
209.579209 4 3.966690 42.463763 3.170236 3.739690
209.679209 4 3.966612 42.151137 3.170902 3.741461
209.779209 4 3.966534 41.843627 3.171560 3.743216
209.879209 4 3.966456 41.541145 3.172211 3.744954
209.979209 4 3.966379 41.243599 3.172854 3.746676
210.079209 4 3.966302 40.950903 3.173489 3.748381
210.179209 4 3.966226 40.662971 3.174118 3.750071
210.279209 4 3.966150 40.379719 3.174741 3.751744
210.379209 4 3.966075 40.101066 3.175356 3.753402
210.479209 4 3.966000 39.826932 3.175966 3.755044
210.579209 4 3.965925 39.557237 3.176569 3.756670
210.679209 4 3.965851 39.291904 3.177166 3.758280
210.779209 4 3.965777 39.030860 3.177757 3.759876
210.879209 4 3.965704 38.774029 3.178342 3.761456
210.979209 4 3.965631 38.521339 3.178922 3.763020
211.079209 4 3.965558 38.272720 3.179497 3.764570
211.179209 4 3.965486 38.028103 3.180066 3.766105
211.279209 4 3.965414 37.787419 3.180630 3.767624
211.379209 4 3.965342 37.550602 3.181189 3.769129
211.479209 4 3.965271 37.317588 3.181743 3.770619
211.579209 4 3.965200 37.088312 3.182292 3.772095
211.679209 4 3.965129 36.862711 3.182836 3.773556
211.779209 4 3.965059 36.640725 3.183376 3.775003
211.879209 4 3.964989 36.422293 3.183911 3.776435
211.979209 4 3.964920 36.207357 3.184442 3.777853
212.079209 4 3.964851 35.995860 3.184969 3.779256
212.179209 4 3.964782 35.787743 3.185491 3.780646
212.279209 4 3.964713 35.582954 3.186009 3.782022
212.379209 4 3.964645 35.381436 3.186524 3.783384
212.479209 4 3.964577 35.183136 3.187034 3.784732
212.579209 4 3.964509 34.988004 3.187540 3.786066
212.679209 4 3.964442 34.795987 3.188043 3.787387
212.779209 4 3.964375 34.607036 3.188542 3.788694
212.879209 4 3.964308 34.421101 3.189037 3.789987
212.979209 4 3.964242 34.238135 3.189529 3.791268
213.079209 4 3.964176 34.058089 3.190017 3.792535
213.179209 4 3.964110 33.880918 3.190502 3.793788
213.279209 4 3.964044 33.706577 3.190983 3.795029
213.379209 4 3.963979 33.535020 3.191461 3.796256
213.479209 4 3.963913 33.366204 3.191936 3.797471
213.579209 4 3.963784 33.036624 3.192875 3.799862
213.679209 4 3.963655 32.717505 3.193803 3.802201
213.779209 4 3.963527 32.408526 3.194719 3.804491
213.879209 4 3.963400 32.109377 3.195623 3.806730
213.979209 4 3.963274 31.819763 3.196516 3.808921
214.079209 4 3.963149 31.539395 3.197398 3.811063
214.179209 4 3.963025 31.267999 3.198269 3.813158
214.279209 4 3.962901 31.005308 3.199131 3.815205
214.379209 4 3.962779 30.751066 3.199983 3.817206
214.479209 4 3.962657 30.505025 3.200825 3.819161
214.579209 4 3.962536 30.266948 3.201658 3.821071
214.679209 4 3.962415 30.036603 3.202482 3.822936
214.779209 4 3.962296 29.813768 3.203297 3.824756
214.879209 4 3.962177 29.598230 3.204103 3.826534
214.979209 4 3.962058 29.389781 3.204902 3.828268
215.079209 4 3.961940 29.188220 3.205692 3.829960
215.179209 4 3.961823 28.993354 3.206475 3.831610
215.279209 4 3.961706 28.804996 3.207250 3.833219
215.379209 4 3.961590 28.622965 3.208018 3.834788
215.479209 4 3.961475 28.447086 3.208778 3.836316
215.579209 4 3.961360 28.277190 3.209531 3.837805
215.679209 4 3.961245 28.113113 3.210278 3.839255
215.779209 4 3.961131 27.954695 3.211017 3.840667
215.879209 4 3.961017 27.801784 3.211750 3.842042
215.979209 4 3.960904 27.654229 3.212477 3.843379
216.079209 4 3.960791 27.511886 3.213197 3.844680
216.179209 4 3.960566 27.242279 3.214620 3.847174
216.279209 4 3.960343 26.991889 3.216019 3.849529
216.379209 4 3.960120 26.759704 3.217396 3.851749
216.479209 4 3.959899 26.544766 3.218751 3.853839
216.579209 4 3.959680 26.346168 3.220086 3.855803
216.679209 4 3.959461 26.163048 3.221401 3.857647
216.779209 4 3.959243 25.994590 3.222697 3.859373
216.879209 4 3.959025 25.840011 3.223975 3.860988
216.979209 4 3.958809 25.698568 3.225235 3.862495
217.177412 4 3.958376 25.452259 3.227704 3.865203
217.375615 4 3.957946 25.250282 3.230110 3.867535
217.573818 4 3.957516 25.087629 3.232457 3.869525
217.772021 4 3.957087 24.959588 3.234749 3.871209
217.970224 4 3.956658 24.861685 3.236988 3.872622
218.168427 4 3.956228 24.789624 3.239178 3.873800
218.366630 4 3.955797 24.739246 3.241322 3.874778
218.564833 4 3.955365 24.706483 3.243422 3.875591
218.763036 4 3.954931 24.687334 3.245481 3.876274
218.961239 4 3.954496 24.677836 3.247500 3.876862
219.159443 4 3.954058 24.674043 3.249482 3.877391
219.357646 4 3.953619 24.672236 3.251428 3.877893
219.555849 4 3.953178 24.672699 3.253340 3.878367
219.754052 4 3.952734 24.679247 3.255220 3.878780
219.952255 4 3.952289 24.695826 3.257069 3.879096
220.150458 4 3.951841 24.726406 3.258888 3.879282
220.348661 4 3.951391 24.774992 3.260679 3.879303
220.546864 4 3.950938 24.845662 3.262442 3.879126
220.745067 4 3.950482 24.942590 3.264179 3.878715
220.943270 4 3.950022 25.070088 3.265891 3.878035
221.141473 4 3.949558 25.232658 3.267579 3.877054
221.339677 4 3.949089 25.435041 3.269243 3.875735
221.537880 4 3.948614 25.682287 3.270885 3.874045
221.637880 4 3.948374 25.824411 3.271698 3.873050
221.737880 4 3.948132 25.979823 3.272506 3.871949
221.837880 4 3.947887 26.149277 3.273308 3.870738
221.937880 4 3.947641 26.333562 3.274105 3.869412
222.037880 4 3.947392 26.533507 3.274897 3.867967
222.137880 4 3.947142 26.749986 3.275684 3.866400
222.237880 4 3.946888 26.983918 3.276466 3.864705
222.337880 4 3.946632 27.236275 3.277243 3.862878
222.437880 4 3.946373 27.508086 3.278016 3.860914
222.537880 4 3.946242 27.651624 3.278400 3.859880
222.637880 4 3.946110 27.800440 3.278784 3.858811
222.737880 4 3.945978 27.954681 3.279166 3.857705
222.837880 4 3.945844 28.114500 3.279547 3.856562
222.937880 4 3.945710 28.280052 3.279927 3.855382
223.037880 4 3.945574 28.451500 3.280306 3.854164
223.137880 4 3.945438 28.629011 3.280684 3.852908
223.237880 4 3.945301 28.812758 3.281060 3.851613
223.337880 4 3.945163 29.002919 3.281436 3.850279
223.437880 4 3.945023 29.199678 3.281810 3.848904
223.537880 4 3.944883 29.403227 3.282184 3.847489
223.637880 4 3.944741 29.613763 3.282556 3.846033
223.737880 4 3.944599 29.831491 3.282927 3.844535
223.837880 4 3.944455 30.056622 3.283297 3.842995
223.937880 4 3.944310 30.289377 3.283667 3.841412
224.037880 4 3.944164 30.529981 3.284035 3.839786
224.137880 4 3.944016 30.778671 3.284402 3.838116
224.237880 4 3.943867 31.035691 3.284768 3.836402
224.337880 4 3.943717 31.301294 3.285133 3.834643
224.437880 4 3.943566 31.575743 3.285497 3.832838
224.537880 4 3.943412 31.859311 3.285860 3.830987
224.637880 4 3.943258 32.152280 3.286222 3.829090
224.737880 4 3.943102 32.454945 3.286583 3.827146
224.837880 4 3.942944 32.767611 3.286943 3.825154
224.937880 4 3.942784 33.090594 3.287302 3.823114
225.037880 4 3.942704 33.256056 3.287481 3.822076
225.137880 4 3.942623 33.424222 3.287660 3.821025
225.237880 4 3.942541 33.595135 3.287839 3.819962
225.337880 4 3.942459 33.768840 3.288018 3.818887
225.437880 4 3.942377 33.945380 3.288196 3.817799
225.537880 4 3.942294 34.124803 3.288374 3.816699
225.637880 4 3.942211 34.307154 3.288552 3.815586
225.737880 4 3.942127 34.492482 3.288729 3.814461
225.837880 4 3.942043 34.680835 3.288906 3.813322
225.937880 4 3.941958 34.872262 3.289084 3.812171
226.037880 4 3.941873 35.066815 3.289260 3.811007
226.137880 4 3.941787 35.264544 3.289437 3.809831
226.237880 4 3.941700 35.465503 3.289613 3.808641
226.337880 4 3.941614 35.669745 3.289789 3.807438
226.437880 4 3.941526 35.877325 3.289965 3.806222
226.537880 4 3.941438 36.088299 3.290141 3.804993
226.637880 4 3.941350 36.302724 3.290317 3.803750
226.737880 4 3.941261 36.520659 3.290492 3.802494
226.837880 4 3.941171 36.742162 3.290667 3.801225
226.937880 4 3.941081 36.967295 3.290842 3.799942
227.037880 4 3.940990 37.196119 3.291016 3.798646
227.137880 4 3.940899 37.428698 3.291190 3.797336
227.237880 4 3.940807 37.665096 3.291365 3.796012
227.337880 4 3.940714 37.905380 3.291538 3.794675
227.437880 4 3.940621 38.149617 3.291712 3.793324
227.537880 4 3.940527 38.397874 3.291886 3.791958
227.637880 4 3.940432 38.650224 3.292059 3.790579
227.737880 4 3.940337 38.906736 3.292232 3.789186
227.837880 4 3.940241 39.167486 3.292405 3.787779
227.937880 4 3.940145 39.432546 3.292577 3.786357
228.037880 4 3.940047 39.701995 3.292749 3.784922
228.137880 4 3.939949 39.975909 3.292922 3.783472
228.237880 4 3.939851 40.254369 3.293094 3.782007
228.337880 4 3.939751 40.537455 3.293265 3.780529
228.437880 4 3.939651 40.825252 3.293437 3.779035
228.537880 4 3.939550 41.117845 3.293608 3.777527
228.637880 4 3.939449 41.415319 3.293779 3.776005
228.737880 4 3.939346 41.717765 3.293950 3.774468
228.837880 4 3.939243 42.025272 3.294121 3.772915
228.937880 4 3.939139 42.337933 3.294291 3.771348
229.037880 4 3.939034 42.655844 3.294461 3.769767
229.137880 4 3.938928 42.979101 3.294631 3.768170
229.237880 4 3.938822 43.307804 3.294801 3.766558
229.337880 4 3.938714 43.642053 3.294971 3.764931
229.437880 4 3.938606 43.981952 3.295140 3.763288
229.537880 4 3.938497 44.327607 3.295309 3.761631
229.637880 4 3.938387 44.679126 3.295478 3.759958
229.737880 4 3.938276 45.036620 3.295647 3.758269
229.837880 4 3.938164 45.400202 3.295815 3.756566
229.937880 4 3.938051 45.769988 3.295984 3.754846
230.037880 4 3.937937 46.146096 3.296152 3.753111
230.137880 4 3.937822 46.528647 3.296320 3.751360
230.237880 4 3.937706 46.917766 3.296488 3.749594
230.337880 4 3.937590 47.313579 3.296655 3.747811
230.437880 4 3.937472 47.716216 3.296823 3.746013
230.537880 4 3.937353 48.125809 3.296990 3.744199
230.637880 4 3.937233 48.542494 3.297157 3.742369
230.737880 4 3.937112 48.966410 3.297323 3.740522
230.837880 4 3.936989 49.397699 3.297490 3.738660
230.937880 4 3.936866 49.836506 3.297656 3.736781
231.037880 4 3.936742 50.282982 3.297822 3.734886
231.137880 4 3.936616 50.737277 3.297988 3.732974
231.237880 4 3.936489 51.199548 3.298154 3.731046
231.337880 4 3.936361 51.669954 3.298320 3.729101
231.437880 4 3.936232 52.148659 3.298485 3.727140
231.537880 4 3.936101 52.635831 3.298650 3.725162
231.637880 4 3.935969 53.131641 3.298815 3.723168
231.737880 4 3.935836 53.636264 3.298980 3.721156
231.837880 4 3.935702 54.149880 3.299145 3.719128
231.937880 4 3.935566 54.672672 3.299309 3.717083
232.037880 4 3.935429 55.204831 3.299473 3.715020
232.137880 4 3.935291 55.746548 3.299637 3.712941
232.237880 4 3.935151 56.298021 3.299801 3.710844
232.337880 4 3.935009 56.859454 3.299965 3.708730
232.437880 4 3.934938 57.143969 3.300047 3.707667
232.537880 4 3.934866 57.431052 3.300128 3.706599
232.637880 4 3.934794 57.720730 3.300210 3.705527
232.737880 4 3.934721 58.013030 3.300292 3.704451
232.837880 4 3.934648 58.307979 3.300373 3.703370
232.937880 4 3.934575 58.605606 3.300455 3.702285
233.037880 4 3.934501 58.905937 3.300536 3.701195
233.137880 4 3.934427 59.209001 3.300618 3.700101
233.237880 4 3.934353 59.514828 3.300699 3.699003
233.337880 4 3.934278 59.823446 3.300780 3.697900
233.437880 4 3.934202 60.134886 3.300862 3.696793
233.537880 4 3.934127 60.449175 3.300943 3.695681
233.637880 4 3.934051 60.766346 3.301024 3.694565
233.737880 4 3.933974 61.086429 3.301105 3.693445
233.837880 4 3.933897 61.409454 3.301186 3.692320
233.937880 4 3.933820 61.735453 3.301267 3.691190
234.037880 4 3.933742 62.064458 3.301348 3.690056
234.137880 4 3.933664 62.396500 3.301429 3.688918
234.237880 4 3.933585 62.731614 3.301510 3.687775
234.337880 4 3.933506 63.069830 3.301591 3.686628
234.437880 4 3.933426 63.411184 3.301672 3.685476
234.537880 4 3.933346 63.755708 3.301753 3.684319
234.637880 4 3.933266 64.103437 3.301834 3.683158
234.737880 4 3.933185 64.454406 3.301914 3.681993
234.837880 4 3.933104 64.808649 3.301995 3.680823
234.937880 4 3.933022 65.166202 3.302075 3.679648
235.037880 4 3.932940 65.527102 3.302156 3.678469
235.137880 4 3.932857 65.891385 3.302237 3.677285
235.237880 4 3.932774 66.259087 3.302317 3.676097
235.337880 4 3.932690 66.630246 3.302397 3.674904
235.437880 4 3.932606 67.004900 3.302478 3.673707
235.537880 4 3.932521 67.383088 3.302558 3.672505
235.637880 4 3.932436 67.764848 3.302638 3.671298
235.737880 4 3.932350 68.150219 3.302719 3.670087
235.837880 4 3.932264 68.539241 3.302799 3.668871
235.937880 4 3.932177 68.931955 3.302879 3.667650
236.037880 4 3.932090 69.328402 3.302959 3.666425
236.137880 4 3.932002 69.728623 3.303039 3.665195
236.237880 4 3.931914 70.132660 3.303119 3.663960
236.337880 4 3.931825 70.540555 3.303199 3.662721
236.437880 4 3.931736 70.952352 3.303279 3.661477
236.537880 4 3.931646 71.368094 3.303359 3.660228
236.637880 4 3.931555 71.787826 3.303439 3.658975
236.737880 4 3.931464 72.211591 3.303519 3.657717
236.837880 4 3.931373 72.639436 3.303598 3.656454
236.937880 4 3.931281 73.071407 3.303678 3.655186
237.037880 4 3.931188 73.507549 3.303758 3.653914
237.137880 4 3.931095 73.947910 3.303837 3.652637
237.237880 4 3.931001 74.392538 3.303917 3.651355
237.337880 4 3.930907 74.841481 3.303996 3.650068
237.437880 4 3.930812 75.294789 3.304076 3.648777
237.537880 4 3.930716 75.752510 3.304155 3.647481
237.637880 4 3.930620 76.214696 3.304235 3.646180
237.737880 4 3.930523 76.681397 3.304314 3.644874
237.837880 4 3.930426 77.152664 3.304393 3.643563
237.937880 4 3.930328 77.628551 3.304473 3.642248
238.037880 4 3.930229 78.109110 3.304552 3.640928
238.137880 4 3.930130 78.594396 3.304631 3.639603
238.237880 4 3.930030 79.084461 3.304710 3.638273
238.337880 4 3.929931 79.569962 3.304788 3.636963
238.437880 4 3.929838 80.029393 3.304861 3.635731
238.537880 4 3.929750 80.463906 3.304929 3.634572
238.637880 4 3.929668 80.874633 3.304993 3.633483
238.737880 4 3.929512 81.653645 3.305112 3.631431
238.837880 4 3.929374 82.344939 3.305217 3.629626
238.937880 4 3.929252 82.957331 3.305308 3.628040
239.037880 4 3.929145 83.499003 3.305388 3.626647
239.137880 4 3.929050 83.977482 3.305458 3.625424
239.237880 4 3.928967 84.399645 3.305519 3.624350
239.337880 4 3.928821 85.146368 3.305626 3.622464
239.437880 4 3.928710 85.713125 3.305707 3.621044
239.537880 4 3.928626 86.142016 3.305767 3.619975
239.637880 4 3.928500 86.791568 3.305857 3.618366
