t Ka M R logL logTeff
0.683602 1 5.999996 2.939781 3.005228 4.278290
1.367227 1 5.999907 2.954056 3.007035 4.277690
2.050873 1 5.999817 2.968409 3.008883 4.277100
2.734541 1 5.999726 2.982845 3.010774 4.276519
3.418232 1 5.999635 2.997369 3.012706 4.275947
4.101946 1 5.999543 3.011988 3.014680 4.275384
4.785682 1 5.999451 3.026705 3.016697 4.274830
5.469441 1 5.999357 3.041526 3.018755 4.274283
6.153223 1 5.999263 3.056457 3.020854 4.273745
6.837029 1 5.999167 3.071504 3.022996 4.273214
7.520858 1 5.999071 3.086672 3.025180 4.272690
8.204712 1 5.998974 3.101967 3.027405 4.272173
8.888589 1 5.998875 3.117394 3.029673 4.271663
9.572491 1 5.998776 3.132961 3.031982 4.271159
10.256417 1 5.998676 3.148673 3.034333 4.270660
10.940368 1 5.998575 3.164536 3.036726 4.270167
11.624344 1 5.998472 3.180556 3.039160 4.269679
12.308346 1 5.998368 3.196741 3.041637 4.269196
12.992373 1 5.998263 3.213097 3.044155 4.268717
13.676426 1 5.998157 3.229630 3.046715 4.268243
14.360506 1 5.998050 3.246347 3.049317 4.267772
15.044612 1 5.997941 3.263256 3.051960 4.267305
15.728745 1 5.997831 3.280363 3.054646 4.266841
16.412905 1 5.997720 3.297676 3.057373 4.266380
17.097093 1 5.997607 3.315202 3.060141 4.265921
17.781309 1 5.997493 3.332949 3.062952 4.265464
18.465553 1 5.997377 3.350924 3.065804 4.265009
19.149826 1 5.997259 3.369136 3.068697 4.264556
19.834129 1 5.997140 3.387591 3.071633 4.264103
20.518460 1 5.997020 3.406300 3.074610 4.263652
21.202822 1 5.996897 3.425269 3.077629 4.263200
21.887214 1 5.996773 3.444509 3.080689 4.262749
22.571637 1 5.996647 3.464026 3.083791 4.262298
23.256091 1 5.996519 3.483832 3.086935 4.261846
23.940576 1 5.996389 3.503934 3.090120 4.261393
24.625094 1 5.996257 3.524343 3.093347 4.260938
25.309645 1 5.996124 3.545069 3.096615 4.260482
25.994229 1 5.995988 3.566122 3.099925 4.260024
26.678846 1 5.995849 3.587512 3.103276 4.259563
27.363498 1 5.995709 3.609251 3.106669 4.259099
28.048185 1 5.995566 3.631349 3.110103 4.258632
28.732907 1 5.995421 3.653819 3.113579 4.258162
29.417665 1 5.995274 3.676674 3.117096 4.257687
30.102460 1 5.995124 3.699926 3.120654 4.257208
30.787292 1 5.994972 3.723588 3.124254 4.256723
31.472161 1 5.994816 3.747676 3.127896 4.256233
32.157070 1 5.994659 3.772204 3.131578 4.255738
32.842017 1 5.994498 3.797189 3.135303 4.255235
33.527005 1 5.994334 3.822646 3.139068 4.254725
34.212033 1 5.994168 3.848595 3.142875 4.254208
34.897102 1 5.993998 3.875054 3.146722 4.253682
35.582213 1 5.993826 3.902045 3.150612 4.253147
36.267368 1 5.993650 3.929589 3.154542 4.252602
36.952566 1 5.993470 3.957710 3.158513 4.252047
37.637809 1 5.993288 3.986435 3.162526 4.251480
38.323097 1 5.993101 4.015790 3.166580 4.250900
39.008431 1 5.992911 4.045806 3.170675 4.250307
39.693813 1 5.992718 4.076516 3.174811 4.249699
40.379242 1 5.992520 4.107956 3.178988 4.249075
41.064721 1 5.992319 4.140164 3.183206 4.248433
41.750250 1 5.992113 4.173185 3.187465 4.247773
42.435830 1 5.991904 4.207064 3.191765 4.247092
43.121462 1 5.991690 4.241853 3.196105 4.246389
43.807148 1 5.991471 4.277608 3.200487 4.245662
44.492887 1 5.991248 4.314392 3.204910 4.244908
45.178683 1 5.991021 4.352274 3.209373 4.244126
45.864535 1 5.990788 4.391329 3.213877 4.243312
46.550444 1 5.990551 4.431640 3.218422 4.242464
47.236413 1 5.990308 4.473301 3.223007 4.241578
47.922442 1 5.990060 4.516413 3.227633 4.240652
48.608533 1 5.989807 4.561089 3.232300 4.239681
48.951610 1 5.989678 4.584052 3.234648 4.239178
49.294703 1 5.989547 4.607454 3.237006 4.238662
49.637812 1 5.989415 4.631312 3.239375 4.238132
49.980938 1 5.989282 4.655647 3.241754 4.237589
50.324081 1 5.989147 4.680477 3.244143 4.237031
50.667240 1 5.989010 4.705823 3.246542 4.236458
51.010416 1 5.988872 4.731707 3.248951 4.235869
51.353609 1 5.988733 4.758153 3.251370 4.235264
51.696820 1 5.988592 4.785184 3.253799 4.234641
52.040049 1 5.988449 4.812827 3.256238 4.234000
52.383295 1 5.988305 4.841108 3.258688 4.233340
52.726559 1 5.988159 4.870056 3.261147 4.232660
53.069841 1 5.988012 4.899701 3.263617 4.231960
53.413142 1 5.987863 4.930076 3.266096 4.231238
53.756461 1 5.987713 4.961214 3.268586 4.230493
54.099799 1 5.987560 4.993150 3.271086 4.229725
54.443156 1 5.987406 5.025922 3.273595 4.228932
54.786532 1 5.987251 5.059569 3.276115 4.228113
55.129927 1 5.987094 5.094134 3.278645 4.227267
55.473342 1 5.986935 5.129660 3.281185 4.226393
55.816777 1 5.986774 5.166195 3.283735 4.225489
56.160232 1 5.986611 5.203788 3.286295 4.224554
56.503708 1 5.986447 5.242491 3.288865 4.223588
56.847203 1 5.986281 5.282360 3.291445 4.222588
57.190720 1 5.986113 5.323454 3.294035 4.221553
57.534257 1 5.985944 5.365834 3.296635 4.220481
57.877816 1 5.985772 5.409567 3.299245 4.219370
58.221396 1 5.985599 5.454722 3.301865 4.218220
58.564998 1 5.985424 5.501373 3.304495 4.217029
58.908621 1 5.985247 5.549600 3.307135 4.215793
59.252267 1 5.985068 5.599484 3.309784 4.214513
59.595935 1 5.984887 5.651115 3.312444 4.213185
59.939625 1 5.984704 5.704587 3.315114 4.211807
60.283338 1 5.984520 5.760000 3.317794 4.210378
60.627075 1 5.984333 5.817458 3.320484 4.208895
60.798955 1 5.984239 5.846990 3.321833 4.208133
60.970840 1 5.984145 5.877077 3.323184 4.207356
61.142732 1 5.984050 5.907733 3.324537 4.206564
61.314629 1 5.983954 5.938975 3.325893 4.205758
61.486533 1 5.983858 5.970819 3.327252 4.204937
61.658442 1 5.983761 6.003282 3.328613 4.204099
61.830358 1 5.983664 6.036380 3.329976 4.203246
62.002280 1 5.983567 6.070133 3.331342 4.202377
62.174207 1 5.983469 6.104557 3.332711 4.201491
62.346141 1 5.983370 6.139674 3.334082 4.200588
62.518081 1 5.983271 6.175501 3.335455 4.199668
62.690027 1 5.983172 6.212060 3.336831 4.198731
62.861980 1 5.983072 6.249372 3.338210 4.197775
63.033938 1 5.982972 6.287459 3.339591 4.196801
63.205903 1 5.982871 6.326342 3.340974 4.195808
63.377874 1 5.982770 6.366046 3.342360 4.194796
63.549852 1 5.982668 6.406594 3.343749 4.193764
63.721836 1 5.982566 6.448011 3.345140 4.192713
63.893826 1 5.982463 6.490324 3.346533 4.191641
64.065823 1 5.982360 6.533558 3.347929 4.190548
64.237826 1 5.982256 6.577742 3.349328 4.189434
64.409836 1 5.982152 6.622904 3.350729 4.188298
64.581852 1 5.982048 6.669073 3.352132 4.187141
64.753874 1 5.981943 6.716281 3.353538 4.185961
64.925904 1 5.981837 6.764558 3.354946 4.184757
65.097939 1 5.981731 6.813939 3.356357 4.183531
65.269982 1 5.981625 6.864457 3.357771 4.182280
65.442031 1 5.981518 6.916147 3.359186 4.181005
65.614087 1 5.981411 6.969046 3.360605 4.179705
65.786149 1 5.981303 7.023193 3.362026 4.178380
65.958219 1 5.981195 7.078625 3.363449 4.177028
66.130295 1 5.981087 7.135386 3.364875 4.175651
66.302377 1 5.980978 7.193516 3.366303 4.174246
66.474467 1 5.980869 7.253061 3.367734 4.172813
66.646563 1 5.980759 7.314065 3.369168 4.171353
66.818667 1 5.980649 7.376576 3.370604 4.169864
66.990777 1 5.980538 7.440644 3.372042 4.168346
67.162894 1 5.980427 7.506320 3.373483 4.166798
67.335018 1 5.980315 7.573657 3.374926 4.165219
67.507149 1 5.980204 7.642711 3.376372 4.163610
67.679287 1 5.980091 7.713538 3.377821 4.161969
67.851432 1 5.979979 7.786201 3.379272 4.160296
68.195737 1 5.979753 7.720766 3.404319 4.168390
68.295737 1 5.979720 7.649483 3.410562 4.171965
68.395737 1 5.979705 7.611688 3.413511 4.173778
68.495737 1 5.979691 7.572415 3.416396 4.175622
68.595737 1 5.979677 7.532121 3.419206 4.177484
68.695737 1 5.979664 7.491216 3.421934 4.179348
68.795737 1 5.979652 7.450061 3.424572 4.181204
68.895737 1 5.979640 7.408970 3.427118 4.183041
68.995737 1 5.979629 7.368211 3.429567 4.184851
69.095737 1 5.979618 7.328014 3.431919 4.186627
69.195737 1 5.979608 7.288567 3.434172 4.188363
69.295737 1 5.979598 7.250025 3.436328 4.190053
69.395737 1 5.979589 7.212514 3.438386 4.191694
69.495737 1 5.979580 7.176131 3.440349 4.193283
69.595737 1 5.979563 7.104729 3.444115 4.196396
69.695737 1 5.979548 7.038836 3.447503 4.199266
69.795737 1 5.979534 6.978566 3.450538 4.201892
69.895737 1 5.979522 6.923830 3.453247 4.204279
69.995737 1 5.979511 6.874411 3.455659 4.206438
70.095737 1 5.979501 6.830008 3.457802 4.208380
70.195737 1 5.979493 6.790268 3.459701 4.210122
70.295737 1 5.979485 6.754821 3.461381 4.211679
70.395737 1 5.979472 6.691283 3.464363 4.214477
70.495737 1 5.979461 6.642381 3.466634 4.216637
70.595737 1 5.979454 6.605008 3.468357 4.218293
70.695737 1 5.979442 6.547841 3.470973 4.220835
70.795737 2 5.979429 6.489359 3.473627 4.223446
70.895737 2 5.979429 6.522245 3.473171 4.222235
70.995737 2 5.979428 6.555298 3.472716 4.221023
71.095737 2 5.979427 6.593777 3.472189 4.219621
71.195737 2 5.979426 6.632483 3.471661 4.218218
71.295737 2 5.979426 6.671415 3.471134 4.216815
71.395737 2 5.979425 6.710576 3.470606 4.215412
71.495737 2 5.979424 6.749967 3.470079 4.214009
71.595737 2 5.979423 6.789589 3.469551 4.212607
71.695737 2 5.979423 6.829444 3.469024 4.211204
71.795737 2 5.979422 6.869532 3.468497 4.209801
71.895737 2 5.979421 6.909856 3.467969 4.208398
71.995737 2 5.979420 6.950417 3.467442 4.206996
72.095737 2 5.979420 6.991215 3.466914 4.205593
72.195737 2 5.979419 7.032253 3.466387 4.204190
72.295737 2 5.979418 7.073533 3.465860 4.202787
72.395737 2 5.979417 7.115054 3.465332 4.201385
72.495737 2 5.979417 7.156819 3.464805 4.199982
72.595737 2 5.979416 7.198829 3.464277 4.198579
72.695737 2 5.979415 7.241086 3.463750 4.197176
72.795737 2 5.979415 7.283591 3.463223 4.195773
72.895737 2 5.979414 7.326345 3.462695 4.194371
72.995737 2 5.979413 7.369351 3.462168 4.192968
73.095737 2 5.979413 7.412608 3.461641 4.191565
73.195737 2 5.979412 7.456120 3.461113 4.190162
73.295737 2 5.979411 7.499887 3.460586 4.188760
73.395737 2 5.979410 7.543911 3.460058 4.187357
73.495737 2 5.979410 7.588194 3.459531 4.185954
73.595737 2 5.979409 7.632736 3.459004 4.184551
73.695737 2 5.979408 7.677540 3.458476 4.183149
73.795737 2 5.979408 7.722607 3.457949 4.181746
73.895737 2 5.979407 7.767938 3.457421 4.180343
73.995737 2 5.979406 7.813535 3.456894 4.178940
74.095737 2 5.979406 7.859401 3.456367 4.177538
74.195737 2 5.979405 7.905535 3.455839 4.176135
74.295737 2 5.979405 7.951940 3.455312 4.174732
74.395737 2 5.979404 7.998617 3.454785 4.173329
74.495737 2 5.979403 8.045569 3.454257 4.171926
74.595737 2 5.979403 8.092796 3.453730 4.170524
74.695737 2 5.979402 8.140300 3.453202 4.169121
74.795737 2 5.979401 8.188084 3.452675 4.167718
74.895737 2 5.979401 8.236147 3.452148 4.166315
74.995737 2 5.979400 8.284493 3.451620 4.164913
75.095737 2 5.979400 8.333123 3.451093 4.163510
75.195737 2 5.979399 8.382038 3.450566 4.162107
75.295737 2 5.979398 8.431240 3.450038 4.160704
75.395737 2 5.979398 8.480731 3.449511 4.159302
75.495737 2 5.979397 8.530512 3.448984 4.157899
75.595737 2 5.979397 8.580586 3.448456 4.156496
75.695737 2 5.979396 8.630953 3.447929 4.155093
75.795737 2 5.979395 8.681617 3.447401 4.153691
75.895737 2 5.979395 8.732577 3.446874 4.152288
75.995737 2 5.979394 8.783837 3.446347 4.150885
76.095737 2 5.979394 8.835398 3.445819 4.149482
76.195737 2 5.979393 8.887261 3.445292 4.148080
76.295737 2 5.979392 8.939429 3.444765 4.146677
76.395737 2 5.979392 8.991903 3.444237 4.145274
76.495737 2 5.979391 9.044685 3.443710 4.143871
76.595737 2 5.979391 9.097777 3.443183 4.142469
76.695737 2 5.979390 9.151180 3.442655 4.141066
76.795737 2 5.979390 9.204897 3.442128 4.139663
76.895737 2 5.979389 9.258929 3.441601 4.138260
76.995737 2 5.979389 9.313279 3.441073 4.136858
77.095737 2 5.979388 9.367947 3.440546 4.135455
77.195737 2 5.979388 9.422936 3.440019 4.134052
77.295737 2 5.979387 9.478249 3.439491 4.132649
77.395737 2 5.979386 9.533885 3.438964 4.131247
77.495737 2 5.979386 9.589849 3.438437 4.129844
77.595737 2 5.979385 9.646141 3.437909 4.128441
77.695737 2 5.979385 9.702763 3.437382 4.127038
77.795737 2 5.979384 9.759718 3.436854 4.125636
77.895737 2 5.979384 9.817007 3.436327 4.124233
77.995737 2 5.979383 9.874632 3.435800 4.122830
78.095737 2 5.979383 9.932595 3.435272 4.121427
78.195737 2 5.979382 9.990899 3.434745 4.120025
78.295737 2 5.979382 10.049545 3.434218 4.118622
78.395737 2 5.979381 10.108535 3.433690 4.117219
78.495737 2 5.979381 10.167872 3.433163 4.115816
78.595737 2 5.979380 10.227557 3.432636 4.114414
78.695737 2 5.979380 10.287592 3.432108 4.113011
78.795737 2 5.979379 10.347979 3.431581 4.111608
78.895737 2 5.979379 10.408721 3.431054 4.110205
78.995737 2 5.979378 10.469820 3.430526 4.108803
79.095737 2 5.979378 10.531277 3.429999 4.107400
79.195737 2 5.979377 10.593095 3.429472 4.105997
79.295737 2 5.979377 10.655276 3.428944 4.104594
79.395737 2 5.979376 10.717822 3.428417 4.103192
79.495737 2 5.979376 10.780735 3.427890 4.101789
79.595737 2 5.979376 10.844017 3.427362 4.100386
79.695737 2 5.979375 10.907671 3.426835 4.098983
79.795737 2 5.979375 10.971698 3.426308 4.097581
79.895737 2 5.979374 11.036101 3.425780 4.096178
79.995737 2 5.979374 11.100882 3.425253 4.094775
80.095737 2 5.979373 11.166044 3.424726 4.093372
80.195737 2 5.979372 11.231587 3.424198 4.091970
80.295737 2 5.979372 11.297516 3.423671 4.090567
80.395737 2 5.979371 11.363831 3.423144 4.089164
80.495737 2 5.979370 11.430536 3.422616 4.087761
80.595737 2 5.979370 11.497632 3.422089 4.086359
80.695737 2 5.979369 11.565122 3.421562 4.084956
80.795737 2 5.979368 11.633008 3.421034 4.083553
80.895737 2 5.979368 11.701292 3.420507 4.082150
80.995737 2 5.979367 11.769978 3.419979 4.080748
81.095737 2 5.979366 11.839066 3.419452 4.079345
81.195737 2 5.979366 11.908560 3.418925 4.077942
81.295737 2 5.979365 11.978462 3.418397 4.076539
81.395737 2 5.979364 12.048775 3.417870 4.075137
81.495737 2 5.979364 12.119500 3.417342 4.073734
81.595737 2 5.979363 12.190640 3.416815 4.072331
81.695737 2 5.979362 12.262198 3.416288 4.070928
81.795737 2 5.979362 12.334175 3.415760 4.069526
81.895737 2 5.979361 12.406576 3.415233 4.068123
81.995737 2 5.979360 12.479401 3.414706 4.066720
82.095737 2 5.979360 12.552653 3.414178 4.065317
82.195737 2 5.979359 12.626336 3.413651 4.063915
82.295737 2 5.979358 12.700451 3.413123 4.062512
82.395737 2 5.979358 12.775001 3.412596 4.061109
82.495737 2 5.979357 12.849989 3.412069 4.059706
82.595737 2 5.979356 12.925417 3.411541 4.058304
82.695737 2 5.979355 13.001287 3.411014 4.056901
82.795737 2 5.979355 13.077603 3.410486 4.055498
82.895737 2 5.979354 13.154367 3.409959 4.054095
82.995737 2 5.979353 13.231581 3.409432 4.052693
83.095737 2 5.979353 13.309249 3.408904 4.051290
83.195737 2 5.979352 13.387373 3.408377 4.049887
83.295737 2 5.979351 13.465955 3.407849 4.048484
83.395737 2 5.979350 13.544998 3.407322 4.047082
83.495737 2 5.979350 13.624505 3.406795 4.045679
83.595737 2 5.979349 13.704479 3.406267 4.044276
83.695737 2 5.979348 13.784923 3.405740 4.042873
83.795737 2 5.979347 13.865838 3.405212 4.041471
83.895737 2 5.979347 13.947229 3.404685 4.040068
83.995737 2 5.979346 14.029097 3.404158 4.038665
84.095737 2 5.979345 14.111446 3.403630 4.037262
84.195737 2 5.979344 14.194278 3.403103 4.035860
84.295737 2 5.979344 14.277596 3.402575 4.034457
84.395737 2 5.979343 14.361403 3.402048 4.033054
84.495737 2 5.979342 14.445702 3.401521 4.031651
84.595737 2 5.979341 14.530497 3.400993 4.030249
84.695737 2 5.979341 14.615788 3.400466 4.028846
84.795737 2 5.979340 14.701581 3.399938 4.027443
84.895737 2 5.979339 14.787877 3.399411 4.026040
84.995737 2 5.979338 14.874679 3.398884 4.024638
85.095737 2 5.979337 14.961991 3.398356 4.023235
85.195737 2 5.979337 15.049815 3.397829 4.021832
85.295737 2 5.979336 15.138155 3.397301 4.020429
85.395737 2 5.979335 15.227014 3.396774 4.019027
85.495737 2 5.979334 15.316394 3.396246 4.017624
85.595737 2 5.979333 15.406298 3.395719 4.016221
85.695737 2 5.979332 15.496730 3.395192 4.014818
85.795737 2 5.979332 15.587694 3.394664 4.013416
85.895737 2 5.979331 15.679191 3.394137 4.012013
85.995737 2 5.979330 15.771225 3.393609 4.010610
86.095737 2 5.979329 15.863799 3.393082 4.009207
86.195737 2 5.979328 15.956916 3.392555 4.007805
86.295737 2 5.979328 16.050580 3.392027 4.006402
86.395737 2 5.979327 16.144794 3.391500 4.004999
86.495737 2 5.979326 16.239561 3.390972 4.003596
86.595737 2 5.979325 16.334884 3.390445 4.002194
86.695737 2 5.979324 16.430767 3.389917 4.000791
86.795737 2 5.979323 16.527212 3.389390 3.999388
86.895737 2 5.979322 16.624224 3.388863 3.997986
86.995737 2 5.979322 16.721805 3.388335 3.996583
87.095737 2 5.979321 16.819958 3.387808 3.995180
87.195737 2 5.979320 16.918688 3.387280 3.993777
87.295737 2 5.979319 17.017997 3.386753 3.992375
87.395737 2 5.979318 17.117890 3.386225 3.990972
87.495737 2 5.979317 17.218368 3.385698 3.989569
87.595737 2 5.979316 17.319436 3.385170 3.988166
87.695737 2 5.979315 17.421098 3.384643 3.986764
87.795737 2 5.979314 17.523356 3.384116 3.985361
87.895737 2 5.979314 17.626214 3.383588 3.983958
87.995737 2 5.979313 17.729676 3.383061 3.982555
88.095737 2 5.979312 17.833745 3.382533 3.981153
88.195737 2 5.979311 17.938425 3.382006 3.979750
88.295737 2 5.979310 18.043720 3.381478 3.978347
88.395737 2 5.979309 18.149633 3.380951 3.976944
88.495737 2 5.979308 18.256167 3.380423 3.975542
88.595737 2 5.979307 18.363326 3.379896 3.974139
88.695737 2 5.979306 18.471115 3.379369 3.972736
88.795737 2 5.979305 18.579536 3.378841 3.971333
88.895737 2 5.979304 18.688593 3.378314 3.969931
88.995737 2 5.979303 18.798291 3.377786 3.968528
89.095737 2 5.979302 18.908632 3.377259 3.967125
89.195737 2 5.979301 19.019621 3.376731 3.965722
89.295737 2 5.979300 19.131262 3.376204 3.964320
89.395737 2 5.979299 19.243557 3.375676 3.962917
89.495737 2 5.979298 19.356512 3.375149 3.961514
89.595737 2 5.979297 19.470130 3.374621 3.960111
89.695737 2 5.979296 19.584415 3.374094 3.958709
89.795737 2 5.979295 19.699370 3.373567 3.957306
89.895737 2 5.979294 19.815000 3.373039 3.955903
89.995737 2 5.979293 19.931309 3.372512 3.954501
90.095737 2 5.979292 20.048301 3.371984 3.953098
90.195737 2 5.979291 20.165979 3.371457 3.951695
90.295737 2 5.979290 20.284348 3.370929 3.950292
90.395737 2 5.979289 20.403411 3.370402 3.948890
90.495737 2 5.979288 20.523174 3.369874 3.947487
90.595737 2 5.979287 20.643639 3.369347 3.946084
90.695737 2 5.979286 20.764812 3.368819 3.944681
90.795737 2 5.979285 20.886695 3.368292 3.943279
90.895737 2 5.979284 21.009294 3.367764 3.941876
90.995737 2 5.979283 21.132613 3.367237 3.940473
91.095737 2 5.979282 21.256655 3.366709 3.939070
91.195737 2 5.979281 21.381426 3.366182 3.937668
91.295737 2 5.979280 21.506928 3.365654 3.936265
91.395737 2 5.979279 21.633168 3.365127 3.934862
91.495737 2 5.979278 21.760148 3.364599 3.933459
91.595737 2 5.979277 21.887873 3.364072 3.932057
91.695737 2 5.979276 22.016348 3.363544 3.930654
91.795737 2 5.979275 22.145578 3.363017 3.929251
91.895737 2 5.979274 22.275565 3.362489 3.927849
91.995737 2 5.979273 22.406316 3.361962 3.926446
92.095737 2 5.979271 22.537834 3.361434 3.925043
92.195737 2 5.979270 22.670124 3.360907 3.923640
92.295737 2 5.979269 22.803190 3.360379 3.922238
92.395737 2 5.979268 22.937038 3.359852 3.920835
92.495737 2 5.979267 23.071671 3.359324 3.919432
92.595737 2 5.979266 23.207094 3.358797 3.918029
92.695737 2 5.979265 23.343312 3.358269 3.916627
92.795737 2 5.979264 23.480329 3.357742 3.915224
92.895737 2 5.979262 23.618151 3.357214 3.913821
92.995737 2 5.979261 23.756782 3.356687 3.912419
93.095737 2 5.979260 23.896226 3.356159 3.911016
93.195737 2 5.979259 24.036488 3.355632 3.909613
93.295737 2 5.979258 24.177574 3.355104 3.908210
93.395737 2 5.979257 24.319488 3.354577 3.906808
93.495737 2 5.979255 24.462235 3.354049 3.905405
93.595737 2 5.979254 24.605820 3.353522 3.904002
93.695737 2 5.979253 24.750247 3.352994 3.902599
93.795737 2 5.979252 24.895522 3.352467 3.901197
93.895737 2 5.979251 25.041650 3.351939 3.899794
93.995737 2 5.979250 25.188635 3.351412 3.898391
94.095737 2 5.979248 25.336483 3.350884 3.896988
94.195737 2 5.979247 25.485199 3.350357 3.895586
94.295737 2 5.979246 25.634787 3.349829 3.894183
94.395737 2 5.979245 25.785254 3.349302 3.892780
94.495737 2 5.979243 25.936603 3.348774 3.891378
94.595737 2 5.979242 26.088841 3.348247 3.889975
94.695737 2 5.979241 26.241972 3.347719 3.888572
94.795737 2 5.979240 26.396003 3.347192 3.887169
94.895737 2 5.979238 26.550937 3.346664 3.885767
94.995737 2 5.979237 26.706780 3.346137 3.884364
95.095737 2 5.979236 26.863538 3.345609 3.882961
95.195737 2 5.979235 27.021216 3.345081 3.881558
95.295737 2 5.979233 27.179820 3.344554 3.880156
95.395737 2 5.979232 27.339354 3.344026 3.878753
95.495737 2 5.979231 27.499825 3.343499 3.877350
95.595737 2 5.979230 27.661238 3.342971 3.875948
95.695737 2 5.979228 27.823598 3.342444 3.874545
95.795737 2 5.979227 27.986910 3.341916 3.873142
95.895737 2 5.979226 28.151182 3.341389 3.871739
95.995737 2 5.979224 28.316417 3.340861 3.870337
96.095737 2 5.979223 28.482622 3.340334 3.868934
96.195737 2 5.979222 28.649803 3.339806 3.867531
96.295737 2 5.979220 28.817964 3.339278 3.866129
96.395737 2 5.979219 28.987113 3.338751 3.864726
96.495737 2 5.979218 29.157255 3.338223 3.863323
96.595737 2 5.979216 29.328395 3.337696 3.861920
96.695737 2 5.979215 29.500539 3.337168 3.860518
96.795737 2 5.979214 29.673694 3.336641 3.859115
96.895737 2 5.979212 29.847865 3.336113 3.857712
96.995737 2 5.979211 30.023058 3.335586 3.856309
97.095737 2 5.979209 30.199279 3.335058 3.854907
97.195737 2 5.979208 30.376535 3.334530 3.853504
97.295737 2 5.979207 30.554831 3.334003 3.852101
97.395737 2 5.979205 30.734173 3.333475 3.850699
97.495737 2 5.979204 30.914568 3.332948 3.849296
97.595737 2 5.979202 31.096021 3.332420 3.847893
97.695737 2 5.979201 31.278540 3.331892 3.846490
97.795737 2 5.979199 31.462129 3.331365 3.845088
97.895737 2 5.979198 31.646796 3.330837 3.843685
97.995737 2 5.979197 31.832547 3.330310 3.842282
98.095737 2 5.979195 32.019388 3.329782 3.840880
98.195737 2 5.979194 32.207326 3.329255 3.839477
98.295737 2 5.979192 32.396367 3.328727 3.838074
98.395737 2 5.979191 32.586517 3.328199 3.836671
98.495737 2 5.979189 32.777783 3.327672 3.835269
98.595737 2 5.979188 32.970171 3.327144 3.833866
98.695737 2 5.979186 33.163689 3.326617 3.832463
98.795737 2 5.979185 33.358342 3.326089 3.831061
98.895737 2 5.979183 33.554138 3.325561 3.829658
98.995737 2 5.979182 33.751082 3.325034 3.828255
99.095737 2 5.979180 33.949183 3.324506 3.826852
99.195737 2 5.979179 34.148446 3.323979 3.825450
99.295737 2 5.979177 34.348879 3.323451 3.824047
99.395737 2 5.979176 34.550488 3.322923 3.822644
99.495737 2 5.979174 34.753280 3.322396 3.821242
99.595737 2 5.979173 34.957262 3.321868 3.819839
99.695737 2 5.979171 35.162441 3.321341 3.818436
99.795737 2 5.979169 35.368825 3.320813 3.817033
99.895737 2 5.979168 35.576420 3.320285 3.815631
99.995737 2 5.979166 35.785233 3.319758 3.814228
100.095737 2 5.979165 35.995271 3.319230 3.812825
100.195737 2 5.979163 36.206542 3.318702 3.811423
100.295737 2 5.979161 36.419053 3.318175 3.810020
100.395737 2 5.979160 36.632812 3.317647 3.808617
100.495737 2 5.979158 36.847824 3.317120 3.807215
100.595737 2 5.979157 37.064099 3.316592 3.805812
100.695737 2 5.979155 37.281643 3.316064 3.804409
100.795737 2 5.979153 37.500463 3.315537 3.803006
100.895737 2 5.979152 37.720568 3.315009 3.801604
100.995737 2 5.979150 37.941964 3.314481 3.800201
101.095737 2 5.979148 38.164660 3.313954 3.798798
101.195737 2 5.979147 38.388662 3.313426 3.797396
101.295737 2 5.979145 38.613979 3.312898 3.795993
101.395737 2 5.979143 38.840619 3.312371 3.794590
101.495737 2 5.979141 39.068588 3.311843 3.793187
101.595737 2 5.979140 39.297896 3.311315 3.791785
101.695737 2 5.979138 39.528549 3.310788 3.790382
101.795737 2 5.979136 39.760555 3.310260 3.788979
101.895737 2 5.979135 39.993923 3.309732 3.787577
101.995737 2 5.979133 40.228661 3.309205 3.786174
102.095737 2 5.979131 40.464776 3.308677 3.784771
102.195737 2 5.979129 40.702277 3.308150 3.783369
102.295737 2 5.979128 40.941172 3.307622 3.781966
102.395737 2 5.979126 41.181469 3.307094 3.780563
102.495737 2 5.979124 41.423176 3.306566 3.779160
102.595737 2 5.979122 41.666301 3.306039 3.777758
102.695737 2 5.979120 41.910853 3.305511 3.776355
102.795737 2 5.979119 42.156840 3.304983 3.774952
102.895737 2 5.979117 42.404271 3.304456 3.773550
102.995737 2 5.979115 42.653154 3.303928 3.772147
103.095737 2 5.979113 42.903497 3.303400 3.770744
103.195737 2 5.979111 43.155310 3.302873 3.769342
103.295737 2 5.979109 43.408600 3.302345 3.767939
103.395737 2 5.979108 43.663376 3.301817 3.766536
103.495737 2 5.979106 43.919648 3.301290 3.765134
103.595737 2 5.979104 44.177424 3.300762 3.763731
103.695737 2 5.979102 44.436712 3.300234 3.762328
103.795737 2 5.979100 44.697522 3.299707 3.760925
103.895737 2 5.979098 44.959863 3.299179 3.759523
103.995737 2 5.979096 45.223743 3.298651 3.758120
104.095737 2 5.979094 45.489171 3.298123 3.756717
104.195737 2 5.979092 45.756158 3.297596 3.755315
104.295737 2 5.979091 46.024710 3.297068 3.753912
104.395737 2 5.979089 46.294839 3.296540 3.752509
104.495737 2 5.979087 46.566553 3.296013 3.751107
104.595737 2 5.979085 46.839862 3.295485 3.749704
104.695737 2 5.979083 47.114774 3.294957 3.748301
104.795737 2 5.979081 47.391300 3.294429 3.746899
104.895737 2 5.979079 47.669449 3.293902 3.745496
104.995737 2 5.979077 47.949229 3.293374 3.744093
105.095737 2 5.979075 48.230652 3.292846 3.742691
105.195737 2 5.979073 48.513726 3.292318 3.741288
105.295737 2 5.979071 48.798461 3.291791 3.739885
105.395737 2 5.979069 49.084867 3.291263 3.738483
105.495737 2 5.979067 49.372953 3.290735 3.737080
105.595737 2 5.979064 49.662730 3.290208 3.735677
105.695737 2 5.979062 49.954208 3.289680 3.734274
105.795737 2 5.979060 50.247396 3.289152 3.732872
105.895737 2 5.979058 50.542305 3.288624 3.731469
105.995737 2 5.979056 50.838944 3.288097 3.730066
106.095737 2 5.979054 51.137323 3.287569 3.728664
106.195737 2 5.979052 51.437454 3.287041 3.727261
106.295737 2 5.979050 51.739346 3.286513 3.725858
106.395737 2 5.979048 52.043010 3.285985 3.724456
106.495737 2 5.979046 52.348455 3.285458 3.723053
106.595737 2 5.979043 52.655693 3.284930 3.721650
106.695737 2 5.979041 52.964733 3.284402 3.720248
106.795737 2 5.979039 53.275587 3.283874 3.718845
106.895737 2 5.979037 53.588265 3.283347 3.717442
106.995737 2 5.979035 53.902778 3.282819 3.716040
107.095737 2 5.979032 54.219137 3.282291 3.714637
107.195737 2 5.979030 54.537352 3.281763 3.713234
107.295737 2 5.979028 54.857434 3.281235 3.711832
107.395737 2 5.979026 55.179395 3.280708 3.710429
107.495737 2 5.979024 55.503244 3.280180 3.709026
107.595737 2 5.979021 55.828994 3.279652 3.707624
107.695737 2 5.979019 56.156656 3.279124 3.706221
107.795737 2 5.979017 56.486240 3.278596 3.704818
107.895737 2 5.979014 56.817758 3.278069 3.703416
107.995737 2 5.979012 57.151221 3.277541 3.702013
108.095737 2 5.979010 57.486642 3.277013 3.700610
108.195737 2 5.979007 57.824030 3.276485 3.699208
108.295737 2 5.979005 58.163398 3.275957 3.697805
108.395737 2 5.979003 58.504757 3.275430 3.696402
108.495737 2 5.979000 58.848120 3.274902 3.695000
108.595737 2 5.978998 59.193497 3.274374 3.693597
108.695737 2 5.978996 59.540901 3.273846 3.692194
108.795737 2 5.978993 59.890343 3.273318 3.690792
108.895737 2 5.978991 60.241836 3.272790 3.689389
108.995737 2 5.978989 60.595392 3.272263 3.687986
109.095737 2 5.978986 60.951021 3.271735 3.686584
109.195737 2 5.978984 61.308738 3.271207 3.685181
109.295737 2 5.978981 61.668554 3.270679 3.683778
109.395737 2 5.978979 62.030480 3.270151 3.682376
109.495737 2 5.978976 62.394531 3.269623 3.680973
109.595737 2 5.978974 62.760718 3.269096 3.679571
109.695737 2 5.978971 63.129053 3.268568 3.678168
109.795737 2 5.978969 63.499549 3.268040 3.676765
109.895737 2 5.978966 63.872220 3.267512 3.675363
109.995737 2 5.978964 64.247077 3.266984 3.673960
110.095737 2 5.978961 64.624134 3.266456 3.672557
110.195737 2 5.978959 65.003403 3.265928 3.671155
110.295737 2 5.978956 65.384897 3.265401 3.669752
110.395737 2 5.978954 65.768630 3.264873 3.668349
110.495737 2 5.978951 66.154615 3.264345 3.666947
110.595737 2 5.978947 66.791102 3.263481 3.664651
110.695737 3 5.978942 67.433712 3.262617 3.662356
110.795737 3 5.978940 67.628001 3.264419 3.662182
110.895737 3 5.978938 67.823516 3.266228 3.662007
110.995737 3 5.978931 68.416998 3.271684 3.661479
111.095737 3 5.978924 69.015833 3.277140 3.660951
111.195737 3 5.978917 69.620071 3.282596 3.660422
111.295737 3 5.978910 70.229760 3.288052 3.659893
111.395737 3 5.978902 70.844952 3.293508 3.659363
111.495737 3 5.978895 71.465695 3.298964 3.658833
111.595737 3 5.978888 72.092042 3.304420 3.658302
111.695737 3 5.978880 72.724044 3.309876 3.657770
111.795737 3 5.978872 73.361752 3.315332 3.657239
111.895737 3 5.978865 74.005219 3.320788 3.656706
111.995737 3 5.978857 74.654498 3.326244 3.656173
112.095737 3 5.978849 75.309641 3.331700 3.655640
112.195737 3 5.978841 75.970704 3.337156 3.655106
112.295737 3 5.978833 76.637740 3.342612 3.654572
112.395737 3 5.978825 77.310803 3.348068 3.654037
112.495737 3 5.978817 77.989950 3.353524 3.653502
112.595737 3 5.978808 78.675236 3.358980 3.652966
112.695737 3 5.978800 79.366717 3.364436 3.652430
112.795737 3 5.978792 80.064451 3.369892 3.651894
112.895737 3 5.978783 80.768495 3.375348 3.651356
112.995737 3 5.978774 81.478906 3.380804 3.650819
113.095737 3 5.978765 82.195743 3.386260 3.650281
113.195737 3 5.978757 82.919065 3.391716 3.649742
113.295737 3 5.978748 83.648932 3.397172 3.649203
113.395737 3 5.978738 84.385404 3.402628 3.648664
113.495737 3 5.978729 85.128541 3.408084 3.648124
113.595737 3 5.978720 85.878404 3.413540 3.647584
113.695737 3 5.978710 86.635056 3.418996 3.647043
113.795737 3 5.978701 87.398559 3.424452 3.646501
113.895737 3 5.978691 88.168976 3.429908 3.645960
113.995737 3 5.978682 88.946369 3.435364 3.645417
114.095737 3 5.978672 89.730804 3.440820 3.644875
114.195737 3 5.978662 90.522345 3.446276 3.644332
114.295737 3 5.978652 91.321058 3.451732 3.643788
114.395737 3 5.978642 92.127007 3.457188 3.643244
114.495737 3 5.978631 92.940261 3.462644 3.642700
114.595737 3 5.978621 93.760885 3.468100 3.642155
114.695737 3 5.978610 94.588947 3.473556 3.641609
114.795737 3 5.978600 95.424517 3.479012 3.641064
114.895737 3 5.978589 96.267662 3.484468 3.640517
114.995737 3 5.978578 97.118454 3.489924 3.639971
115.095737 3 5.978567 97.976961 3.495380 3.639424
115.195737 3 5.978556 98.843255 3.500836 3.638876
115.295737 3 5.978544 99.717407 3.506292 3.638328
115.395737 3 5.978533 100.599490 3.511748 3.637780
115.495737 3 5.978521 101.489577 3.517204 3.637231
115.595737 3 5.978510 102.387741 3.522660 3.636682
115.695737 3 5.978498 103.294057 3.528116 3.636132
115.795737 3 5.978486 104.208599 3.533572 3.635582
115.895737 3 5.978474 105.131443 3.539028 3.635031
115.995737 3 5.978462 106.062666 3.544484 3.634480
116.095737 3 5.978449 107.002345 3.549940 3.633929
116.195737 3 5.978437 107.950557 3.555396 3.633377
116.295737 3 5.978424 108.907381 3.560852 3.632825
116.395737 3 5.978411 109.872896 3.566308 3.632272
116.495737 3 5.978399 110.847183 3.571764 3.631719
116.595737 3 5.978385 111.830321 3.577220 3.631166
116.695737 3 5.978372 112.822393 3.582676 3.630612
116.795737 3 5.978359 113.823481 3.588132 3.630058
116.895737 3 5.978345 114.833667 3.593588 3.629503
116.995737 3 5.978332 115.853035 3.599044 3.628948
117.095737 3 5.978318 116.881671 3.604500 3.628392
117.195737 3 5.978304 117.919658 3.609956 3.627836
117.295737 3 5.978290 118.967084 3.615412 3.627280
117.395737 3 5.978275 120.024035 3.620868 3.626723
117.495737 3 5.978261 121.090599 3.626324 3.626166
117.595737 3 5.978246 122.166865 3.631780 3.625609
117.695737 3 5.978231 123.252921 3.637236 3.625051
117.795737 3 5.978216 124.348859 3.642692 3.624493
117.895737 3 5.978201 125.454768 3.648148 3.623934
117.995737 3 5.978186 126.570741 3.653604 3.623375
118.095737 3 5.978170 127.696871 3.659060 3.622815
118.195737 3 5.978155 128.833251 3.664516 3.622256
118.295737 3 5.978139 129.979975 3.669972 3.621695
118.395737 3 5.978123 131.137140 3.675428 3.621135
118.495737 3 5.978107 132.304840 3.680884 3.620574
118.595737 3 5.978090 133.483174 3.686340 3.620012
118.695737 3 5.978074 134.672238 3.691796 3.619451
118.795737 3 5.978057 135.872133 3.697252 3.618888
118.895737 3 5.978040 137.082957 3.702708 3.618326
118.995737 3 5.978023 138.304812 3.708164 3.617763
119.095737 3 5.978005 139.537800 3.713620 3.617200
119.195737 3 5.977988 140.782022 3.719076 3.616636
119.295737 3 5.977970 142.037582 3.724532 3.616072
119.395737 3 5.977952 143.304586 3.729988 3.615508
119.495737 3 5.977934 144.583138 3.735444 3.614943
119.595737 4 5.977923 145.314735 3.738544 3.614622
119.695737 4 5.977905 145.273415 3.738369 3.614640
119.795737 4 5.977894 145.249780 3.738268 3.614650
119.895737 4 5.977298 143.956063 3.732749 3.615213
119.995737 4 5.976715 142.693236 3.727313 3.615767
120.095737 4 5.976144 141.460537 3.721960 3.616313
120.195737 4 5.975585 140.257227 3.716688 3.616850
120.295737 4 5.975037 139.082588 3.711496 3.617378
120.395737 4 5.974501 137.935923 3.706385 3.617898
120.495737 4 5.973975 136.816556 3.701354 3.618410
120.595737 4 5.973459 135.723831 3.696402 3.618913
120.695737 4 5.972953 134.657112 3.691529 3.619408
120.795737 4 5.972456 133.615779 3.686733 3.619895
120.895737 4 5.971969 132.599232 3.682014 3.620374
120.995737 4 5.971491 131.606887 3.677372 3.620844
121.095737 4 5.971021 130.638178 3.672806 3.621307
121.195737 4 5.970560 129.692555 3.668315 3.621762
121.295737 4 5.970106 128.769482 3.663899 3.622209
121.395737 4 5.969661 127.868440 3.659557 3.622648
121.495737 4 5.969223 126.988923 3.655288 3.623080
121.595737 4 5.968792 126.130440 3.651092 3.623504
121.695737 4 5.968368 125.292515 3.646969 3.623920
121.795737 4 5.967950 124.474681 3.642917 3.624329
121.895737 4 5.967540 123.676489 3.638935 3.624731
121.995737 4 5.967136 122.897499 3.635025 3.625125
122.095737 4 5.966737 122.137283 3.631183 3.625512
122.195737 4 5.966345 121.395426 3.627411 3.625892
122.295737 4 5.965959 120.671524 3.623708 3.626265
122.395737 4 5.965578 119.965182 3.620072 3.626631
122.495737 4 5.965202 119.276018 3.616503 3.626990
122.595737 4 5.964832 118.603659 3.613001 3.627342
122.695737 4 5.964466 117.947740 3.609565 3.627687
122.795737 4 5.964106 117.307909 3.606194 3.628025
122.895737 4 5.963750 116.683820 3.602887 3.628357
122.995737 4 5.963399 116.075139 3.599645 3.628682
123.095737 4 5.963052 115.481537 3.596466 3.629001
123.195737 4 5.962366 114.338333 3.590296 3.629619
123.295737 4 5.961698 113.251722 3.584373 3.630211
123.395737 4 5.961044 112.219367 3.578690 3.630779
123.495737 4 5.960405 111.239047 3.573244 3.631323
123.595737 4 5.959779 110.308642 3.568028 3.631843
123.695737 4 5.959165 109.426137 3.563039 3.632340
123.795737 4 5.958564 108.589604 3.558271 3.632814
123.895737 4 5.957973 107.797207 3.553719 3.633266
123.995737 4 5.957393 107.047186 3.549378 3.633697
124.095737 4 5.956823 106.337862 3.545243 3.634107
124.195737 4 5.956261 105.667623 3.541309 3.634497
124.295737 4 5.955708 105.034926 3.537571 3.634866
124.395737 4 5.955164 104.438290 3.534024 3.635217
124.495737 4 5.954626 103.876290 3.530663 3.635548
124.595737 4 5.953565 102.850814 3.524479 3.636157
124.695737 4 5.952530 101.948083 3.518980 3.636696
124.795737 4 5.951516 101.158430 3.514124 3.637171
124.895737 4 5.950521 100.472799 3.509872 3.637584
124.995737 4 5.949542 99.882656 3.506184 3.637941
125.095737 4 5.948577 99.379916 3.503019 3.638246
125.195737 4 5.947624 98.956871 3.500338 3.638502
125.295737 4 5.946680 98.606132 3.498100 3.638714
125.395737 4 5.945744 98.320574 3.496265 3.638885
125.495737 4 5.944815 98.093291 3.494794 3.639019
125.595737 4 5.943892 97.917548 3.493646 3.639122
125.695737 4 5.942972 97.786748 3.492782 3.639196
125.795737 4 5.942055 97.694394 3.492160 3.639246
125.895737 4 5.941140 97.634070 3.491741 3.639275
125.995737 4 5.940226 97.599409 3.491485 3.639288
126.095737 4 5.939313 97.584076 3.491351 3.639289
126.195737 4 5.938400 97.581756 3.491301 3.639281
126.295737 4 5.937487 97.586141 3.491293 3.639270
126.395737 4 5.937373 97.140306 3.497795 3.641890
126.495737 4 5.937258 96.258029 3.502043 3.644933
126.595737 4 5.937143 95.390591 3.504873 3.647606
126.695737 4 5.937028 94.537708 3.507132 3.650121
126.795737 4 5.936913 93.699100 3.509062 3.652538
126.895737 4 5.936799 92.874497 3.510770 3.654885
126.995737 4 5.936685 92.063633 3.512316 3.657176
127.095737 4 5.936572 91.266247 3.513738 3.659420
127.195737 4 5.936460 90.482088 3.515061 3.661624
127.295737 4 5.936348 89.710907 3.516301 3.663793
127.395737 4 5.936237 88.952462 3.517473 3.665930
127.495737 4 5.936126 88.206515 3.518585 3.668037
127.595737 4 5.936016 87.472836 3.519646 3.670115
127.695737 4 5.935907 86.751196 3.520662 3.672168
127.795737 4 5.935799 86.041374 3.521638 3.674196
127.895737 4 5.935691 85.343154 3.522578 3.676201
127.995737 4 5.935583 84.656323 3.523485 3.678182
128.095737 4 5.935477 83.980674 3.524364 3.680142
128.195737 4 5.935371 83.316002 3.525215 3.682080
128.295737 4 5.935265 82.662110 3.526042 3.683998
128.395737 4 5.935161 82.018803 3.526846 3.685895
128.495737 4 5.935057 81.385891 3.527629 3.687773
128.595737 4 5.934953 80.763186 3.528393 3.689632
128.695737 4 5.934850 80.150508 3.529138 3.691472
128.795737 4 5.934748 79.547677 3.529866 3.693293
128.895737 4 5.934646 78.954519 3.530579 3.695097
128.995737 4 5.934545 78.370863 3.531276 3.696882
129.095737 4 5.934445 77.796541 3.531959 3.698650
129.195737 4 5.934345 77.231390 3.532629 3.700401
129.295737 4 5.934245 76.675248 3.533286 3.702135
129.395737 4 5.934146 76.127960 3.533932 3.703851
129.495737 4 5.934048 75.589371 3.534566 3.705552
129.595737 4 5.933950 75.059330 3.535189 3.707235
129.695737 4 5.933853 74.537690 3.535801 3.708903
129.795737 4 5.933757 74.024306 3.536404 3.710554
129.895737 4 5.933661 73.519038 3.536998 3.712190
129.995737 4 5.933565 73.021746 3.537582 3.713810
130.095737 4 5.933470 72.532294 3.538158 3.715414
130.195737 4 5.933375 72.050550 3.538726 3.717003
130.295737 4 5.933281 71.576384 3.539286 3.718577
130.395737 4 5.933188 71.109667 3.539838 3.720136
130.495737 4 5.933095 70.650275 3.540382 3.721679
130.595737 4 5.933002 70.198085 3.540920 3.723208
130.695737 4 5.932910 69.752977 3.541451 3.724722
130.795737 4 5.932818 69.314834 3.541975 3.726221
130.895737 4 5.932727 68.883540 3.542493 3.727706
130.995737 4 5.932637 68.458982 3.543004 3.729176
131.095737 4 5.932546 68.041049 3.543510 3.730633
131.195737 4 5.932457 67.629634 3.544010 3.732075
131.295737 4 5.932367 67.224629 3.544505 3.733503
131.395737 4 5.932278 66.825930 3.544994 3.734917
131.495737 4 5.932190 66.433435 3.545478 3.736317
131.595737 4 5.932102 66.047044 3.545956 3.737703
131.695737 4 5.932014 65.666658 3.546430 3.739076
131.795737 4 5.931927 65.292182 3.546899 3.740435
131.895737 4 5.931840 64.923520 3.547364 3.741780
131.995737 4 5.931753 64.560580 3.547824 3.743113
132.095737 4 5.931667 64.203271 3.548279 3.744432
132.195737 4 5.931582 63.851505 3.548730 3.745738
132.295737 4 5.931496 63.505193 3.549177 3.747030
132.395737 4 5.931411 63.164250 3.549620 3.748310
132.495737 4 5.931327 62.828591 3.550060 3.749577
132.595737 4 5.931243 62.498136 3.550495 3.750831
132.695737 4 5.931159 62.172801 3.550926 3.752072
132.795737 4 5.931075 61.852509 3.551354 3.753300
132.895737 4 5.930992 61.537181 3.551778 3.754516
132.995737 4 5.930909 61.226741 3.552199 3.755720
133.095737 4 5.930744 60.620226 3.553030 3.758089
133.195737 4 5.930581 60.032380 3.553848 3.760410
133.295737 4 5.930419 59.462642 3.554654 3.762682
133.395737 4 5.930257 58.910471 3.555447 3.764906
133.495737 4 5.930098 58.375344 3.556229 3.767083
133.595737 4 5.929939 57.856759 3.557000 3.769214
133.695737 4 5.929781 57.354232 3.557761 3.771298
133.795737 4 5.929625 56.867295 3.558511 3.773337
133.895737 4 5.929469 56.395497 3.559252 3.775331
133.995737 4 5.929315 55.938403 3.559983 3.777281
134.095737 4 5.929161 55.495592 3.560705 3.779188
134.195737 4 5.929009 55.066660 3.561418 3.781051
134.295737 4 5.928857 54.651216 3.562122 3.782871
134.395737 4 5.928707 54.248880 3.562819 3.784650
134.495737 4 5.928557 53.859287 3.563507 3.786387
134.595737 4 5.928408 53.482085 3.564188 3.788083
134.695737 4 5.928260 53.116931 3.564861 3.789739
134.795737 4 5.928112 52.763495 3.565527 3.791356
134.895737 4 5.927966 52.421459 3.566186 3.792933
134.995737 4 5.927820 52.090512 3.566839 3.794471
135.095737 4 5.927675 51.770356 3.567484 3.795971
135.195737 4 5.927530 51.460701 3.568123 3.797434
135.295737 4 5.927386 51.161266 3.568756 3.798859
135.395737 4 5.927243 50.871778 3.569383 3.800248
135.495737 4 5.927100 50.591975 3.570004 3.801601
135.595737 4 5.926958 50.321601 3.570619 3.802918
135.695737 4 5.926817 50.060407 3.571229 3.804201
135.795737 4 5.926535 49.564606 3.572431 3.806663
135.895737 4 5.926255 49.102728 3.573613 3.808991
135.995737 4 5.925977 48.673036 3.574775 3.811190
136.095737 4 5.925700 48.273883 3.575919 3.813264
136.195737 4 5.925425 47.903712 3.577044 3.815217
136.295737 4 5.925152 47.561045 3.578152 3.817053
136.395737 4 5.924879 47.244477 3.579243 3.818776
136.495737 4 5.924608 46.952668 3.580319 3.820390
136.595737 4 5.924338 46.684340 3.581379 3.821900
136.695737 4 5.924069 46.438271 3.582424 3.823309
136.795737 4 5.923532 46.008264 3.584474 3.825841
136.895737 4 5.922997 45.653788 3.586471 3.828020
136.995737 4 5.922464 45.366584 3.588420 3.829878
137.095737 4 5.921932 45.138877 3.590324 3.831446
137.195737 4 5.921400 44.963273 3.592184 3.832758
137.295737 4 5.920868 44.832678 3.594005 3.833845
137.395737 4 5.920335 44.740220 3.595788 3.834739
137.495737 4 5.919802 44.679191 3.597536 3.835472
137.595737 4 5.919266 44.642991 3.599250 3.836076
137.695737 4 5.918729 44.625093 3.600933 3.836584
137.795737 4 5.918190 44.619004 3.602585 3.837027
137.895737 4 5.917649 44.618262 3.604208 3.837436
137.995737 4 5.917106 44.619863 3.605805 3.837828
138.095737 4 5.916561 44.629069 3.607375 3.838175
138.195737 4 5.916013 44.652362 3.608920 3.838448
138.295737 4 5.915464 44.696247 3.610441 3.838615
138.395737 4 5.914911 44.767280 3.611940 3.838645
138.495737 4 5.914356 44.872104 3.613416 3.838506
138.595737 4 5.913798 45.017487 3.614872 3.838168
138.695737 4 5.913236 45.210387 3.616307 3.837598
138.795737 4 5.912670 45.458009 3.617724 3.836766
138.895737 4 5.912099 45.767889 3.619121 3.835640
138.995737 4 5.911521 46.147983 3.620500 3.834189
139.095737 4 5.910938 46.606772 3.621862 3.832382
139.195737 4 5.910642 46.868502 3.622537 3.831334
139.295737 4 5.910344 47.153388 3.623208 3.830186
139.395737 4 5.910044 47.462696 3.623874 3.828933
139.495737 4 5.909741 47.797753 3.624537 3.827571
139.595737 4 5.909436 48.159948 3.625195 3.826096
139.695737 4 5.909128 48.550744 3.625850 3.824505
139.795737 4 5.908817 48.971682 3.626501 3.822793
139.895737 4 5.908503 49.424388 3.627148 3.820957
139.995737 4 5.908185 49.910581 3.627792 3.818992
140.095737 4 5.908024 50.166799 3.628112 3.817960
140.195737 4 5.907863 50.432081 3.628432 3.816895
140.295737 4 5.907700 50.706670 3.628751 3.815796
140.395737 4 5.907537 50.990819 3.629068 3.814662
140.495737 4 5.907372 51.284789 3.629385 3.813493
140.595737 4 5.907206 51.588849 3.629701 3.812288
140.695737 4 5.907040 51.903275 3.630016 3.811047
140.795737 4 5.906872 52.228353 3.630331 3.809770
140.895737 4 5.906703 52.564380 3.630644 3.808456
140.995737 4 5.906532 52.911659 3.630957 3.807104
141.095737 4 5.906361 53.270507 3.631269 3.805714
141.195737 4 5.906188 53.641250 3.631580 3.804286
141.295737 4 5.906014 54.024224 3.631890 3.802819
141.395737 4 5.905838 54.419777 3.632199 3.801312
141.495737 4 5.905661 54.828272 3.632508 3.799765
141.595737 4 5.905483 55.250080 3.632815 3.798178
141.695737 4 5.905303 55.685589 3.633122 3.796550
141.795737 4 5.905121 56.135198 3.633428 3.794880
141.895737 4 5.904938 56.599321 3.633734 3.793168
141.995737 4 5.904753 57.078389 3.634038 3.791414
142.095737 4 5.904567 57.572845 3.634342 3.789617
142.195737 4 5.904379 58.083152 3.634645 3.787777
142.295737 4 5.904189 58.609787 3.634947 3.785892
142.395737 4 5.903997 59.153247 3.635249 3.783963
142.495737 4 5.903803 59.714047 3.635549 3.781990
142.595737 4 5.903607 60.292720 3.635849 3.779970
142.695737 4 5.903409 60.889820 3.636149 3.777905
142.795737 4 5.903309 61.195460 3.636298 3.776855
142.895737 4 5.903209 61.505925 3.636447 3.775794
142.995737 4 5.903108 61.821289 3.636596 3.774721
143.095737 4 5.903006 62.141631 3.636745 3.773635
143.195737 4 5.902904 62.467027 3.636893 3.772538
143.295737 4 5.902801 62.797559 3.637042 3.771430
143.395737 4 5.902698 63.133306 3.637190 3.770309
143.495737 4 5.902594 63.474354 3.637338 3.769176
143.595737 4 5.902489 63.820785 3.637486 3.768031
143.695737 4 5.902384 64.172687 3.637634 3.766874
143.795737 4 5.902279 64.530147 3.637781 3.765705
143.895737 4 5.902172 64.893255 3.637929 3.764523
143.995737 4 5.902065 65.262102 3.638076 3.763329
144.095737 4 5.901958 65.636782 3.638223 3.762123
144.195737 4 5.901849 66.017390 3.638369 3.760904
144.295737 4 5.901740 66.404023 3.638516 3.759672
144.395737 4 5.901631 66.796780 3.638663 3.758428
144.495737 4 5.901520 67.195761 3.638809 3.757172
144.595737 4 5.901409 67.601071 3.638955 3.755903
144.695737 4 5.901298 68.012813 3.639101 3.754620
144.795737 4 5.901185 68.431095 3.639247 3.753325
144.895737 4 5.901072 68.856027 3.639392 3.752018
144.995737 4 5.900958 69.287720 3.639538 3.750697
145.095737 4 5.900843 69.726288 3.639683 3.749363
145.195737 4 5.900728 70.171847 3.639828 3.748016
145.295737 4 5.900612 70.624515 3.639973 3.746656
145.395737 4 5.900495 71.084415 3.640118 3.745283
145.495737 4 5.900377 71.551668 3.640262 3.743896
145.595737 4 5.900258 72.026403 3.640407 3.742496
145.695737 4 5.900139 72.508746 3.640551 3.741083
145.795737 4 5.900018 72.998830 3.640695 3.739656
145.895737 4 5.899897 73.496788 3.640839 3.738216
145.995737 4 5.899775 74.002758 3.640982 3.736762
146.095737 4 5.899652 74.516880 3.641126 3.735295
146.195737 4 5.899528 75.039296 3.641269 3.733814
146.295737 4 5.899404 75.570153 3.641413 3.732319
146.395737 4 5.899278 76.109598 3.641556 3.730810
146.495737 4 5.899151 76.657784 3.641699 3.729287
146.595737 4 5.899024 77.214867 3.641841 3.727750
146.695737 4 5.898895 77.781006 3.641984 3.726200
146.795737 4 5.898766 78.356361 3.642126 3.724635
146.895737 4 5.898635 78.941099 3.642269 3.723056
146.995737 4 5.898504 79.535389 3.642411 3.721463
147.095737 4 5.898371 80.139404 3.642553 3.719856
147.195737 4 5.898238 80.753320 3.642694 3.718234
147.295737 4 5.898103 81.377317 3.642836 3.716598
147.395737 4 5.897967 82.011581 3.642977 3.714947
147.495737 4 5.897830 82.656298 3.643119 3.713282
147.595737 4 5.897692 83.311662 3.643260 3.711603
147.695737 4 5.897553 83.977870 3.643401 3.709908
147.795737 4 5.897413 84.655122 3.643542 3.708199
147.895737 4 5.897271 85.343625 3.643682 3.706476
147.995737 4 5.897128 86.043587 3.643823 3.704737
148.095737 4 5.896985 86.755224 3.643963 3.702984
148.195737 4 5.896839 87.478756 3.644103 3.701215
148.295737 4 5.896693 88.214407 3.644243 3.699432
148.395737 4 5.896545 88.962406 3.644383 3.697633
148.495737 4 5.896396 89.722988 3.644523 3.695819
148.595737 4 5.896246 90.496393 3.644662 3.693991
148.695737 4 5.896094 91.282867 3.644802 3.692146
148.795737 4 5.895941 92.082661 3.644941 3.690287
148.895737 4 5.895787 92.896030 3.645080 3.688412
148.995737 4 5.895631 93.723239 3.645219 3.686522
149.095737 4 5.895473 94.564555 3.645358 3.684616
149.195737 4 5.895315 95.420254 3.645497 3.682694
149.295737 4 5.895154 96.290616 3.645635 3.680757
149.395737 4 5.894993 97.175929 3.645773 3.678805
149.495737 4 5.894829 98.076487 3.645912 3.676836
149.595737 4 5.894664 98.992592 3.646050 3.674852
149.695737 4 5.894498 99.924551 3.646188 3.672851
149.795737 4 5.894330 100.872680 3.646325 3.670835
149.895737 4 5.894160 101.837303 3.646463 3.668803
149.995737 4 5.893988 102.818748 3.646600 3.666755
150.095737 4 5.893815 103.817354 3.646738 3.664690
150.195737 4 5.893640 104.833468 3.646875 3.662609
150.295737 4 5.893464 105.867443 3.647012 3.660512
150.395737 4 5.893285 106.919643 3.647149 3.658399
150.495737 4 5.893195 107.452694 3.647217 3.657336
150.595737 4 5.893104 107.990441 3.647285 3.656269
150.695737 4 5.893013 108.532932 3.647354 3.655198
150.795737 4 5.892922 109.080215 3.647422 3.654123
150.895737 4 5.892830 109.632340 3.647490 3.653044
150.995737 4 5.892737 110.189355 3.647558 3.651960
151.095737 4 5.892644 110.751312 3.647627 3.650873
151.195737 4 5.892551 111.318260 3.647695 3.649781
151.295737 4 5.892457 111.890251 3.647763 3.648685
151.395737 4 5.892362 112.467338 3.647831 3.647585
151.495737 4 5.892267 113.049572 3.647899 3.646481
151.595737 4 5.892171 113.637007 3.647967 3.645372
151.695737 4 5.892077 114.222319 3.648034 3.644274
151.795737 4 5.891898 115.333774 3.648160 3.642202
151.895737 4 5.891740 116.321507 3.648270 3.640378
151.995737 4 5.891600 117.197618 3.648366 3.638773
152.095737 4 5.891477 117.973418 3.648450 3.637361
152.195737 4 5.891369 118.659382 3.648523 3.636120
152.295737 4 5.891274 119.265128 3.648587 3.635031
152.395737 4 5.891106 120.337759 3.648700 3.633115
152.495737 4 5.890979 121.152880 3.648784 3.631670
152.595737 4 5.890883 121.770292 3.648847 3.630582
152.695737 4 5.890738 122.706287 3.648942 3.628943
