t Ka M R logL logTeff
0.100000 1 39.996024 7.050721 5.331938 4.670008
0.200000 1 39.991922 7.076531 5.333934 4.669714
0.300000 1 39.987775 7.102477 5.335961 4.669426
0.400000 1 39.983583 7.128580 5.338020 4.669144
0.500000 1 39.979345 7.154865 5.340109 4.668867
0.600000 1 39.975060 7.181355 5.342230 4.668595
0.700000 1 39.970727 7.208073 5.344382 4.668326
0.800000 1 39.966343 7.235044 5.346565 4.668061
0.900000 1 39.961909 7.262292 5.348779 4.667798
1.000000 1 39.957422 7.289842 5.351023 4.667537
1.100000 1 39.952882 7.317720 5.353299 4.667278
1.200000 1 39.948287 7.345951 5.355606 4.667018
1.300000 1 39.943635 7.374561 5.357944 4.666758
1.400000 1 39.938926 7.403576 5.360313 4.666498
1.500000 1 39.934158 7.433024 5.362712 4.666236
1.600000 1 39.929329 7.462931 5.365142 4.665971
1.700000 1 39.924438 7.493326 5.367603 4.665704
1.800000 1 39.919483 7.524236 5.370095 4.665433
1.900000 1 39.914462 7.555689 5.372618 4.665158
2.000000 1 39.909375 7.587716 5.375171 4.664878
2.100000 1 39.904218 7.620346 5.377755 4.664592
2.200000 1 39.898991 7.653608 5.380369 4.664300
2.300000 1 39.893692 7.687533 5.383014 4.664001
2.400000 1 39.888318 7.722153 5.385690 4.663694
2.500000 1 39.882868 7.757500 5.388396 4.663379
2.600000 1 39.877340 7.793606 5.391133 4.663054
2.700000 1 39.871732 7.830504 5.393899 4.662721
2.800000 1 39.866041 7.868228 5.396697 4.662376
2.900000 1 39.860266 7.906813 5.399524 4.662021
3.000000 1 39.854405 7.946294 5.402382 4.661654
3.100000 1 39.848454 7.986708 5.405270 4.661274
3.200000 1 39.842412 8.028092 5.408188 4.660881
3.300000 1 39.836277 8.070483 5.411137 4.660475
3.400000 1 39.830046 8.113922 5.414115 4.660054
3.500000 1 39.823716 8.158448 5.417123 4.659618
3.600000 1 39.817285 8.204102 5.420162 4.659165
3.700000 1 39.810751 8.250929 5.423230 4.658697
3.800000 1 39.804109 8.298971 5.426328 4.658210
3.900000 1 39.797359 8.348274 5.429456 4.657706
4.000000 1 39.790497 8.398886 5.432613 4.657183
4.100000 1 39.783519 8.450856 5.435801 4.656640
4.200000 1 39.776423 8.504234 5.439017 4.656077
4.300000 1 39.769206 8.559074 5.442264 4.655493
4.400000 1 39.761865 8.615431 5.445539 4.654887
4.500000 1 39.754396 8.673363 5.448845 4.654258
4.600000 1 39.746796 8.732932 5.452179 4.653605
4.700000 1 39.739062 8.794200 5.455543 4.652928
4.800000 1 39.731189 8.857235 5.458936 4.652225
4.900000 1 39.723176 8.922108 5.462357 4.651496
5.000000 1 39.715017 8.988895 5.465808 4.650739
5.100000 1 39.706709 9.057675 5.469288 4.649954
5.200000 1 39.698248 9.128533 5.472797 4.649139
5.300000 1 39.689631 9.201561 5.476334 4.648293
5.400000 1 39.680853 9.276854 5.479900 4.647415
5.500000 1 39.671911 9.354518 5.483495 4.646504
5.600000 1 39.662799 9.434663 5.487118 4.645557
5.700000 1 39.653514 9.517412 5.490770 4.644574
5.800000 1 39.644052 9.602893 5.494450 4.643552
5.900000 1 39.634408 9.691248 5.498158 4.642490
6.000000 1 39.624578 9.782630 5.501894 4.641386
6.100000 1 39.614557 9.877205 5.505658 4.640238
6.200000 1 39.604340 9.975156 5.509451 4.639043
6.300000 1 39.599132 10.025455 5.511357 4.638428
6.400000 1 39.593874 10.076673 5.513270 4.637799
6.500000 1 39.588563 10.128838 5.515190 4.637158
6.600000 1 39.583201 10.181979 5.517116 4.636504
6.700000 1 39.577787 10.236127 5.519050 4.635835
6.800000 1 39.572319 10.291313 5.520991 4.635153
6.900000 1 39.566798 10.347571 5.522938 4.634456
7.000000 1 39.561222 10.404935 5.524892 4.633744
7.100000 1 39.555592 10.463443 5.526854 4.633017
7.200000 1 39.549906 10.523133 5.528822 4.632273
7.300000 1 39.544165 10.584045 5.530796 4.631514
7.400000 1 39.538367 10.646222 5.532778 4.630737
7.500000 1 39.532512 10.709709 5.534767 4.629943
7.600000 1 39.526599 10.774552 5.536762 4.629131
7.700000 1 39.520629 10.840801 5.538764 4.628301
7.800000 1 39.514600 10.908508 5.540773 4.627451
7.900000 1 39.508513 10.977727 5.542789 4.626582
8.000000 1 39.502365 11.048516 5.544811 4.625691
8.100000 1 39.496158 11.120935 5.546840 4.624780
8.200000 1 39.489891 11.195048 5.548876 4.623847
8.300000 1 39.483563 11.270922 5.550919 4.622891
8.400000 1 39.477174 11.348628 5.552968 4.621911
8.500000 1 39.470723 11.428241 5.555024 4.620907
8.600000 1 39.464210 11.509839 5.557087 4.619878
8.700000 1 39.457636 11.593505 5.559157 4.618822
8.800000 1 39.450999 11.679327 5.561233 4.617740
8.900000 1 39.444299 11.767398 5.563316 4.616629
9.000000 1 39.437537 11.857815 5.565406 4.615490
9.100000 1 39.430711 11.950682 5.567502 4.614320
9.200000 1 39.423823 12.046107 5.569605 4.613118
9.300000 1 39.416872 12.144207 5.571715 4.611885
9.400000 1 39.409858 12.245103 5.573831 4.610617
9.500000 1 39.402781 12.348924 5.575955 4.609315
9.600000 1 39.395642 12.455807 5.578084 4.607976
9.700000 1 39.388440 12.565898 5.580221 4.606599
9.800000 1 39.381176 12.679349 5.582364 4.605183
9.900000 1 39.373851 12.796323 5.584515 4.603727
10.000000 1 39.366465 12.916992 5.586671 4.602228
10.100000 1 39.359018 13.041540 5.588835 4.600685
10.200000 1 39.351512 13.170161 5.591005 4.599096
10.300000 1 39.347730 13.236061 5.592093 4.598284
10.400000 1 39.343933 13.303058 5.593182 4.597460
10.500000 1 39.340123 13.371178 5.594273 4.596624
10.600000 1 39.336297 13.440452 5.595366 4.595775
10.700000 1 39.332459 13.510908 5.596461 4.594913
10.800000 1 39.328606 13.582577 5.597557 4.594039
10.900000 1 39.324739 13.655490 5.598655 4.593151
11.000000 1 39.320860 13.729680 5.599754 4.592249
11.100000 1 39.316967 13.805181 5.600856 4.591333
11.200000 1 39.313061 13.882026 5.601959 4.590404
11.300000 1 39.309142 13.960251 5.603064 4.589460
11.400000 1 39.305211 14.039894 5.604170 4.588501
11.500000 1 39.301268 14.120991 5.605279 4.587528
11.600000 1 39.297313 14.203583 5.606389 4.586539
11.700000 1 39.293346 14.287709 5.607501 4.585535
11.800000 1 39.289367 14.373412 5.608615 4.584514
11.900000 1 39.285378 14.460735 5.609730 4.583478
12.000000 1 39.281378 14.549721 5.610848 4.582425
12.100000 1 39.277368 14.640418 5.611967 4.581356
12.200000 1 39.273348 14.732872 5.613088 4.580269
12.300000 1 39.269318 14.827134 5.614211 4.579165
12.400000 1 39.265279 14.923253 5.615335 4.578043
12.500000 1 39.261232 15.021282 5.616462 4.576902
12.600000 1 39.257176 15.121277 5.617590 4.575744
12.700000 1 39.253112 15.223292 5.618720 4.574566
12.800000 1 39.249041 15.327387 5.619852 4.573370
12.900000 1 39.244963 15.433620 5.620986 4.572153
13.000000 1 39.240879 15.542056 5.622122 4.570917
13.100000 1 39.236790 15.652757 5.623260 4.569660
13.200000 1 39.232695 15.765792 5.624399 4.568383
13.300000 1 39.228596 15.881228 5.625541 4.567084
13.400000 1 39.224492 15.999138 5.626685 4.565763
13.500000 1 39.220386 16.119595 5.627830 4.564421
13.600000 1 39.216277 16.242677 5.628978 4.563056
13.700000 1 39.212166 16.368462 5.630127 4.561668
13.800000 1 39.208054 16.497034 5.631279 4.560257
13.900000 1 39.203942 16.628479 5.632432 4.558822
14.000000 1 39.199830 16.762884 5.633588 4.557363
14.100000 1 39.195720 16.900341 5.634746 4.555879
14.200000 1 39.191611 17.040947 5.635906 4.554370
14.300000 1 39.187506 17.184800 5.637068 4.552835
14.400000 1 39.183405 17.332002 5.638232 4.551274
14.500000 1 39.179308 17.482661 5.639398 4.549686
14.600000 1 39.175217 17.636887 5.640566 4.548071
14.700000 1 39.171133 17.794796 5.641737 4.546428
14.800000 1 39.167057 17.956506 5.642910 4.544757
14.900000 1 39.162990 18.122142 5.644085 4.543057
15.000000 1 39.158933 18.291834 5.645262 4.541328
15.100000 1 39.154888 18.465714 5.646442 4.539568
15.200000 1 39.150854 18.643922 5.647624 4.537778
15.300000 1 39.146835 18.826605 5.648808 4.535957
15.400000 1 39.142830 19.013911 5.649995 4.534104
15.500000 1 39.140835 19.109349 5.650589 4.533165
15.600000 1 39.138845 19.206001 5.651184 4.532218
15.700000 1 39.136859 19.303890 5.651780 4.531263
15.800000 1 39.134878 19.403037 5.652376 4.530300
15.900000 1 39.132902 19.503462 5.652973 4.529328
16.000000 1 39.130930 19.605187 5.653570 4.528348
16.100000 1 39.128964 19.708236 5.654168 4.527359
16.200000 1 39.127003 19.812631 5.654767 4.526361
16.300000 1 39.125047 19.918395 5.655366 4.525355
16.400000 1 39.123097 20.025552 5.655966 4.524340
16.500000 1 39.121153 20.134126 5.656567 4.523316
16.600000 1 39.119215 20.244143 5.657168 4.522283
16.700000 1 39.117283 20.355627 5.657770 4.521241
16.800000 1 39.115357 20.468605 5.658373 4.520190
16.900000 1 39.113439 20.583102 5.658976 4.519129
17.000000 1 39.111526 20.699146 5.659580 4.518059
17.100000 1 39.109621 20.816764 5.660184 4.516980
17.200000 1 39.107723 20.935985 5.660789 4.515891
17.300000 1 39.105832 21.056837 5.661395 4.514793
17.400000 1 39.103949 21.179350 5.662002 4.513685
17.500000 1 39.102073 21.303553 5.662609 4.512567
17.600000 1 39.100206 21.429478 5.663217 4.511439
17.700000 1 39.098346 21.557155 5.663826 4.510301
17.800000 1 39.096495 21.686616 5.664435 4.509153
17.900000 1 39.094652 21.817895 5.665045 4.507995
18.000000 1 39.092818 21.951025 5.665656 4.506827
18.100000 1 39.090994 22.086039 5.666268 4.505649
18.200000 1 39.089178 22.222974 5.666880 4.504459
18.300000 1 39.087371 22.361863 5.667493 4.503260
18.400000 1 39.085574 22.502745 5.668106 4.502049
18.500000 1 39.083787 22.645656 5.668721 4.500828
18.600000 1 39.082010 22.790635 5.669336 4.499596
18.700000 1 39.078477 22.981780 5.672603 4.498599
18.800000 1 39.077139 22.926558 5.674877 4.499690
18.900000 1 39.075945 22.780826 5.677336 4.501690
19.000000 1 39.074872 22.562074 5.679847 4.504413
19.100000 1 39.074388 22.436280 5.681050 4.505928
19.200000 1 39.073926 22.300544 5.682237 4.507542
19.300000 1 39.073485 22.157034 5.683400 4.509235
19.400000 1 39.073064 22.007749 5.684536 4.510987
19.500000 1 39.072663 21.854505 5.685640 4.512780
19.600000 1 39.072280 21.698919 5.686710 4.514599
19.700000 1 39.071915 21.542414 5.687744 4.516429
19.800000 1 39.071567 21.386221 5.688739 4.518258
19.900000 1 39.071235 21.231391 5.689696 4.520075
20.000000 1 39.070918 21.078809 5.690614 4.521871
20.100000 1 39.070617 20.929206 5.691493 4.523637
20.200000 1 39.070330 20.783179 5.692332 4.525368
20.300000 1 39.070057 20.641199 5.693133 4.527056
20.400000 1 39.069797 20.503634 5.693897 4.528699
20.500000 1 39.069551 20.370754 5.694623 4.530293
20.600000 1 39.069317 20.242751 5.695314 4.531834
20.700000 1 39.069094 20.119746 5.695970 4.533322
20.800000 1 39.068883 20.001802 5.696592 4.534754
20.900000 1 39.068684 19.888931 5.697182 4.536130
21.000000 1 39.068494 19.781107 5.697740 4.537450
21.100000 1 39.068315 19.678265 5.698269 4.538714
21.200000 1 39.068145 19.580317 5.698769 4.539923
21.300000 1 39.067824 19.392695 5.699718 4.542251
21.400000 1 39.067538 19.224319 5.700560 4.544355
21.500000 1 39.067284 19.073811 5.701307 4.546249
21.600000 1 39.067059 18.939710 5.701967 4.547946
21.700000 1 39.066860 18.820550 5.702550 4.549462
21.800000 1 39.066684 18.714906 5.703065 4.550813
21.900000 1 39.066528 18.621423 5.703519 4.552014
22.000000 1 39.066254 18.455506 5.704319 4.554157
22.100000 1 39.066045 18.329157 5.704926 4.555801
22.200000 1 39.065887 18.233335 5.705384 4.557054
22.300000 1 39.065648 18.087920 5.706077 4.558966
22.400000 2 39.065406 17.509896 5.706777 4.566193
22.500000 2 39.065404 17.541488 5.706820 4.565812
22.600000 2 39.065398 17.653974 5.706974 4.564463
22.700000 2 39.065391 17.767181 5.707127 4.563113
22.800000 2 39.065384 17.881114 5.707280 4.561763
22.900000 2 39.065378 17.995778 5.707433 4.560414
23.000000 2 39.065371 18.111177 5.707587 4.559064
23.100000 2 39.065365 18.227316 5.707740 4.557714
23.200000 2 39.065358 18.344200 5.707893 4.556365
23.300000 2 39.065352 18.461833 5.708047 4.555015
23.400000 2 39.065345 18.580221 5.708200 4.553665
23.500000 2 39.065339 18.699367 5.708353 4.552315
23.600000 2 39.065333 18.819278 5.708507 4.550966
23.700000 2 39.065326 18.939958 5.708660 4.549616
23.800000 2 39.065320 19.061411 5.708813 4.548266
23.900000 2 39.065314 19.183644 5.708967 4.546917
24.000000 2 39.065308 19.306660 5.709120 4.545567
24.100000 2 39.065301 19.430465 5.709273 4.544217
24.200000 2 39.065295 19.555064 5.709427 4.542868
24.300000 2 39.065289 19.680462 5.709580 4.541518
24.400000 2 39.065283 19.806664 5.709733 4.540168
24.500000 2 39.065277 19.933675 5.709887 4.538819
24.600000 2 39.065271 20.061501 5.710040 4.537469
24.700000 2 39.065265 20.190146 5.710193 4.536119
24.800000 2 39.065259 20.319616 5.710346 4.534769
24.900000 2 39.065253 20.449917 5.710500 4.533420
25.000000 2 39.065248 20.581053 5.710653 4.532070
25.100000 2 39.065242 20.713030 5.710806 4.530720
25.200000 2 39.065236 20.845853 5.710960 4.529371
25.300000 2 39.065230 20.979528 5.711113 4.528021
25.400000 2 39.065225 21.114060 5.711266 4.526671
25.500000 2 39.065219 21.249455 5.711420 4.525322
25.600000 2 39.065213 21.385718 5.711573 4.523972
25.700000 2 39.065208 21.522855 5.711726 4.522622
25.800000 2 39.065202 21.660871 5.711880 4.521273
25.900000 2 39.065197 21.799773 5.712033 4.519923
26.000000 2 39.065191 21.939565 5.712186 4.518573
26.100000 2 39.065186 22.080253 5.712340 4.517223
26.200000 2 39.065181 22.221844 5.712493 4.515874
26.300000 2 39.065175 22.364342 5.712646 4.514524
26.400000 2 39.065170 22.507755 5.712800 4.513174
26.500000 2 39.065165 22.652087 5.712953 4.511825
26.600000 2 39.065160 22.797344 5.713106 4.510475
26.700000 2 39.065155 22.943533 5.713260 4.509125
26.800000 2 39.065150 23.090659 5.713413 4.507776
26.900000 2 39.065145 23.238729 5.713566 4.506426
27.000000 2 39.065140 23.387749 5.713720 4.505076
27.100000 2 39.065135 23.537724 5.713873 4.503727
27.200000 2 39.065130 23.688660 5.714027 4.502377
27.300000 2 39.065125 23.840565 5.714180 4.501027
27.400000 2 39.065120 23.993443 5.714333 4.499678
27.500000 2 39.065115 24.147302 5.714487 4.498328
27.600000 2 39.065111 24.302148 5.714640 4.496978
27.700000 2 39.065106 24.457987 5.714793 4.495629
27.800000 2 39.065101 24.614824 5.714947 4.494279
27.900000 2 39.065097 24.772668 5.715100 4.492929
28.000000 2 39.065092 24.931524 5.715253 4.491579
28.100000 2 39.065087 25.091398 5.715407 4.490230
28.200000 2 39.065083 25.252298 5.715560 4.488880
28.300000 2 39.065079 25.414230 5.715713 4.487530
28.400000 2 39.065074 25.577199 5.715867 4.486181
28.500000 2 39.065070 25.741214 5.716020 4.484831
28.600000 2 39.065066 25.906281 5.716173 4.483481
28.700000 2 39.065061 26.072406 5.716327 4.482132
28.800000 2 39.065057 26.239597 5.716480 4.480782
28.900000 2 39.065053 26.407859 5.716634 4.479432
29.000000 2 39.065049 26.577201 5.716787 4.478083
29.100000 2 39.065045 26.747628 5.716940 4.476733
29.200000 2 39.065041 26.919149 5.717094 4.475383
29.300000 2 39.065037 27.091769 5.717247 4.474034
29.400000 2 39.065033 27.265496 5.717400 4.472684
29.500000 2 39.065029 27.440338 5.717554 4.471334
29.600000 2 39.065025 27.616300 5.717707 4.469985
29.700000 2 39.065021 27.793391 5.717860 4.468635
29.800000 2 39.065017 27.971618 5.718014 4.467285
29.900000 2 39.065014 28.150987 5.718167 4.465936
30.000000 2 39.065010 28.331507 5.718321 4.464586
30.100000 2 39.065006 28.513184 5.718474 4.463236
30.200000 2 39.065003 28.696026 5.718627 4.461887
30.300000 2 39.064999 28.880041 5.718781 4.460537
30.400000 2 39.064995 29.065236 5.718934 4.459187
30.500000 2 39.064992 29.251618 5.719087 4.457837
30.600000 2 39.064988 29.439196 5.719241 4.456488
30.700000 2 39.064985 29.627976 5.719394 4.455138
30.800000 2 39.064982 29.817967 5.719548 4.453788
30.900000 2 39.064978 30.009177 5.719701 4.452439
31.000000 2 39.064975 30.201612 5.719854 4.451089
31.100000 2 39.064972 30.395282 5.720008 4.449739
31.200000 2 39.064969 30.590193 5.720161 4.448390
31.300000 2 39.064965 30.786355 5.720315 4.447040
31.400000 2 39.064962 30.983774 5.720468 4.445690
31.500000 2 39.064959 31.182459 5.720621 4.444341
31.600000 2 39.064956 31.382419 5.720775 4.442991
31.700000 2 39.064953 31.583660 5.720928 4.441641
31.800000 2 39.064950 31.786193 5.721081 4.440292
31.900000 2 39.064947 31.990024 5.721235 4.438942
32.000000 2 39.064944 32.195162 5.721388 4.437592
32.100000 2 39.064941 32.401615 5.721542 4.436243
32.200000 2 39.064939 32.609393 5.721695 4.434893
32.300000 2 39.064936 32.818502 5.721848 4.433543
32.400000 2 39.064933 33.028953 5.722002 4.432194
32.500000 2 39.064930 33.240753 5.722155 4.430844
32.600000 2 39.064927 33.453911 5.722309 4.429494
32.700000 2 39.064924 33.668437 5.722462 4.428145
32.800000 2 39.064921 33.884337 5.722615 4.426795
32.900000 2 39.064918 34.101623 5.722769 4.425445
33.000000 2 39.064915 34.320301 5.722922 4.424096
33.100000 2 39.064912 34.540382 5.723076 4.422746
33.200000 2 39.064909 34.761874 5.723229 4.421396
33.300000 2 39.064906 34.984787 5.723382 4.420047
33.400000 2 39.064903 35.209128 5.723536 4.418697
33.500000 2 39.064900 35.434909 5.723689 4.417347
33.600000 2 39.064898 35.662137 5.723842 4.415998
33.700000 2 39.064895 35.890822 5.723996 4.414648
33.800000 2 39.064892 36.120974 5.724149 4.413298
33.900000 2 39.064889 36.352602 5.724303 4.411948
34.000000 2 39.064886 36.585714 5.724456 4.410599
34.100000 2 39.064883 36.820322 5.724609 4.409249
34.200000 2 39.064880 37.056434 5.724763 4.407899
34.300000 2 39.064877 37.294060 5.724916 4.406550
34.400000 2 39.064874 37.533210 5.725070 4.405200
34.500000 2 39.064871 37.773893 5.725223 4.403850
34.600000 2 39.064868 38.016120 5.725376 4.402501
34.700000 2 39.064865 38.259900 5.725530 4.401151
34.800000 2 39.064862 38.505243 5.725683 4.399801
34.900000 2 39.064859 38.752160 5.725837 4.398452
35.000000 2 39.064856 39.000660 5.725990 4.397102
35.100000 2 39.064829 39.250713 5.726143 4.395752
35.200000 2 39.064803 39.502369 5.726296 4.394403
35.300000 2 39.064776 39.755638 5.726449 4.393053
35.400000 2 39.064749 40.010530 5.726601 4.391704
35.500000 2 39.064722 40.267056 5.726754 4.390354
35.600000 2 39.064695 40.525227 5.726907 4.389005
35.700000 2 39.064669 40.785052 5.727060 4.387655
35.800000 2 39.064642 41.046543 5.727213 4.386305
35.900000 2 39.064615 41.309709 5.727366 4.384956
36.000000 2 39.064588 41.574563 5.727519 4.383606
36.100000 2 39.064561 41.841114 5.727671 4.382257
36.200000 2 39.064534 42.109374 5.727824 4.380907
36.300000 2 39.064507 42.379353 5.727977 4.379558
36.400000 2 39.064480 42.651063 5.728130 4.378208
36.500000 2 39.064453 42.924514 5.728283 4.376859
36.600000 2 39.064426 43.199718 5.728436 4.375509
36.700000 2 39.064399 43.476685 5.728589 4.374160
36.800000 2 39.064372 43.755429 5.728741 4.372810
36.900000 2 39.064345 44.035958 5.728894 4.371460
37.000000 2 39.064318 44.318286 5.729047 4.370111
37.100000 2 39.064291 44.602424 5.729200 4.368761
37.200000 2 39.064264 44.888382 5.729353 4.367412
37.300000 2 39.064236 45.176174 5.729506 4.366062
37.400000 2 39.064209 45.465810 5.729659 4.364713
37.500000 2 39.064182 45.757302 5.729811 4.363363
37.600000 2 39.064155 46.050663 5.729964 4.362014
37.700000 2 39.064128 46.345904 5.730117 4.360664
37.800000 2 39.064100 46.643037 5.730270 4.359315
37.900000 2 39.064073 46.942075 5.730423 4.357965
38.000000 2 39.064046 47.243030 5.730576 4.356616
38.100000 2 39.064018 47.545913 5.730729 4.355266
38.200000 2 39.063991 47.850738 5.730881 4.353917
38.300000 2 39.063964 48.157517 5.731034 4.352567
38.400000 2 39.063936 48.466261 5.731187 4.351218
38.500000 2 39.063909 48.776985 5.731340 4.349868
38.600000 2 39.063882 49.089701 5.731493 4.348519
38.700000 2 39.063854 49.404421 5.731646 4.347169
38.800000 2 39.063827 49.721158 5.731799 4.345820
38.900000 2 39.063800 50.039926 5.731951 4.344470
39.000000 2 39.063773 50.360737 5.732104 4.343121
39.100000 2 39.063746 50.683605 5.732257 4.341771
39.200000 2 39.063719 51.008542 5.732410 4.340422
39.300000 2 39.063692 51.335562 5.732563 4.339072
39.400000 2 39.063666 51.664678 5.732716 4.337723
39.500000 2 39.063639 51.995904 5.732869 4.336373
39.600000 2 39.063612 52.329253 5.733022 4.335024
39.700000 2 39.063586 52.664739 5.733174 4.333674
39.800000 2 39.063559 53.002375 5.733327 4.332325
39.900000 2 39.063533 53.342176 5.733480 4.330975
40.000000 2 39.063507 53.684154 5.733633 4.329626
40.100000 2 39.063480 54.028325 5.733786 4.328276
40.200000 2 39.063454 54.374702 5.733939 4.326927
40.300000 2 39.063428 54.723299 5.734092 4.325577
40.400000 2 39.063402 55.074131 5.734245 4.324228
40.500000 2 39.063376 55.427212 5.734397 4.322878
40.600000 2 39.063350 55.782555 5.734550 4.321529
40.700000 2 39.063324 56.140177 5.734703 4.320179
40.800000 2 39.063298 56.500091 5.734856 4.318830
40.900000 2 39.063273 56.862312 5.735009 4.317481
41.000000 2 39.063247 57.226855 5.735162 4.316131
41.100000 2 39.063221 57.593735 5.735315 4.314782
41.200000 2 39.063196 57.962966 5.735468 4.313432
41.300000 2 39.063170 58.334564 5.735621 4.312083
41.400000 2 39.063145 58.708544 5.735774 4.310733
41.500000 2 39.063120 59.084921 5.735926 4.309384
41.600000 2 39.063094 59.463711 5.736079 4.308034
41.700000 2 39.063069 59.844929 5.736232 4.306685
41.800000 2 39.063044 60.228591 5.736385 4.305335
41.900000 2 39.063019 60.614711 5.736538 4.303986
42.000000 2 39.062994 61.003307 5.736691 4.302637
42.100000 2 39.062969 61.394394 5.736844 4.301287
42.200000 2 39.062944 61.787988 5.736997 4.299938
42.300000 2 39.062919 62.184104 5.737150 4.298588
42.400000 2 39.062894 62.582760 5.737303 4.297239
42.500000 2 39.062870 62.983971 5.737456 4.295889
42.600000 2 39.062845 63.387754 5.737608 4.294540
42.700000 2 39.062820 63.794125 5.737761 4.293191
42.800000 2 39.062796 64.203101 5.737914 4.291841
42.900000 2 39.062771 64.614698 5.738067 4.290492
43.000000 2 39.062747 65.028934 5.738220 4.289142
43.100000 2 39.062723 65.445825 5.738373 4.287793
43.200000 2 39.062698 65.865388 5.738526 4.286443
43.300000 2 39.062674 66.287641 5.738679 4.285094
43.400000 2 39.062650 66.712600 5.738832 4.283745
43.500000 2 39.062626 67.140283 5.738985 4.282395
43.600000 2 39.062602 67.570708 5.739138 4.281046
43.700000 2 39.062578 68.003892 5.739291 4.279696
43.800000 2 39.062554 68.439852 5.739444 4.278347
43.900000 2 39.062530 68.878607 5.739597 4.276998
44.000000 2 39.062506 69.320174 5.739749 4.275648
44.100000 2 39.062483 69.764572 5.739902 4.274299
44.200000 2 39.062459 70.211818 5.740055 4.272949
44.300000 2 39.062435 70.661931 5.740208 4.271600
44.400000 2 39.062412 71.114930 5.740361 4.270250
44.500000 2 39.062388 71.570832 5.740514 4.268901
44.600000 2 39.062365 72.029656 5.740667 4.267552
44.700000 2 39.062342 72.491422 5.740820 4.266202
44.800000 2 39.062318 72.956147 5.740973 4.264853
44.900000 2 39.062295 73.423851 5.741126 4.263503
45.000000 2 39.062272 73.894554 5.741279 4.262154
45.100000 2 39.062249 74.368273 5.741432 4.260805
45.200000 2 39.062226 74.845029 5.741585 4.259455
45.300000 2 39.062203 75.324841 5.741738 4.258106
45.400000 2 39.062180 75.807728 5.741891 4.256757
45.500000 2 39.062157 76.293711 5.742044 4.255407
45.600000 2 39.062134 76.782809 5.742197 4.254058
45.700000 2 39.062111 77.275042 5.742350 4.252708
45.800000 2 39.062089 77.770430 5.742503 4.251359
45.900000 2 39.062066 78.268993 5.742656 4.250010
46.000000 2 39.062043 78.770753 5.742808 4.248660
46.100000 2 39.062021 79.275728 5.742961 4.247311
46.200000 2 39.061998 79.783941 5.743114 4.245961
46.300000 2 39.061976 80.295411 5.743267 4.244612
46.400000 2 39.061953 80.810159 5.743420 4.243263
46.500000 2 39.061931 81.328207 5.743573 4.241913
46.600000 2 39.061909 81.849576 5.743726 4.240564
46.700000 2 39.061887 82.374287 5.743879 4.239215
46.800000 2 39.061864 82.902361 5.744032 4.237865
46.900000 2 39.061842 83.433820 5.744185 4.236516
47.000000 2 39.061820 83.968685 5.744338 4.235166
47.100000 2 39.061798 84.506979 5.744491 4.233817
47.200000 2 39.061776 85.048724 5.744644 4.232468
47.300000 2 39.061755 85.593941 5.744797 4.231118
47.400000 2 39.061733 86.142653 5.744950 4.229769
47.500000 2 39.061711 86.694882 5.745103 4.228420
47.600000 2 39.061689 87.250650 5.745256 4.227070
47.700000 2 39.061668 87.809982 5.745409 4.225721
47.800000 2 39.061646 88.372898 5.745562 4.224372
47.900000 2 39.061624 88.939423 5.745715 4.223022
48.000000 2 39.061603 89.509579 5.745868 4.221673
48.100000 2 39.061582 90.083389 5.746021 4.220323
48.200000 2 39.061560 90.660878 5.746174 4.218974
48.300000 2 39.061539 91.242069 5.746327 4.217625
48.400000 2 39.061518 91.826985 5.746480 4.216275
48.500000 2 39.061496 92.415650 5.746633 4.214926
48.600000 2 39.061475 93.008088 5.746786 4.213577
48.700000 2 39.061454 93.604324 5.746939 4.212227
48.800000 2 39.061433 94.204382 5.747092 4.210878
48.900000 2 39.061412 94.808286 5.747245 4.209529
49.000000 2 39.061391 95.416061 5.747398 4.208179
49.100000 2 39.061370 96.027732 5.747551 4.206830
49.200000 2 39.061349 96.643323 5.747704 4.205481
49.300000 2 39.061329 97.262861 5.747857 4.204131
49.400000 2 39.061308 97.886369 5.748010 4.202782
49.500000 2 39.061287 98.513875 5.748163 4.201433
49.600000 2 39.061267 99.145402 5.748316 4.200083
49.700000 2 39.061246 99.780978 5.748469 4.198734
49.800000 2 39.061225 100.420627 5.748622 4.197385
49.900000 2 39.061205 101.064377 5.748775 4.196035
50.000000 2 39.061185 101.712253 5.748928 4.194686
50.100000 2 39.061164 102.364282 5.749081 4.193337
50.200000 2 39.061144 103.020490 5.749234 4.191987
50.300000 2 39.061124 103.680904 5.749387 4.190638
50.400000 2 39.061103 104.345552 5.749540 4.189289
50.500000 2 39.061083 105.014460 5.749693 4.187939
50.600000 2 39.061063 105.687656 5.749846 4.186590
50.700000 2 39.061043 106.365166 5.749999 4.185241
50.800000 2 39.061023 107.047020 5.750152 4.183891
50.900000 2 39.061003 107.733244 5.750305 4.182542
51.000000 2 39.060983 108.423867 5.750458 4.181193
51.100000 2 39.060963 109.118916 5.750611 4.179843
51.200000 2 39.060944 109.818421 5.750764 4.178494
51.300000 2 39.060924 110.522410 5.750917 4.177145
51.400000 2 39.060904 111.230911 5.751071 4.175795
51.500000 2 39.060884 111.943953 5.751224 4.174446
51.600000 2 39.060865 112.661566 5.751377 4.173097
51.700000 2 39.060845 113.383779 5.751530 4.171748
51.800000 2 39.060826 114.110621 5.751683 4.170398
51.900000 2 39.060806 114.842122 5.751836 4.169049
52.000000 2 39.060787 115.578312 5.751989 4.167700
52.100000 2 39.060768 116.319220 5.752142 4.166350
52.200000 2 39.060748 117.064878 5.752295 4.165001
52.300000 2 39.060729 117.815316 5.752448 4.163652
52.400000 2 39.060710 118.570563 5.752601 4.162302
52.500000 2 39.060691 119.330652 5.752754 4.160953
52.600000 2 39.060672 120.095613 5.752907 4.159604
52.700000 2 39.060653 120.865477 5.753060 4.158254
52.800000 2 39.060633 121.640276 5.753213 4.156905
52.900000 2 39.060615 122.420041 5.753366 4.155556
53.000000 2 39.060596 123.204805 5.753519 4.154207
53.100000 2 39.060577 123.994599 5.753672 4.152857
53.200000 2 39.060558 124.789455 5.753825 4.151508
53.300000 2 39.060539 125.589406 5.753978 4.150159
53.400000 2 39.060520 126.394484 5.754131 4.148809
53.500000 2 39.060502 127.204724 5.754284 4.147460
53.600000 2 39.060483 128.020156 5.754438 4.146111
53.700000 2 39.060465 128.840816 5.754591 4.144761
53.800000 2 39.060446 129.666736 5.754744 4.143412
53.900000 2 39.060427 130.497950 5.754897 4.142063
54.000000 2 39.060409 131.334491 5.755050 4.140714
54.100000 2 39.060391 132.176395 5.755203 4.139364
54.200000 2 39.060372 133.023696 5.755356 4.138015
54.300000 2 39.060354 133.876427 5.755509 4.136666
54.400000 2 39.060336 134.734625 5.755662 4.135316
54.500000 2 39.060318 135.598323 5.755815 4.133967
54.600000 2 39.060299 136.467558 5.755968 4.132618
54.700000 2 39.060281 137.342364 5.756121 4.131269
54.800000 2 39.060263 138.222778 5.756274 4.129919
54.900000 2 39.060245 139.108835 5.756427 4.128570
55.000000 2 39.060227 140.000571 5.756580 4.127221
55.100000 2 39.060209 140.898024 5.756734 4.125871
55.200000 2 39.060191 141.801229 5.756887 4.124522
55.300000 2 39.060174 142.710223 5.757040 4.123173
55.400000 2 39.060156 143.625044 5.757193 4.121824
55.500000 2 39.060138 144.545729 5.757346 4.120474
55.600000 2 39.060120 145.472315 5.757499 4.119125
55.700000 2 39.060103 146.404840 5.757652 4.117776
55.800000 2 39.060085 147.343343 5.757805 4.116427
55.900000 2 39.060067 148.287862 5.757958 4.115077
56.000000 2 39.060050 149.238435 5.758111 4.113728
56.100000 2 39.060032 150.195101 5.758264 4.112379
56.200000 2 39.060015 151.157898 5.758417 4.111029
56.300000 2 39.059998 152.126868 5.758570 4.109680
56.400000 2 39.059980 153.102048 5.758724 4.108331
56.500000 2 39.059963 154.083479 5.758877 4.106982
56.600000 2 39.059946 155.071201 5.759030 4.105632
56.700000 2 39.059928 156.065254 5.759183 4.104283
56.800000 2 39.059911 157.065679 5.759336 4.102934
56.900000 2 39.059894 158.072516 5.759489 4.101585
57.000000 2 39.059877 159.085807 5.759642 4.100235
57.100000 2 39.059860 160.105594 5.759795 4.098886
57.200000 2 39.059843 161.131916 5.759948 4.097537
57.300000 2 39.059826 162.164818 5.760101 4.096188
57.400000 2 39.059769 163.203779 5.760254 4.094839
57.500000 2 39.059712 164.249389 5.760406 4.093490
57.600000 2 39.059655 165.301690 5.760558 4.092141
57.700000 2 39.059597 166.360724 5.760710 4.090793
57.800000 2 39.059539 167.426535 5.760862 4.089444
57.900000 2 39.059480 168.499165 5.761015 4.088095
58.000000 2 39.059421 169.578659 5.761167 4.086747
58.100000 2 39.059362 170.665059 5.761319 4.085398
58.200000 2 39.059303 171.758411 5.761471 4.084049
58.300000 2 39.059243 172.858758 5.761623 4.082701
58.400000 2 39.059183 173.966145 5.761776 4.081352
58.500000 2 39.059122 175.080618 5.761928 4.080003
58.600000 2 39.059062 176.202220 5.762080 4.078655
58.700000 2 39.059000 177.330998 5.762232 4.077306
58.800000 2 39.058939 178.466998 5.762384 4.075958
58.900000 2 39.058877 179.610265 5.762536 4.074609
59.000000 2 39.058815 180.760846 5.762688 4.073260
59.100000 2 39.058752 181.918788 5.762840 4.071912
59.200000 2 39.058689 183.084138 5.762993 4.070563
59.300000 2 39.058626 184.256942 5.763145 4.069215
59.400000 2 39.058563 185.437248 5.763297 4.067866
59.500000 2 39.058499 186.625105 5.763449 4.066518
59.600000 2 39.058434 187.820560 5.763601 4.065169
59.700000 2 39.058370 189.023662 5.763753 4.063821
59.800000 2 39.058305 190.234459 5.763905 4.062472
59.900000 2 39.058239 191.453001 5.764057 4.061124
60.000000 2 39.058173 192.679338 5.764209 4.059775
60.100000 2 39.058107 193.913518 5.764361 4.058427
60.200000 2 39.058041 195.155591 5.764513 4.057078
60.300000 2 39.057974 196.405609 5.764665 4.055730
60.400000 2 39.057907 197.663622 5.764817 4.054382
60.500000 2 39.057839 198.929680 5.764969 4.053033
60.600000 2 39.057771 200.203836 5.765121 4.051685
60.700000 2 39.057703 201.486140 5.765273 4.050336
60.800000 2 39.057634 202.776644 5.765425 4.048988
60.900000 2 39.057565 204.075402 5.765577 4.047640
61.000000 2 39.057495 205.382465 5.765729 4.046291
61.100000 2 39.057425 206.697887 5.765881 4.044943
61.200000 2 39.057355 208.021720 5.766033 4.043594
61.300000 2 39.057284 209.354018 5.766185 4.042246
61.400000 2 39.057213 210.694836 5.766337 4.040898
61.500000 2 39.057141 212.044228 5.766489 4.039550
61.600000 2 39.057069 213.402247 5.766641 4.038201
61.700000 2 39.056997 214.768950 5.766793 4.036853
61.800000 2 39.056924 216.144391 5.766945 4.035505
61.900000 2 39.056851 217.528627 5.767096 4.034156
62.000000 2 39.056778 218.921713 5.767248 4.032808
62.100000 2 39.056704 220.323705 5.767400 4.031460
62.200000 2 39.056634 221.634893 5.767541 4.030207
62.300000 2 39.056530 223.616299 5.767753 4.028327
62.400000 4 39.056425 225.617626 5.767967 4.026446
62.500000 4 39.056404 225.617600 5.767968 4.026446
62.600000 4 39.028756 225.599412 5.768659 4.026636
62.700000 4 39.001059 225.670840 5.769351 4.026741
62.800000 4 38.973304 225.921772 5.770043 4.026672
62.900000 4 38.945471 226.442868 5.770735 4.026345
63.000000 4 38.917535 227.326463 5.771427 4.025672
63.100000 4 38.889458 228.667845 5.772119 4.024568
63.200000 4 38.861195 230.566940 5.772810 4.022945
63.300000 4 38.846941 231.758628 5.773156 4.021912
63.400000 4 38.832615 233.130422 5.773502 4.020717
63.500000 4 38.818207 234.697150 5.773848 4.019349
63.600000 4 38.803707 236.474429 5.774194 4.017797
63.700000 4 38.789105 238.478779 5.774540 4.016051
63.800000 4 38.774389 240.727759 5.774886 4.014099
63.900000 4 38.766967 241.949786 5.775059 4.013043
64.000000 4 38.759512 243.240099 5.775232 4.011931
64.100000 4 38.752022 244.601250 5.775405 4.010762
64.200000 4 38.744493 246.035887 5.775578 4.009536
64.300000 4 38.736926 247.546762 5.775751 4.008250
64.400000 4 38.729317 249.136730 5.775924 4.006903
64.500000 4 38.721666 250.808763 5.776097 4.005493
64.600000 4 38.713969 252.565953 5.776270 4.004021
64.700000 4 38.706225 254.411522 5.776442 4.002483
64.800000 4 38.698432 256.348830 5.776615 4.000879
64.900000 4 38.690587 258.381380 5.776788 3.999207
65.000000 4 38.682687 260.512832 5.776961 3.997466
65.100000 4 38.674732 262.747008 5.777134 3.995655
65.200000 4 38.666718 265.087907 5.777307 3.993772
65.300000 4 38.658642 267.539711 5.777480 3.991816
65.400000 4 38.650502 270.106798 5.777653 3.989786
65.500000 4 38.642295 272.793757 5.777826 3.987680
65.600000 4 38.638156 274.183680 5.777913 3.986598
65.700000 4 38.634000 275.605394 5.777999 3.985496
65.800000 4 38.629825 277.059534 5.778086 3.984375
65.900000 4 38.625631 278.546755 5.778172 3.983235
66.000000 4 38.529067 280.029337 5.778257 3.982103
66.100000 4 38.432744 281.542424 5.778341 3.980954
66.200000 4 38.336663 283.086485 5.778426 3.979787
66.300000 4 38.240821 284.661995 5.778510 3.978603
66.400000 4 38.145219 286.269443 5.778594 3.977401
66.500000 4 38.049856 287.909324 5.778677 3.976182
66.600000 4 37.954732 289.582144 5.778761 3.974945
66.700000 4 37.859845 291.288419 5.778844 3.973690
66.800000 4 37.765195 293.028675 5.778927 3.972417
66.900000 4 37.670782 294.803448 5.779010 3.971127
67.000000 4 37.576605 296.613286 5.779093 3.969818
67.100000 4 37.482664 298.458746 5.779175 3.968492
67.200000 4 37.388957 300.340398 5.779257 3.967148
67.300000 4 37.295485 302.258824 5.779339 3.965786
67.400000 4 37.202246 304.214614 5.779421 3.964406
67.500000 4 37.109241 306.208374 5.779503 3.963008
67.600000 4 37.016468 308.240722 5.779584 3.961592
67.700000 4 36.923927 310.312285 5.779666 3.960157
67.800000 4 36.831617 312.423706 5.779747 3.958705
67.900000 4 36.739538 314.575641 5.779827 3.957235
68.000000 4 36.647689 316.768759 5.779908 3.955746
68.100000 4 36.556070 319.003743 5.779988 3.954240
68.200000 4 36.464680 321.281288 5.780069 3.952715
68.300000 4 36.373518 323.602107 5.780149 3.951172
68.400000 4 36.282584 325.966926 5.780228 3.949611
68.500000 4 36.191878 328.376485 5.780308 3.948032
68.600000 4 36.101398 330.831540 5.780388 3.946434
68.700000 4 36.011145 333.332865 5.780467 3.944818
68.800000 4 35.921117 335.881248 5.780546 3.943184
68.900000 4 35.831314 338.477493 5.780625 3.941532
69.000000 4 35.741736 341.122423 5.780703 3.939861
69.100000 4 35.652382 343.816876 5.780782 3.938172
69.200000 4 35.563251 346.561710 5.780860 3.936465
69.300000 4 35.474343 349.357799 5.780938 3.934740
69.400000 4 35.385657 352.206037 5.781016 3.932996
69.500000 4 35.297193 355.107337 5.781093 3.931234
69.600000 4 35.208950 358.062629 5.781171 3.929454
69.700000 4 35.120928 361.072866 5.781248 3.927655
69.800000 4 35.033126 364.139019 5.781325 3.925838
69.900000 4 34.945543 367.262080 5.781402 3.924003
70.000000 4 34.858179 370.443064 5.781479 3.922149
70.100000 4 34.771034 373.683006 5.781555 3.920278
70.200000 4 34.684106 376.982963 5.781631 3.918388
70.300000 4 34.597396 380.344016 5.781708 3.916479
70.400000 4 34.510903 383.767267 5.781783 3.914552
70.500000 4 34.424625 387.253844 5.781859 3.912607
70.600000 4 34.338564 390.804899 5.781935 3.910644
70.700000 4 34.252717 394.421607 5.782010 3.908663
70.800000 4 34.167086 398.105170 5.782085 3.906663
70.900000 4 34.081668 401.856817 5.782160 3.904645
71.000000 4 33.996464 405.677800 5.782235 3.902609
71.100000 4 33.911473 409.569402 5.782310 3.900554
71.200000 4 33.826694 413.532931 5.782384 3.898482
71.300000 4 33.742128 417.569726 5.782458 3.896391
71.400000 4 33.657772 421.681153 5.782532 3.894282
71.500000 4 33.573628 425.868609 5.782606 3.892154
71.600000 4 33.531661 427.989958 5.782643 3.891085
71.700000 4 33.489746 430.130827 5.782680 3.890010
71.800000 4 33.447884 432.291400 5.782716 3.888931
71.900000 4 33.406074 434.471860 5.782753 3.887848
72.000000 4 33.364317 436.672395 5.782790 3.886760
72.100000 4 33.322612 438.893195 5.782826 3.885668
72.200000 4 33.280958 441.134449 5.782863 3.884571
72.300000 4 33.239357 443.396351 5.782899 3.883469
72.400000 4 33.197808 445.679096 5.782936 3.882363
72.500000 4 33.156311 447.982882 5.782972 3.881253
72.600000 4 33.114865 450.307908 5.783009 3.880138
72.700000 4 33.073472 452.654376 5.783045 3.879018
72.800000 4 33.032130 455.022489 5.783081 3.877894
72.900000 4 32.990840 457.412454 5.783118 3.876766
73.000000 4 32.949601 459.824479 5.783154 3.875633
73.100000 4 32.908414 462.258775 5.783190 3.874495
73.200000 4 32.867279 464.715555 5.783226 3.873353
73.300000 4 32.826195 467.195033 5.783262 3.872207
73.400000 4 32.785162 469.697428 5.783298 3.871056
73.500000 4 32.744181 472.222959 5.783334 3.869901
73.600000 4 32.703251 474.771850 5.783370 3.868741
73.700000 4 32.662371 477.344324 5.783406 3.867576
73.800000 4 32.621544 479.940610 5.783442 3.866407
73.900000 4 32.580767 482.560937 5.783478 3.865234
74.000000 4 32.540041 485.205538 5.783513 3.864056
74.100000 4 32.499366 487.874648 5.783549 3.862874
74.200000 4 32.458742 490.568503 5.783585 3.861687
74.300000 4 32.418168 493.287345 5.783620 3.860496
74.400000 4 32.377645 496.031417 5.783656 3.859300
74.500000 4 32.337173 498.800963 5.783691 3.858100
74.600000 4 32.296752 501.596232 5.783727 3.856895
74.700000 4 32.256381 504.417475 5.783762 3.855686
74.800000 4 32.216061 507.264946 5.783798 3.854473
74.900000 4 32.175791 510.138901 5.783833 3.853255
75.000000 4 32.135571 513.039600 5.783868 3.852032
75.100000 4 32.095401 515.967305 5.783904 3.850805
75.200000 4 32.055282 518.922281 5.783939 3.849574
75.300000 4 32.015213 521.904797 5.783974 3.848338
75.400000 4 31.975194 524.915123 5.784009 3.847098
75.500000 4 31.935225 527.953534 5.784044 3.845854
75.600000 4 31.895306 531.020306 5.784079 3.844605
75.700000 4 31.855437 534.115721 5.784114 3.843351
75.800000 4 31.815618 537.240061 5.784149 3.842094
75.900000 4 31.775848 540.393613 5.784184 3.840831
76.000000 4 31.736129 543.576668 5.784219 3.839565
76.100000 4 31.696458 546.789517 5.784254 3.838294
76.200000 4 31.656838 550.032456 5.784288 3.837019
76.300000 4 31.617267 553.305787 5.784323 3.835739
76.400000 4 31.577745 556.609811 5.784358 3.834455
76.500000 4 31.538273 559.944835 5.784392 3.833166
76.600000 4 31.498850 563.311168 5.784427 3.831873
76.700000 4 31.459477 566.709124 5.784462 3.830576
76.800000 4 31.420153 570.139019 5.784496 3.829274
76.900000 4 31.380877 573.601174 5.784531 3.827968
77.000000 4 31.341651 577.095912 5.784565 3.826658
77.100000 4 31.302474 580.623561 5.784599 3.825343
77.200000 4 31.263346 584.184452 5.784634 3.824024
77.300000 4 31.224267 587.778920 5.784668 3.822701
77.400000 4 31.185237 591.407303 5.784702 3.821373
77.500000 4 31.146255 595.069945 5.784737 3.820041
77.600000 4 31.107322 598.767190 5.784771 3.818704
77.700000 4 31.068438 602.499390 5.784805 3.817363
77.800000 4 31.029603 606.266898 5.784839 3.816018
77.900000 4 30.990816 610.070073 5.784873 3.814669
78.000000 4 30.952077 613.909276 5.784907 3.813315
78.100000 4 30.913387 617.784874 5.784941 3.811957
78.200000 4 30.874746 621.697238 5.784975 3.810595
78.300000 4 30.836152 625.646742 5.785009 3.809228
78.400000 4 30.797607 629.633764 5.785043 3.807857
78.500000 4 30.759110 633.658688 5.785076 3.806482
78.600000 4 30.720661 637.721901 5.785110 3.805102
78.700000 4 30.682260 641.823794 5.785144 3.803719
78.800000 4 30.643908 645.964765 5.785177 3.802331
78.900000 4 30.605603 650.145214 5.785211 3.800938
79.000000 4 30.567346 654.365546 5.785245 3.799542
79.100000 4 30.529137 658.626171 5.785278 3.798141
79.200000 4 30.490975 662.927503 5.785312 3.796735
79.300000 4 30.452862 667.269962 5.785345 3.795326
79.400000 4 30.414795 671.653972 5.785379 3.793912
79.500000 4 30.376777 676.079961 5.785412 3.792495
79.600000 4 30.338806 680.548363 5.785445 3.791072
79.700000 4 30.300883 685.059617 5.785479 3.789646
79.800000 4 30.263007 689.614167 5.785512 3.788215
79.900000 4 30.225178 694.212460 5.785545 3.786781
80.000000 4 30.187396 698.854952 5.785578 3.785342
80.100000 4 30.149662 703.542100 5.785611 3.783898
80.200000 4 30.111975 708.274369 5.785644 3.782451
80.300000 4 30.074335 713.052229 5.785677 3.780999
80.400000 4 30.036742 717.876155 5.785710 3.779543
80.500000 4 29.999196 722.746626 5.785743 3.778083
80.600000 4 29.961697 727.664128 5.785776 3.776619
80.700000 4 29.924245 732.629154 5.785809 3.775151
80.800000 4 29.886840 737.642200 5.785842 3.773678
80.900000 4 29.849482 742.703768 5.785875 3.772201
81.000000 4 29.812170 747.814367 5.785907 3.770721
81.100000 4 29.774905 752.974512 5.785940 3.769235
81.200000 4 29.737686 758.184722 5.785973 3.767746
81.300000 4 29.700514 763.445524 5.786005 3.766253
81.400000 4 29.663388 768.757450 5.786038 3.764755
81.500000 4 29.626309 774.121038 5.786071 3.763254
81.600000 4 29.589276 779.536833 5.786103 3.761748
81.700000 4 29.552290 785.005386 5.786136 3.760238
81.800000 4 29.515349 790.527253 5.786168 3.758724
81.900000 4 29.478455 796.102999 5.786200 3.757206
82.000000 4 29.441607 801.733193 5.786233 3.755684
82.100000 4 29.404805 807.418412 5.786265 3.754157
82.200000 4 29.368049 813.159239 5.786297 3.752627
82.300000 4 29.331339 818.956265 5.786329 3.751093
82.400000 4 29.294675 824.810086 5.786362 3.749554
82.500000 4 29.258057 830.721306 5.786394 3.748011
82.600000 4 29.221484 836.690535 5.786426 3.746465
82.700000 4 29.184957 842.718391 5.786458 3.744914
82.800000 4 29.148476 848.805500 5.786490 3.743359
82.900000 4 29.112041 854.952494 5.786522 3.741800
83.000000 4 29.075651 861.160011 5.786554 3.740237
83.100000 4 29.039306 867.428700 5.786586 3.738670
83.200000 4 29.003007 873.759214 5.786618 3.737099
83.300000 4 28.966753 880.152215 5.786649 3.735524
83.400000 4 28.930545 886.608373 5.786681 3.733945
83.500000 4 28.894382 893.128366 5.786713 3.732362
83.600000 4 28.858264 899.712879 5.786745 3.730775
83.700000 4 28.822191 906.362605 5.786776 3.729184
83.800000 4 28.786163 913.078246 5.786808 3.727589
83.900000 4 28.750180 919.860511 5.786840 3.725989
84.000000 4 28.714243 926.710119 5.786871 3.724386
84.100000 4 28.678350 933.627794 5.786903 3.722779
84.200000 4 28.642502 940.614273 5.786934 3.721168
84.300000 4 28.606699 947.670298 5.786965 3.719553
84.400000 4 28.570941 954.796622 5.786997 3.717934
84.500000 4 28.535227 961.994004 5.787028 3.716311
84.600000 4 28.499558 969.263215 5.787060 3.714685
84.700000 4 28.463934 976.605033 5.787091 3.713054
84.800000 4 28.428354 984.020246 5.787122 3.711419
84.900000 4 28.392818 991.509651 5.787153 3.709780
85.000000 4 28.357327 999.074053 5.787184 3.708138
85.100000 4 28.321881 1006.714270 5.787215 3.706491
85.200000 4 28.286478 1014.431125 5.787247 3.704841
85.300000 4 28.251120 1022.225455 5.787278 3.703187
85.400000 4 28.215806 1030.098103 5.787309 3.701528
85.500000 4 28.180537 1038.049925 5.787340 3.699866
85.600000 4 28.145311 1046.081785 5.787370 3.698200
85.700000 4 28.110129 1054.194557 5.787401 3.696531
85.800000 4 28.074992 1062.389128 5.787432 3.694857
85.900000 4 28.039898 1070.666392 5.787463 3.693179
86.000000 4 28.004848 1079.027256 5.787494 3.691498
86.100000 4 27.969842 1087.472636 5.787524 3.689813
86.200000 4 27.934880 1096.003461 5.787555 3.688123
86.300000 4 27.899961 1104.620667 5.787586 3.686430
86.400000 4 27.865086 1113.325206 5.787616 3.684734
86.500000 4 27.830255 1122.118037 5.787647 3.683033
86.600000 4 27.795467 1131.000133 5.787677 3.681329
86.700000 4 27.760723 1139.972478 5.787708 3.679620
86.800000 4 27.726022 1149.036066 5.787738 3.677908
86.900000 4 27.691365 1158.191904 5.787769 3.676193
87.000000 4 27.656751 1167.441011 5.787799 3.674473
87.100000 4 27.622180 1176.784419 5.787830 3.672750
87.200000 4 27.587652 1186.223170 5.787860 3.671022
87.300000 4 27.553167 1195.758319 5.787890 3.669291
87.400000 4 27.518726 1205.390935 5.787920 3.667557
87.500000 4 27.484328 1215.122098 5.787951 3.665818
87.600000 4 27.449972 1224.952901 5.787981 3.664076
87.700000 4 27.415660 1234.884451 5.788011 3.662330
87.800000 4 27.381390 1244.917868 5.788041 3.660580
87.900000 4 27.347164 1255.054284 5.788071 3.658827
88.000000 4 27.312980 1265.294845 5.788101 3.657070
88.100000 4 27.278838 1275.640711 5.788131 3.655309
88.200000 4 27.244740 1286.093056 5.788161 3.653545
88.300000 4 27.210684 1296.653068 5.788191 3.651776
88.400000 4 27.176671 1307.321948 5.788221 3.650004
88.500000 4 27.142700 1318.100911 5.788250 3.648229
88.600000 4 27.108772 1328.991190 5.788280 3.646450
88.700000 4 27.074886 1339.994028 5.788310 3.644667
88.800000 4 27.041042 1351.110686 5.788340 3.642880
88.900000 4 27.007241 1362.342439 5.788369 3.641090
89.000000 4 26.973482 1373.690577 5.788399 3.639296
89.100000 4 26.939765 1385.156406 5.788429 3.637498
89.200000 4 26.906090 1396.741247 5.788458 3.635697
89.300000 4 26.872458 1408.446437 5.788488 3.633892
89.400000 4 26.838867 1420.273328 5.788517 3.632084
89.500000 4 26.805319 1432.223291 5.788547 3.630272
89.600000 4 26.771812 1444.297711 5.788576 3.628456
89.700000 4 26.738347 1456.497989 5.788605 3.626637
89.800000 4 26.704924 1468.825545 5.788635 3.624814
89.900000 4 26.671543 1481.281814 5.788664 3.622988
90.000000 4 26.638204 1493.868250 5.788693 3.621158
90.100000 4 26.604906 1506.586323 5.788722 3.619324
90.200000 4 26.571650 1519.437521 5.788752 3.617487
90.300000 4 26.538435 1532.423350 5.788781 3.615646
90.400000 4 26.505262 1545.545335 5.788810 3.613802
90.500000 4 26.472131 1558.805017 5.788839 3.611954
90.600000 4 26.439041 1572.203957 5.788868 3.610103
90.700000 4 26.405992 1585.743736 5.788897 3.608248
90.800000 4 26.372984 1599.425951 5.788926 3.606390
90.900000 4 26.340018 1613.252220 5.788955 3.604528
91.000000 4 26.307093 1627.224181 5.788984 3.602663
91.100000 4 26.274209 1641.343491 5.789013 3.600794
91.200000 4 26.241367 1655.611827 5.789041 3.598922
91.300000 4 26.208565 1670.030885 5.789070 3.597046
91.400000 4 26.175804 1684.602383 5.789099 3.595167
91.500000 4 26.143085 1699.328060 5.789128 3.593284
91.600000 4 26.110406 1714.209674 5.789156 3.591398
91.700000 4 26.077768 1729.249007 5.789185 3.589508
91.800000 4 26.045171 1744.447860 5.789214 3.587615
91.900000 4 26.012614 1759.808056 5.789242 3.585718
92.000000 4 25.980098 1775.331442 5.789271 3.583819
92.100000 4 25.947623 1791.019884 5.789299 3.581915
92.200000 4 25.915189 1806.875275 5.789328 3.580008
92.300000 4 25.882795 1822.899527 5.789356 3.578098
92.400000 4 25.850441 1839.094577 5.789385 3.576185
92.500000 4 25.818128 1855.462384 5.789413 3.574268
92.600000 4 25.785856 1872.004933 5.789441 3.572347
92.700000 4 25.753624 1888.724231 5.789470 3.570424
92.800000 4 25.721432 1905.622309 5.789498 3.568497
92.900000 4 25.689280 1922.701226 5.789526 3.566566
93.000000 4 25.657168 1939.963061 5.789554 3.564632
93.100000 4 25.400597 1956.885017 5.789779 3.562803
93.200000 4 25.146591 1956.885017 5.790002 3.562858
93.300000 4 24.895125 1956.885017 5.790223 3.562914
93.400000 4 24.646174 1956.885017 5.790442 3.562968
93.500000 4 24.399713 1956.885017 5.790658 3.563022
93.600000 4 24.155716 1956.885017 5.790872 3.563076
93.700000 4 23.914159 1956.885017 5.791084 3.563129
93.800000 4 23.675018 1956.885017 5.791294 3.563181
93.900000 4 23.438268 1956.885017 5.791502 3.563233
94.000000 4 23.203885 1956.885017 5.791707 3.563285
94.100000 4 22.971847 1956.885017 5.791911 3.563336
94.200000 4 22.742129 1956.885017 5.792113 3.563386
94.300000 4 22.514708 1956.885017 5.792312 3.563436
94.400000 4 22.289561 1956.885017 5.792510 3.563485
94.500000 4 22.066665 1956.885017 5.792706 3.563534
94.600000 4 21.845999 1956.885017 5.792899 3.563583
94.700000 4 21.627539 1956.885017 5.793091 3.563631
94.800000 4 21.411264 1956.885017 5.793281 3.563678
94.900000 4 21.197152 1956.885017 5.793469 3.563725
95.000000 4 20.985180 1956.885017 5.793655 3.563772
95.100000 4 20.775329 1956.885017 5.793839 3.563818
95.200000 4 20.567576 1956.885017 5.794021 3.563863
95.300000 4 20.361900 1956.885017 5.794202 3.563908
95.400000 4 20.158281 1956.885017 5.794380 3.563953
95.500000 4 19.956699 1956.885017 5.794557 3.563997
95.600000 4 19.757132 1956.885017 5.794733 3.564041
95.700000 4 19.559561 1956.885017 5.794906 3.564084
95.800000 4 19.363966 1956.885017 5.795078 3.564127
95.900000 4 19.170326 1956.885017 5.795248 3.564170
96.000000 4 18.978623 1956.885017 5.795416 3.564212
96.100000 4 18.788837 1956.885017 5.795582 3.564253
96.200000 4 18.600949 1956.885017 5.795747 3.564295
96.300000 4 18.414940 1956.885017 5.795910 3.564336
96.400000 4 18.230791 1956.885017 5.796072 3.564376
96.500000 4 18.048483 1956.885017 5.796232 3.564416
96.600000 4 17.867999 1956.885017 5.796390 3.564456
96.700000 4 17.689319 1956.885017 5.796547 3.564495
96.800000 4 17.512426 1956.885017 5.796702 3.564534
96.900000 4 17.337302 1956.885017 5.796856 3.564572
97.000000 4 17.163929 1956.885017 5.797008 3.564610
97.100000 4 16.992290 1956.885017 5.797159 3.564648
97.200000 4 16.822367 1956.885017 5.797308 3.564685
97.300000 4 16.654144 1956.885017 5.797455 3.564722
97.400000 4 16.487603 1956.885017 5.797601 3.564758
97.500000 4 16.322727 1956.885017 5.797745 3.564794
97.600000 4 16.159500 1956.885017 5.797887 3.564830
97.700000 4 15.997905 1956.885017 5.798027 3.564865
97.800000 4 15.837926 1956.885017 5.798164 3.564899
97.900000 4 15.679547 1956.885017 5.798295 3.564932
98.000000 4 15.522752 1956.885017 5.798412 3.564961
98.100000 4 15.367525 1956.885017 5.798467 3.564975
98.200000 4 15.290687 1956.885017 5.798385 3.564954
98.300000 4 15.252461 1956.885017 5.798239 3.564918
98.400000 4 15.247694 1956.885017 5.798210 3.564910
98.500000 4 15.246503 1949.694764 5.798202 3.565708
98.600000 4 15.245312 1935.341417 5.798195 3.567310
98.700000 4 15.244121 1920.788738 5.798186 3.568947
98.800000 4 15.242930 1906.034616 5.798178 3.570620
98.900000 4 15.241739 1891.076985 5.798170 3.572328
99.000000 4 15.240548 1875.913833 5.798161 3.574074
99.100000 4 15.239358 1860.543208 5.798152 3.575859
99.200000 4 15.238167 1844.963219 5.798142 3.577682
99.300000 4 15.236977 1829.172048 5.798133 3.579546
99.400000 4 15.235786 1813.167956 5.798123 3.581452
99.500000 4 15.234596 1796.949288 5.798113 3.583401
99.600000 4 15.233406 1780.514483 5.798102 3.585393
99.700000 4 15.232216 1763.862081 5.798092 3.587431
99.800000 4 15.231026 1746.990732 5.798081 3.589515
99.900000 4 15.229836 1729.899205 5.798069 3.591647
100.000000 4 15.229241 1721.270694 5.798063 3.592732
100.100000 4 15.228646 1712.587079 5.798058 3.593829
100.200000 4 15.228051 1703.847907 5.798052 3.594938
100.300000 4 15.227456 1695.053072 5.798046 3.596060
100.400000 4 15.226862 1686.202475 5.798039 3.597196
100.500000 4 15.226267 1677.296031 5.798033 3.598344
100.600000 4 15.225672 1668.333663 5.798027 3.599506
100.700000 4 15.225077 1659.315303 5.798020 3.600681
100.800000 4 15.224483 1650.240897 5.798014 3.601870
100.900000 4 15.223888 1641.110402 5.798007 3.603073
101.000000 4 15.223293 1631.923785 5.798001 3.604291
101.100000 4 15.222699 1622.681026 5.797994 3.605522
101.200000 4 15.222104 1613.382118 5.797987 3.606769
101.300000 4 15.221509 1604.027068 5.797980 3.608030
101.400000 4 15.220915 1594.615894 5.797973 3.609306
101.500000 4 15.220320 1585.148629 5.797965 3.610597
101.600000 4 15.219726 1575.625321 5.797958 3.611904
101.700000 4 15.219131 1566.046031 5.797951 3.613226
101.800000 4 15.218537 1556.410836 5.797943 3.614564
101.900000 4 15.217942 1546.719829 5.797935 3.615919
102.000000 4 15.217348 1536.973119 5.797928 3.617289
102.100000 4 15.216753 1527.170830 5.797920 3.618677
102.200000 4 15.216159 1517.313106 5.797912 3.620081
102.300000 4 15.215565 1507.400104 5.797904 3.621502
102.400000 4 15.214970 1497.432003 5.797895 3.622941
102.500000 4 15.214376 1487.408998 5.797887 3.624397
102.600000 4 15.213782 1477.331304 5.797878 3.625871
102.700000 4 15.213188 1467.199155 5.797870 3.627363
102.800000 4 15.212593 1457.012806 5.797861 3.628874
102.900000 4 15.211999 1446.772530 5.797852 3.630403
103.000000 4 15.211405 1436.478624 5.797843 3.631952
103.100000 4 15.210811 1426.131404 5.797834 3.633519
103.200000 4 15.210217 1415.731209 5.797824 3.635106
103.300000 4 15.209622 1405.278402 5.797815 3.636713
103.400000 4 15.209028 1394.773366 5.797805 3.638340
103.500000 4 15.208434 1384.216511 5.797795 3.639987
103.600000 4 15.207840 1373.608269 5.797785 3.641655
103.700000 4 15.207246 1362.949097 5.797775 3.643345
103.800000 4 15.206652 1352.239479 5.797765 3.645055
103.900000 4 15.206058 1341.479923 5.797754 3.646787
104.000000 4 15.205464 1330.670965 5.797744 3.648541
104.100000 4 15.204870 1319.813167 5.797733 3.650318
104.200000 4 15.204276 1308.907119 5.797722 3.652117
104.300000 4 15.203682 1297.953439 5.797711 3.653939
