t Ka M R logL logTeff
500.000000 0 0.500084 0.455711 -1.322447 3.601184
1000.000000 0 0.500084 0.456765 -1.320145 3.601258
1500.000000 0 0.500084 0.457822 -1.317767 3.601350
2000.000000 0 0.500084 0.458883 -1.315314 3.601461
2500.000000 0 0.500084 0.459947 -1.312786 3.601590
3000.000000 0 0.500084 0.461016 -1.310182 3.601737
3500.000000 0 0.500084 0.462089 -1.307504 3.601902
4000.000000 0 0.500084 0.463168 -1.304749 3.602084
4500.000000 0 0.500084 0.464252 -1.301920 3.602284
5000.000000 0 0.500084 0.465341 -1.299015 3.602501
5500.000000 0 0.500084 0.466437 -1.296034 3.602736
6000.000000 0 0.500084 0.467539 -1.292979 3.602987
6500.000000 0 0.500084 0.468648 -1.289848 3.603255
7000.000000 0 0.500084 0.469765 -1.286641 3.603540
7500.000000 0 0.500084 0.470889 -1.283359 3.603842
8000.000000 0 0.500084 0.472021 -1.280002 3.604159
8500.000000 0 0.500084 0.473162 -1.276570 3.604493
9000.000000 0 0.500084 0.474312 -1.273062 3.604843
9500.000000 0 0.500084 0.475471 -1.269479 3.605209
10000.000000 0 0.500084 0.476640 -1.265820 3.605590
10500.000000 0 0.500084 0.477820 -1.262086 3.605987
11000.000000 0 0.500084 0.479009 -1.258277 3.606399
11500.000000 0 0.500084 0.480211 -1.254392 3.606827
12000.000000 0 0.500084 0.481423 -1.250432 3.607269
12500.000000 0 0.500084 0.482648 -1.246397 3.607726
13000.000000 0 0.500084 0.483885 -1.242286 3.608198
13500.000000 0 0.500084 0.485135 -1.238100 3.608684
14000.000000 0 0.500084 0.486398 -1.233838 3.609185
14500.000000 0 0.500084 0.487675 -1.229501 3.609700
15000.000000 0 0.500084 0.488967 -1.225088 3.610229
15500.000000 0 0.500084 0.490273 -1.220600 3.610772
16000.000000 0 0.500084 0.491594 -1.216036 3.611328
16500.000000 0 0.500084 0.492931 -1.211396 3.611898
17000.000000 0 0.500084 0.494285 -1.206680 3.612482
17500.000000 0 0.500084 0.495655 -1.201889 3.613078
18000.000000 0 0.500084 0.497043 -1.197021 3.613688
18500.000000 0 0.500084 0.498449 -1.192077 3.614311
19000.000000 0 0.500084 0.499872 -1.187057 3.614947
19500.000000 0 0.500084 0.501315 -1.181959 3.615595
20000.000000 0 0.500084 0.502778 -1.176784 3.616256
20500.000000 0 0.500084 0.504261 -1.171532 3.616930
21000.000000 0 0.500084 0.505764 -1.166202 3.617616
21500.000000 0 0.500084 0.507290 -1.160793 3.618314
22000.000000 0 0.500084 0.508837 -1.155304 3.619025
22500.000000 0 0.500084 0.510407 -1.149736 3.619748
23000.000000 0 0.500084 0.512001 -1.144086 3.620484
23500.000000 0 0.500084 0.513619 -1.138354 3.621231
24000.000000 0 0.500084 0.515263 -1.132538 3.621992
24500.000000 0 0.500084 0.516933 -1.126637 3.622764
25000.000000 0 0.500084 0.518630 -1.120650 3.623549
25500.000000 0 0.500084 0.520355 -1.114573 3.624348
26000.000000 0 0.500084 0.522109 -1.108405 3.625159
26500.000000 0 0.500084 0.523894 -1.102144 3.625983
27000.000000 0 0.500084 0.525710 -1.095786 3.626821
27500.000000 0 0.500084 0.527559 -1.089327 3.627673
28000.000000 0 0.500084 0.529443 -1.082764 3.628540
28500.000000 0 0.500084 0.531363 -1.076092 3.629422
29000.000000 0 0.500084 0.533320 -1.069307 3.630320
29500.000000 0 0.500084 0.535317 -1.062402 3.631234
30000.000000 0 0.500084 0.537356 -1.055371 3.632167
30500.000000 0 0.500084 0.539439 -1.048206 3.633118
31000.000000 0 0.500084 0.541568 -1.040901 3.634089
31500.000000 0 0.500084 0.543747 -1.033444 3.635081
32000.000000 0 0.500084 0.545977 -1.025826 3.636097
32500.000000 0 0.500084 0.548263 -1.018036 3.637137
33000.000000 0 0.500084 0.550608 -1.010060 3.638204
33500.000000 0 0.500084 0.553016 -1.001885 3.639300
34000.000000 0 0.500084 0.555491 -0.993495 3.640428
34500.000000 0 0.500084 0.558038 -0.984871 3.641591
35000.000000 0 0.500084 0.560662 -0.975995 3.642791
35500.000000 0 0.500084 0.563370 -0.966844 3.644033
36000.000000 0 0.500084 0.566167 -0.957395 3.645320
36500.000000 0 0.500084 0.569061 -0.947621 3.646656
37000.000000 0 0.500084 0.572059 -0.937494 3.648047
37500.000000 0 0.500084 0.575170 -0.926982 3.649497
38000.000000 0 0.500084 0.578404 -0.916048 3.651013
38500.000000 0 0.500084 0.581772 -0.904655 3.652600
39000.000000 0 0.500084 0.585285 -0.892761 3.654267
39500.000000 0 0.500084 0.588956 -0.880318 3.656020
40000.000000 0 0.500084 0.592800 -0.867276 3.657867
40500.000000 0 0.500084 0.596835 -0.853581 3.659818
41000.000000 0 0.500084 0.601080 -0.839170 3.661882
41500.000000 0 0.500084 0.605558 -0.823980 3.664068
42000.000000 0 0.500084 0.610296 -0.807936 3.666386
42500.000000 0 0.500084 0.615326 -0.790963 3.668847
43000.000000 0 0.500084 0.620691 -0.772973 3.671459
43500.000000 0 0.500084 0.626443 -0.753877 3.674231
44000.000000 0 0.500084 0.632651 -0.733572 3.677165
44479.009607 0 0.500084 0.635955 -0.722934 3.678694
44958.019214 0 0.500084 0.639410 -0.711952 3.680263
45437.028822 0 0.500084 0.643036 -0.700612 3.681870
45916.038429 0 0.500084 0.646852 -0.688898 3.683514
46395.048036 0 0.500084 0.650883 -0.676795 3.685190
46874.057643 0 0.500084 0.655160 -0.664284 3.686896
47353.067250 0 0.500084 0.659720 -0.651350 3.688623
47832.076857 0 0.500084 0.664605 -0.637973 3.690365
48311.086465 0 0.500084 0.669870 -0.624135 3.692112
48790.096072 0 0.500084 0.675579 -0.609816 3.693848
49269.105679 0 0.500084 0.681812 -0.594996 3.695559
49508.610483 0 0.500084 0.685155 -0.587391 3.696398
49748.115286 0 0.500084 0.688667 -0.579653 3.697223
49987.620090 0 0.500084 0.692364 -0.571779 3.698029
50227.124893 0 0.500084 0.696263 -0.563766 3.698812
50466.629697 0 0.500084 0.700384 -0.555612 3.699569
50706.134501 0 0.500084 0.704749 -0.547313 3.700295
50945.639304 0 0.500084 0.709382 -0.538866 3.700984
51185.144108 0 0.500084 0.714309 -0.530268 3.701631
51424.648911 0 0.500084 0.719560 -0.521517 3.702228
51664.153715 0 0.500084 0.725170 -0.512608 3.702769
51903.658518 0 0.500084 0.731176 -0.503540 3.703245
52143.163322 0 0.500084 0.737621 -0.494308 3.703647
52382.668126 0 0.500084 0.744550 -0.484909 3.703966
52502.420527 0 0.500084 0.748214 -0.480146 3.704091
52622.172929 0 0.500084 0.752019 -0.475340 3.704191
52741.925331 0 0.500084 0.755974 -0.470491 3.704264
52861.677733 0 0.500084 0.760088 -0.465598 3.704309
52981.430135 0 0.500084 0.764367 -0.460660 3.704324
53101.182536 0 0.500084 0.768823 -0.455678 3.704308
53220.934938 0 0.500084 0.773464 -0.450651 3.704258
53340.687340 0 0.500084 0.778302 -0.445578 3.704172
53460.439742 0 0.500084 0.783348 -0.440459 3.704049
53580.192144 0 0.500084 0.788613 -0.435293 3.703885
53699.944545 0 0.500084 0.794110 -0.430081 3.703680
53819.696947 0 0.500084 0.799854 -0.424821 3.703430
53939.449349 0 0.500084 0.805858 -0.419513 3.703133
54059.201751 0 0.500084 0.812138 -0.414156 3.702787
54178.954153 0 0.500084 0.818711 -0.408751 3.702388
54298.706554 0 0.500084 0.825595 -0.403296 3.701933
54418.458956 0 0.500084 0.832808 -0.397792 3.701420
54538.211358 0 0.500084 0.840372 -0.392237 3.700846
54657.963760 0 0.500084 0.848308 -0.386631 3.700206
54762.747111 0 0.500084 0.855576 -0.381683 3.699590
54854.432544 0 0.500084 0.862197 -0.377322 3.699007
54934.657297 0 0.500084 0.868201 -0.373481 3.698460
55004.853957 0 0.500084 0.873623 -0.370100 3.697953
55066.276034 0 0.500084 0.878501 -0.367127 3.697488
55120.020351 0 0.500084 0.882875 -0.364515 3.697062
55214.072906 0 0.500084 0.890775 -0.359916 3.696277
55284.612323 0 0.500084 0.896915 -0.356446 3.695653
55337.516885 0 0.500084 0.901645 -0.353831 3.695165
55416.873729 0 0.500084 0.908950 -0.349888 3.694398
55496.230572 2 0.500084 0.916515 -0.345922 3.693590
55521.844576 2 0.500080 0.918018 -0.344591 3.693567
55560.602497 2 0.500073 0.920297 -0.342578 3.693532
55599.361915 2 0.500067 0.922581 -0.340565 3.693497
55638.122839 2 0.500060 0.924871 -0.338552 3.693462
55676.885280 2 0.500054 0.927166 -0.336540 3.693427
55715.649250 2 0.500047 0.929466 -0.334527 3.693392
55754.414759 2 0.500040 0.931772 -0.332515 3.693357
55793.181819 2 0.500034 0.934083 -0.330503 3.693322
55831.950441 2 0.500027 0.936400 -0.328492 3.693287
55870.720637 2 0.500020 0.938722 -0.326480 3.693252
55909.492416 2 0.500013 0.941050 -0.324469 3.693217
55948.265792 2 0.500006 0.943383 -0.322458 3.693182
55987.040776 2 0.499999 0.945721 -0.320447 3.693147
56025.817378 2 0.499992 0.948065 -0.318437 3.693112
56064.595611 2 0.499985 0.950415 -0.316426 3.693077
56103.375487 2 0.499978 0.952770 -0.314416 3.693042
56142.157018 2 0.499971 0.955131 -0.312407 3.693007
56180.940215 2 0.499964 0.957497 -0.310397 3.692973
56219.725091 2 0.499957 0.959869 -0.308388 3.692938
56258.511657 2 0.499949 0.962246 -0.306378 3.692903
56297.299926 2 0.499942 0.964629 -0.304370 3.692868
56336.089910 2 0.499934 0.967017 -0.302361 3.692833
56374.881622 2 0.499927 0.969411 -0.300353 3.692798
56413.675074 2 0.499919 0.971811 -0.298344 3.692764
56452.470279 2 0.499912 0.974216 -0.296337 3.692729
56491.267249 2 0.499904 0.976627 -0.294329 3.692694
56530.065997 2 0.499897 0.979044 -0.292322 3.692659
56568.866535 2 0.499889 0.981466 -0.290314 3.692624
56607.668878 2 0.499881 0.983893 -0.288308 3.692590
56646.473038 2 0.499873 0.986327 -0.286301 3.692555
56685.279027 2 0.499865 0.988766 -0.284295 3.692520
56724.086860 2 0.499857 0.991210 -0.282289 3.692485
56762.896549 2 0.499849 0.993661 -0.280283 3.692451
56801.708109 2 0.499841 0.996117 -0.278277 3.692416
56840.521552 2 0.499833 0.998579 -0.276272 3.692381
56879.336891 2 0.499825 1.001046 -0.274267 3.692347
56918.154142 2 0.499816 1.003519 -0.272262 3.692312
56956.973317 2 0.499808 1.005998 -0.270258 3.692278
56995.794431 2 0.499800 1.008482 -0.268254 3.692243
57034.617497 2 0.499791 1.010973 -0.266250 3.692208
57073.442530 2 0.499783 1.013469 -0.264246 3.692174
57112.269544 2 0.499774 1.015971 -0.262243 3.692139
57151.098552 2 0.499766 1.018478 -0.260240 3.692105
57189.929571 2 0.499757 1.020991 -0.258237 3.692070
57228.762613 2 0.499748 1.023510 -0.256235 3.692036
57267.597694 2 0.499739 1.026035 -0.254233 3.692001
57306.434828 2 0.499730 1.028566 -0.252231 3.691967
57345.274030 2 0.499721 1.031102 -0.250230 3.691932
57384.115316 2 0.499712 1.033645 -0.248229 3.691898
57422.958699 2 0.499703 1.036193 -0.246228 3.691863
57461.804196 2 0.499694 1.038747 -0.244227 3.691829
57500.651822 2 0.499685 1.041306 -0.242227 3.691795
57539.501592 2 0.499676 1.043872 -0.240227 3.691760
57578.353520 2 0.499666 1.046443 -0.238228 3.691726
57617.207624 2 0.499657 1.049020 -0.236228 3.691691
57656.063919 2 0.499648 1.051604 -0.234229 3.691657
57694.922420 2 0.499638 1.054192 -0.232231 3.691623
57733.783144 2 0.499628 1.056787 -0.230233 3.691589
57772.646106 2 0.499619 1.059388 -0.228235 3.691554
57811.511323 2 0.499609 1.061995 -0.226237 3.691520
57850.378811 2 0.499599 1.064607 -0.224240 3.691486
57889.248586 2 0.499589 1.067226 -0.222243 3.691452
57928.120664 2 0.499579 1.069850 -0.220247 3.691418
57966.995064 2 0.499569 1.072480 -0.218250 3.691383
58005.871800 2 0.499559 1.075116 -0.216255 3.691349
58044.750891 2 0.499549 1.077758 -0.214259 3.691315
58083.632352 2 0.499539 1.080406 -0.212264 3.691281
58122.516202 2 0.499528 1.083060 -0.210269 3.691247
58161.402457 2 0.499518 1.085720 -0.208275 3.691213
58200.291135 2 0.499508 1.088386 -0.206281 3.691179
58239.182253 2 0.499497 1.091058 -0.204287 3.691145
58278.075829 2 0.499486 1.093736 -0.202294 3.691111
58316.971881 2 0.499476 1.096419 -0.200301 3.691077
58355.870426 2 0.499465 1.099109 -0.198308 3.691043
58394.771482 2 0.499454 1.101805 -0.196316 3.691009
58433.675068 2 0.499443 1.104506 -0.194325 3.690975
58472.581201 2 0.499432 1.107214 -0.192333 3.690941
58511.489901 2 0.499421 1.109928 -0.190342 3.690908
58550.401185 2 0.499410 1.112648 -0.188352 3.690874
58589.315073 2 0.499399 1.115373 -0.186362 3.690840
58628.231582 2 0.499387 1.118105 -0.184372 3.690806
58667.150733 2 0.499376 1.120843 -0.182382 3.690773
58706.072543 2 0.499365 1.123587 -0.180394 3.690739
58744.997033 2 0.499353 1.126337 -0.178405 3.690705
58783.924221 2 0.499341 1.129093 -0.176417 3.690672
58822.854127 2 0.499330 1.131854 -0.174429 3.690638
58861.786770 2 0.499318 1.134622 -0.172442 3.690604
58900.722171 2 0.499306 1.137397 -0.170455 3.690571
58939.660349 2 0.499294 1.140177 -0.168469 3.690537
58978.601324 2 0.499282 1.142963 -0.166483 3.690504
59017.545117 2 0.499270 1.145755 -0.164497 3.690470
59056.491746 2 0.499257 1.148553 -0.162512 3.690437
59095.441234 2 0.499245 1.151358 -0.160528 3.690403
59134.393601 2 0.499233 1.154168 -0.158544 3.690370
59173.348867 2 0.499220 1.156985 -0.156560 3.690337
59212.307053 2 0.499208 1.159808 -0.154577 3.690303
59251.268181 2 0.499195 1.162636 -0.152594 3.690270
59290.232270 2 0.499182 1.165471 -0.150612 3.690237
59329.199344 2 0.499169 1.168312 -0.148630 3.690204
59368.169423 2 0.499156 1.171159 -0.146648 3.690170
59381.385662 3 0.499152 1.172146 -0.145962 3.690159
59403.403573 3 0.499145 1.179126 -0.140724 3.690179
59408.038023 3 0.499143 1.180610 -0.139615 3.690184
59429.789411 3 0.499136 1.187644 -0.134377 3.690203
59451.323284 3 0.499128 1.194722 -0.129139 3.690222
59472.641819 3 0.499120 1.201845 -0.123901 3.690241
59493.747168 3 0.499113 1.209013 -0.118664 3.690259
59514.641464 3 0.499105 1.216226 -0.113426 3.690277
59535.326817 3 0.499097 1.223485 -0.108188 3.690294
59555.805316 3 0.499089 1.230790 -0.102950 3.690311
59576.079030 3 0.499082 1.238141 -0.097712 3.690327
59596.150007 3 0.499074 1.245538 -0.092475 3.690343
59616.020275 3 0.499066 1.252983 -0.087237 3.690359
59635.691839 3 0.499058 1.260475 -0.081999 3.690374
59655.166689 3 0.499049 1.268014 -0.076761 3.690388
59674.446789 3 0.499041 1.275601 -0.071524 3.690402
59693.534089 3 0.499033 1.283236 -0.066286 3.690416
59712.430515 3 0.499025 1.290920 -0.061048 3.690429
59731.137978 3 0.499016 1.298653 -0.055810 3.690441
59749.658365 3 0.499008 1.306435 -0.050573 3.690454
59767.993549 3 0.498999 1.314266 -0.045335 3.690465
59786.145381 3 0.498991 1.322148 -0.040097 3.690476
59804.115695 3 0.498982 1.330079 -0.034859 3.690487
59821.906305 3 0.498973 1.338061 -0.029622 3.690497
59839.519010 3 0.498964 1.346094 -0.024384 3.690507
59856.955587 3 0.498955 1.354178 -0.019146 3.690516
59874.217799 3 0.498946 1.362314 -0.013908 3.690525
59891.307388 3 0.498937 1.370502 -0.008670 3.690533
59908.226082 3 0.498928 1.378742 -0.003433 3.690541
59924.975588 3 0.498919 1.387035 0.001805 3.690548
59941.557600 3 0.498910 1.395380 0.007043 3.690555
59957.973791 3 0.498900 1.403780 0.012281 3.690561
59974.225821 3 0.498891 1.412233 0.017518 3.690567
59990.315330 3 0.498882 1.420740 0.022756 3.690572
60006.243944 3 0.498872 1.429301 0.027994 3.690577
60022.013272 3 0.498862 1.437918 0.033232 3.690581
60037.624907 3 0.498853 1.446590 0.038469 3.690585
60053.080426 3 0.498843 1.455317 0.043707 3.690589
60068.381389 3 0.498833 1.464101 0.048945 3.690591
60083.529342 3 0.498823 1.472941 0.054183 3.690594
60098.525816 3 0.498813 1.481838 0.059421 3.690595
60113.372326 3 0.498803 1.490792 0.064658 3.690597
60128.070370 3 0.498793 1.499803 0.069896 3.690597
60142.621434 3 0.498782 1.508873 0.075134 3.690598
60157.026987 3 0.498772 1.518001 0.080372 3.690597
60171.288484 3 0.498762 1.527188 0.085609 3.690597
60185.407367 3 0.498751 1.536434 0.090847 3.690595
60199.385061 3 0.498740 1.545740 0.096085 3.690594
60213.222978 3 0.498730 1.555106 0.101323 3.690591
60226.922515 3 0.498719 1.564532 0.106560 3.690588
60240.485058 3 0.498708 1.574019 0.111798 3.690585
60253.911975 3 0.498697 1.583568 0.117036 3.690581
60267.204622 3 0.498686 1.593178 0.122274 3.690577
60280.364344 3 0.498675 1.602851 0.127511 3.690572
60293.392468 3 0.498664 1.612586 0.132749 3.690566
60306.290310 3 0.498652 1.622384 0.137987 3.690560
60319.059175 3 0.498641 1.632246 0.143225 3.690554
60331.700351 3 0.498629 1.642172 0.148463 3.690547
60344.215114 3 0.498618 1.652162 0.153700 3.690539
60356.604731 3 0.498606 1.662217 0.158938 3.690531
60368.870451 3 0.498594 1.672337 0.164176 3.690523
60381.013514 3 0.498583 1.682523 0.169414 3.690513
60393.035146 3 0.498571 1.692775 0.174651 3.690504
60404.936562 3 0.498558 1.703094 0.179889 3.690494
60416.718964 3 0.498546 1.713480 0.185127 3.690483
60428.383542 3 0.498534 1.723934 0.190365 3.690471
60439.931474 3 0.498522 1.734456 0.195602 3.690460
60451.363927 3 0.498509 1.745046 0.200840 3.690447
60462.682055 3 0.498497 1.755706 0.206078 3.690434
60473.887002 3 0.498484 1.766435 0.211316 3.690421
60484.979899 3 0.498471 1.777234 0.216554 3.690407
60495.961868 3 0.498458 1.788103 0.221791 3.690392
60506.834017 3 0.498445 1.799044 0.227029 3.690377
60517.597444 3 0.498432 1.810056 0.232267 3.690361
60528.253237 3 0.498419 1.821141 0.237505 3.690345
60538.802472 3 0.498406 1.832298 0.242742 3.690328
60549.246215 3 0.498392 1.843528 0.247980 3.690311
60559.585520 3 0.498379 1.854831 0.253218 3.690293
60569.821432 3 0.498365 1.866209 0.258456 3.690274
60579.954985 3 0.498351 1.877661 0.263693 3.690255
60589.987203 3 0.498337 1.889189 0.268931 3.690236
60599.919099 3 0.498323 1.900792 0.274169 3.690216
60609.751675 3 0.498309 1.912471 0.279407 3.690195
60619.485926 3 0.498295 1.924228 0.284644 3.690173
60629.122834 3 0.498281 1.936061 0.289882 3.690152
60638.663373 3 0.498266 1.947973 0.295120 3.690129
60648.108507 3 0.498252 1.959962 0.300358 3.690106
60657.459189 3 0.498237 1.972031 0.305596 3.690083
60666.716365 3 0.498222 1.984180 0.310833 3.690058
60675.880969 3 0.498207 1.996409 0.316071 3.690034
60684.953926 3 0.498192 2.008718 0.321309 3.690008
60693.936155 3 0.498177 2.021108 0.326547 3.689982
60702.828561 3 0.498162 2.033581 0.331784 3.689956
60711.632042 3 0.498146 2.046136 0.337022 3.689929
60720.347489 3 0.498131 2.058774 0.342260 3.689901
60728.975782 3 0.498115 2.071495 0.347498 3.689873
60737.517792 3 0.498099 2.084301 0.352735 3.689844
60745.974381 3 0.498083 2.097192 0.357973 3.689815
60754.346405 3 0.498067 2.110168 0.363211 3.689785
60762.634708 3 0.498051 2.123230 0.368449 3.689754
60770.840129 3 0.498035 2.136379 0.373687 3.689723
60778.963495 3 0.498018 2.149615 0.378924 3.689691
60787.005627 3 0.498001 2.162940 0.384162 3.689659
60794.967339 3 0.497985 2.176352 0.389400 3.689626
60802.849433 3 0.497968 2.189854 0.394638 3.689592
60810.652706 3 0.497951 2.203446 0.399875 3.689558
60818.377946 3 0.497934 2.217128 0.405113 3.689523
60826.025934 3 0.497916 2.230902 0.410351 3.689488
60833.597442 3 0.497899 2.244767 0.415589 3.689452
60841.093235 3 0.497881 2.258724 0.420826 3.689416
60848.514071 3 0.497864 2.272775 0.426064 3.689378
60855.860697 3 0.497846 2.286920 0.431302 3.689341
60863.133858 3 0.497828 2.301159 0.436540 3.689302
60870.334287 3 0.497809 2.315493 0.441777 3.689263
60877.462711 3 0.497791 2.329924 0.447015 3.689224
60884.519852 3 0.497773 2.344450 0.452253 3.689183
60891.506421 3 0.497754 2.359074 0.457491 3.689142
60898.423124 3 0.497735 2.373796 0.462729 3.689101
60905.270660 3 0.497716 2.388617 0.467966 3.689059
60912.049721 3 0.497697 2.403537 0.473204 3.689016
60918.760991 3 0.497678 2.418557 0.478442 3.688973
60925.405149 3 0.497658 2.433678 0.483680 3.688929
60931.982865 3 0.497639 2.448901 0.488917 3.688884
60938.494804 3 0.497619 2.464226 0.494155 3.688839
60944.941623 3 0.497599 2.479654 0.499393 3.688793
60951.323974 3 0.497579 2.495186 0.504631 3.688747
60957.642502 3 0.497559 2.510822 0.509868 3.688700
60963.897844 3 0.497538 2.526564 0.515106 3.688652
60970.090633 3 0.497518 2.542412 0.520344 3.688604
60976.221495 3 0.497497 2.558367 0.525582 3.688555
60982.291047 3 0.497476 2.574429 0.530820 3.688505
60988.299904 3 0.497455 2.590600 0.536057 3.688455
60994.248673 3 0.497434 2.606880 0.541295 3.688404
61000.137953 3 0.497412 2.623270 0.546533 3.688352
61005.968341 3 0.497391 2.639772 0.551771 3.688300
61011.740425 3 0.497369 2.656384 0.557008 3.688247
61017.454788 3 0.497347 2.673110 0.562246 3.688194
61023.112008 3 0.497325 2.689948 0.567484 3.688140
61028.712655 3 0.497302 2.706901 0.572722 3.688085
61034.257296 3 0.497280 2.723969 0.577959 3.688029
61039.746491 3 0.497257 2.741152 0.583197 3.687973
61045.180793 3 0.497234 2.758453 0.588435 3.687917
61050.560753 3 0.497211 2.775871 0.593673 3.687859
61055.886913 3 0.497187 2.793407 0.598910 3.687801
61061.159811 3 0.497164 2.811063 0.604148 3.687742
61066.379981 3 0.497140 2.828839 0.609386 3.687683
61071.547948 3 0.497116 2.846735 0.614624 3.687623
61076.664236 3 0.497092 2.864754 0.619862 3.687562
61081.729361 3 0.497068 2.882896 0.625099 3.687501
61086.743835 3 0.497043 2.901162 0.630337 3.687439
61091.708164 3 0.497018 2.919552 0.635575 3.687376
61096.622850 3 0.496994 2.938068 0.640813 3.687313
61101.488389 3 0.496968 2.956710 0.646050 3.687249
61106.305273 3 0.496943 2.975480 0.651288 3.687184
61111.073987 3 0.496917 2.994378 0.656526 3.687119
61115.795015 3 0.496892 3.013406 0.661764 3.687053
61120.468832 3 0.496866 3.032564 0.667001 3.686986
61125.095912 3 0.496839 3.051854 0.672239 3.686919
61129.676720 3 0.496813 3.071275 0.677477 3.686850
61134.211720 3 0.496786 3.090830 0.682715 3.686782
61138.701370 3 0.496759 3.110520 0.687952 3.686712
61143.146124 3 0.496732 3.130344 0.693190 3.686642
61147.546430 3 0.496705 3.150305 0.698428 3.686571
61151.902734 3 0.496677 3.170403 0.703666 3.686500
61156.215474 3 0.496649 3.190640 0.708904 3.686428
61160.485086 3 0.496621 3.211016 0.714141 3.686355
61164.712003 3 0.496593 3.231532 0.719379 3.686281
61168.896650 3 0.496564 3.252190 0.724617 3.686207
61173.039451 3 0.496536 3.272990 0.729855 3.686132
61177.140824 3 0.496507 3.293934 0.735092 3.686056
61181.201184 3 0.496477 3.315023 0.740330 3.685980
61185.220939 3 0.496448 3.336257 0.745568 3.685903
61189.200497 3 0.496418 3.357638 0.750806 3.685825
61193.140260 3 0.496388 3.379167 0.756043 3.685747
61197.040625 3 0.496358 3.400846 0.761281 3.685667
61200.901986 3 0.496327 3.422674 0.766519 3.685588
61204.724734 3 0.496296 3.444654 0.771757 3.685507
61208.509254 3 0.496265 3.466786 0.776995 3.685426
61212.255929 3 0.496234 3.489072 0.782232 3.685344
61215.965137 3 0.496202 3.511512 0.787470 3.685261
61219.637253 3 0.496171 3.534109 0.792708 3.685178
61223.272648 3 0.496138 3.556862 0.797946 3.685093
61226.871689 3 0.496106 3.579774 0.803183 3.685009
61230.434739 3 0.496073 3.602846 0.808421 3.684923
61233.962159 3 0.496040 3.626078 0.813659 3.684837
61237.454305 3 0.496007 3.649472 0.818897 3.684750
61240.911530 3 0.495974 3.673029 0.824134 3.684662
61244.334182 3 0.495940 3.696750 0.829372 3.684574
61247.722608 3 0.495906 3.720638 0.834610 3.684484
61251.077149 3 0.495871 3.744692 0.839848 3.684394
61254.398145 3 0.495837 3.768914 0.845085 3.684304
61257.685931 3 0.495802 3.793306 0.850323 3.684212
61260.940839 3 0.495766 3.817868 0.855561 3.684120
61264.163198 3 0.495731 3.842602 0.860799 3.684028
61267.353334 3 0.495695 3.867510 0.866037 3.683934
61270.511568 3 0.495659 3.892592 0.871274 3.683840
61273.638220 3 0.495622 3.917851 0.876512 3.683745
61276.733605 3 0.495585 3.943286 0.881750 3.683649
61279.798036 3 0.495548 3.968900 0.886988 3.683552
61282.831823 3 0.495511 3.994695 0.892225 3.683455
61285.835273 3 0.495473 4.020671 0.897463 3.683357
61288.808687 3 0.495435 4.046829 0.902701 3.683258
61291.752368 3 0.495396 4.073172 0.907939 3.683159
61294.666612 3 0.495358 4.099700 0.913176 3.683059
61297.551713 3 0.495319 4.126415 0.918414 3.682958
61300.407963 3 0.495279 4.153319 0.923652 3.682856
61303.235651 3 0.495239 4.180413 0.928890 3.682753
61306.035062 3 0.495199 4.207698 0.934128 3.682650
61308.806479 3 0.495159 4.235176 0.939365 3.682546
61311.550182 3 0.495118 4.262848 0.944603 3.682441
61314.266447 3 0.495077 4.290716 0.949841 3.682336
61316.955550 3 0.495035 4.318781 0.955079 3.682230
61319.617762 3 0.494993 4.347046 0.960316 3.682123
61322.253352 3 0.494951 4.375510 0.965554 3.682015
61324.862586 3 0.494908 4.404176 0.970792 3.681906
61327.445728 3 0.494866 4.433046 0.976030 3.681797
61330.003038 3 0.494822 4.462121 0.981267 3.681687
61332.534775 3 0.494778 4.491403 0.986505 3.681576
61335.041195 3 0.494734 4.520892 0.991743 3.681464
61337.522550 3 0.494690 4.550592 0.996981 3.681352
61339.979092 3 0.494645 4.580503 1.002218 3.681239
61342.411069 3 0.494600 4.610627 1.007456 3.681125
61344.818726 3 0.494554 4.640966 1.012694 3.681010
61347.202306 3 0.494508 4.671521 1.017932 3.680894
61349.562050 3 0.494461 4.702294 1.023170 3.680778
61351.898197 3 0.494415 4.733287 1.028407 3.680661
61354.210983 3 0.494367 4.764502 1.033645 3.680543
61356.500640 3 0.494320 4.795939 1.038883 3.680424
61358.767401 3 0.494272 4.827602 1.044121 3.680305
61361.011495 3 0.494223 4.859491 1.049358 3.680185
61363.233147 3 0.494174 4.891609 1.054596 3.680064
61365.432583 3 0.494125 4.923957 1.059834 3.679942
61367.610025 3 0.494075 4.956536 1.065072 3.679819
61369.765692 3 0.494025 4.989350 1.070309 3.679696
61371.899803 3 0.493974 5.022400 1.075547 3.679572
61374.012572 3 0.493923 5.055686 1.080785 3.679447
61376.104214 3 0.493871 5.089213 1.086023 3.679321
61378.174939 3 0.493819 5.122980 1.091261 3.679194
61380.224957 3 0.493767 5.156990 1.096498 3.679067
61382.254475 3 0.493714 5.191246 1.101736 3.678939
61384.263698 3 0.493660 5.225748 1.106974 3.678810
61386.252828 3 0.493607 5.260499 1.112212 3.678680
61388.222068 3 0.493552 5.295501 1.117449 3.678549
61390.171614 3 0.493497 5.330756 1.122687 3.678418
61392.101666 3 0.493442 5.366266 1.127925 3.678286
61394.012417 3 0.493386 5.402032 1.133163 3.678153
61395.904060 3 0.493330 5.438057 1.138400 3.678019
61397.776787 3 0.493273 5.474343 1.143638 3.677884
61399.630786 3 0.493216 5.510892 1.148876 3.677749
61401.466246 3 0.493158 5.547705 1.154114 3.677612
61403.283351 3 0.493100 5.584786 1.159351 3.677475
61405.082285 3 0.493041 5.622136 1.164589 3.677337
61406.863230 3 0.492982 5.659757 1.169827 3.677198
61408.626365 3 0.492922 5.697652 1.175065 3.677059
61410.371869 3 0.492861 5.735822 1.180303 3.676918
61412.099917 3 0.492801 5.774269 1.185540 3.676777
61413.810686 3 0.492739 5.812997 1.190778 3.676635
61415.504346 3 0.492677 5.852007 1.196016 3.676492
61417.181070 3 0.492614 5.891301 1.201254 3.676348
61418.841027 3 0.492551 5.930882 1.206491 3.676204
61420.484384 3 0.492488 5.970752 1.211729 3.676058
61422.111308 3 0.492423 6.010913 1.216967 3.675912
61423.721962 3 0.492359 6.051367 1.222205 3.675765
61425.316510 3 0.492293 6.092117 1.227442 3.675617
61426.895112 3 0.492227 6.133166 1.232680 3.675468
61428.457929 3 0.492161 6.174515 1.237918 3.675319
61430.005117 3 0.492094 6.216167 1.243156 3.675168
61431.536833 3 0.492026 6.258124 1.248394 3.675017
61433.053232 3 0.491958 6.300390 1.253631 3.674865
61434.554468 3 0.491889 6.342965 1.258869 3.674712
61436.040690 3 0.491819 6.385853 1.264107 3.674558
61437.512051 3 0.491749 6.429057 1.269345 3.674403
61438.968698 3 0.491678 6.472578 1.274582 3.674247
61440.410778 3 0.491607 6.516420 1.279820 3.674091
61441.838438 3 0.491534 6.560584 1.285058 3.673934
61443.251821 3 0.491462 6.605074 1.290296 3.673776
61444.651070 3 0.491388 6.649892 1.295533 3.673617
61446.036327 3 0.491314 6.695041 1.300771 3.673457
61447.407731 3 0.491240 6.740523 1.306009 3.673296
61448.765422 3 0.491164 6.786341 1.311247 3.673134
61450.109535 3 0.491088 6.832498 1.316484 3.672972
61451.440207 3 0.491011 6.878996 1.321722 3.672809
61452.757572 3 0.490934 6.925838 1.326960 3.672644
61454.061764 3 0.490856 6.973028 1.332198 3.672479
61455.352914 3 0.490777 7.020567 1.337436 3.672313
61456.631152 3 0.490698 7.068458 1.342673 3.672147
61457.896608 3 0.490617 7.116706 1.347911 3.671979
61459.149410 3 0.490536 7.165311 1.353149 3.671810
61460.389683 3 0.490455 7.214278 1.358387 3.671641
61461.617554 3 0.490372 7.263608 1.363624 3.671470
61462.833145 3 0.490289 7.313306 1.368862 3.671299
61464.036582 3 0.490205 7.363374 1.374100 3.671127
61465.227983 3 0.490120 7.413815 1.379338 3.670954
61466.407471 3 0.490035 7.464632 1.384575 3.670780
61467.575164 3 0.489949 7.515828 1.389813 3.670605
61468.731179 3 0.489862 7.567406 1.395051 3.670430
61469.875635 3 0.489774 7.619370 1.400289 3.670253
61471.008646 3 0.489685 7.671722 1.405527 3.670076
61472.130327 3 0.489596 7.724465 1.410764 3.669897
61473.240791 3 0.489506 7.777603 1.416002 3.669718
61474.340151 3 0.489414 7.831139 1.421240 3.669538
61475.428517 3 0.489323 7.885077 1.426478 3.669357
61476.505999 3 0.489230 7.939419 1.431715 3.669175
61477.572707 3 0.489136 7.994168 1.436953 3.668992
61478.628747 3 0.489042 8.049329 1.442191 3.668808
61479.674227 3 0.488947 8.104904 1.447429 3.668624
61480.709252 3 0.488851 8.160897 1.452666 3.668438
61481.733927 3 0.488754 8.217312 1.457904 3.668252
61482.748355 3 0.488656 8.274151 1.463142 3.668064
61483.752639 3 0.488557 8.331418 1.468380 3.667876
61484.746880 3 0.488457 8.389117 1.473617 3.667687
61485.731179 3 0.488357 8.447252 1.478855 3.667497
61486.705635 3 0.488255 8.505825 1.484093 3.667306
61487.670346 3 0.488153 8.564841 1.489331 3.667114
61488.625410 3 0.488049 8.624302 1.494569 3.666921
61489.570923 3 0.487945 8.684214 1.499806 3.666727
61490.506982 3 0.487839 8.744579 1.505044 3.666532
61491.433679 3 0.487733 8.805401 1.510282 3.666336
61492.351110 3 0.487626 8.866684 1.515520 3.666140
61493.259366 3 0.487518 8.928432 1.520757 3.665942
61494.158540 3 0.487408 8.990648 1.525995 3.665744
61495.048722 3 0.487298 9.053337 1.531233 3.665544
61495.930002 3 0.487187 9.116503 1.536471 3.665344
61496.802470 3 0.487075 9.180148 1.541708 3.665143
61497.666213 3 0.486961 9.244278 1.546946 3.664941
61498.521318 3 0.486847 9.308897 1.552184 3.664737
61499.367872 3 0.486731 9.374007 1.557422 3.664533
61500.205961 3 0.486615 9.439615 1.562660 3.664328
61501.035669 3 0.486497 9.505722 1.567897 3.664122
61501.857080 3 0.486379 9.572335 1.573135 3.663915
61502.670276 3 0.486259 9.639456 1.578373 3.663707
61503.475341 3 0.486138 9.707091 1.583611 3.663499
61504.272355 3 0.486016 9.775243 1.588848 3.663289
61505.061399 3 0.485893 9.843917 1.594086 3.663078
61505.842552 3 0.485768 9.913116 1.599324 3.662866
61506.615894 3 0.485643 9.982847 1.604562 3.662654
61507.381503 3 0.485516 10.053112 1.609799 3.662440
61508.139455 3 0.485389 10.123917 1.615037 3.662226
61508.889828 3 0.485260 10.195266 1.620275 3.662010
61509.632697 3 0.485129 10.267163 1.625513 3.661794
61510.368138 3 0.484998 10.339613 1.630750 3.661576
61511.096224 3 0.484865 10.412621 1.635988 3.661358
61511.817029 3 0.484731 10.486192 1.641226 3.661138
61512.530626 3 0.484596 10.560329 1.646464 3.660918
61513.237088 3 0.484460 10.635039 1.651702 3.660696
61513.936484 3 0.484322 10.710325 1.656939 3.660474
61514.628887 3 0.484183 10.786192 1.662177 3.660251
61515.314365 3 0.484043 10.862646 1.667415 3.660026
61515.992989 3 0.483901 10.939692 1.672653 3.659801
61516.664827 3 0.483758 11.017334 1.677890 3.659575
61517.329946 3 0.483614 11.095577 1.683128 3.659348
61517.988414 3 0.483468 11.174427 1.688366 3.659119
61518.640297 3 0.483321 11.253888 1.693604 3.658890
61519.285662 3 0.483173 11.333967 1.698841 3.658660
61519.924573 3 0.483023 11.414667 1.704079 3.658429
61520.557094 3 0.482872 11.495995 1.709317 3.658197
61521.183291 3 0.482719 11.577955 1.714555 3.657963
61521.803226 3 0.482565 11.660553 1.719792 3.657729
61522.416961 3 0.482409 11.743795 1.725030 3.657494
61523.024559 3 0.482252 11.827686 1.730268 3.657258
61523.626081 3 0.482094 11.912231 1.735506 3.657020
61524.221587 3 0.481934 11.997436 1.740744 3.656782
61524.811139 3 0.481772 12.083306 1.745981 3.656543
61525.394795 3 0.481609 12.169848 1.751219 3.656303
61525.972614 3 0.481444 12.257067 1.756457 3.656061
61526.544656 3 0.481278 12.344969 1.761695 3.655819
61527.110977 3 0.481110 12.433560 1.766932 3.655576
61527.671634 3 0.480941 12.522845 1.772170 3.655332
61528.226685 3 0.480770 12.612831 1.777408 3.655086
61528.776186 3 0.480597 12.703523 1.782646 3.654840
61529.320192 3 0.480423 12.794928 1.787883 3.654593
61529.858757 3 0.480247 12.887052 1.793121 3.654344
61530.391937 3 0.480069 12.979900 1.798359 3.654095
61530.919785 3 0.479889 13.073480 1.803597 3.653844
61531.442355 3 0.479708 13.167797 1.808835 3.653593
61531.959699 3 0.479525 13.262858 1.814072 3.653340
61532.471869 3 0.479341 13.358669 1.819310 3.653086
61532.978918 3 0.479154 13.455237 1.824548 3.652832
61533.480896 3 0.478966 13.552568 1.829786 3.652576
61533.977855 3 0.478776 13.650669 1.835023 3.652319
61534.469844 3 0.478584 13.749546 1.840261 3.652062
61534.956913 3 0.478390 13.849207 1.845499 3.651803
61535.439111 3 0.478195 13.949658 1.850737 3.651543
61535.916487 3 0.477997 14.050906 1.855974 3.651282
61536.389090 3 0.477798 14.152957 1.861212 3.651020
61536.856967 3 0.477597 14.255820 1.866450 3.650757
61537.320164 3 0.477393 14.359500 1.871688 3.650493
61537.778730 3 0.477188 14.464006 1.876925 3.650228
61538.232710 3 0.476981 14.569343 1.882163 3.649961
61538.682151 3 0.476771 14.675520 1.887401 3.649694
61539.127097 3 0.476560 14.782544 1.892639 3.649426
61539.567593 3 0.476347 14.890423 1.897877 3.649156
61540.003685 3 0.476131 14.999163 1.903114 3.648886
61540.435415 3 0.475913 15.108772 1.908352 3.648614
61540.862829 3 0.475694 15.219258 1.913590 3.648341
61541.285968 3 0.475472 15.330629 1.918828 3.648067
61541.704876 3 0.475248 15.442893 1.924065 3.647793
61542.119594 3 0.475021 15.556056 1.929303 3.647517
61542.530166 3 0.474793 15.670128 1.934541 3.647240
61542.936632 3 0.474562 15.785116 1.939779 3.646961
61543.339033 3 0.474329 15.901029 1.945016 3.646682
61543.737410 3 0.474094 16.017874 1.950254 3.646402
61544.131803 3 0.473856 16.135660 1.955492 3.646120
61544.522253 3 0.473616 16.254394 1.960730 3.645838
61544.908798 3 0.473374 16.374087 1.965968 3.645554
61545.291477 3 0.473129 16.494745 1.971205 3.645269
61545.670330 3 0.472882 16.616378 1.976443 3.644983
61546.045394 3 0.472632 16.738994 1.981681 3.644696
61546.416708 3 0.472380 16.862603 1.986919 3.644408
61546.784308 3 0.472125 16.987212 1.992156 3.644119
61547.148232 3 0.471868 17.112831 1.997394 3.643828
61547.508518 3 0.471608 17.239469 2.002632 3.643537
61547.865200 3 0.471346 17.367134 2.007870 3.643244
61548.218315 3 0.471081 17.495838 2.013107 3.642950
61548.567900 3 0.470813 17.625587 2.018345 3.642655
61548.913988 3 0.470543 17.756392 2.023583 3.642359
61549.256616 3 0.470270 17.888263 2.028821 3.642062
61549.595817 3 0.469994 18.021209 2.034058 3.641763
61549.931626 3 0.469716 18.155239 2.039296 3.641464
61550.264078 3 0.469434 18.290364 2.044534 3.641163
61550.593204 3 0.469150 18.426594 2.049772 3.640861
61550.919040 3 0.468863 18.563937 2.055010 3.640558
61551.241617 3 0.468573 18.702405 2.060247 3.640254
61551.560968 3 0.468280 18.842008 2.065485 3.639948
61551.877126 3 0.467985 18.982755 2.070723 3.639642
61552.190122 3 0.467686 19.124658 2.075961 3.639334
61552.499988 3 0.467384 19.267727 2.081198 3.639025
61552.806756 3 0.467079 19.411972 2.086436 3.638715
61553.110456 3 0.466771 19.557405 2.091674 3.638403
61553.411119 3 0.466460 19.704036 2.096912 3.638091
61553.708775 3 0.466145 19.851875 2.102149 3.637777
61554.003455 3 0.465828 20.000935 2.107387 3.637462
61554.295188 3 0.465507 20.151226 2.112625 3.637146
61554.584003 3 0.465183 20.302760 2.117863 3.636829
61554.869931 3 0.464856 20.455548 2.123101 3.636510
61555.152999 3 0.464525 20.609601 2.128338 3.636190
61555.433236 3 0.464191 20.764932 2.133576 3.635869
61555.710671 3 0.463853 20.921552 2.138814 3.635547
61555.985332 3 0.463512 21.079473 2.144052 3.635224
61556.257246 3 0.463167 21.238707 2.149289 3.634899
61556.526441 3 0.462819 21.399266 2.154527 3.634573
61556.792944 3 0.462467 21.561163 2.159765 3.634246
61557.056782 3 0.462112 21.724410 2.165003 3.633917
61557.317982 3 0.461753 21.889020 2.170240 3.633588
61557.576570 3 0.461390 22.055005 2.175478 3.633257
61557.832571 3 0.461024 22.222379 2.180716 3.632924
61558.086013 3 0.460653 22.391154 2.185954 3.632591
61558.336921 3 0.460279 22.561343 2.191191 3.632256
61558.585319 3 0.459901 22.732960 2.196429 3.631920
61558.831233 3 0.459519 22.906018 2.201667 3.631583
61559.074688 3 0.459132 23.080531 2.206905 3.631244
61559.315709 3 0.458742 23.256513 2.212143 3.630904
61559.554319 3 0.458348 23.433977 2.217380 3.630563
61559.790543 3 0.457949 23.612938 2.222618 3.630220
61560.024406 3 0.457547 23.793409 2.227856 3.629876
61560.255929 3 0.457140 23.975405 2.233094 3.629531
61560.485137 3 0.456729 24.158941 2.238331 3.629184
61560.712053 3 0.456313 24.344031 2.243569 3.628837
61560.936700 3 0.455893 24.530691 2.248807 3.628487
61561.159101 3 0.455469 24.718934 2.254045 3.628137
61561.379277 3 0.455040 24.908777 2.259282 3.627785
61561.597252 3 0.454606 25.100235 2.264520 3.627432
61561.813047 3 0.454168 25.293323 2.269758 3.627077
61562.026684 3 0.453725 25.488058 2.274996 3.626721
61562.238184 3 0.453277 25.684454 2.280234 3.626364
61562.447570 3 0.452825 25.882529 2.285471 3.626005
61562.654862 3 0.452368 26.082298 2.290709 3.625645
61562.860081 3 0.451906 26.283779 2.295947 3.625283
61563.063247 3 0.451438 26.486986 2.301185 3.624920
61563.264382 3 0.450966 26.691939 2.306422 3.624556
61563.463506 3 0.450489 26.898653 2.311660 3.624190
61563.660638 3 0.450006 27.107146 2.316898 3.623823
61563.855799 3 0.449519 27.317436 2.322136 3.623455
61564.049009 3 0.449026 27.529540 2.327373 3.623084
61564.240286 3 0.448527 27.743476 2.332611 3.622713
61564.429651 3 0.448023 27.959263 2.337849 3.622340
61564.617122 3 0.447514 28.176918 2.343087 3.621965
61564.802718 3 0.446999 28.396460 2.348324 3.621590
61564.986458 3 0.446478 28.617909 2.353562 3.621212
61565.168361 3 0.445952 28.841282 2.358800 3.620833
61565.348445 3 0.445420 29.066601 2.364038 3.620453
61565.526728 3 0.444882 29.293883 2.369276 3.620071
61565.703228 3 0.444338 29.523150 2.374513 3.619688
61565.877964 3 0.443788 29.754420 2.379751 3.619303
61566.050951 3 0.443232 29.987714 2.384989 3.618916
61566.222209 3 0.442670 30.223054 2.390227 3.618528
61566.391755 3 0.442101 30.460459 2.395464 3.618138
61566.559605 3 0.441526 30.699950 2.400702 3.617747
61566.725776 3 0.440945 30.941550 2.405940 3.617355
61566.890286 3 0.440357 31.185280 2.411178 3.616960
61567.053150 3 0.439762 31.431161 2.416415 3.616564
61567.214386 3 0.439161 31.679217 2.421653 3.616167
61567.374010 3 0.438553 31.929469 2.426891 3.615767
61567.532037 3 0.437938 32.181940 2.432129 3.615367
61567.688484 3 0.437316 32.436654 2.437367 3.614964
61567.843367 3 0.436687 32.693634 2.442604 3.614560
61567.996701 3 0.436051 32.952903 2.447842 3.614154
61568.148501 3 0.435407 33.214487 2.453080 3.613747
61568.298784 3 0.434757 33.478409 2.458318 3.613338
61568.447563 3 0.434098 33.744694 2.463555 3.612927
61568.594855 3 0.433432 34.013367 2.468793 3.612514
61568.740674 3 0.432759 34.284454 2.474031 3.612100
61568.885035 3 0.432078 34.557980 2.479269 3.611684
61569.027952 3 0.431388 34.833973 2.484506 3.611266
61569.169440 3 0.430691 35.112458 2.489744 3.610846
61569.309513 3 0.429986 35.393462 2.494982 3.610425
61569.448185 3 0.429272 35.643918 2.500220 3.610203
61569.585471 3 0.428551 35.875082 2.505457 3.610108
61569.721384 3 0.427822 36.106653 2.510695 3.610021
61569.855937 3 0.427086 36.338558 2.515933 3.609940
61569.989145 3 0.426342 36.570719 2.521171 3.609866
61570.121021 3 0.425591 36.803050 2.526408 3.609801
61570.251579 3 0.424832 37.035461 2.531646 3.609743
61570.380830 3 0.424066 37.267850 2.536884 3.609694
61570.508790 3 0.423292 37.500110 2.542121 3.609655
61570.635469 3 0.422510 37.732122 2.547359 3.609625
61570.760882 3 0.421720 37.963757 2.552597 3.609605
61570.885041 3 0.420922 38.194877 2.557834 3.609597
61571.007958 3 0.420116 38.425327 2.563072 3.609600
61571.129646 3 0.419302 38.654941 2.568310 3.609615
61571.250117 3 0.418480 38.883536 2.573547 3.609644
61571.369383 3 0.417650 39.110909 2.578785 3.609688
61571.487456 3 0.416811 39.336840 2.584022 3.609746
61571.604349 3 0.415965 39.561083 2.589260 3.609821
61571.720073 3 0.415110 39.783367 2.594497 3.609914
61571.834640 3 0.414246 40.003392 2.599735 3.610026
61571.948061 3 0.413375 40.220821 2.604972 3.610158
61572.060348 3 0.412495 40.435280 2.610210 3.610313
61572.171512 3 0.411607 40.646345 2.615447 3.610492
61572.281564 3 0.410710 40.853541 2.620684 3.610697
61572.390516 3 0.409805 41.056325 2.625922 3.610931
61572.498378 3 0.408892 41.254080 2.631159 3.611197
61572.605162 3 0.407970 41.446094 2.636396 3.611498
61572.710878 3 0.407040 41.631543 2.641633 3.611837
61572.815537 3 0.406102 41.809465 2.646869 3.612221
61572.919149 3 0.405156 41.978725 2.652106 3.612652
61573.021725 3 0.404202 42.137973 2.657342 3.613139
61573.123275 3 0.403240 42.285579 2.662578 3.613689
61573.223810 3 0.402271 42.419557 2.667814 3.614311
61573.323810 3 0.401294 42.537448 2.673049 3.615017
61573.423810 3 0.400310 42.636156 2.678283 3.615822
61573.523810 3 0.399319 42.711718 2.683517 3.616746
61573.623810 3 0.398322 42.758959 2.688749 3.617814
61573.723810 3 0.397320 42.770966 2.693980 3.619061
61573.823810 3 0.396312 42.738288 2.699209 3.620534
61573.923810 3 0.395301 42.647648 2.704435 3.622302
61574.023810 3 0.394288 42.479847 2.709656 3.624463
61574.123810 3 0.393274 42.206237 2.714871 3.627170
61574.223810 3 0.392768 42.016988 2.717468 3.628795
61574.323810 3 0.392263 41.783273 2.720063 3.630655
61574.423810 3 0.391759 41.495509 2.722653 3.632803
61574.523810 3 0.391259 41.141435 2.725238 3.635310
61574.623810 3 0.391010 40.935130 2.726526 3.636724
61574.723810 3 0.390762 40.706117 2.727813 3.638264
61574.823810 3 0.390515 40.451717 2.729098 3.639946
61574.923810 3 0.390270 40.168880 2.730380 3.641791
61575.023810 3 0.390025 39.854138 2.731659 3.643819
61575.123810 3 0.389783 39.503541 2.732935 3.646056
61575.223810 3 0.389543 39.112606 2.734207 3.648534
61575.323810 3 0.389423 38.900832 2.734841 3.649871
61575.423810 3 0.389305 38.677079 2.735474 3.651282
61575.523810 3 0.389187 38.440620 2.736105 3.652772
61575.623810 3 0.389069 38.190679 2.736735 3.654346
61575.723810 3 0.388953 37.926441 2.737364 3.656011
61575.823810 3 0.388837 37.647041 2.737991 3.657773
61575.923810 3 0.388722 37.351572 2.738616 3.659640
61576.023810 3 0.388608 37.039078 2.739240 3.661620
61576.123810 3 0.388494 36.708563 2.739861 3.663722
61576.223810 3 0.388382 36.358982 2.740480 3.665955
61576.323810 3 0.388326 36.176986 2.740789 3.667122
61576.423810 3 0.388271 35.989839 2.741097 3.668325
61576.523810 3 0.388216 35.797401 2.741404 3.669566
61576.623810 3 0.388161 35.599532 2.741710 3.670846
61576.723810 3 0.388106 35.396089 2.742016 3.672167
61576.823810 3 0.388052 35.186928 2.742321 3.673530
61576.923810 3 0.387998 34.971904 2.742626 3.674937
61577.023810 3 0.387944 34.750871 2.742929 3.676390
61577.123810 3 0.387891 34.523683 2.743232 3.677890
61577.223810 3 0.387838 34.290194 2.743534 3.679439
61577.323810 3 0.387786 34.050258 2.743834 3.681039
61577.423810 3 0.387733 33.803731 2.744134 3.682692
61577.523810 3 0.387681 33.550470 2.744433 3.684400
61577.623810 3 0.387630 33.290333 2.744731 3.686164
61577.723810 3 0.387579 33.023181 2.745028 3.687988
61577.823810 3 0.387528 32.748880 2.745323 3.689873
61577.923810 3 0.387478 32.467299 2.745618 3.691822
61578.023810 3 0.387428 32.178310 2.745911 3.693837
61578.123810 3 0.387378 31.881795 2.746203 3.695920
61578.223810 3 0.387329 31.577638 2.746494 3.698074
61578.323810 3 0.387281 31.265733 2.746783 3.700302
61578.423810 3 0.387257 31.107065 2.746927 3.701443
61578.523810 3 0.387233 30.946432 2.747071 3.702603
61578.623810 3 0.387209 30.783825 2.747214 3.703783
61578.723810 3 0.387185 30.619233 2.747357 3.704983
61578.823810 3 0.387162 30.452647 2.747499 3.706203
61578.923810 3 0.387138 30.284058 2.747642 3.707444
61579.023810 3 0.387115 30.113460 2.747783 3.708706
61579.123810 3 0.387092 29.940844 2.747925 3.709990
61579.223810 3 0.387069 29.766206 2.748065 3.711295
61579.323810 3 0.387046 29.589541 2.748206 3.712623
61579.423810 3 0.387023 29.410843 2.748346 3.713973
61579.523810 3 0.387001 29.230110 2.748485 3.715347
61579.623810 3 0.386978 29.047339 2.748624 3.716743
61579.723810 3 0.386956 28.862530 2.748763 3.718164
61579.823810 3 0.386934 28.675682 2.748901 3.719609
61579.923810 3 0.386911 28.486797 2.749039 3.721078
61580.023810 3 0.386890 28.295877 2.749176 3.722573
61580.123810 3 0.386868 28.102924 2.749312 3.724093
61580.223810 3 0.386846 27.907944 2.749448 3.725639
61580.323810 3 0.386825 27.710943 2.749584 3.727211
61580.423810 3 0.386803 27.511928 2.749719 3.728810
61580.523810 3 0.386782 27.310907 2.749853 3.730436
61580.623810 3 0.386761 27.107891 2.749987 3.732090
61580.723810 3 0.386740 26.902891 2.750121 3.733771
61580.823810 3 0.386719 26.695920 2.750253 3.735481
61580.923810 3 0.386699 26.486992 2.750385 3.737221
61581.023810 3 0.386678 26.276122 2.750517 3.738989
61581.123810 3 0.386658 26.063330 2.750647 3.740787
61581.223810 3 0.386638 25.848633 2.750778 3.742616
61581.323810 3 0.386618 25.632053 2.750907 3.744476
61581.423810 3 0.386599 25.413611 2.751036 3.746366
61581.523810 3 0.386579 25.193333 2.751164 3.748289
61581.623810 3 0.386560 24.971242 2.751292 3.750243
61581.723810 3 0.386540 24.747368 2.751418 3.752231
61581.823810 3 0.386521 24.521739 2.751544 3.754251
61581.923810 3 0.386502 24.294386 2.751670 3.756305
61582.023810 3 0.386484 24.065342 2.751794 3.758393
61582.123810 3 0.386465 23.834641 2.751918 3.760516
61582.223810 3 0.386447 23.602320 2.752041 3.762673
61582.323810 3 0.386429 23.368417 2.752163 3.764867
61582.423810 3 0.386420 23.251020 2.752224 3.765976
61582.523810 3 0.386411 23.133243 2.752285 3.767093
61582.623810 3 0.386402 23.015094 2.752345 3.768220
61582.723810 3 0.386393 22.896576 2.752405 3.769357
61582.823810 3 0.386384 22.777695 2.752465 3.770502
61582.923810 3 0.386375 22.658457 2.752525 3.771657
61583.023810 3 0.386366 22.538867 2.752584 3.772821
61583.123810 3 0.386358 22.418932 2.752644 3.773994
61583.223810 3 0.386349 22.298658 2.752703 3.775177
61583.323810 3 0.386341 22.178050 2.752762 3.776369
61583.423810 3 0.386332 22.057114 2.752820 3.777571
61583.523810 3 0.386324 21.935857 2.752879 3.778783
61583.623810 3 0.386315 21.814285 2.752937 3.780004
61583.723810 3 0.386307 21.692405 2.752995 3.781235
61583.823810 3 0.386298 21.570223 2.753053 3.782476
61583.923810 3 0.386290 21.447745 2.753110 3.783727
61584.023810 3 0.386282 21.324980 2.753167 3.784988
61584.123810 3 0.386274 21.201933 2.753224 3.786259
61584.223810 3 0.386265 21.078612 2.753281 3.787540
61584.323810 3 0.386257 20.955023 2.753338 3.788831
61584.423810 3 0.386249 20.831175 2.753394 3.790132
61584.523810 3 0.386241 20.707074 2.753450 3.791444
61584.623810 3 0.386233 20.582727 2.753506 3.792766
61584.723810 3 0.386225 20.458142 2.753561 3.794098
61584.823810 3 0.386217 20.333328 2.753617 3.795441
61584.923810 3 0.386210 20.208291 2.753672 3.796794
61585.023810 3 0.386202 20.083039 2.753727 3.798157
61585.123810 3 0.386194 19.957580 2.753781 3.799532
61585.223810 3 0.386186 19.831922 2.753835 3.800917
61585.323810 3 0.386179 19.706074 2.753889 3.802313
61585.423810 3 0.386171 19.580043 2.753943 3.803719
61585.523810 3 0.386164 19.453838 2.753996 3.805137
61585.623810 3 0.386156 19.327466 2.754049 3.806565
61585.723810 3 0.386149 19.200937 2.754102 3.808005
61585.823810 3 0.386141 19.074259 2.754155 3.809455
61585.923810 3 0.386134 18.947441 2.754207 3.810917
61586.023810 3 0.386127 18.820490 2.754259 3.812390
61586.123810 3 0.386119 18.693417 2.754311 3.813874
61586.223810 3 0.386112 18.566229 2.754362 3.815369
61586.323810 3 0.386105 18.438935 2.754414 3.816876
61586.423810 3 0.386098 18.311545 2.754464 3.818394
61586.523810 3 0.386091 18.184068 2.754515 3.819924
61586.623810 3 0.386084 18.056512 2.754565 3.821465
61586.723810 3 0.386077 17.928887 2.754615 3.823018
61586.823810 3 0.386070 17.801201 2.754665 3.824582
61586.923810 3 0.386063 17.673465 2.754714 3.826158
61587.023810 3 0.386056 17.545688 2.754763 3.827746
61587.123810 3 0.386050 17.417878 2.754812 3.829346
61587.223810 3 0.386043 17.290045 2.754860 3.830958
61587.323810 3 0.386036 17.162199 2.754908 3.832581
61587.423810 3 0.386030 17.034350 2.754956 3.834217
61587.523810 3 0.386023 16.906506 2.755003 3.835864
61587.623810 3 0.386016 16.778677 2.755050 3.837524
61587.723810 3 0.386010 16.650874 2.755097 3.839196
61587.823810 3 0.386004 16.523105 2.755143 3.840881
61587.923810 3 0.385997 16.395380 2.755189 3.842577
61588.023810 3 0.385991 16.267709 2.755235 3.844286
61588.123810 3 0.385985 16.140103 2.755280 3.846007
61588.223810 3 0.385978 16.012569 2.755325 3.847741
61588.323810 3 0.385972 15.885119 2.755370 3.849488
61588.423810 3 0.385966 15.757763 2.755414 3.851247
61588.523810 3 0.385960 15.630509 2.755458 3.853019
61588.623810 3 0.385954 15.503368 2.755502 3.854803
61588.723810 3 0.385948 15.376350 2.755545 3.856600
61588.823810 3 0.385942 15.249464 2.755587 3.858410
61588.923810 3 0.385936 15.122721 2.755630 3.860233
61589.023810 3 0.385931 14.996130 2.755672 3.862069
61589.123810 3 0.385925 14.869701 2.755714 3.863918
61589.223810 3 0.385919 14.743444 2.755755 3.865780
61589.323810 3 0.385913 14.617368 2.755796 3.867655
61589.423810 3 0.385908 14.491485 2.755836 3.869543
61589.523810 3 0.385902 14.365802 2.755876 3.871445
61589.623810 3 0.385897 14.240331 2.755916 3.873359
61589.723810 3 0.385891 14.115081 2.755955 3.875288
61589.823810 3 0.385886 13.990062 2.755994 3.877229
61589.923810 3 0.385880 13.865283 2.756032 3.879184
61590.023810 3 0.385875 13.740754 2.756070 3.881153
61590.123810 3 0.385870 13.616485 2.756108 3.883135
61590.223810 3 0.385864 13.492485 2.756145 3.885131
61590.323810 3 0.385859 13.368765 2.756182 3.887140
61590.423810 3 0.385854 13.245333 2.756218 3.889164
61590.523810 3 0.385849 13.122199 2.756254 3.891201
61590.623810 3 0.385844 12.999372 2.756289 3.893252
61590.723810 3 0.385839 12.876863 2.756324 3.895317
61590.823810 3 0.385834 12.754680 2.756359 3.897395
61590.923810 3 0.385829 12.632832 2.756393 3.899488
61591.023810 3 0.385824 12.511330 2.756426 3.901595
61591.123810 3 0.385820 12.390181 2.756459 3.903717
61591.223810 3 0.385815 12.269396 2.756492 3.905852
61591.323810 3 0.385810 12.148983 2.756524 3.908002
61591.423810 3 0.385805 12.028951 2.756556 3.910166
61591.523810 3 0.385801 11.909309 2.756587 3.912344
61591.623810 3 0.385796 11.790066 2.756617 3.914537
61591.723810 3 0.385792 11.671231 2.756647 3.916744
61591.823810 3 0.385787 11.552813 2.756677 3.918966
61591.923810 3 0.385783 11.434819 2.756706 3.921202
61592.023810 3 0.385778 11.317259 2.756735 3.923454
61592.123810 3 0.385774 11.200142 2.756763 3.925720
61592.223810 3 0.385770 11.083474 2.756791 3.928000
61592.323810 3 0.385765 10.967266 2.756818 3.930296
61592.423810 3 0.385761 10.851524 2.756844 3.932606
61592.523810 3 0.385757 10.736257 2.756870 3.934932
61592.623810 3 0.385753 10.621473 2.756896 3.937272
61592.723810 3 0.385749 10.507180 2.756920 3.939628
61592.823810 3 0.385745 10.393386 2.756945 3.941998
61592.923810 3 0.385741 10.280098 2.756969 3.944384
61593.023810 3 0.385737 10.167324 2.756992 3.946785
61593.123810 3 0.385733 10.055072 2.757014 3.949202
61593.223810 3 0.385729 9.943348 2.757036 3.951633
61593.323810 3 0.385725 9.832160 2.757058 3.954081
61593.423810 3 0.385722 9.721516 2.757079 3.956543
61593.523810 3 0.385718 9.611422 2.757099 3.959021
61593.623810 3 0.385714 9.501885 2.757118 3.961515
61593.723810 3 0.385710 9.392912 2.757137 3.964025
61593.823810 3 0.385707 9.284510 2.757156 3.966550
61593.923810 3 0.385703 9.176685 2.757173 3.969091
61594.023810 3 0.385700 9.069444 2.757191 3.971648
61594.123810 3 0.385696 8.962793 2.757207 3.974221
61594.223810 3 0.385693 8.856738 2.757223 3.976809
61594.323810 3 0.385689 8.751286 2.757238 3.979414
61594.423810 3 0.385686 8.646442 2.757252 3.982035
61594.523810 3 0.385683 8.542213 2.757266 3.984672
61594.623810 3 0.385680 8.438603 2.757279 3.987325
61594.723810 3 0.385676 8.335620 2.757292 3.989995
61594.823810 3 0.385673 8.233267 2.757303 3.992680
61594.923810 3 0.385670 8.131551 2.757314 3.995382
61595.023810 3 0.385667 8.030476 2.757325 3.998101
61595.123810 3 0.385664 7.930048 2.757334 4.000836
61595.223810 3 0.385661 7.830272 2.757343 4.003588
61595.323810 3 0.385658 7.731152 2.757351 4.006356
61595.423810 3 0.385655 7.632694 2.757359 4.009141
61595.523810 3 0.385652 7.534901 2.757365 4.011943
61595.623810 3 0.385649 7.437778 2.757371 4.014762
61595.723810 3 0.385646 7.341330 2.757376 4.017597
61595.823810 3 0.385643 7.245560 2.757380 4.020450
61595.923810 3 0.385641 7.150474 2.757384 4.023319
61596.023810 3 0.385638 7.056073 2.757386 4.026206
61596.123810 3 0.385635 6.962363 2.757388 4.029109
61596.223810 3 0.385632 6.869347 2.757389 4.032030
61596.323810 3 0.385630 6.777028 2.757389 4.034968
61596.423810 3 0.385627 6.685410 2.757389 4.037924
61596.523810 3 0.385625 6.594496 2.757387 4.040897
61596.623810 3 0.385622 6.504288 2.757385 4.043887
61596.723810 3 0.385620 6.414791 2.757382 4.046895
61596.823810 3 0.385617 6.326007 2.757377 4.049920
61596.923810 3 0.385615 6.237938 2.757372 4.052963
61597.023810 3 0.385612 6.150587 2.757366 4.056024
61597.123810 3 0.385610 6.063956 2.757359 4.059102
61597.223810 3 0.385608 5.978048 2.757352 4.062199
61597.323810 3 0.385605 5.892865 2.757343 4.065313
61597.423810 3 0.385603 5.808409 2.757333 4.068445
61597.523810 3 0.385601 5.724681 2.757322 4.071596
61597.623810 3 0.385599 5.641683 2.757311 4.074764
61597.723810 3 0.385597 5.559418 2.757298 4.077950
61597.823810 3 0.385595 5.477886 2.757284 4.081155
61597.923810 3 0.385592 5.397089 2.757269 4.084378
61598.023810 3 0.385590 5.317028 2.757254 4.087620
61598.123810 3 0.385588 5.237704 2.757237 4.090879
61598.223810 3 0.385586 5.159118 2.757219 4.094158
61598.323810 3 0.385584 5.081271 2.757200 4.097454
61598.423810 3 0.385584 5.012558 2.757191 4.100409
61598.523810 3 0.385584 4.944284 2.757181 4.103384
61598.623810 3 0.385583 4.876451 2.757169 4.106381
61598.723810 3 0.385583 4.809065 2.757157 4.109399
61598.823810 3 0.385582 4.742130 2.757143 4.112440
61598.923810 3 0.385582 4.675650 2.757129 4.115502
61599.023810 3 0.385581 4.609628 2.757113 4.118586
61599.123810 3 0.385581 4.544069 2.757096 4.121692
61599.223810 3 0.385580 4.478977 2.757078 4.124821
61599.323810 3 0.385580 4.414356 2.757058 4.127971
61599.423810 3 0.385580 4.350208 2.757038 4.131145
61599.523810 3 0.385579 4.286539 2.757016 4.134341
61599.623810 3 0.385579 4.223351 2.756992 4.137560
61599.723810 3 0.385578 4.160648 2.756968 4.140802
61599.823810 3 0.385578 4.098434 2.756942 4.144067
61599.923810 3 0.385577 4.036711 2.756915 4.147355
61600.023810 3 0.385577 3.975484 2.756886 4.150667
61600.123810 3 0.385576 3.914755 2.756856 4.154002
61600.223810 3 0.385576 3.854527 2.756825 4.157361
61600.323810 3 0.385575 3.794804 2.756792 4.160744
61600.423810 3 0.385575 3.735588 2.756758 4.164151
61600.523810 3 0.385574 3.676881 2.756722 4.167581
61600.623810 3 0.385574 3.618688 2.756685 4.171036
61600.723810 3 0.385573 3.561011 2.756646 4.174516
61600.823810 3 0.385573 3.503851 2.756606 4.178019
61600.923810 3 0.385572 3.447212 2.756564 4.181548
61601.023810 3 0.385572 3.391095 2.756521 4.185101
61601.123810 3 0.385571 3.335504 2.756475 4.188679
61601.223810 3 0.385571 3.280439 2.756429 4.192282
61601.323810 3 0.385570 3.225904 2.756380 4.195910
61601.423810 3 0.385569 3.171900 2.756330 4.199563
61601.523810 3 0.385569 3.118429 2.756278 4.203242
61601.623810 3 0.385568 3.065492 2.756224 4.206947
61601.723810 3 0.385568 3.013092 2.756169 4.210677
61601.823810 3 0.385567 2.961229 2.756112 4.214432
61601.923810 3 0.385567 2.909906 2.756052 4.218214
61602.023810 3 0.385566 2.859123 2.755991 4.222022
61602.123810 3 0.385566 2.808882 2.755928 4.225856
61602.223810 3 0.385565 2.759183 2.755863 4.229716
61602.323810 3 0.385564 2.710028 2.755796 4.233603
61602.423810 3 0.385564 2.661417 2.755727 4.237516
61602.523810 3 0.385563 2.613351 2.755656 4.241456
61602.623810 3 0.385563 2.565831 2.755583 4.245422
61602.723810 3 0.385562 2.518857 2.755507 4.249416
61602.823810 3 0.385561 2.472430 2.755430 4.253436
61602.923810 3 0.385561 2.426549 2.755350 4.257484
61603.023810 3 0.385560 2.381215 2.755268 4.261558
61603.123810 3 0.385559 2.336429 2.755184 4.265660
61603.223810 3 0.385559 2.292189 2.755097 4.269790
61603.323810 3 0.385558 2.248496 2.755008 4.273947
61603.423810 3 0.385557 2.205348 2.754916 4.278131
61603.523810 3 0.385557 2.162747 2.754822 4.282343
61603.623810 3 0.385556 2.120691 2.754726 4.286583
61603.723810 3 0.385556 2.079179 2.754627 4.290851
61603.823810 3 0.385555 2.038212 2.754525 4.295147
61603.923810 3 0.385554 1.997787 2.754421 4.299471
61604.023810 3 0.385553 1.957903 2.754314 4.303823
61604.123810 3 0.385553 1.918560 2.754204 4.308204
61604.223810 3 0.385552 1.879757 2.754091 4.312612
61604.323810 3 0.385551 1.841491 2.753975 4.317050
61604.423810 3 0.385551 1.803762 2.753857 4.321515
61604.523810 3 0.385550 1.766567 2.753735 4.326009
61604.623810 3 0.385549 1.729906 2.753611 4.330532
61604.723810 3 0.385548 1.693776 2.753483 4.335083
61604.823810 3 0.385548 1.658174 2.753352 4.339664
61604.923810 3 0.385547 1.623100 2.753218 4.344272
61605.023810 3 0.385546 1.588551 2.753081 4.348910
61605.123810 3 0.385545 1.554525 2.752940 4.353577
61605.223810 3 0.385545 1.521026 2.752796 4.358271
61605.323810 3 0.385544 1.488068 2.752649 4.362991
61605.423810 3 0.385543 1.455647 2.752498 4.367737
61605.523810 3 0.385542 1.423761 2.752344 4.372508
61605.623810 3 0.385541 1.392405 2.752186 4.377304
61605.723810 3 0.385541 1.361576 2.752024 4.382126
61605.823810 3 0.385540 1.331269 2.751859 4.386972
61605.923810 3 0.385539 1.301482 2.751691 4.391844
61606.023810 3 0.385538 1.272210 2.751518 4.396741
61606.123810 3 0.385538 1.243449 2.751342 4.401662
61606.223810 3 0.385538 1.216711 2.751176 4.406341
61606.323810 3 0.385537 1.190422 2.751006 4.411042
61606.423810 3 0.385537 1.164577 2.750833 4.415765
61606.523810 3 0.385537 1.139174 2.750655 4.420509
61606.623810 3 0.385537 1.114207 2.750475 4.425276
61606.723810 3 0.385537 1.089673 2.750290 4.430065
61606.823810 3 0.385537 1.065569 2.750101 4.434875
61606.923810 3 0.385537 1.041891 2.749909 4.439707
61607.023810 3 0.385537 1.018633 2.749712 4.444560
61607.123810 3 0.385537 0.995785 2.749511 4.449436
61607.223810 3 0.385537 0.973342 2.749306 4.454334
61607.323810 3 0.385537 0.951301 2.749096 4.459256
61607.423810 3 0.385536 0.929657 2.748882 4.464200
61607.523810 3 0.385536 0.908407 2.748663 4.469166
61607.623810 3 0.385536 0.887547 2.748440 4.474155
61607.723810 3 0.385536 0.867072 2.748211 4.479166
61607.823810 3 0.385536 0.846979 2.747978 4.484199
61607.923810 3 0.385536 0.827263 2.747740 4.489254
61608.023810 3 0.385536 0.807921 2.747497 4.494330
61608.123810 3 0.385536 0.788949 2.747249 4.499428
61608.223810 3 0.385535 0.770341 2.746996 4.504548
61608.323810 3 0.385535 0.752095 2.746737 4.509688
61608.423810 3 0.385535 0.734205 2.746473 4.514850
61608.523810 3 0.385535 0.716669 2.746203 4.520032
61608.623810 3 0.385535 0.699481 2.745927 4.525234
61608.723810 3 0.385535 0.682638 2.745646 4.530457
61608.823810 3 0.385534 0.666135 2.745359 4.535699
61608.923810 3 0.385534 0.649968 2.745065 4.540961
61609.023810 3 0.385534 0.634133 2.744766 4.546242
61609.123810 3 0.385534 0.618625 2.744460 4.551542
61609.223810 3 0.385534 0.603441 2.744148 4.556860
61609.323810 3 0.385534 0.588577 2.743830 4.562196
61609.423810 3 0.385533 0.574027 2.743504 4.567550
61609.523810 3 0.385533 0.559788 2.743172 4.572922
61609.623810 3 0.385533 0.545856 2.742833 4.578310
61609.723810 3 0.385533 0.532226 2.742488 4.583714
61609.823810 3 0.385533 0.518894 2.742134 4.589135
61609.923810 3 0.385532 0.505856 2.741774 4.594571
61610.023810 3 0.385532 0.493107 2.741406 4.600021
61610.123810 3 0.385532 0.480644 2.741031 4.605486
61610.223810 3 0.385532 0.468462 2.740648 4.610965
61610.323810 3 0.385531 0.456556 2.740257 4.616457
61610.423810 3 0.385531 0.444923 2.739858 4.621962
61610.523810 3 0.385531 0.433559 2.739450 4.627479
61610.623810 3 0.385531 0.422458 2.739035 4.633008
61610.723810 3 0.385531 0.411616 2.738611 4.638547
61610.823810 3 0.385530 0.401030 2.738178 4.644097
61610.923810 3 0.385530 0.390695 2.737736 4.649656
61611.023810 3 0.385530 0.380607 2.737286 4.655224
61611.123810 3 0.385530 0.370761 2.736826 4.660800
61611.223810 3 0.385529 0.361153 2.736357 4.666384
61611.323810 3 0.385529 0.351779 2.735878 4.671975
61611.423810 3 0.385529 0.342635 2.735390 4.677572
61611.523810 3 0.385529 0.333716 2.734892 4.683175
61611.623810 3 0.385528 0.325019 2.734384 4.688782
61611.723810 3 0.385528 0.316538 2.733865 4.694394
61611.823810 3 0.385528 0.308270 2.733336 4.700009
61611.923810 3 0.385528 0.300210 2.732797 4.705627
61612.023810 3 0.385528 0.292352 2.732246 4.711249
61612.123810 3 0.385527 0.284693 2.731684 4.716874
61612.223810 3 0.385527 0.277227 2.731111 4.722501
61612.323810 3 0.385527 0.269951 2.730525 4.728129
61612.423810 3 0.385527 0.262861 2.729928 4.733759
61612.523810 3 0.385527 0.255953 2.729319 4.739390
61612.623810 3 0.385526 0.249223 2.728697 4.745020
61612.723810 3 0.385526 0.242668 2.728062 4.750650
61612.823810 3 0.385526 0.236282 2.727414 4.756278
61612.923810 3 0.385526 0.230064 2.726752 4.761904
61613.023810 3 0.385526 0.224008 2.726077 4.767528
61613.123810 3 0.385525 0.218112 2.725388 4.773148
61613.223810 3 0.385525 0.212371 2.724685 4.778764
61613.323810 3 0.385525 0.206783 2.723967 4.784375
61613.423810 3 0.385525 0.201343 2.723234 4.789981
61613.523810 3 0.385525 0.196048 2.722486 4.795580
61613.623810 3 0.385524 0.190896 2.721722 4.801173
61613.723810 3 0.385524 0.185882 2.720943 4.806758
61613.823810 3 0.385524 0.181003 2.720147 4.812334
61613.923810 3 0.385524 0.176256 2.719334 4.817902
61614.023810 3 0.385524 0.171638 2.718505 4.823459
61614.123810 3 0.385523 0.167146 2.717658 4.829006
61614.223810 3 0.385523 0.162777 2.716793 4.834542
61614.323810 3 0.385523 0.158528 2.715910 4.840066
61614.423810 3 0.385523 0.154395 2.715008 4.845576
61614.523810 3 0.385523 0.150376 2.714087 4.851073
61614.623810 3 0.385523 0.146468 2.713147 4.856556
61614.723810 3 0.385522 0.142669 2.712187 4.862023
61614.823810 3 0.385522 0.138975 2.711207 4.867474
61614.923810 3 0.385522 0.135384 2.710206 4.872908
61615.023810 3 0.385522 0.131893 2.709183 4.878325
61615.123810 3 0.385522 0.128500 2.708139 4.883723
61615.223810 3 0.385521 0.125203 2.707072 4.889102
61615.323810 3 0.385521 0.121998 2.705983 4.894461
61615.423810 3 0.385521 0.118883 2.704870 4.899799
61615.523810 3 0.385521 0.115856 2.703734 4.905115
61615.623810 3 0.385521 0.112915 2.702573 4.910408
61615.723810 3 0.385521 0.110057 2.701387 4.915678
61615.823810 3 0.385520 0.107280 2.700175 4.920924
61615.923810 3 0.385520 0.104583 2.698938 4.926145
61616.023810 3 0.385520 0.101962 2.697673 4.931340
61616.123810 3 0.385520 0.099416 2.696381 4.936508
61616.223810 3 0.385520 0.096943 2.695062 4.941648
61616.323810 3 0.385520 0.094540 2.693713 4.946760
61616.423810 3 0.385519 0.092207 2.692336 4.951843
61616.523810 3 0.385519 0.089940 2.690928 4.956895
61616.623810 3 0.385519 0.087739 2.689489 4.961916
61616.723810 3 0.385519 0.085601 2.688020 4.966906
61616.823810 3 0.385519 0.083525 2.686518 4.971862
61616.923810 3 0.385519 0.081508 2.684983 4.976785
61617.023810 3 0.385518 0.079550 2.683414 4.981674
61617.123810 3 0.385518 0.077648 2.681811 4.986527
61617.223810 3 0.385518 0.075802 2.680173 4.991344
61617.323810 3 0.385518 0.074009 2.678499 4.996124
61617.423810 3 0.385518 0.072268 2.676788 5.000866
61617.523810 3 0.385518 0.070577 2.675039 5.005569
61617.623810 3 0.385517 0.068935 2.673251 5.010232
61617.723810 3 0.385517 0.067342 2.671424 5.014855
61617.823810 3 0.385517 0.065794 2.669556 5.019436
61617.923810 3 0.385517 0.064291 2.667648 5.023976
61618.023810 3 0.385517 0.062833 2.665696 5.028472
61618.123810 3 0.385517 0.061416 2.663702 5.032924
61618.223810 3 0.385517 0.060041 2.661663 5.037332
61618.323810 3 0.385516 0.058706 2.659579 5.041694
61618.423810 3 0.385516 0.057410 2.657448 5.046010
61618.523810 3 0.385516 0.056151 2.655271 5.050278
61618.623810 3 0.385516 0.054930 2.653044 5.054498
61618.723810 3 0.385516 0.053744 2.650768 5.058669
61618.823810 3 0.385516 0.052592 2.648442 5.062791
61618.923810 3 0.385516 0.051474 2.646063 5.066862
61619.023810 3 0.385515 0.050389 2.643632 5.070882
61619.123810 3 0.385515 0.049335 2.641146 5.074849
61619.223810 3 0.385515 0.048312 2.638606 5.078764
61619.323810 3 0.385515 0.047319 2.636008 5.082625
61619.423810 3 0.385515 0.046355 2.633353 5.086431
61619.523810 3 0.385515 0.045419 2.630639 5.090182
61619.623810 3 0.385515 0.044510 2.627864 5.093877
61619.723810 3 0.385515 0.043628 2.625028 5.097515
61619.823810 3 0.385514 0.042772 2.622129 5.101095
61619.923810 3 0.385514 0.041940 2.619166 5.104617
61620.023810 3 0.385514 0.041133 2.616137 5.108080
61620.123810 3 0.385514 0.040349 2.613041 5.111484
61620.223810 3 0.385514 0.039588 2.609877 5.114826
61620.323810 3 0.385514 0.038850 2.606643 5.118108
61620.423810 3 0.385514 0.038133 2.603338 5.121327
61620.523810 3 0.385514 0.037436 2.599961 5.124484
61620.623810 3 0.385514 0.036760 2.596511 5.127578
61620.723810 3 0.385513 0.036104 2.592984 5.130608
61620.823810 3 0.385513 0.035467 2.589382 5.133573
61620.923810 3 0.385513 0.034849 2.585701 5.136473
61621.023810 3 0.385513 0.034248 2.581941 5.139308
61621.123810 3 0.385513 0.033665 2.578100 5.142076
61621.223810 3 0.385513 0.033099 2.574177 5.144776
61621.323810 3 0.385513 0.032550 2.570170 5.147410
61621.423810 3 0.385513 0.032016 2.566079 5.149975
61621.523810 3 0.385513 0.031498 2.561901 5.152472
61621.623810 3 0.385513 0.030996 2.557636 5.154899
61621.723810 3 0.385513 0.030508 2.553281 5.157257
61621.823810 3 0.385512 0.030034 2.548837 5.159545
61621.923810 3 0.385512 0.029574 2.544301 5.161763
61622.023810 3 0.385512 0.029127 2.539673 5.163909
61622.123810 3 0.385512 0.028694 2.534950 5.165985
61622.223810 3 0.385512 0.028273 2.530133 5.167988
61622.323810 3 0.385512 0.027865 2.525221 5.169920
61622.423810 3 0.385512 0.027468 2.520211 5.171779
61622.523810 3 0.385512 0.027083 2.515103 5.173566
61622.623810 3 0.385512 0.026710 2.509897 5.175280
61622.723810 3 0.385512 0.026347 2.504592 5.176921
61622.823810 3 0.385512 0.025995 2.499186 5.178490
61622.923810 3 0.385512 0.025654 2.493680 5.179984
61623.023810 3 0.385512 0.025322 2.488073 5.181406
61623.123810 3 0.385512 0.025001 2.482364 5.182754
61623.223810 3 0.385511 0.024689 2.476554 5.184029
61623.323810 3 0.385511 0.024386 2.470642 5.185230
61623.423810 3 0.385511 0.024092 2.464628 5.186359
61623.523810 3 0.385511 0.023807 2.458513 5.187414
61623.623810 3 0.385511 0.023531 2.452297 5.188397
61623.723810 3 0.385511 0.023263 2.445980 5.189307
61623.823810 3 0.385511 0.023002 2.439563 5.190145
61623.923810 3 0.385511 0.022750 2.433047 5.190911
61624.023810 3 0.385511 0.022505 2.426433 5.191605
61624.123810 3 0.385511 0.022268 2.419723 5.192229
61624.223810 3 0.385511 0.022038 2.412917 5.192783
61624.323810 3 0.385511 0.021815 2.406018 5.193267
61624.423810 3 0.385511 0.021599 2.399028 5.193682
61624.523810 3 0.385511 0.021389 2.391948 5.194029
61624.623810 3 0.385511 0.021186 2.384782 5.194309
61624.723810 3 0.385511 0.020989 2.377532 5.194522
61624.823810 3 0.385511 0.020799 2.370200 5.194671
61624.923810 3 0.385511 0.020614 2.362792 5.194755
61625.023810 3 0.385511 0.020435 2.355309 5.194777
61625.123810 3 0.385511 0.020262 2.347755 5.194737
61625.223810 3 0.385511 0.020094 2.340136 5.194636
61625.323810 3 0.385511 0.019932 2.332455 5.194477
61625.423810 3 0.385511 0.019775 2.324717 5.194261
61625.523810 3 0.385511 0.019623 2.316928 5.193989
61625.623810 3 0.385511 0.019476 2.309092 5.193663
61625.723810 3 0.385511 0.019334 2.301215 5.193285
61625.823810 3 0.385511 0.019196 2.293303 5.192856
61625.923810 3 0.385510 0.019064 2.285362 5.192380
61626.023810 3 0.385510 0.018935 2.277399 5.191857
61626.123810 3 0.385510 0.018811 2.269421 5.191290
61626.223810 3 0.385510 0.018691 2.261434 5.190681
61626.323810 3 0.385510 0.018575 2.253445 5.190032
61626.423810 3 0.385510 0.018464 2.245463 5.189346
