t Ka M R logL logTeff
0.493510 1 6.999900 3.213687 3.235433 4.316497
0.987047 1 6.999715 3.229361 3.237261 4.315898
1.480611 1 6.999528 3.245121 3.239132 4.315308
1.974201 1 6.999340 3.260972 3.241047 4.314729
2.467819 1 6.999150 3.276920 3.243005 4.314159
2.961465 1 6.998958 3.292970 3.245007 4.313599
3.455138 1 6.998765 3.309127 3.247053 4.313047
3.948839 1 6.998570 3.325398 3.249142 4.312504
4.442569 1 6.998373 3.341788 3.251274 4.311970
4.936327 1 6.998174 3.358303 3.253451 4.311443
5.430114 1 6.997973 3.374949 3.255670 4.310924
5.923930 1 6.997770 3.391733 3.257933 4.310413
6.417775 1 6.997565 3.408661 3.260240 4.309909
6.911650 1 6.997358 3.425739 3.262590 4.309411
7.405555 1 6.997149 3.442974 3.264983 4.308919
7.899491 1 6.996937 3.460372 3.267420 4.308434
8.393457 1 6.996723 3.477940 3.269900 4.307955
8.887454 1 6.996506 3.495685 3.272424 4.307480
9.381483 1 6.996287 3.513614 3.274991 4.307011
9.875544 1 6.996065 3.531734 3.277601 4.306547
10.369636 1 6.995841 3.550053 3.280254 4.306087
10.863761 1 6.995613 3.568577 3.282951 4.305631
11.357920 1 6.995383 3.587315 3.285691 4.305179
11.852111 1 6.995150 3.606274 3.288475 4.304730
12.346337 1 6.994913 3.625462 3.291302 4.304284
12.840597 1 6.994674 3.644886 3.294171 4.303841
13.334891 1 6.994431 3.664556 3.297085 4.303401
13.829221 1 6.994185 3.684480 3.300041 4.302963
14.323587 1 6.993935 3.704666 3.303040 4.302526
14.817989 1 6.993682 3.725122 3.306083 4.302091
15.312427 1 6.993425 3.745859 3.309168 4.301657
15.806903 1 6.993164 3.766884 3.312297 4.301224
16.301417 1 6.992899 3.788208 3.315469 4.300791
16.795970 1 6.992630 3.809840 3.318684 4.300358
17.290561 1 6.992357 3.831790 3.321941 4.299925
17.785192 1 6.992080 3.854069 3.325242 4.299491
18.279864 1 6.991798 3.876686 3.328586 4.299057
18.774576 1 6.991511 3.899653 3.331972 4.298621
19.269330 1 6.991220 3.922981 3.335402 4.298183
19.764127 1 6.990924 3.946682 3.338874 4.297743
20.258966 1 6.990624 3.970767 3.342389 4.297301
20.753849 1 6.990318 3.995251 3.345947 4.296855
21.248777 1 6.990006 4.020145 3.349547 4.296406
21.743750 1 6.989689 4.045464 3.353190 4.295954
22.238769 1 6.989367 4.071222 3.356876 4.295497
22.733835 1 6.989039 4.097435 3.360605 4.295036
23.228949 1 6.988705 4.124118 3.364376 4.294569
23.724111 1 6.988364 4.151290 3.368189 4.294096
24.219323 1 6.988018 4.178968 3.372045 4.293617
24.714586 1 6.987665 4.207171 3.375944 4.293131
25.209900 1 6.987305 4.235922 3.379885 4.292638
25.705266 1 6.986938 4.265240 3.383868 4.292136
26.200686 1 6.986564 4.295152 3.387893 4.291625
26.696160 1 6.986183 4.325682 3.391961 4.291104
27.191690 1 6.985794 4.356858 3.396071 4.290572
27.687277 1 6.985398 4.388712 3.400223 4.290028
28.182921 1 6.984993 4.421275 3.404418 4.289471
28.678624 1 6.984581 4.454583 3.408654 4.288900
29.174388 1 6.984159 4.488677 3.412932 4.288314
29.670213 1 6.983729 4.523597 3.417252 4.287712
30.166101 1 6.983291 4.559392 3.421614 4.287091
30.662053 1 6.982842 4.596113 3.426018 4.286450
31.158070 1 6.982385 4.633816 3.430464 4.285787
31.654154 1 6.981917 4.672563 3.434951 4.285101
32.150307 1 6.981439 4.712424 3.439480 4.284388
32.646529 1 6.980951 4.753473 3.444050 4.283648
33.142822 1 6.980453 4.795794 3.448662 4.282876
33.639189 1 6.979943 4.839479 3.453315 4.282070
34.135630 1 6.979422 4.884631 3.458009 4.281227
34.632147 1 6.978889 4.931362 3.462745 4.280343
35.128742 1 6.978344 4.979798 3.467522 4.279415
35.377080 1 6.978066 5.004698 3.469925 4.278933
35.625438 1 6.977784 5.030076 3.472339 4.278438
35.873816 1 6.977500 5.055954 3.474763 4.277930
36.122215 1 6.977212 5.082352 3.477197 4.277407
36.370636 1 6.976920 5.109292 3.479642 4.276871
36.619077 1 6.976626 5.136797 3.482096 4.276318
36.867541 1 6.976328 5.164891 3.484561 4.275750
37.116026 1 6.976027 5.193600 3.487036 4.275165
37.364533 1 6.975722 5.222951 3.489521 4.274563
37.613062 1 6.975414 5.252973 3.492017 4.273942
37.861614 1 6.975102 5.283696 3.494522 4.273302
38.110189 1 6.974787 5.315151 3.497038 4.272642
38.358787 1 6.974469 5.347373 3.499564 4.271961
38.607408 1 6.974146 5.380397 3.502100 4.271258
38.856053 1 6.973820 5.414260 3.504646 4.270532
39.104722 1 6.973490 5.449002 3.507202 4.269783
39.353415 1 6.973157 5.484664 3.509768 4.269008
39.602133 1 6.972819 5.521291 3.512345 4.268206
39.850875 1 6.972478 5.558929 3.514931 4.267378
40.099642 1 6.972133 5.597628 3.517528 4.266520
40.348435 1 6.971784 5.637440 3.520134 4.265633
40.597253 1 6.971431 5.678421 3.522751 4.264715
40.846098 1 6.971074 5.720628 3.525378 4.263763
41.094968 1 6.970713 5.764123 3.528014 4.262778
41.343865 1 6.970348 5.808973 3.530661 4.261756
41.592788 1 6.969979 5.855246 3.533318 4.260697
41.841739 1 6.969606 5.903016 3.535985 4.259600
42.090718 1 6.969229 5.952361 3.538661 4.258461
42.339723 1 6.968848 6.003364 3.541348 4.257280
42.588758 1 6.968462 6.056112 3.544045 4.256055
42.837820 1 6.968072 6.110699 3.546751 4.254783
43.086911 1 6.967678 6.167224 3.549468 4.253463
43.336031 1 6.967279 6.225791 3.552195 4.252092
43.585180 1 6.966877 6.286514 3.554931 4.250668
43.709770 1 6.966673 6.317720 3.556303 4.249936
43.834367 1 6.966469 6.349509 3.557677 4.249190
43.958971 1 6.966263 6.381899 3.559054 4.248429
44.083583 1 6.966056 6.414905 3.560434 4.247654
44.208203 1 6.965848 6.448545 3.561816 4.246864
44.332830 1 6.965640 6.482836 3.563200 4.246058
44.457465 1 6.965430 6.517797 3.564587 4.245237
44.582108 1 6.965219 6.553446 3.565976 4.244400
44.706759 1 6.965006 6.589803 3.567368 4.243546
44.831417 1 6.964793 6.626887 3.568762 4.242676
44.956083 1 6.964579 6.664721 3.570159 4.241789
45.080757 1 6.964363 6.703324 3.571558 4.240885
45.205439 1 6.964147 6.742720 3.572960 4.239963
45.330129 1 6.963930 6.782931 3.574364 4.239023
45.454827 1 6.963711 6.823981 3.575771 4.238064
45.579533 1 6.963491 6.865895 3.577180 4.237087
45.704248 1 6.963270 6.908697 3.578591 4.236090
45.828970 1 6.963049 6.952414 3.580006 4.235074
45.953700 1 6.962826 6.997072 3.581422 4.234038
46.078439 1 6.962602 7.042701 3.582841 4.232981
46.203186 1 6.962377 7.089329 3.584263 4.231904
46.327941 1 6.962151 7.136986 3.585687 4.230805
46.452705 1 6.961924 7.185703 3.587114 4.229684
46.577477 1 6.961695 7.235513 3.588543 4.228542
46.702257 1 6.961466 7.286448 3.589974 4.227376
46.827046 1 6.961236 7.338543 3.591408 4.226188
46.951843 1 6.961005 7.391835 3.592845 4.224976
47.076649 1 6.960772 7.446360 3.594284 4.223740
47.201464 1 6.960539 7.502156 3.595725 4.222479
47.326287 1 6.960305 7.559264 3.597169 4.221193
47.451118 1 6.960069 7.617725 3.598616 4.219882
47.575959 1 6.959833 7.677582 3.600065 4.218545
47.700808 1 6.959595 7.738879 3.601516 4.217181
47.825666 1 6.959357 7.801663 3.602970 4.215790
47.950533 1 6.959118 7.865981 3.604427 4.214371
48.075408 1 6.958877 7.931883 3.605886 4.212924
48.200292 1 6.958636 7.999422 3.607347 4.211448
48.325186 1 6.958394 8.068651 3.608811 4.209943
48.450088 1 6.958151 8.139625 3.610278 4.208408
48.574999 1 6.957907 8.212403 3.611747 4.206842
48.699920 1 6.957662 8.287045 3.613219 4.205245
48.824849 1 6.957416 8.363614 3.614693 4.203617
48.949787 1 6.957169 8.442175 3.616169 4.201956
49.074735 1 6.956922 8.522797 3.617648 4.200262
49.324648 1 6.956425 8.452367 3.641517 4.208031
49.424648 1 6.956353 8.374165 3.647439 4.211530
49.524648 1 6.956321 8.332684 3.650235 4.213307
49.624648 1 6.956289 8.289571 3.652970 4.215117
49.724648 1 6.956260 8.245332 3.655633 4.216945
49.824648 1 6.956231 8.200417 3.658218 4.218777
49.924648 1 6.956204 8.155222 3.660718 4.220602
50.024648 1 6.956179 8.110095 3.663129 4.222410
50.124648 1 6.956154 8.065330 3.665450 4.224192
50.224648 1 6.956131 8.021179 3.667677 4.225941
50.324648 1 6.956108 7.977851 3.669812 4.227651
50.424648 1 6.956087 7.935516 3.671853 4.229316
50.524648 1 6.956067 7.894312 3.673802 4.230934
50.624648 1 6.956048 7.854346 3.675661 4.232501
50.724648 1 6.956011 7.775910 3.679227 4.235572
50.824648 1 6.955979 7.703525 3.682434 4.238404
50.924648 1 6.955949 7.637315 3.685307 4.240997
51.024648 1 6.955923 7.577185 3.687872 4.243355
51.124648 1 6.955900 7.522897 3.690156 4.245487
51.224648 1 6.955879 7.474117 3.692184 4.247407
51.324648 1 6.955860 7.430461 3.693981 4.249128
51.424648 1 6.955844 7.391521 3.695571 4.250666
51.524648 1 6.955815 7.321722 3.698393 4.253432
51.624648 1 6.955793 7.268002 3.700542 4.255569
51.724648 1 6.955776 7.226948 3.702173 4.257206
51.824648 1 6.955750 7.164150 3.704649 4.259720
51.924648 2 6.955724 7.099908 3.707160 4.262304
52.024648 2 6.955722 7.170648 3.706337 4.259946
52.124648 2 6.955720 7.216799 3.705805 4.258420
52.224648 2 6.955719 7.263246 3.705273 4.256894
52.324648 2 6.955717 7.309993 3.704741 4.255367
52.424648 2 6.955716 7.357040 3.704209 4.253841
52.524648 2 6.955714 7.404390 3.703677 4.252315
52.624648 2 6.955713 7.452045 3.703145 4.250789
52.724648 2 6.955711 7.500007 3.702613 4.249263
52.824648 2 6.955710 7.548277 3.702081 4.247737
52.924648 2 6.955708 7.596858 3.701549 4.246211
53.024648 2 6.955707 7.645751 3.701017 4.244685
53.124648 2 6.955706 7.694959 3.700485 4.243159
53.224648 2 6.955704 7.744484 3.699953 4.241633
53.324648 2 6.955703 7.794328 3.699421 4.240107
53.424648 2 6.955701 7.844493 3.698889 4.238580
53.524648 2 6.955700 7.894980 3.698357 4.237054
53.624648 2 6.955699 7.945792 3.697825 4.235528
53.724648 2 6.955697 7.996931 3.697293 4.234002
53.824648 2 6.955696 8.048400 3.696761 4.232476
53.924648 2 6.955695 8.100199 3.696229 4.230950
54.024648 2 6.955693 8.152332 3.695697 4.229424
54.124648 2 6.955692 8.204801 3.695165 4.227898
54.224648 2 6.955691 8.257607 3.694633 4.226372
54.324648 2 6.955689 8.310753 3.694101 4.224846
54.424648 2 6.955688 8.364241 3.693569 4.223320
54.524648 2 6.955687 8.418074 3.693037 4.221794
54.624648 2 6.955685 8.472253 3.692505 4.220267
54.724648 2 6.955684 8.526780 3.691974 4.218741
54.824648 2 6.955683 8.581659 3.691442 4.217215
54.924648 2 6.955682 8.636890 3.690910 4.215689
55.024648 2 6.955680 8.692477 3.690378 4.214163
55.124648 2 6.955679 8.748422 3.689846 4.212637
55.224648 2 6.955678 8.804727 3.689314 4.211111
55.324648 2 6.955677 8.861395 3.688782 4.209585
55.424648 2 6.955675 8.918427 3.688250 4.208059
55.524648 2 6.955674 8.975826 3.687718 4.206533
55.624648 2 6.955673 9.033594 3.687186 4.205007
55.724648 2 6.955672 9.091734 3.686654 4.203481
55.824648 2 6.955671 9.150249 3.686122 4.201955
55.924648 2 6.955670 9.209140 3.685590 4.200429
56.024648 2 6.955668 9.268410 3.685058 4.198902
56.124648 2 6.955667 9.328062 3.684526 4.197376
56.224648 2 6.955666 9.388097 3.683994 4.195850
56.324648 2 6.955665 9.448519 3.683462 4.194324
56.424648 2 6.955664 9.509330 3.682930 4.192798
56.524648 2 6.955663 9.570532 3.682398 4.191272
56.624648 2 6.955661 9.632128 3.681866 4.189746
56.724648 2 6.955660 9.694120 3.681334 4.188220
56.824648 2 6.955659 9.756512 3.680802 4.186694
56.924648 2 6.955658 9.819305 3.680271 4.185168
57.024648 2 6.955657 9.882502 3.679739 4.183642
57.124648 2 6.955656 9.946105 3.679207 4.182116
57.224648 2 6.955655 10.010119 3.678675 4.180590
57.324648 2 6.955654 10.074544 3.678143 4.179064
57.424648 2 6.955653 10.139384 3.677611 4.177538
57.524648 2 6.955652 10.204641 3.677079 4.176011
57.624648 2 6.955651 10.270318 3.676547 4.174485
57.724648 2 6.955650 10.336417 3.676015 4.172959
57.824648 2 6.955649 10.402943 3.675483 4.171433
57.924648 2 6.955647 10.469896 3.674951 4.169907
58.024648 2 6.955646 10.537280 3.674419 4.168381
58.124648 2 6.955645 10.605098 3.673887 4.166855
58.224648 2 6.955644 10.673353 3.673356 4.165329
58.324648 2 6.955643 10.742046 3.672824 4.163803
58.424648 2 6.955642 10.811182 3.672292 4.162277
58.524648 2 6.955641 10.880763 3.671760 4.160751
58.624648 2 6.955640 10.950792 3.671228 4.159225
58.724648 2 6.955639 11.021271 3.670696 4.157699
58.824648 2 6.955638 11.092204 3.670164 4.156173
58.924648 2 6.955637 11.163593 3.669632 4.154647
59.024648 2 6.955637 11.235442 3.669100 4.153121
59.124648 2 6.955636 11.307753 3.668568 4.151594
59.224648 2 6.955635 11.380530 3.668036 4.150068
59.324648 2 6.955634 11.453775 3.667505 4.148542
59.424648 2 6.955633 11.527491 3.666973 4.147016
59.524648 2 6.955632 11.601682 3.666441 4.145490
59.624648 2 6.955631 11.676351 3.665909 4.143964
59.724648 2 6.955630 11.751500 3.665377 4.142438
59.824648 2 6.955629 11.827132 3.664845 4.140912
59.924648 2 6.955628 11.903252 3.664313 4.139386
60.024648 2 6.955627 11.979861 3.663781 4.137860
60.124648 2 6.955626 12.056963 3.663249 4.136334
60.224648 2 6.955625 12.134562 3.662717 4.134808
60.324648 2 6.955625 12.212660 3.662186 4.133282
60.424648 2 6.955624 12.291260 3.661654 4.131756
60.524648 2 6.955623 12.370367 3.661122 4.130230
60.624648 2 6.955622 12.449983 3.660590 4.128704
60.724648 2 6.955621 12.530111 3.660058 4.127178
60.824648 2 6.955620 12.610754 3.659526 4.125652
60.924648 2 6.955619 12.691917 3.658994 4.124126
61.024648 2 6.955618 12.773602 3.658462 4.122599
61.124648 2 6.955618 12.855813 3.657931 4.121073
61.224648 2 6.955617 12.938553 3.657399 4.119547
61.324648 2 6.955616 13.021825 3.656867 4.118021
61.424648 2 6.955615 13.105634 3.656335 4.116495
61.524648 2 6.955614 13.189982 3.655803 4.114969
61.624648 2 6.955613 13.274872 3.655271 4.113443
61.724648 2 6.955613 13.360309 3.654739 4.111917
61.824648 2 6.955612 13.446296 3.654207 4.110391
61.924648 2 6.955611 13.532836 3.653676 4.108865
62.024648 2 6.955610 13.619934 3.653144 4.107339
62.124648 2 6.955610 13.707591 3.652612 4.105813
62.224648 2 6.955609 13.795813 3.652080 4.104287
62.324648 2 6.955608 13.884603 3.651548 4.102761
62.424648 2 6.955607 13.973964 3.651016 4.101235
62.524648 2 6.955606 14.063901 3.650484 4.099709
62.624648 2 6.955606 14.154416 3.649952 4.098183
62.724648 2 6.955605 14.245514 3.649421 4.096657
62.824648 2 6.955604 14.337197 3.648889 4.095131
62.924648 2 6.955602 14.429470 3.648357 4.093605
63.024648 2 6.955601 14.522337 3.647825 4.092079
63.124648 2 6.955600 14.615801 3.647293 4.090552
63.224648 2 6.955599 14.709868 3.646761 4.089026
63.324648 2 6.955598 14.804539 3.646229 4.087500
63.424648 2 6.955597 14.899820 3.645697 4.085974
63.524648 2 6.955595 14.995714 3.645165 4.084448
63.624648 2 6.955594 15.092226 3.644633 4.082922
63.724648 2 6.955593 15.189358 3.644101 4.081396
63.824648 2 6.955592 15.287116 3.643569 4.079870
63.924648 2 6.955591 15.385503 3.643037 4.078344
64.024648 2 6.955590 15.484523 3.642505 4.076818
64.124648 2 6.955589 15.584180 3.641973 4.075292
64.224648 2 6.955588 15.684479 3.641441 4.073766
64.324648 2 6.955587 15.785423 3.640910 4.072240
64.424648 2 6.955586 15.887017 3.640378 4.070714
64.524648 2 6.955584 15.989264 3.639846 4.069188
64.624648 2 6.955583 16.092170 3.639314 4.067662
64.724648 2 6.955582 16.195738 3.638782 4.066136
64.824648 2 6.955581 16.299973 3.638250 4.064610
64.924648 2 6.955580 16.404879 3.637718 4.063084
65.024648 2 6.955579 16.510459 3.637186 4.061558
65.124648 2 6.955578 16.616720 3.636654 4.060031
65.224648 2 6.955578 16.723664 3.636122 4.058505
65.324648 2 6.955577 16.831296 3.635590 4.056979
65.424648 2 6.955576 16.939621 3.635059 4.055453
65.524648 2 6.955575 17.048644 3.634527 4.053927
65.624648 2 6.955574 17.158368 3.633995 4.052401
65.724648 2 6.955573 17.268798 3.633463 4.050875
65.824648 2 6.955572 17.379939 3.632931 4.049349
65.924648 2 6.955571 17.491795 3.632399 4.047823
66.024648 2 6.955570 17.604372 3.631867 4.046297
66.124648 2 6.955569 17.717672 3.631335 4.044771
66.224648 2 6.955568 17.831702 3.630803 4.043245
66.324648 2 6.955567 17.946466 3.630271 4.041719
66.424648 2 6.955567 18.061968 3.629740 4.040193
66.524648 2 6.955566 18.178213 3.629208 4.038667
66.624648 2 6.955565 18.295207 3.628676 4.037141
66.724648 2 6.955564 18.412954 3.628144 4.035615
66.824648 2 6.955563 18.531458 3.627612 4.034089
66.924648 2 6.955562 18.650725 3.627080 4.032563
67.024648 2 6.955561 18.770760 3.626548 4.031037
67.124648 2 6.955560 18.891567 3.626016 4.029511
67.224648 2 6.955559 19.013151 3.625484 4.027985
67.324648 2 6.955558 19.135519 3.624953 4.026459
67.424648 2 6.955557 19.258673 3.624421 4.024933
67.524648 2 6.955556 19.382620 3.623889 4.023406
67.624648 2 6.955555 19.507365 3.623357 4.021880
67.724648 2 6.955554 19.632913 3.622825 4.020354
67.824648 2 6.955553 19.759268 3.622293 4.018828
67.924648 2 6.955552 19.886437 3.621761 4.017302
68.024648 2 6.955551 20.014424 3.621229 4.015776
68.124648 2 6.955550 20.143235 3.620697 4.014250
68.224648 2 6.955549 20.272875 3.620165 4.012724
68.324648 2 6.955548 20.403349 3.619633 4.011198
68.424648 2 6.955547 20.534663 3.619102 4.009672
68.524648 2 6.955546 20.666822 3.618570 4.008146
68.624648 2 6.955545 20.799831 3.618038 4.006620
68.724648 2 6.955544 20.933697 3.617506 4.005094
68.824648 2 6.955543 21.068423 3.616974 4.003568
68.924648 2 6.955542 21.204017 3.616442 4.002042
69.024648 2 6.955541 21.340484 3.615910 4.000516
69.124648 2 6.955540 21.477829 3.615378 3.998990
69.224648 2 6.955539 21.616058 3.614846 3.997464
69.324648 2 6.955538 21.755176 3.614314 3.995938
69.424648 2 6.955537 21.895189 3.613782 3.994412
69.524648 2 6.955536 22.036104 3.613250 3.992886
69.624648 2 6.955535 22.177926 3.612718 3.991360
69.724648 2 6.955533 22.320660 3.612186 3.989834
69.824648 2 6.955532 22.464313 3.611655 3.988308
69.924648 2 6.955531 22.608890 3.611123 3.986782
70.024648 2 6.955530 22.754398 3.610591 3.985256
70.124648 2 6.955529 22.900842 3.610059 3.983730
70.224648 2 6.955528 23.048228 3.609527 3.982203
70.324648 2 6.955527 23.196563 3.608995 3.980677
70.424648 2 6.955526 23.345853 3.608463 3.979151
70.524648 2 6.955525 23.496103 3.607931 3.977625
70.624648 2 6.955523 23.647321 3.607399 3.976099
70.724648 2 6.955522 23.799511 3.606867 3.974573
70.824648 2 6.955521 23.952681 3.606335 3.973047
70.924648 2 6.955520 24.106837 3.605803 3.971521
71.024648 2 6.955519 24.261985 3.605271 3.969995
71.124648 2 6.955518 24.418131 3.604739 3.968469
71.224648 2 6.955516 24.575282 3.604207 3.966943
71.324648 2 6.955515 24.733444 3.603675 3.965417
71.424648 2 6.955514 24.892624 3.603143 3.963891
71.524648 2 6.955513 25.052829 3.602612 3.962365
71.624648 2 6.955512 25.214065 3.602080 3.960839
71.724648 2 6.955510 25.376338 3.601548 3.959313
71.824648 2 6.955509 25.539655 3.601016 3.957787
71.924648 2 6.955508 25.704024 3.600484 3.956261
72.024648 2 6.955507 25.869450 3.599952 3.954735
72.124648 2 6.955506 26.035941 3.599420 3.953209
72.224648 2 6.955504 26.203504 3.598888 3.951683
72.324648 2 6.955503 26.372144 3.598356 3.950157
72.424648 2 6.955502 26.541870 3.597824 3.948631
72.524648 2 6.955501 26.712689 3.597292 3.947105
72.624648 2 6.955499 26.884606 3.596760 3.945579
72.724648 2 6.955498 27.057630 3.596228 3.944053
72.824648 2 6.955497 27.231767 3.595696 3.942527
72.924648 2 6.955495 27.407025 3.595164 3.941001
73.024648 2 6.955494 27.583411 3.594632 3.939475
73.124648 2 6.955493 27.760932 3.594100 3.937949
73.224648 2 6.955492 27.939595 3.593568 3.936423
73.324648 2 6.955490 28.119408 3.593036 3.934897
73.424648 2 6.955489 28.300379 3.592504 3.933370
73.524648 2 6.955488 28.482514 3.591972 3.931844
73.624648 2 6.955486 28.665821 3.591440 3.930318
73.724648 2 6.955485 28.850307 3.590908 3.928792
73.824648 2 6.955484 29.035981 3.590376 3.927266
73.924648 2 6.955482 29.222850 3.589844 3.925740
74.024648 2 6.955481 29.410921 3.589312 3.924214
74.124648 2 6.955480 29.600203 3.588780 3.922688
74.224648 2 6.955478 29.790702 3.588248 3.921162
74.324648 2 6.955477 29.982428 3.587716 3.919636
74.424648 2 6.955475 30.175387 3.587184 3.918110
74.524648 2 6.955474 30.369589 3.586652 3.916584
74.624648 2 6.955473 30.565040 3.586120 3.915058
74.724648 2 6.955471 30.761748 3.585588 3.913532
74.824648 2 6.955470 30.959723 3.585056 3.912006
74.924648 2 6.955468 31.158971 3.584524 3.910480
75.024648 2 6.955467 31.359502 3.583992 3.908954
75.124648 2 6.955465 31.561323 3.583460 3.907428
75.224648 2 6.955464 31.764443 3.582928 3.905902
75.324648 2 6.955463 31.968871 3.582396 3.904376
75.424648 2 6.955461 32.174613 3.581864 3.902850
75.524648 2 6.955460 32.381680 3.581332 3.901324
75.624648 2 6.955458 32.590079 3.580800 3.899798
75.724648 2 6.955457 32.799819 3.580268 3.898272
75.824648 2 6.955455 33.010909 3.579736 3.896746
75.924648 2 6.955454 33.223358 3.579204 3.895220
76.024648 2 6.955452 33.437174 3.578672 3.893694
76.124648 2 6.955451 33.652365 3.578140 3.892168
76.224648 2 6.955449 33.868941 3.577608 3.890642
76.324648 2 6.955448 34.086911 3.577076 3.889116
76.424648 2 6.955446 34.306284 3.576544 3.887590
76.524648 2 6.955444 34.527069 3.576012 3.886064
76.624648 2 6.955443 34.749274 3.575480 3.884538
76.724648 2 6.955441 34.972909 3.574948 3.883012
76.824648 2 6.955440 35.197983 3.574416 3.881486
76.924648 2 6.955438 35.424506 3.573884 3.879960
77.024648 2 6.955437 35.652486 3.573352 3.878434
77.124648 2 6.955435 35.881933 3.572820 3.876908
77.224648 2 6.955433 36.112857 3.572288 3.875382
77.324648 2 6.955432 36.345267 3.571756 3.873856
77.424648 2 6.955430 36.579173 3.571224 3.872330
77.524648 2 6.955428 36.814584 3.570692 3.870804
77.624648 2 6.955427 37.051509 3.570160 3.869278
77.724648 2 6.955425 37.289959 3.569628 3.867751
77.824648 2 6.955424 37.529944 3.569095 3.866225
77.924648 2 6.955422 37.771473 3.568563 3.864699
78.024648 2 6.955420 38.014557 3.568031 3.863173
78.124648 2 6.955419 38.259204 3.567499 3.861647
78.224648 2 6.955417 38.505426 3.566967 3.860121
78.324648 2 6.955415 38.753232 3.566435 3.858595
78.424648 2 6.955413 39.002633 3.565903 3.857069
78.524648 2 6.955412 39.253639 3.565371 3.855543
78.624648 2 6.955410 39.506260 3.564839 3.854017
78.724648 2 6.955408 39.760507 3.564307 3.852491
78.824648 2 6.955406 40.016390 3.563775 3.850965
78.924648 2 6.955405 40.273919 3.563243 3.849439
79.024648 2 6.955403 40.533105 3.562711 3.847913
79.124648 2 6.955401 40.793960 3.562179 3.846387
79.224648 2 6.955399 41.056493 3.561647 3.844861
79.324648 2 6.955398 41.320715 3.561114 3.843335
79.424648 2 6.955396 41.586638 3.560582 3.841809
79.524648 2 6.955394 41.854272 3.560050 3.840283
79.624648 2 6.955392 42.123628 3.559518 3.838757
79.724648 2 6.955390 42.394717 3.558986 3.837231
79.824648 2 6.955389 42.667551 3.558454 3.835705
79.924648 2 6.955387 42.942140 3.557922 3.834179
80.024648 2 6.955385 43.218497 3.557390 3.832653
80.124648 2 6.955383 43.496632 3.556858 3.831127
80.224648 2 6.955381 43.776556 3.556326 3.829601
80.324648 2 6.955379 44.058282 3.555794 3.828075
80.424648 2 6.955377 44.341821 3.555261 3.826549
80.524648 2 6.955375 44.627184 3.554729 3.825023
80.624648 2 6.955373 44.914383 3.554197 3.823497
80.724648 2 6.955372 45.203431 3.553665 3.821971
80.824648 2 6.955370 45.494338 3.553133 3.820445
80.924648 2 6.955368 45.787118 3.552601 3.818919
81.024648 2 6.955366 46.081781 3.552069 3.817393
81.124648 2 6.955364 46.378341 3.551537 3.815867
81.224648 2 6.955362 46.676808 3.551005 3.814341
81.324648 2 6.955360 46.977197 3.550472 3.812815
81.424648 2 6.955358 47.279518 3.549940 3.811289
81.524648 2 6.955356 47.583785 3.549408 3.809763
81.624648 2 6.955354 47.890009 3.548876 3.808237
81.724648 2 6.955352 48.198205 3.548344 3.806711
81.824648 2 6.955350 48.508383 3.547812 3.805185
81.924648 2 6.955348 48.820557 3.547280 3.803659
82.024648 2 6.955346 49.134740 3.546747 3.802133
82.124648 2 6.955343 49.450944 3.546215 3.800607
82.224648 2 6.955341 49.769184 3.545683 3.799081
82.324648 2 6.955339 50.089471 3.545151 3.797555
82.424648 2 6.955337 50.411819 3.544619 3.796029
82.524648 2 6.955335 50.736241 3.544087 3.794503
82.624648 2 6.955333 51.062751 3.543555 3.792977
82.724648 2 6.955331 51.391361 3.543022 3.791451
82.824648 2 6.955329 51.722087 3.542490 3.789925
82.924648 2 6.955326 52.054940 3.541958 3.788399
83.024648 2 6.955324 52.389935 3.541426 3.786873
83.124648 2 6.955322 52.727086 3.540894 3.785347
83.224648 2 6.955320 53.066406 3.540362 3.783821
83.324648 2 6.955318 53.407909 3.539829 3.782295
83.424648 2 6.955316 53.751610 3.539297 3.780769
83.524648 2 6.955313 54.097523 3.538765 3.779243
83.624648 2 6.955311 54.445661 3.538233 3.777717
83.724648 2 6.955309 54.796039 3.537701 3.776191
83.824648 2 6.955307 55.148672 3.537169 3.774665
83.924648 2 6.955304 55.503574 3.536636 3.773139
84.024648 2 6.955302 55.860760 3.536104 3.771613
84.124648 2 6.955300 56.220244 3.535572 3.770087
84.224648 2 6.955297 56.582041 3.535040 3.768561
84.324648 2 6.955295 56.946166 3.534508 3.767035
84.424648 2 6.955293 57.312633 3.533975 3.765509
84.524648 2 6.955290 57.681459 3.533443 3.763983
84.624648 2 6.955288 58.052659 3.532911 3.762457
84.724648 2 6.955286 58.426246 3.532379 3.760931
84.824648 2 6.955283 58.802238 3.531847 3.759405
84.924648 2 6.955281 59.180648 3.531314 3.757879
85.024648 2 6.955278 59.561494 3.530782 3.756353
85.124648 2 6.955276 59.944790 3.530250 3.754827
85.224648 2 6.955274 60.330552 3.529718 3.753301
85.324648 2 6.955271 60.718797 3.529186 3.751775
85.424648 2 6.955269 61.109539 3.528653 3.750249
85.524648 2 6.955266 61.502796 3.528121 3.748723
85.624648 2 6.955264 61.898583 3.527589 3.747197
85.724648 2 6.955261 62.296917 3.527057 3.745671
85.824648 2 6.955259 62.697814 3.526524 3.744145
85.924648 2 6.955256 63.101290 3.525992 3.742619
86.024648 2 6.955254 63.507363 3.525460 3.741094
86.124648 2 6.955251 63.916048 3.524928 3.739568
86.224648 2 6.955249 64.327362 3.524395 3.738042
86.324648 2 6.955246 64.741324 3.523863 3.736516
86.424648 2 6.955243 65.157948 3.523331 3.734990
86.524648 2 6.955241 65.577254 3.522799 3.733464
86.624648 2 6.955238 65.999257 3.522266 3.731938
86.724648 2 6.955235 66.423976 3.521734 3.730412
86.824648 2 6.955233 66.851427 3.521202 3.728886
86.924648 2 6.955230 67.281629 3.520670 3.727360
87.024648 2 6.955228 67.714598 3.520137 3.725834
87.124648 2 6.955225 68.150354 3.519605 3.724308
87.224648 2 6.955222 68.588913 3.519073 3.722782
87.324648 2 6.955219 69.030294 3.518541 3.721256
87.424648 2 6.955217 69.474514 3.518008 3.719730
87.524648 2 6.955214 69.921593 3.517476 3.718204
87.624648 2 6.955211 70.371549 3.516944 3.716678
87.724648 2 6.955208 70.824399 3.516411 3.715152
87.824648 2 6.955206 71.280163 3.515879 3.713626
87.924648 2 6.955203 71.738860 3.515347 3.712100
88.024648 2 6.955200 72.200508 3.514814 3.710574
88.124648 2 6.955197 72.665126 3.514282 3.709048
88.224648 2 6.955194 73.132733 3.513750 3.707522
88.324648 2 6.955191 73.603349 3.513218 3.705996
88.424648 2 6.955189 74.076993 3.512685 3.704470
88.524648 2 6.955186 74.553685 3.512153 3.702944
88.624648 2 6.955183 75.033443 3.511621 3.701418
88.724648 2 6.955180 75.516288 3.511088 3.699892
88.824648 2 6.955177 76.002240 3.510556 3.698366
88.924648 2 6.955174 76.491318 3.510024 3.696840
89.024648 2 6.955171 76.983543 3.509491 3.695314
89.124648 2 6.955168 77.478935 3.508959 3.693788
89.224648 2 6.955165 77.977514 3.508427 3.692263
89.324648 2 6.955162 78.479301 3.507894 3.690737
89.424648 2 6.955159 78.984317 3.507362 3.689211
89.524648 2 6.955156 79.492581 3.506830 3.687685
89.624648 2 6.955153 80.004116 3.506297 3.686159
89.724648 2 6.955150 80.518942 3.505765 3.684633
89.824648 2 6.955147 81.037080 3.505233 3.683107
89.924648 2 6.955144 81.558551 3.504700 3.681581
90.024648 2 6.955141 82.083378 3.504168 3.680055
90.124648 2 6.955137 82.611581 3.503635 3.678529
90.224648 2 6.955134 83.143183 3.503103 3.677003
90.324648 2 6.955131 83.678204 3.502571 3.675477
90.424648 2 6.955128 84.216668 3.502038 3.673951
90.524648 2 6.955125 84.758596 3.501506 3.672425
90.624648 2 6.955121 85.304011 3.500974 3.670899
90.724648 2 6.955118 85.852935 3.500441 3.669373
90.824648 2 6.955115 86.405390 3.499909 3.667847
90.924648 2 6.955112 86.961399 3.499376 3.666321
91.024648 2 6.955108 87.520986 3.498844 3.664795
91.124648 2 6.955105 88.084173 3.498312 3.663270
91.224648 2 6.955102 88.650983 3.497779 3.661744
91.324648 2 6.955098 89.221440 3.497247 3.660218
91.424648 2 6.955095 89.795566 3.496714 3.658692
91.524648 2 6.955092 90.373387 3.496182 3.657166
91.624648 2 6.955089 90.875414 3.495722 3.655848
91.724648 2 6.955084 91.633689 3.495032 3.653871
91.824648 3 6.955080 92.398289 3.494343 3.651894
91.924648 3 6.955077 92.702527 3.496380 3.651690
92.024648 3 6.955074 93.008946 3.498426 3.651485
92.124648 3 6.955067 93.831389 3.503882 3.650937
92.224648 3 6.955060 94.661292 3.509338 3.650389
92.324648 3 6.955053 95.498724 3.514794 3.649840
92.424648 3 6.955045 96.343755 3.520250 3.649291
92.524648 3 6.955038 97.196454 3.525706 3.648742
92.624648 3 6.955030 98.056892 3.531162 3.648192
92.724648 3 6.955022 98.925140 3.536618 3.647642
92.824648 3 6.955014 99.801269 3.542074 3.647091
92.924648 3 6.955007 100.685353 3.547530 3.646540
93.024648 3 6.954999 101.577465 3.552986 3.645988
93.124648 3 6.954990 102.477677 3.558442 3.645436
93.224648 3 6.954982 103.386066 3.563898 3.644884
93.324648 3 6.954974 104.302706 3.569354 3.644331
93.424648 3 6.954966 105.227672 3.574810 3.643778
93.524648 3 6.954957 106.161042 3.580266 3.643224
93.624648 3 6.954949 107.102894 3.585722 3.642670
93.724648 3 6.954940 108.053304 3.591178 3.642116
93.824648 3 6.954931 109.012352 3.596634 3.641561
93.924648 3 6.954922 109.980117 3.602090 3.641006
94.024648 3 6.954913 110.956679 3.607546 3.640450
94.124648 3 6.954904 111.942120 3.613002 3.639894
94.224648 3 6.954895 112.936522 3.618458 3.639338
94.324648 3 6.954886 113.939966 3.623914 3.638781
94.424648 3 6.954877 114.952536 3.629370 3.638224
94.524648 3 6.954867 115.974315 3.634826 3.637666
94.624648 3 6.954858 117.005390 3.640282 3.637108
94.724648 3 6.954848 118.045845 3.645738 3.636550
94.824648 3 6.954838 119.095767 3.651194 3.635991
94.924648 3 6.954827 120.155250 3.656650 3.635432
95.024648 3 6.954815 121.224378 3.662106 3.634872
95.124648 3 6.954803 122.303238 3.667562 3.634312
95.224648 3 6.954791 123.391918 3.673018 3.633752
95.324648 3 6.954779 124.490510 3.678474 3.633191
95.424648 3 6.954767 125.599104 3.683930 3.632630
95.524648 3 6.954755 126.717793 3.689386 3.632068
95.624648 3 6.954742 127.846670 3.694842 3.631506
95.724648 3 6.954729 128.985828 3.700298 3.630944
95.824648 3 6.954716 130.135363 3.705754 3.630381
95.924648 3 6.954703 131.295369 3.711210 3.629818
96.024648 3 6.954690 132.465944 3.716666 3.629255
96.124648 3 6.954676 133.647185 3.722122 3.628691
96.224648 3 6.954663 134.839190 3.727578 3.628127
96.324648 3 6.954649 136.042059 3.733034 3.627562
96.424648 3 6.954635 137.255891 3.738490 3.626998
96.524648 3 6.954621 138.480788 3.743946 3.626432
96.624648 3 6.954607 139.716851 3.749402 3.625867
96.724648 3 6.954592 140.964184 3.754858 3.625301
96.824648 3 6.954578 142.222891 3.760314 3.624734
96.924648 3 6.954563 143.493075 3.765770 3.624168
97.024648 3 6.954548 144.774845 3.771226 3.623601
97.124648 3 6.954532 146.068305 3.776682 3.623033
97.224648 3 6.954517 147.373564 3.782138 3.622465
97.324648 3 6.954501 148.690731 3.787594 3.621897
97.424648 3 6.954485 150.019915 3.793050 3.621329
97.524648 3 6.954469 151.361228 3.798506 3.620760
97.624648 3 6.954453 152.714781 3.803962 3.620191
97.724648 3 6.954437 154.080687 3.809418 3.619621
97.824648 3 6.954420 155.459060 3.814874 3.619051
97.924648 3 6.954403 156.850016 3.820330 3.618481
98.024648 3 6.954386 158.253670 3.825786 3.617910
98.124648 3 6.954369 159.670139 3.831242 3.617339
98.224648 3 6.954351 161.099542 3.836698 3.616768
98.324648 3 6.954333 162.541998 3.842154 3.616196
98.424648 3 6.954315 163.997627 3.847610 3.615624
98.524648 3 6.954297 165.466552 3.853066 3.615052
98.624648 3 6.954278 166.948894 3.858522 3.614479
98.724648 3 6.954260 168.444778 3.863978 3.613906
98.824648 3 6.954241 169.954329 3.869434 3.613333
98.924648 3 6.954222 171.477672 3.874890 3.612759
99.024648 3 6.954202 173.014936 3.880346 3.612185
99.124648 3 6.954182 174.566248 3.885802 3.611611
99.224648 3 6.954163 176.131739 3.891258 3.611036
99.324648 3 6.954142 177.711539 3.896714 3.610461
99.424648 3 6.954122 179.305780 3.902170 3.609886
99.524648 3 6.954101 180.914596 3.907626 3.609310
99.624648 3 6.954080 182.538121 3.913082 3.608734
99.724648 3 6.954059 184.176492 3.918538 3.608158
99.824648 3 6.954037 185.829845 3.923994 3.607581
99.924648 3 6.954016 187.498319 3.929450 3.607004
100.024648 3 6.953993 189.182053 3.934906 3.606427
100.124648 3 6.953971 190.881188 3.940362 3.605850
100.224648 4 6.953961 191.622099 3.942726 3.605599
100.324648 4 6.953938 191.585902 3.942610 3.605611
100.424648 4 6.953922 191.561073 3.942530 3.605620
100.524648 4 6.953005 190.145126 3.937973 3.606091
100.624648 4 6.952106 188.761043 3.933484 3.606555
100.724648 4 6.951223 187.408116 3.929064 3.607012
100.824648 4 6.950356 186.085655 3.924712 3.607462
100.924648 4 6.949505 184.792989 3.920428 3.607905
101.024648 4 6.948669 183.529463 3.916211 3.608340
101.124648 4 6.947848 182.294442 3.912060 3.608769
101.224648 4 6.947041 181.087308 3.907976 3.609190
101.324648 4 6.946247 179.907456 3.903956 3.609605
101.424648 4 6.945467 178.754301 3.900002 3.610013
101.524648 4 6.944699 177.627270 3.896112 3.610414
101.624648 4 6.943944 176.525807 3.892286 3.610808
101.724648 4 6.943201 175.449370 3.888523 3.611195
101.824648 4 6.942469 174.397429 3.884823 3.611576
101.924648 4 6.941749 173.369471 3.881185 3.611951
102.024648 4 6.941039 172.364994 3.877609 3.612318
102.124648 4 6.940340 171.383508 3.874094 3.612680
102.224648 4 6.939651 170.424536 3.870640 3.613035
102.324648 4 6.938972 169.487615 3.867246 3.613383
102.424648 4 6.938303 168.572291 3.863912 3.613726
102.524648 4 6.937643 167.678123 3.860637 3.614062
102.624648 4 6.936992 166.804678 3.857420 3.614392
102.724648 4 6.936349 165.951538 3.854262 3.614715
102.824648 4 6.935081 164.304611 3.848117 3.615345
102.924648 4 6.933845 162.734098 3.842197 3.615951
103.024648 4 6.932639 161.236987 3.836500 3.616533
103.124648 4 6.931461 159.810404 3.831019 3.617093
103.224648 4 6.930310 158.451606 3.825752 3.617630
103.324648 4 6.929184 157.157979 3.820694 3.618146
103.424648 4 6.928082 155.927019 3.815840 3.618640
103.524648 4 6.927002 154.756338 3.811187 3.619113
103.624648 4 6.925942 153.643648 3.806731 3.619566
103.724648 4 6.924902 152.586758 3.802466 3.619999
103.824648 4 6.923880 151.583568 3.798389 3.620412
103.924648 4 6.922876 150.632065 3.794495 3.620806
104.024648 4 6.921888 149.730315 3.790781 3.621181
104.124648 4 6.920915 148.876460 3.787242 3.621538
104.224648 4 6.919956 148.068712 3.783874 3.621877
104.324648 4 6.919010 147.305351 3.780672 3.622199
104.424648 4 6.917144 145.905303 3.774752 3.622793
104.524648 4 6.915324 144.663616 3.769448 3.623323
104.624648 4 6.913544 143.568513 3.764726 3.623792
104.724648 4 6.911798 142.608931 3.760552 3.624205
104.824648 4 6.910082 141.774426 3.756893 3.624565
104.924648 4 6.908392 141.055086 3.753714 3.624875
105.024648 4 6.906725 140.441461 3.750981 3.625138
105.124648 4 6.905076 139.924488 3.748662 3.625359
105.224648 4 6.903443 139.495434 3.746722 3.625541
105.324648 4 6.901823 139.145839 3.745127 3.625687
105.424648 4 6.900214 138.867468 3.743843 3.625801
105.524648 4 6.898614 138.652267 3.742837 3.625886
105.624648 4 6.897020 138.492324 3.742075 3.625946
105.724648 4 6.895431 138.379834 3.741522 3.625985
105.824648 4 6.893846 138.307073 3.741146 3.626005
105.924648 4 6.892263 138.266370 3.740912 3.626010
106.024648 4 6.890681 138.250090 3.740787 3.626005
106.124648 4 6.889101 138.250614 3.740736 3.625991
106.224648 4 6.887521 138.260331 3.740726 3.625973
106.324648 4 6.887125 137.640696 3.748487 3.628889
106.424648 4 6.887025 136.737171 3.751860 3.631162
106.524648 4 6.886924 135.843021 3.754143 3.633158
106.624648 4 6.886823 134.958130 3.755956 3.635030
106.724648 4 6.886721 134.082385 3.757492 3.636828
106.824648 4 6.886620 133.215677 3.758842 3.638573
106.924648 4 6.886519 132.357897 3.760056 3.640280
107.024648 4 6.886419 131.508937 3.761165 3.641954
107.124648 4 6.886318 130.668692 3.762190 3.643602
107.224648 4 6.886218 129.837057 3.763146 3.645228
107.324648 4 6.886118 129.013931 3.764045 3.646834
107.424648 4 6.886018 128.199212 3.764895 3.648422
107.524648 4 6.885918 127.392801 3.765702 3.649994
107.624648 4 6.885819 126.594598 3.766472 3.651551
107.724648 4 6.885720 125.804507 3.767209 3.653095
107.824648 4 6.885622 125.022433 3.767916 3.654626
107.924648 4 6.885523 124.248280 3.768597 3.656145
108.024648 4 6.885425 123.481956 3.769254 3.657652
108.124648 4 6.885327 122.723368 3.769888 3.659149
108.224648 4 6.885230 121.972427 3.770503 3.660635
108.324648 4 6.885133 121.229043 3.771099 3.662112
108.424648 4 6.885036 120.493128 3.771678 3.663579
108.524648 4 6.884939 119.764594 3.772241 3.665037
108.624648 4 6.884843 119.043356 3.772790 3.666485
108.724648 4 6.884747 118.329330 3.773325 3.667926
108.824648 4 6.884652 117.622432 3.773847 3.669357
108.924648 4 6.884557 116.922579 3.774357 3.670781
109.024648 4 6.884462 116.229691 3.774855 3.672196
109.124648 4 6.884367 115.543686 3.775343 3.673603
109.224648 4 6.884273 114.864487 3.775821 3.675003
109.324648 4 6.884179 114.192015 3.776289 3.676395
109.424648 4 6.884085 113.526192 3.776748 3.677780
109.524648 4 6.883992 112.866943 3.777199 3.679157
109.624648 4 6.883899 112.214194 3.777641 3.680527
109.724648 4 6.883806 111.567869 3.778076 3.681890
109.824648 4 6.883714 110.927896 3.778503 3.683246
109.924648 4 6.883622 110.294203 3.778923 3.684595
110.024648 4 6.883530 109.666719 3.779336 3.685937
110.124648 4 6.883439 109.045373 3.779743 3.687273
110.224648 4 6.883348 108.430097 3.780143 3.688601
110.324648 4 6.883257 107.820822 3.780537 3.689924
110.424648 4 6.883166 107.217480 3.780926 3.691239
110.524648 4 6.883076 106.620006 3.781309 3.692548
110.624648 4 6.882986 106.028333 3.781687 3.693851
110.724648 4 6.882897 105.442396 3.782059 3.695148
110.824648 4 6.882808 104.862132 3.782427 3.696438
110.924648 4 6.882719 104.287477 3.782790 3.697722
111.024648 4 6.882630 103.718370 3.783148 3.699000
111.124648 4 6.882542 103.154748 3.783501 3.700271
111.224648 4 6.882454 102.596550 3.783851 3.701537
111.324648 4 6.882366 102.043718 3.784196 3.702796
111.424648 4 6.882279 101.496191 3.784537 3.704050
111.524648 4 6.882192 100.953912 3.784874 3.705298
111.624648 4 6.882105 100.416822 3.785207 3.706539
111.724648 4 6.882018 99.884865 3.785537 3.707775
111.824648 4 6.881932 99.357984 3.785863 3.709005
111.924648 4 6.881846 98.836125 3.786186 3.710229
112.024648 4 6.881760 98.319231 3.786505 3.711447
112.124648 4 6.881675 97.807250 3.786820 3.712660
112.224648 4 6.881590 97.300128 3.787133 3.713867
112.324648 4 6.881505 96.797812 3.787443 3.715068
112.424648 4 6.881420 96.300250 3.787749 3.716264
112.524648 4 6.881336 95.807391 3.788052 3.717454
112.624648 4 6.881252 95.319184 3.788353 3.718639
112.724648 4 6.881168 94.835578 3.788651 3.719818
112.824648 4 6.881085 94.356526 3.788946 3.720991
112.924648 4 6.881002 93.881977 3.789238 3.722159
113.024648 4 6.880836 92.946199 3.789815 3.724478
113.124648 4 6.880671 92.027865 3.790382 3.726776
113.224648 4 6.880508 91.126606 3.790939 3.729053
113.324648 4 6.880345 90.242063 3.791487 3.731308
113.424648 4 6.880183 89.373884 3.792027 3.733542
113.524648 4 6.880023 88.521727 3.792558 3.735755
113.624648 4 6.879863 87.685258 3.793081 3.737947
113.724648 4 6.879705 86.864152 3.793596 3.740119
113.824648 4 6.879547 86.058091 3.794104 3.742271
113.924648 4 6.879390 85.266765 3.794605 3.744402
114.024648 4 6.879235 84.489872 3.795099 3.746513
114.124648 4 6.879080 83.727116 3.795586 3.748604
114.224648 4 6.878926 82.978209 3.796067 3.750675
114.324648 4 6.878773 82.242871 3.796541 3.752727
114.424648 4 6.878621 81.520827 3.797010 3.754759
114.524648 4 6.878470 80.811810 3.797473 3.756771
114.624648 4 6.878320 80.115558 3.797930 3.758765
114.724648 4 6.878170 79.431816 3.798382 3.760739
114.824648 4 6.878021 78.760335 3.798828 3.762694
114.924648 4 6.877874 78.100872 3.799270 3.764630
115.024648 4 6.877727 77.453190 3.799706 3.766548
115.124648 4 6.877581 76.817056 3.800138 3.768446
115.224648 4 6.877435 76.192244 3.800565 3.770327
115.324648 4 6.877291 75.578533 3.800988 3.772188
115.424648 4 6.877147 74.975708 3.801406 3.774032
115.524648 4 6.877004 74.383557 3.801820 3.775857
115.624648 4 6.876861 73.801873 3.802230 3.777664
115.724648 4 6.876720 73.230457 3.802636 3.779454
115.824648 4 6.876579 72.669111 3.803037 3.781225
115.924648 4 6.876439 72.117642 3.803435 3.782979
116.024648 4 6.876299 71.575864 3.803829 3.784715
116.124648 4 6.876161 71.043592 3.804220 3.786433
116.224648 4 6.876023 70.520648 3.804607 3.788134
116.324648 4 6.875885 70.006856 3.804990 3.789818
116.424648 4 6.875749 69.502045 3.805370 3.791484
116.524648 4 6.875613 69.006046 3.805747 3.793134
116.624648 4 6.875477 68.518698 3.806120 3.794766
116.724648 4 6.875342 68.039839 3.806491 3.796382
116.824648 4 6.875208 67.569313 3.806858 3.797980
116.924648 4 6.875075 67.106968 3.807222 3.799562
117.024648 4 6.874942 66.652652 3.807583 3.801128
117.124648 4 6.874809 66.206222 3.807941 3.802677
117.224648 4 6.874678 65.767532 3.808297 3.804209
117.324648 4 6.874546 65.336444 3.808650 3.805725
117.424648 4 6.874416 64.912820 3.809000 3.807225
117.524648 4 6.874286 64.496526 3.809347 3.808709
117.624648 4 6.874156 64.087432 3.809691 3.810177
117.724648 4 6.874027 63.685410 3.810034 3.811629
117.824648 4 6.873899 63.290333 3.810373 3.813065
117.924648 4 6.873771 62.902080 3.810710 3.814486
118.024648 4 6.873643 62.520531 3.811045 3.815890
118.124648 4 6.873516 62.145567 3.811377 3.817280
118.224648 4 6.873390 61.777074 3.811707 3.818654
118.324648 4 6.873264 61.414939 3.812035 3.820012
118.424648 4 6.873139 61.059053 3.812360 3.821356
118.524648 4 6.873014 60.709307 3.812684 3.822684
118.624648 4 6.872889 60.365596 3.813005 3.823997
118.724648 4 6.872765 60.027816 3.813324 3.825295
118.824648 4 6.872641 59.695866 3.813641 3.826579
118.924648 4 6.872518 59.369648 3.813955 3.827847
119.024648 4 6.872396 59.049064 3.814268 3.829101
119.124648 4 6.872273 58.734019 3.814579 3.830340
119.224648 4 6.872151 58.424420 3.814888 3.831565
119.324648 4 6.872030 58.120177 3.815195 3.832776
119.424648 4 6.871909 57.821198 3.815500 3.833972
119.524648 4 6.871788 57.527398 3.815803 3.835154
119.624648 4 6.871548 56.954991 3.816404 3.837476
119.724648 4 6.871309 56.402291 3.816998 3.839742
119.824648 4 6.871071 55.868657 3.817585 3.841953
119.924648 4 6.870835 55.353477 3.818166 3.844109
120.024648 4 6.870601 54.856161 3.818739 3.846213
120.124648 4 6.870367 54.376142 3.819307 3.848263
120.224648 4 6.870135 53.912874 3.819869 3.850262
120.324648 4 6.869904 53.465833 3.820424 3.852209
120.424648 4 6.869675 53.034515 3.820974 3.854105
120.524648 4 6.869446 52.618434 3.821519 3.855951
120.624648 4 6.869219 52.217122 3.822058 3.857748
120.724648 4 6.868992 51.830129 3.822591 3.859497
120.824648 4 6.868767 51.457020 3.823120 3.861198
120.924648 4 6.868543 51.097377 3.823643 3.862852
121.024648 4 6.868319 50.750795 3.824161 3.864460
121.124648 4 6.868097 50.416886 3.824675 3.866021
121.224648 4 6.867875 50.095274 3.825184 3.867538
121.324648 4 6.867654 49.785594 3.825689 3.869011
121.424648 4 6.867434 49.487497 3.826189 3.870440
121.524648 4 6.867215 49.200643 3.826684 3.871826
121.624648 4 6.866996 48.924704 3.827176 3.873170
121.724648 4 6.866778 48.659364 3.827663 3.874473
121.824648 4 6.866561 48.404315 3.828146 3.875735
121.924648 4 6.866128 47.923910 3.829101 3.878140
122.024648 4 6.865697 47.481219 3.830040 3.880390
122.124648 4 6.865268 47.074105 3.830965 3.882491
122.224648 4 6.864841 46.700554 3.831875 3.884448
122.324648 4 6.864416 46.358662 3.832773 3.886268
122.424648 4 6.863992 46.046625 3.833657 3.887956
122.524648 4 6.863570 45.762729 3.834529 3.889517
122.624648 4 6.863148 45.505341 3.835389 3.890957
122.724648 4 6.862307 45.063917 3.837074 3.893495
122.824648 4 6.861468 44.710617 3.838717 3.895614
122.924648 4 6.860631 44.434544 3.840319 3.897360
123.024648 4 6.859794 44.225454 3.841883 3.898775
123.124648 4 6.858957 44.073602 3.843412 3.899904
123.224648 4 6.858118 43.969609 3.844908 3.900791
123.324648 4 6.857277 43.904359 3.846372 3.901480
123.424648 4 6.856434 43.868904 3.847806 3.902014
123.524648 4 6.855588 43.854401 3.849212 3.902437
123.624648 4 6.854739 43.852054 3.850591 3.902793
123.724648 4 6.853887 43.853771 3.851945 3.903123
123.824648 4 6.853031 43.861055 3.853274 3.903420
123.924648 4 6.852172 43.882522 3.854580 3.903640
124.024648 4 6.851309 43.926982 3.855864 3.903741
124.124648 4 6.850442 44.003309 3.857127 3.903680
124.224648 4 6.849572 44.120497 3.858370 3.903413
124.324648 4 6.848696 44.287737 3.859593 3.902897
124.424648 4 6.847814 44.514503 3.860798 3.902089
124.524648 4 6.846926 44.810672 3.861985 3.900946
124.624648 4 6.846030 45.186659 3.863155 3.899424
124.724648 4 6.845577 45.408027 3.863733 3.898508
124.824648 4 6.845122 45.653581 3.864308 3.897480
124.924648 4 6.844664 45.924852 3.864878 3.896336
125.024648 4 6.844204 46.223438 3.865445 3.895071
125.124648 4 6.843740 46.551016 3.866008 3.893678
125.224648 4 6.843272 46.909347 3.866567 3.892153
125.324648 4 6.842801 47.300290 3.867122 3.890489
125.424648 4 6.842326 47.725807 3.867674 3.888682
125.524648 4 6.841847 48.187977 3.868222 3.886727
125.624648 4 6.841605 48.433493 3.868495 3.885691
125.724648 4 6.841362 48.689010 3.868767 3.884617
125.824648 4 6.841118 48.954827 3.869038 3.883502
125.924648 4 6.840872 49.231253 3.869308 3.882347
126.024648 4 6.840626 49.518604 3.869578 3.881151
126.124648 4 6.840377 49.817210 3.869846 3.879912
126.224648 4 6.840128 50.127411 3.870114 3.878631
126.324648 4 6.839877 50.449558 3.870381 3.877307
126.424648 4 6.839624 50.784017 3.870647 3.875939
126.524648 4 6.839370 51.131163 3.870912 3.874526
126.624648 4 6.839115 51.491388 3.871176 3.873067
126.724648 4 6.838857 51.865096 3.871440 3.871563
126.824648 4 6.838598 52.252708 3.871702 3.870012
126.924648 4 6.838337 52.654659 3.871964 3.868413
127.024648 4 6.838075 53.071401 3.872226 3.866767
127.124648 4 6.837810 53.503403 3.872486 3.865071
127.224648 4 6.837544 53.951152 3.872746 3.863327
127.324648 4 6.837275 54.415156 3.873005 3.861532
127.424648 4 6.837005 54.895939 3.873263 3.859686
127.524648 4 6.836732 55.394049 3.873520 3.857789
127.624648 4 6.836458 55.910054 3.873777 3.855840
127.724648 4 6.836180 56.444546 3.874033 3.853838
127.824648 4 6.835901 56.998142 3.874288 3.851782
127.924648 4 6.835760 57.282304 3.874415 3.850734
128.024648 4 6.835618 57.571483 3.874542 3.849672
128.124648 4 6.835476 57.865766 3.874669 3.848597
128.224648 4 6.835333 58.165237 3.874796 3.847508
128.324648 4 6.835190 58.469984 3.874923 3.846405
128.424648 4 6.835046 58.780097 3.875049 3.845288
128.524648 4 6.834901 59.095668 3.875175 3.844157
128.624648 4 6.834756 59.416790 3.875301 3.843011
128.724648 4 6.834609 59.743558 3.875427 3.841852
128.824648 4 6.834463 60.076070 3.875553 3.840678
128.924648 4 6.834315 60.414425 3.875678 3.839490
129.024648 4 6.834167 60.758725 3.875804 3.838287
129.124648 4 6.834018 61.109073 3.875929 3.837070
129.224648 4 6.833868 61.465576 3.876054 3.835838
129.324648 4 6.833717 61.828342 3.876179 3.834591
129.424648 4 6.833566 62.197481 3.876303 3.833330
129.524648 4 6.833414 62.573106 3.876428 3.832054
129.624648 4 6.833261 62.955333 3.876552 3.830762
129.724648 4 6.833107 63.344280 3.876676 3.829456
129.824648 4 6.832952 63.740068 3.876800 3.828134
129.924648 4 6.832797 64.142819 3.876924 3.826798
130.024648 4 6.832641 64.552659 3.877048 3.825445
130.124648 4 6.832484 64.969717 3.877171 3.824078
130.224648 4 6.832326 65.394125 3.877295 3.822695
130.324648 4 6.832167 65.826017 3.877418 3.821296
130.424648 4 6.832007 66.265531 3.877541 3.819882
130.524648 4 6.831846 66.712807 3.877663 3.818452
130.624648 4 6.831685 67.167989 3.877786 3.817006
130.724648 4 6.831522 67.631223 3.877909 3.815544
130.824648 4 6.831359 68.102661 3.878031 3.814066
130.924648 4 6.831194 68.582455 3.878153 3.812572
131.024648 4 6.831029 69.070764 3.878275 3.811062
131.124648 4 6.830862 69.567747 3.878397 3.809536
131.224648 4 6.830695 70.073569 3.878518 3.807993
131.324648 4 6.830526 70.588399 3.878640 3.806434
131.424648 4 6.830356 71.112409 3.878761 3.804858
131.524648 4 6.830186 71.645775 3.878882 3.803266
131.624648 4 6.830014 72.188676 3.879004 3.801657
131.724648 4 6.829841 72.741299 3.879124 3.800031
131.824648 4 6.829667 73.303830 3.879245 3.798388
131.924648 4 6.829491 73.876464 3.879366 3.796729
132.024648 4 6.829315 74.459398 3.879486 3.795052
132.124648 4 6.829137 75.052834 3.879606 3.793359
132.224648 4 6.828959 75.656980 3.879726 3.791648
132.324648 4 6.828779 76.272048 3.879846 3.789919
132.424648 4 6.828597 76.898255 3.879966 3.788174
132.524648 4 6.828415 77.535823 3.880086 3.786411
132.624648 4 6.828231 78.184980 3.880205 3.784630
132.724648 4 6.828046 78.845959 3.880324 3.782832
132.824648 4 6.827859 79.518999 3.880444 3.781016
132.924648 4 6.827672 80.204345 3.880563 3.779182
133.024648 4 6.827482 80.902246 3.880681 3.777331
133.124648 4 6.827292 81.612960 3.880800 3.775461
133.224648 4 6.827100 82.336749 3.880919 3.773573
133.324648 4 6.826906 83.073884 3.881037 3.771668
133.424648 4 6.826712 83.824639 3.881155 3.769744
133.524648 4 6.826515 84.589297 3.881273 3.767801
133.624648 4 6.826317 85.368149 3.881391 3.765840
133.724648 4 6.826118 86.161490 3.881509 3.763861
133.824648 4 6.825917 86.969627 3.881627 3.761863
133.924648 4 6.825714 87.792870 3.881744 3.759847
134.024648 4 6.825510 88.631539 3.881862 3.757812
134.124648 4 6.825304 89.485962 3.881979 3.755758
134.224648 4 6.825097 90.356475 3.882096 3.753685
134.324648 4 6.824887 91.243423 3.882213 3.751593
134.424648 4 6.824676 92.147159 3.882330 3.749482
134.524648 4 6.824464 93.068046 3.882446 3.747352
134.624648 4 6.824356 93.535037 3.882504 3.746280
134.724648 4 6.824249 94.006457 3.882563 3.745202
134.824648 4 6.824140 94.482351 3.882621 3.744120
134.924648 4 6.824032 94.962770 3.882679 3.743034
135.024648 4 6.823923 95.447763 3.882737 3.741942
135.124648 4 6.823813 95.937378 3.882795 3.740845
135.224648 4 6.823703 96.431667 3.882853 3.739744
135.324648 4 6.823593 96.930681 3.882911 3.738638
135.424648 4 6.823482 97.434471 3.882969 3.737527
135.524648 4 6.823370 97.943090 3.883027 3.736410
135.624648 4 6.823258 98.456591 3.883085 3.735289
135.724648 4 6.823146 98.975028 3.883143 3.734163
135.824648 4 6.823033 99.498455 3.883201 3.733033
135.924648 4 6.822919 100.026927 3.883259 3.731897
136.024648 4 6.822805 100.560500 3.883316 3.730756
136.124648 4 6.822691 101.099231 3.883374 3.729610
136.224648 4 6.822576 101.643178 3.883432 3.728459
136.324648 4 6.822460 102.192397 3.883489 3.727304
136.424648 4 6.822344 102.746949 3.883547 3.726143
136.524648 4 6.822228 103.306893 3.883605 3.724977
136.624648 4 6.822110 103.872289 3.883662 3.723806
136.724648 4 6.821993 104.443198 3.883720 3.722630
136.824648 4 6.821875 105.019683 3.883777 3.721450
136.924648 4 6.821756 105.601806 3.883835 3.720264
137.024648 4 6.821637 106.189631 3.883892 3.719073
137.124648 4 6.821517 106.783222 3.883950 3.717876
137.224648 4 6.821396 107.382646 3.884007 3.716675
137.324648 4 6.821275 107.987967 3.884064 3.715469
137.424648 4 6.821154 108.599254 3.884121 3.714258
137.524648 4 6.821032 109.216573 3.884179 3.713041
137.624648 4 6.820909 109.839995 3.884236 3.711819
137.724648 4 6.820786 110.469588 3.884293 3.710592
137.824648 4 6.820662 111.105425 3.884350 3.709360
137.924648 4 6.820537 111.747575 3.884407 3.708123
138.024648 4 6.820412 112.396112 3.884464 3.706881
138.124648 4 6.820286 113.051110 3.884521 3.705634
138.224648 4 6.820160 113.712644 3.884578 3.704381
138.324648 4 6.820033 114.380788 3.884635 3.703123
138.424648 4 6.819906 115.055619 3.884692 3.701860
138.524648 4 6.819778 115.737216 3.884749 3.700591
138.624648 4 6.819649 116.425657 3.884806 3.699318
138.724648 4 6.819519 117.121022 3.884863 3.698039
138.824648 4 6.819389 117.823391 3.884920 3.696755
138.924648 4 6.819258 118.532846 3.884977 3.695465
139.024648 4 6.819127 119.249472 3.885033 3.694171
139.124648 4 6.818995 119.973351 3.885090 3.692871
139.224648 4 6.818862 120.704570 3.885147 3.691565
139.324648 4 6.818729 121.443215 3.885203 3.690255
139.424648 4 6.818595 122.189373 3.885260 3.688939
139.524648 4 6.818460 122.943134 3.885316 3.687618
139.624648 4 6.818324 123.704588 3.885373 3.686291
139.724648 4 6.818188 124.473825 3.885430 3.684959
139.824648 4 6.818051 125.250940 3.885486 3.683622
139.924648 4 6.817914 126.036025 3.885542 3.682279
140.024648 4 6.817775 126.829177 3.885599 3.680931
140.124648 4 6.817636 127.630491 3.885655 3.679577
140.224648 4 6.817497 128.440065 3.885712 3.678218
140.324648 4 6.817356 129.258000 3.885768 3.676854
140.424648 4 6.817215 130.084394 3.885824 3.675484
140.524648 4 6.817073 130.919351 3.885880 3.674109
140.624648 4 6.816930 131.762975 3.885937 3.672728
140.724648 4 6.816786 132.615369 3.885993 3.671342
140.824648 4 6.816642 133.476640 3.886049 3.669950
140.924648 4 6.816497 134.346896 3.886105 3.668553
141.024648 4 6.816351 135.226247 3.886161 3.667150
141.124648 4 6.816204 136.114803 3.886217 3.665742
141.224648 4 6.816057 137.012678 3.886273 3.664328
141.324648 4 6.815908 137.919984 3.886329 3.662909
141.424648 4 6.815759 138.836839 3.886385 3.661484
141.524648 4 6.815609 139.763358 3.886441 3.660054
141.624648 4 6.815459 140.699662 3.886497 3.658618
141.724648 4 6.815307 141.645871 3.886553 3.657177
141.824648 4 6.815154 142.602106 3.886609 3.655730
141.924648 4 6.815001 143.568494 3.886664 3.654277
142.024648 4 6.814847 144.545159 3.886720 3.652819
142.124648 4 6.814692 145.532228 3.886776 3.651355
142.224648 4 6.814536 146.529833 3.886831 3.649885
142.324648 4 6.814379 147.538104 3.886887 3.648410
142.424648 4 6.814221 148.557174 3.886943 3.646929
142.524648 4 6.814063 149.587179 3.886998 3.645443
142.624648 4 6.813903 150.628256 3.887054 3.643951
142.724648 4 6.813743 151.680544 3.887109 3.642453
142.824648 4 6.813581 152.744184 3.887165 3.640949
142.924648 4 6.813419 153.819320 3.887220 3.639440
143.024648 4 6.813257 154.894463 3.887275 3.637941
143.124648 4 6.813105 155.912886 3.887327 3.636531
143.224648 4 6.812961 156.876972 3.887375 3.635205
143.324648 4 6.812826 157.789081 3.887420 3.633957
143.424648 4 6.812698 158.651534 3.887462 3.632784
143.524648 4 6.812578 159.466607 3.887502 3.631681
143.624648 4 6.812352 161.012086 3.887576 3.629605
143.724648 4 6.812153 162.383060 3.887641 3.627780
143.824648 4 6.811977 163.597182 3.887698 3.626177
143.924648 4 6.811822 164.670803 3.887747 3.624769
144.024648 4 6.811686 165.618946 3.887791 3.623533
144.124648 4 6.811567 166.455319 3.887829 3.622449
144.224648 4 6.811356 167.934296 3.887895 3.620545
144.324648 4 6.811198 169.056487 3.887945 3.619111
144.424648 4 6.811078 169.905507 3.887982 3.618032
144.524648 4 6.810897 171.191024 3.888038 3.616410
