t Ka M R logL logTeff
74.750054 1 1.000084 0.915434 0.033740 3.788762
149.500197 1 1.000083 0.917806 0.036914 3.788994
224.250431 1 1.000083 0.920187 0.040115 3.789231
299.000757 1 1.000083 0.922577 0.043344 3.789475
373.751176 1 1.000082 0.924979 0.046601 3.789725
448.501689 1 1.000082 0.927392 0.049886 3.789980
523.252296 1 1.000082 0.929818 0.053198 3.790241
598.003000 1 1.000081 0.932259 0.056538 3.790507
672.753801 1 1.000081 0.934716 0.059905 3.790777
747.504700 1 1.000080 0.937189 0.063300 3.791052
822.255699 1 1.000080 0.939681 0.066723 3.791331
897.006798 1 1.000080 0.942192 0.070174 3.791614
971.757999 1 1.000079 0.944725 0.073652 3.791901
1046.509303 1 1.000079 0.947279 0.077158 3.792191
1121.260712 1 1.000079 0.949857 0.080691 3.792484
1196.012226 1 1.000078 0.952460 0.084253 3.792780
1270.763847 1 1.000078 0.955088 0.087841 3.793079
1345.515577 1 1.000077 0.957745 0.091458 3.793380
1420.267416 1 1.000077 0.960430 0.095102 3.793683
1495.019366 1 1.000077 0.963146 0.098774 3.793988
1569.771428 1 1.000076 0.965893 0.102474 3.794295
1644.523605 1 1.000076 0.968673 0.106201 3.794602
1719.275896 1 1.000075 0.971489 0.109956 3.794911
1794.028305 1 1.000075 0.974340 0.113739 3.795220
1868.780832 1 1.000074 0.977229 0.117550 3.795530
1943.533479 1 1.000074 0.980157 0.121388 3.795840
2018.286247 1 1.000073 0.983125 0.125253 3.796149
2093.039139 1 1.000073 0.986136 0.129147 3.796459
2167.792156 1 1.000072 0.989191 0.133068 3.796768
2242.545299 1 1.000072 0.992291 0.137017 3.797075
2317.298571 1 1.000071 0.995438 0.140994 3.797382
2392.051972 1 1.000071 0.998633 0.144998 3.797687
2466.805506 1 1.000071 1.001879 0.149030 3.797990
2541.559173 1 1.000070 1.005177 0.153090 3.798292
2616.312977 1 1.000069 1.008529 0.157178 3.798591
2691.066918 1 1.000069 1.011936 0.161293 3.798887
2765.820998 1 1.000068 1.015401 0.165437 3.799181
2840.575220 1 1.000068 1.018925 0.169608 3.799471
2915.329586 1 1.000067 1.022510 0.173807 3.799758
2990.084098 1 1.000067 1.026159 0.178034 3.800042
3064.838758 1 1.000066 1.029872 0.182290 3.800321
3139.593569 1 1.000066 1.033653 0.186573 3.800596
3214.348532 1 1.000065 1.037504 0.190885 3.800867
3289.103650 1 1.000064 1.041425 0.195225 3.801133
3363.858925 1 1.000064 1.045421 0.199594 3.801393
3438.614360 1 1.000063 1.049494 0.203992 3.801649
3513.369958 1 1.000063 1.053645 0.208418 3.801898
3588.125720 1 1.000062 1.057877 0.212874 3.802141
3662.881650 1 1.000061 1.062194 0.217359 3.802378
3737.637750 1 1.000061 1.066598 0.221874 3.802609
3812.394023 1 1.000060 1.071092 0.226419 3.802832
3887.150472 1 1.000059 1.075680 0.230994 3.803048
3961.907099 1 1.000059 1.080364 0.235601 3.803256
4036.663909 1 1.000058 1.085149 0.240239 3.803456
4111.420902 1 1.000057 1.090038 0.244909 3.803647
4186.178084 1 1.000057 1.095036 0.249613 3.803830
4260.935457 1 1.000056 1.100146 0.254350 3.804003
4335.693025 1 1.000055 1.105374 0.259122 3.804166
4410.450790 1 1.000054 1.110725 0.263929 3.804319
4485.208756 1 1.000054 1.116205 0.268773 3.804462
4559.966928 1 1.000053 1.121818 0.273656 3.804593
4634.725308 1 1.000052 1.127573 0.278578 3.804713
4709.483900 1 1.000051 1.133475 0.283542 3.804820
4784.242708 1 1.000050 1.139533 0.288549 3.804914
4859.001737 1 1.000050 1.145755 0.293601 3.804995
4933.760990 1 1.000049 1.152149 0.298701 3.805061
5008.520472 1 1.000048 1.158727 0.303852 3.805113
5083.280187 1 1.000047 1.165498 0.309055 3.805148
5158.040139 1 1.000046 1.172475 0.314315 3.805167
5232.800334 1 1.000045 1.179671 0.319634 3.805169
5307.560776 1 1.000044 1.187099 0.325018 3.805152
5382.321470 1 1.000043 1.194776 0.330470 3.805115
5457.082422 1 1.000042 1.202718 0.335994 3.805057
5531.843636 1 1.000041 1.210946 0.341598 3.804978
5606.605119 1 1.000040 1.219478 0.347285 3.804875
5681.366876 1 1.000039 1.228339 0.353062 3.804747
5756.128914 1 1.000038 1.237554 0.358937 3.804593
5830.891238 1 1.000037 1.247152 0.364918 3.804410
5905.653856 1 1.000036 1.257163 0.371012 3.804198
5980.416774 1 1.000035 1.267623 0.377228 3.803953
6055.179999 1 1.000034 1.278572 0.383578 3.803673
6129.943540 1 1.000032 1.290055 0.390072 3.803354
6204.707404 1 1.000031 1.302125 0.396722 3.802995
6279.471599 1 1.000030 1.314843 0.403540 3.802589
6316.853867 1 1.000029 1.321469 0.407017 3.802366
6354.236222 1 1.000029 1.328285 0.410542 3.802130
6391.618667 1 1.000028 1.335304 0.414116 3.801880
6410.309934 1 1.000028 1.339558 0.419408 3.802512
6429.001224 1 1.000027 1.349351 0.434147 3.804615
6438.346880 1 1.000027 1.358377 0.445098 3.805905
6447.692543 1 1.000027 1.371310 0.458435 3.807181
6452.365377 1 1.000027 1.379531 0.465999 3.807774
6457.038214 1 1.000027 1.389086 0.474159 3.808316
6475.729565 1 1.000026 1.397221 0.479573 3.808401
6513.112324 1 1.000025 1.406070 0.483985 3.808133
6550.495197 1 1.000024 1.415221 0.488460 3.807843
6587.878186 1 1.000024 1.424701 0.493001 3.807529
6625.261293 1 1.000023 1.434538 0.497609 3.807187
6662.644521 1 1.000022 1.444766 0.502287 3.806814
6700.027872 1 1.000021 1.455426 0.507038 3.806405
6737.411348 1 1.000020 1.466565 0.511866 3.805956
6774.794952 1 1.000019 1.478241 0.516772 3.805461
6812.178686 1 1.000018 1.490521 0.521761 3.804912
6849.562553 1 1.000017 1.503486 0.526834 3.804299
6886.946556 1 1.000016 1.517236 0.531997 3.803613
6924.330697 1 1.000015 1.531889 0.537251 3.802840
6943.022839 1 1.000014 1.539599 0.539914 3.802415
6961.715016 1 1.000014 1.547590 0.542601 3.801963
6980.407231 1 1.000013 1.555888 0.545313 3.801480
6999.099483 1 1.000013 1.564516 0.548050 3.800963
7017.791772 1 1.000012 1.573504 0.550813 3.800410
7036.484099 1 1.000011 1.582883 0.553603 3.799817
7055.176465 1 1.000011 1.592688 0.556419 3.799180
7073.868870 1 1.000010 1.602957 0.559263 3.798495
7092.561314 1 1.000010 1.613733 0.562134 3.797758
7111.253799 1 1.000009 1.625064 0.565034 3.796964
7129.946324 1 1.000008 1.637004 0.567963 3.796106
7148.638890 1 1.000008 1.649612 0.570922 3.795180
7167.331498 1 1.000007 1.662954 0.573910 3.794178
7186.024149 1 1.000007 1.677104 0.576929 3.793093
7204.716842 1 1.000006 1.692145 0.579979 3.791917
7223.409579 1 1.000005 1.708170 0.583062 3.790640
7232.755970 1 1.000005 1.716583 0.584615 3.789962
7242.102372 1 1.000005 1.725283 0.586176 3.789255
7251.448786 1 1.000004 1.734283 0.587746 3.788517
7260.795210 1 1.000004 1.743601 0.589324 3.787748
7270.141647 1 1.000003 1.753252 0.590911 3.786946
7279.488095 1 1.000003 1.763256 0.592506 3.786109
7288.834555 1 1.000003 1.773630 0.594109 3.785236
7298.181027 1 1.000002 1.784397 0.595721 3.784325
7307.527511 1 1.000002 1.795576 0.597342 3.783374
7316.874007 1 1.000002 1.807191 0.598972 3.782382
7326.220515 1 1.000001 1.819267 0.600611 3.781345
7335.567036 1 1.000001 1.831830 0.602259 3.780263
7344.913569 1 1.000001 1.844908 0.603916 3.779132
7354.260115 1 1.000000 1.858529 0.605582 3.777951
7363.606673 1 1.000000 1.872727 0.607257 3.776718
7372.953245 1 0.999999 1.887535 0.608941 3.775428
7382.299829 1 0.999999 1.902988 0.610636 3.774081
7391.646427 1 0.999999 1.919126 0.612339 3.772674
7400.993038 1 0.999998 1.935991 0.614052 3.771202
7410.339662 1 0.999998 1.953626 0.615775 3.769664
7418.517971 1 0.999997 1.969726 0.617291 3.768260
7425.674000 1 0.999997 1.984354 0.618623 3.766987
7431.935532 1 0.999997 1.997587 0.619794 3.765836
7437.414379 1 0.999997 2.009511 0.620822 3.764801
7442.208374 1 0.999996 2.020221 0.621724 3.763872
7450.597872 1 0.999996 2.039605 0.623309 3.762195
7456.890004 1 0.999996 2.054704 0.624504 3.760892
7461.609108 1 0.999995 2.066358 0.625403 3.759888
7468.687769 1 0.999995 2.084391 0.626756 3.758340
7475.766440 2 0.999995 2.103117 0.628115 3.756738
7476.958482 2 0.999993 2.104773 0.628179 3.756583
7479.983504 2 0.999987 2.108982 0.628340 3.756189
7483.008585 2 0.999982 2.113199 0.628502 3.755796
7486.033725 2 0.999976 2.117424 0.628663 3.755402
7489.058924 2 0.999971 2.121658 0.628825 3.755009
7492.084182 2 0.999965 2.125901 0.628987 3.754616
7495.109499 2 0.999960 2.130152 0.629148 3.754222
7498.134875 2 0.999955 2.134412 0.629310 3.753829
7501.160310 2 0.999949 2.138680 0.629472 3.753436
7504.185805 2 0.999944 2.142957 0.629633 3.753042
7507.211360 2 0.999938 2.147242 0.629795 3.752649
7510.236974 2 0.999932 2.151536 0.629957 3.752256
7513.262649 2 0.999927 2.155838 0.630119 3.751862
7516.288383 2 0.999921 2.160150 0.630281 3.751469
7519.314178 2 0.999916 2.164469 0.630443 3.751076
7522.340033 2 0.999910 2.168798 0.630605 3.750682
7525.365949 2 0.999905 2.173135 0.630767 3.750289
7528.391925 2 0.999899 2.177481 0.630929 3.749896
7531.417963 2 0.999893 2.181836 0.631091 3.749502
7534.444061 2 0.999888 2.186199 0.631254 3.749109
7537.470221 2 0.999882 2.190571 0.631416 3.748716
7540.496441 2 0.999876 2.194952 0.631578 3.748323
7543.522723 2 0.999871 2.199342 0.631741 3.747929
7546.549067 2 0.999865 2.203741 0.631903 3.747536
7549.575473 2 0.999859 2.208148 0.632065 3.747143
7552.601940 2 0.999853 2.212565 0.632228 3.746750
7555.628470 2 0.999848 2.216990 0.632390 3.746356
7558.655061 2 0.999842 2.221424 0.632553 3.745963
7561.681715 2 0.999836 2.225867 0.632716 3.745570
7564.708432 2 0.999830 2.230319 0.632878 3.745177
7567.735211 2 0.999825 2.234779 0.633041 3.744783
7570.762053 2 0.999819 2.239249 0.633204 3.744390
7573.788958 2 0.999813 2.243728 0.633367 3.743997
7576.815926 2 0.999807 2.248216 0.633530 3.743604
7579.842957 2 0.999801 2.252713 0.633692 3.743211
7582.870051 2 0.999795 2.257218 0.633855 3.742818
7585.897210 2 0.999790 2.261733 0.634018 3.742424
7588.924432 2 0.999784 2.266257 0.634182 3.742031
7591.951717 2 0.999778 2.270790 0.634345 3.741638
7594.979067 2 0.999772 2.275332 0.634508 3.741245
7598.006481 2 0.999766 2.279884 0.634671 3.740852
7601.033960 2 0.999760 2.284444 0.634834 3.740459
7604.061502 2 0.999754 2.289014 0.634998 3.740066
7607.089110 2 0.999748 2.293593 0.635161 3.739673
7610.116782 2 0.999742 2.298181 0.635324 3.739280
7613.144520 2 0.999736 2.302778 0.635488 3.738887
7616.172322 2 0.999730 2.307384 0.635651 3.738493
7619.200190 2 0.999724 2.312000 0.635815 3.738100
7622.228123 2 0.999718 2.316625 0.635979 3.737707
7625.256122 2 0.999712 2.321259 0.636142 3.737314
7628.284186 2 0.999706 2.325903 0.636306 3.736921
7631.312317 2 0.999700 2.330556 0.636470 3.736528
7634.340513 2 0.999693 2.335218 0.636634 3.736135
7637.368776 2 0.999687 2.339890 0.636797 3.735742
7640.397105 2 0.999681 2.344571 0.636961 3.735349
7643.425501 2 0.999675 2.349262 0.637125 3.734956
7646.453963 2 0.999669 2.353962 0.637289 3.734563
7649.482493 2 0.999663 2.358671 0.637453 3.734170
7652.511089 2 0.999656 2.363390 0.637618 3.733777
7655.539753 2 0.999650 2.368118 0.637782 3.733384
7658.568484 2 0.999644 2.372856 0.637946 3.732991
7661.597283 2 0.999638 2.377604 0.638110 3.732598
7664.626149 2 0.999632 2.382361 0.638275 3.732205
7667.655083 2 0.999625 2.387127 0.638439 3.731813
7670.684086 2 0.999619 2.391903 0.638604 3.731420
7673.713156 2 0.999613 2.396689 0.638768 3.731027
7676.742295 2 0.999606 2.401484 0.638933 3.730634
7679.771502 2 0.999600 2.406289 0.639097 3.730241
7682.800779 2 0.999594 2.411104 0.639262 3.729848
7685.830124 2 0.999587 2.415928 0.639427 3.729455
7688.859538 2 0.999581 2.420762 0.639591 3.729062
7691.889021 2 0.999574 2.425606 0.639756 3.728670
7694.918574 2 0.999568 2.430460 0.639921 3.728277
7697.948196 2 0.999562 2.435323 0.640086 3.727884
7700.977888 2 0.999555 2.440196 0.640251 3.727491
7704.007650 2 0.999549 2.445079 0.640416 3.727098
7707.037482 2 0.999542 2.449972 0.640581 3.726705
7710.067384 2 0.999536 2.454874 0.640747 3.726313
7713.097357 2 0.999529 2.459787 0.640912 3.725920
7716.127400 2 0.999523 2.464709 0.641077 3.725527
7719.157514 2 0.999516 2.469641 0.641242 3.725134
7722.187699 2 0.999510 2.474583 0.641408 3.724741
7725.217955 2 0.999503 2.479536 0.641573 3.724349
7728.248282 2 0.999496 2.484498 0.641739 3.723956
7731.278681 2 0.999490 2.489470 0.641905 3.723563
7734.309151 2 0.999483 2.494452 0.642070 3.723171
7737.339693 2 0.999477 2.499444 0.642236 3.722778
7740.370307 2 0.999470 2.504446 0.642402 3.722385
7743.400993 2 0.999463 2.509458 0.642567 3.721992
7746.431752 2 0.999457 2.514481 0.642733 3.721600
7749.462583 2 0.999450 2.519513 0.642899 3.721207
7752.493487 2 0.999443 2.524556 0.643065 3.720814
7755.524464 2 0.999436 2.529608 0.643231 3.720422
7758.555513 2 0.999430 2.534671 0.643398 3.720029
7761.586636 2 0.999423 2.539744 0.643564 3.719636
7764.617833 2 0.999416 2.544828 0.643730 3.719244
7767.649102 2 0.999409 2.549921 0.643896 3.718851
7770.680446 2 0.999403 2.555025 0.644063 3.718459
7773.711864 2 0.999396 2.560139 0.644229 3.718066
7776.743356 2 0.999389 2.565264 0.644396 3.717673
7778.580292 3 0.999385 2.568385 0.644500 3.717436
7779.820647 3 0.999382 2.572539 0.645840 3.717420
7784.639475 3 0.999371 2.588849 0.651078 3.717357
7789.410115 3 0.999360 2.605271 0.656316 3.717293
7794.133048 3 0.999349 2.621804 0.661553 3.717229
7798.808753 3 0.999337 2.638451 0.666791 3.717164
7803.437700 3 0.999326 2.655211 0.672029 3.717098
7808.020358 3 0.999315 2.672086 0.677267 3.717032
7812.557189 3 0.999303 2.689077 0.682504 3.716965
7817.048651 3 0.999291 2.706184 0.687742 3.716897
7821.495200 3 0.999280 2.723408 0.692980 3.716829
7825.897282 3 0.999268 2.740750 0.698218 3.716760
7830.255344 3 0.999256 2.758211 0.703455 3.716691
7834.569825 3 0.999244 2.775792 0.708693 3.716620
7838.841162 3 0.999232 2.793493 0.713931 3.716549
7843.069785 3 0.999220 2.811317 0.719169 3.716478
7847.256122 3 0.999207 2.829262 0.724407 3.716406
7851.400595 3 0.999195 2.847332 0.729644 3.716333
7855.503624 3 0.999182 2.865525 0.734882 3.716259
7859.565622 3 0.999170 2.883844 0.740120 3.716185
7863.587001 3 0.999157 2.902289 0.745358 3.716110
7867.568166 3 0.999144 2.920862 0.750595 3.716034
7871.509519 3 0.999131 2.939562 0.755833 3.715958
7875.411458 3 0.999118 2.958391 0.761071 3.715880
7879.274378 3 0.999105 2.977351 0.766309 3.715803
7883.098669 3 0.999091 2.996441 0.771546 3.715724
7886.884717 3 0.999078 3.015664 0.776784 3.715645
7890.632905 3 0.999064 3.035020 0.782022 3.715565
7894.343610 3 0.999051 3.054509 0.787260 3.715485
7898.017209 3 0.999037 3.074133 0.792497 3.715404
7901.654072 3 0.999023 3.093894 0.797735 3.715322
7905.254566 3 0.999009 3.113791 0.802973 3.715239
7908.819055 3 0.998995 3.133827 0.808211 3.715156
7912.347899 3 0.998981 3.154002 0.813449 3.715072
7915.841454 3 0.998966 3.174316 0.818686 3.714987
7919.300075 3 0.998952 3.194772 0.823924 3.714902
7922.724109 3 0.998937 3.215370 0.829162 3.714816
7926.113902 3 0.998923 3.236112 0.834400 3.714729
7929.469798 3 0.998908 3.256998 0.839637 3.714641
7932.792135 3 0.998893 3.278029 0.844875 3.714553
7936.081248 3 0.998878 3.299207 0.850113 3.714464
7939.337470 3 0.998862 3.320533 0.855351 3.714374
7942.561130 3 0.998847 3.342007 0.860588 3.714284
7945.752553 3 0.998832 3.363631 0.865826 3.714193
7948.912063 3 0.998816 3.385407 0.871064 3.714101
7952.039977 3 0.998800 3.407334 0.876302 3.714009
7955.136612 3 0.998784 3.429415 0.881540 3.713915
7958.202280 3 0.998768 3.451651 0.886777 3.713821
7961.237292 3 0.998752 3.474042 0.892015 3.713727
7964.241954 3 0.998736 3.496590 0.897253 3.713631
7967.216569 3 0.998719 3.519296 0.902491 3.713535
7970.161438 3 0.998703 3.542161 0.907728 3.713438
7973.076858 3 0.998686 3.565187 0.912966 3.713341
7975.963124 3 0.998669 3.588375 0.918204 3.713243
7978.820528 3 0.998652 3.611725 0.923442 3.713144
7981.649357 3 0.998635 3.635239 0.928679 3.713044
7984.449898 3 0.998618 3.658919 0.933917 3.712943
7987.222434 3 0.998600 3.682766 0.939155 3.712842
7989.967244 3 0.998583 3.706781 0.944393 3.712740
7992.684607 3 0.998565 3.730964 0.949630 3.712638
7995.374795 3 0.998547 3.755319 0.954868 3.712534
7998.038082 3 0.998529 3.779845 0.960106 3.712430
8000.674736 3 0.998511 3.804544 0.965344 3.712325
8003.285023 3 0.998492 3.829417 0.970582 3.712220
8005.869208 3 0.998474 3.854467 0.975819 3.712113
8008.427550 3 0.998455 3.879693 0.981057 3.712006
8010.960310 3 0.998436 3.905098 0.986295 3.711898
8013.467741 3 0.998417 3.930683 0.991533 3.711790
8015.950098 3 0.998398 3.956449 0.996770 3.711680
8018.407632 3 0.998379 3.982398 1.002008 3.711570
8020.840591 3 0.998359 4.008530 1.007246 3.711459
8023.249219 3 0.998340 4.034848 1.012484 3.711348
8025.633762 3 0.998320 4.061353 1.017721 3.711236
8027.994459 3 0.998300 4.088046 1.022959 3.711122
8030.331549 3 0.998280 4.114929 1.028197 3.711009
8032.645268 3 0.998259 4.142003 1.033435 3.710894
8034.935850 3 0.998239 4.169270 1.038672 3.710779
8037.203526 3 0.998218 4.196731 1.043910 3.710663
8039.448526 3 0.998197 4.224387 1.049148 3.710546
8041.671075 3 0.998176 4.252241 1.054386 3.710428
8043.871399 3 0.998155 4.280293 1.059624 3.710310
8046.049720 3 0.998134 4.308545 1.064861 3.710191
8048.206257 3 0.998112 4.337000 1.070099 3.710071
8050.341230 3 0.998090 4.365657 1.075337 3.709950
8052.454852 3 0.998068 4.394519 1.080575 3.709829
8054.547338 3 0.998046 4.423588 1.085812 3.709706
8056.618899 3 0.998024 4.452865 1.091050 3.709583
8058.669745 3 0.998001 4.482351 1.096288 3.709460
8060.700082 3 0.997978 4.512049 1.101526 3.709335
8062.710116 3 0.997955 4.541960 1.106763 3.709210
8064.700050 3 0.997932 4.572085 1.112001 3.709084
8066.670084 3 0.997909 4.602427 1.117239 3.708957
8068.620418 3 0.997885 4.632986 1.122477 3.708829
8070.551248 3 0.997861 4.663765 1.127715 3.708701
8072.462771 3 0.997837 4.694765 1.132952 3.708572
8074.355178 3 0.997813 4.725989 1.138190 3.708442
8076.228660 3 0.997789 4.757437 1.143428 3.708311
8078.083409 3 0.997764 4.789111 1.148666 3.708179
8079.919609 3 0.997739 4.821014 1.153903 3.708047
8081.737448 3 0.997714 4.853147 1.159141 3.707914
8083.537108 3 0.997689 4.885512 1.164379 3.707780
8085.318772 3 0.997664 4.918110 1.169617 3.707646
8087.082619 3 0.997638 4.950944 1.174854 3.707510
8088.828827 3 0.997612 4.984016 1.180092 3.707374
8090.557573 3 0.997586 5.017326 1.185330 3.707237
8092.269032 3 0.997559 5.050878 1.190568 3.707099
8093.963377 3 0.997533 5.084672 1.195805 3.706960
8095.640778 3 0.997506 5.118711 1.201043 3.706821
8097.301405 3 0.997479 5.152997 1.206281 3.706681
8098.945425 3 0.997452 5.187532 1.211519 3.706540
8100.573006 3 0.997424 5.222317 1.216757 3.706398
8102.184310 3 0.997396 5.257355 1.221994 3.706255
8103.779502 3 0.997368 5.292647 1.227232 3.706112
8105.358742 3 0.997340 5.328196 1.232470 3.705968
8106.922189 3 0.997311 5.364004 1.237708 3.705823
8108.470002 3 0.997283 5.400072 1.242945 3.705677
8110.002336 3 0.997254 5.436403 1.248183 3.705531
8111.519348 3 0.997224 5.472998 1.253421 3.705383
8113.021189 3 0.997195 5.509861 1.258659 3.705235
8114.508012 3 0.997165 5.546992 1.263896 3.705086
8115.979966 3 0.997135 5.584395 1.269134 3.704936
8117.437201 3 0.997105 5.622070 1.274372 3.704785
8118.879864 3 0.997074 5.660021 1.279610 3.704634
8120.308100 3 0.997043 5.698249 1.284848 3.704482
8121.722054 3 0.997012 5.736757 1.290085 3.704329
8123.121868 3 0.996981 5.775547 1.295323 3.704175
8124.507684 3 0.996949 5.814621 1.300561 3.704020
8125.879642 3 0.996917 5.853982 1.305799 3.703865
8127.237880 3 0.996885 5.893631 1.311036 3.703708
8128.582536 3 0.996852 5.933571 1.316274 3.703551
8129.913745 3 0.996819 5.973804 1.321512 3.703393
8131.231643 3 0.996786 6.014333 1.326750 3.703234
8132.536361 3 0.996753 6.055159 1.331987 3.703075
8133.828032 3 0.996719 6.096286 1.337225 3.702914
8135.106786 3 0.996685 6.137716 1.342463 3.702753
8136.372753 3 0.996651 6.179450 1.347701 3.702591
8137.626060 3 0.996616 6.221492 1.352938 3.702428
8138.866834 3 0.996581 6.263844 1.358176 3.702264
8140.095201 3 0.996546 6.306508 1.363414 3.702100
8141.311283 3 0.996510 6.349488 1.368652 3.701934
8142.515205 3 0.996475 6.392784 1.373890 3.701768
8143.707088 3 0.996438 6.436400 1.379127 3.701601
8144.887052 3 0.996402 6.480339 1.384365 3.701433
8146.055216 3 0.996365 6.524603 1.389603 3.701264
8147.211698 3 0.996328 6.569195 1.394841 3.701095
8148.356616 3 0.996290 6.614116 1.400078 3.700924
8149.490085 3 0.996253 6.659371 1.405316 3.700753
8150.612219 3 0.996215 6.704961 1.410554 3.700581
8151.723131 3 0.996176 6.750889 1.415792 3.700408
8152.822934 3 0.996137 6.797158 1.421029 3.700234
8153.911740 3 0.996098 6.843771 1.426267 3.700060
8154.989657 3 0.996058 6.890730 1.431505 3.699884
8156.056795 3 0.996019 6.938038 1.436743 3.699708
8157.113262 3 0.995978 6.985699 1.441981 3.699531
8158.159164 3 0.995938 7.033714 1.447218 3.699353
8159.194607 3 0.995897 7.082086 1.452456 3.699174
8160.219696 3 0.995855 7.130819 1.457694 3.698994
8161.234533 3 0.995814 7.179916 1.462932 3.698814
8162.239223 3 0.995772 7.229379 1.468169 3.698632
8163.233865 3 0.995729 7.279211 1.473407 3.698450
8164.218561 3 0.995686 7.329415 1.478645 3.698267
8165.193410 3 0.995643 7.379995 1.483883 3.698083
8166.158511 3 0.995600 7.430952 1.489120 3.697898
8167.113961 3 0.995556 7.482291 1.494358 3.697713
8168.059856 3 0.995511 7.534015 1.499596 3.697526
8168.996292 3 0.995467 7.586125 1.504834 3.697339
8169.923364 3 0.995421 7.638627 1.510071 3.697151
8170.841165 3 0.995376 7.691522 1.515309 3.696962
8171.749788 3 0.995330 7.744814 1.520547 3.696772
8172.649324 3 0.995283 7.798506 1.525785 3.696581
8173.539866 3 0.995237 7.852602 1.531023 3.696389
8174.421502 3 0.995189 7.907104 1.536260 3.696197
8175.294322 3 0.995142 7.962016 1.541498 3.696004
8176.158413 3 0.995093 8.017341 1.546736 3.695809
8177.013864 3 0.995045 8.073083 1.551974 3.695614
8177.860760 3 0.994996 8.129244 1.557211 3.695418
8178.699187 3 0.994947 8.185830 1.562449 3.695222
8179.529230 3 0.994897 8.242841 1.567687 3.695024
8180.350972 3 0.994846 8.300284 1.572925 3.694825
8181.164497 3 0.994796 8.358159 1.578162 3.694626
8181.969887 3 0.994744 8.416473 1.583400 3.694426
8182.767223 3 0.994693 8.475227 1.588638 3.694224
8183.556585 3 0.994640 8.534425 1.593876 3.694022
8184.338054 3 0.994588 8.594071 1.599114 3.693819
8185.111708 3 0.994535 8.654169 1.604351 3.693616
8185.877626 3 0.994481 8.714723 1.609589 3.693411
8186.635884 3 0.994427 8.775735 1.614827 3.693206
8187.386560 3 0.994372 8.837210 1.620065 3.692999
8188.129729 3 0.994317 8.899152 1.625302 3.692792
8188.865466 3 0.994262 8.961565 1.630540 3.692584
8189.593846 3 0.994206 9.024451 1.635778 3.692375
8190.314943 3 0.994149 9.087815 1.641016 3.692165
8191.028828 3 0.994092 9.151662 1.646253 3.691954
8191.735574 3 0.994034 9.215995 1.651491 3.691742
8192.435253 3 0.993976 9.280817 1.656729 3.691530
8193.127935 3 0.993918 9.346133 1.661967 3.691316
8193.813691 3 0.993858 9.411948 1.667204 3.691102
8194.492589 3 0.993799 9.478264 1.672442 3.690887
8195.164697 3 0.993738 9.545087 1.677680 3.690671
8195.830085 3 0.993677 9.612419 1.682918 3.690454
8196.488819 3 0.993616 9.680267 1.688156 3.690236
8197.140965 3 0.993554 9.748633 1.693393 3.690017
8197.786591 3 0.993491 9.817522 1.698631 3.689797
8198.425759 3 0.993428 9.886939 1.703869 3.689577
8199.058536 3 0.993365 9.956887 1.709107 3.689355
8199.684986 3 0.993300 10.027371 1.714344 3.689133
8200.305171 3 0.993236 10.098395 1.719582 3.688910
8200.919154 3 0.993170 10.169964 1.724820 3.688686
8201.526997 3 0.993104 10.242083 1.730058 3.688461
8202.128761 3 0.993037 10.314756 1.735295 3.688235
8202.724509 3 0.992970 10.387987 1.740533 3.688008
8203.314298 3 0.992902 10.461781 1.745771 3.687780
8203.898190 3 0.992834 10.536143 1.751009 3.687552
8204.476243 3 0.992765 10.611077 1.756247 3.687322
8205.048515 3 0.992695 10.686588 1.761484 3.687092
8205.615064 3 0.992624 10.762682 1.766722 3.686861
8206.175949 3 0.992553 10.839361 1.771960 3.686629
8206.731224 3 0.992481 10.916633 1.777198 3.686396
8207.280946 3 0.992409 10.994501 1.782435 3.686162
8207.825171 3 0.992336 11.072970 1.787673 3.685927
8208.363954 3 0.992262 11.152046 1.792911 3.685691
8208.897350 3 0.992188 11.231733 1.798149 3.685454
8209.425411 3 0.992113 11.312037 1.803386 3.685217
8209.948191 3 0.992037 11.392962 1.808624 3.684978
8210.465744 3 0.991960 11.474514 1.813862 3.684739
8210.978121 3 0.991883 11.556698 1.819100 3.684499
8211.485375 3 0.991805 11.639519 1.824337 3.684257
8211.987556 3 0.991727 11.722983 1.829575 3.684015
8212.484715 3 0.991647 11.807095 1.834813 3.683772
8212.976902 3 0.991567 11.891860 1.840051 3.683528
8213.464168 3 0.991486 11.977283 1.845289 3.683284
8213.946561 3 0.991405 12.063371 1.850526 3.683038
8214.424130 3 0.991322 12.150129 1.855764 3.682791
8214.896924 3 0.991239 12.237562 1.861002 3.682544
8215.364989 3 0.991155 12.325675 1.866240 3.682295
8215.828374 3 0.991070 12.414476 1.871477 3.682046
8216.287125 3 0.990985 12.503969 1.876715 3.681795
8216.741288 3 0.990899 12.594159 1.881953 3.681544
8217.190910 3 0.990812 12.685054 1.887191 3.681292
8217.636036 3 0.990724 12.776659 1.892428 3.681039
8218.076710 3 0.990635 12.868980 1.897666 3.680785
8218.512978 3 0.990545 12.962022 1.902904 3.680530
8218.944883 3 0.990455 13.055793 1.908142 3.680274
8219.372468 3 0.990364 13.150297 1.913379 3.680018
8219.795778 3 0.990272 13.245542 1.918617 3.679760
8220.214855 3 0.990179 13.341532 1.923855 3.679501
8220.629741 3 0.990085 13.438276 1.929093 3.679242
8221.040479 3 0.989990 13.535778 1.934331 3.678982
8221.447109 3 0.989895 13.634046 1.939568 3.678720
8221.849672 3 0.989798 13.733085 1.944806 3.678458
8222.248210 3 0.989701 13.832903 1.950044 3.678195
8222.642763 3 0.989602 13.933505 1.955282 3.677931
8223.033370 3 0.989503 14.034899 1.960519 3.677666
8223.420071 3 0.989403 14.137090 1.965757 3.677400
8223.802905 3 0.989302 14.240087 1.970995 3.677133
8224.181910 3 0.989200 14.343895 1.976233 3.676865
8224.557126 3 0.989097 14.448521 1.981470 3.676596
8224.928590 3 0.988993 14.553973 1.986708 3.676327
8225.296338 3 0.988888 14.660257 1.991946 3.676056
8225.660410 3 0.988782 14.767381 1.997184 3.675785
8226.020840 3 0.988675 14.875350 2.002422 3.675512
8226.377667 3 0.988567 14.984174 2.007659 3.675239
8226.730925 3 0.988458 15.093858 2.012897 3.674965
8227.080650 3 0.988348 15.204410 2.018135 3.674689
8227.426878 3 0.988237 15.315837 2.023373 3.674413
8227.769644 3 0.988125 15.428148 2.028610 3.674136
8228.108982 3 0.988012 15.541349 2.033848 3.673858
8228.444927 3 0.987897 15.655447 2.039086 3.673579
8228.777513 3 0.987782 15.770451 2.044324 3.673299
8229.106772 3 0.987666 15.886369 2.049561 3.673019
8229.432739 3 0.987548 16.003207 2.054799 3.672737
8229.755446 3 0.987429 16.120974 2.060037 3.672454
8230.074927 3 0.987310 16.239678 2.065275 3.672171
8230.391212 3 0.987189 16.359326 2.070512 3.671886
8230.704335 3 0.987067 16.479927 2.075750 3.671600
8231.014326 3 0.986943 16.601489 2.080988 3.671314
8231.321217 3 0.986819 16.724019 2.086226 3.671027
8231.625040 3 0.986693 16.847527 2.091464 3.670738
8231.925824 3 0.986567 16.972021 2.096701 3.670449
8232.223601 3 0.986439 17.097509 2.101939 3.670159
8232.518399 3 0.986309 17.223999 2.107177 3.669868
8232.810250 3 0.986179 17.351500 2.112415 3.669576
8233.099182 3 0.986047 17.480020 2.117652 3.669283
8233.385225 3 0.985914 17.609569 2.122890 3.668989
8233.668408 3 0.985780 17.740156 2.128128 3.668694
8233.948758 3 0.985644 17.871788 2.133366 3.668398
8234.226305 3 0.985508 18.004475 2.138603 3.668101
8234.501077 3 0.985369 18.138227 2.143841 3.667803
8234.773101 3 0.985230 18.273051 2.149079 3.667505
8235.042405 3 0.985089 18.408958 2.154317 3.667205
8235.309015 3 0.984947 18.545957 2.159555 3.666905
8235.572960 3 0.984803 18.684057 2.164792 3.666603
8235.834265 3 0.984659 18.823267 2.170030 3.666301
8236.092957 3 0.984512 18.963597 2.175268 3.665997
8236.349062 3 0.984365 19.105057 2.180506 3.665693
8236.602606 3 0.984215 19.247656 2.185743 3.665387
8236.853615 3 0.984065 19.391405 2.190981 3.665081
8237.102113 3 0.983913 19.536312 2.196219 3.664774
8237.348127 3 0.983759 19.682389 2.201457 3.664466
8237.591680 3 0.983604 19.829645 2.206694 3.664157
8237.832798 3 0.983448 19.978090 2.211932 3.663847
8238.071505 3 0.983290 20.127735 2.217170 3.663536
8238.307825 3 0.983130 20.278590 2.222408 3.663224
8238.541781 3 0.982969 20.430665 2.227645 3.662911
8238.773398 3 0.982807 20.583971 2.232883 3.662597
8239.002699 3 0.982642 20.738519 2.238121 3.662282
8239.229706 3 0.982477 20.894319 2.243359 3.661966
8239.454444 3 0.982309 21.051383 2.248597 3.661649
8239.676934 3 0.982140 21.209720 2.253834 3.661332
8239.897200 3 0.981970 21.369343 2.259072 3.661013
8240.115262 3 0.981797 21.530262 2.264310 3.660693
8240.331144 3 0.981623 21.692489 2.269548 3.660373
8240.544868 3 0.981447 21.856034 2.274785 3.660051
8240.756454 3 0.981270 22.020910 2.280023 3.659729
8240.965924 3 0.981091 22.187128 2.285261 3.659405
8241.173299 3 0.980910 22.354699 2.290499 3.659081
8241.378601 3 0.980727 22.523636 2.295736 3.658755
8241.581850 3 0.980543 22.693950 2.300974 3.658429
8241.783066 3 0.980357 22.865654 2.306212 3.658102
8241.982270 3 0.980169 23.038758 2.311450 3.657773
8242.179482 3 0.979979 23.213277 2.316688 3.657444
8242.374722 3 0.979787 23.389221 2.321925 3.657114
8242.568009 3 0.979593 23.566604 2.327163 3.656783
8242.759364 3 0.979398 23.745437 2.332401 3.656451
8242.948805 3 0.979200 23.925734 2.337639 3.656118
8243.136351 3 0.979001 24.107508 2.342876 3.655783
8243.322023 3 0.978799 24.290771 2.348114 3.655448
8243.505837 3 0.978596 24.475536 2.353352 3.655112
8243.687813 3 0.978391 24.661817 2.358590 3.654775
8243.867970 3 0.978183 24.849626 2.363827 3.654437
8244.046325 3 0.977974 25.038978 2.369065 3.654099
8244.222896 3 0.977762 25.229886 2.374303 3.653759
8244.397702 3 0.977549 25.422362 2.379541 3.653418
8244.570760 3 0.977333 25.616422 2.384778 3.653076
8244.742087 3 0.977115 25.812079 2.390016 3.652733
8244.911701 3 0.976895 26.009347 2.395254 3.652389
8245.079618 3 0.976673 26.208241 2.400492 3.652045
8245.245857 3 0.976449 26.408774 2.405730 3.651699
8245.410433 3 0.976222 26.610961 2.410967 3.651352
8245.573363 3 0.975993 26.814817 2.416205 3.651004
8245.734665 3 0.975762 27.020356 2.421443 3.650656
8245.894353 3 0.975529 27.227593 2.426681 3.650306
8246.052444 3 0.975293 27.436543 2.431918 3.649955
8246.208954 3 0.975055 27.647222 2.437156 3.649604
8246.363899 3 0.974815 27.859644 2.442394 3.649251
8246.517295 3 0.974572 28.073825 2.447632 3.648898
8246.669157 3 0.974327 28.289781 2.452869 3.648543
8246.819500 3 0.974079 28.507527 2.458107 3.648188
8246.968339 3 0.973829 28.727079 2.463345 3.647831
8247.115691 3 0.973576 28.948453 2.468583 3.647474
8247.261568 3 0.973321 29.171666 2.473821 3.647115
8247.405987 3 0.973063 29.396733 2.479058 3.646756
8247.548962 3 0.972803 29.623672 2.484296 3.646395
8247.690507 3 0.972540 29.852498 2.489534 3.646034
8247.830637 3 0.972274 30.083229 2.494772 3.645671
8247.969365 3 0.972006 30.315881 2.500009 3.645308
8248.106706 3 0.971735 30.550471 2.505247 3.644943
8248.242674 3 0.971461 30.787018 2.510485 3.644578
8248.377282 3 0.971185 31.025538 2.515723 3.644212
8248.510544 3 0.970906 31.266049 2.520960 3.643844
8248.642473 3 0.970624 31.508568 2.526198 3.643476
8248.773083 3 0.970339 31.753114 2.531436 3.643106
8248.902387 3 0.970051 31.999705 2.536674 3.642736
8249.030398 3 0.969761 32.248359 2.541911 3.642365
8249.157128 3 0.969467 32.499095 2.547149 3.641992
8249.282592 3 0.969171 32.751930 2.552387 3.641619
8249.406801 3 0.968871 33.006885 2.557625 3.641244
8249.529767 3 0.968569 33.263977 2.562863 3.640869
8249.651504 3 0.968263 33.523227 2.568100 3.640493
8249.772024 3 0.967954 33.784653 2.573338 3.640115
8249.891338 3 0.967643 34.048275 2.578576 3.639737
8250.009460 3 0.967328 34.314113 2.583814 3.639358
8250.126400 3 0.967009 34.582187 2.589051 3.638977
8250.242171 3 0.966688 34.852517 2.594289 3.638596
8250.356784 3 0.966363 35.125123 2.599527 3.638213
8250.470250 3 0.966035 35.400026 2.604765 3.637830
8250.582583 3 0.965704 35.677246 2.610002 3.637446
8250.693791 3 0.965369 35.956805 2.615240 3.637060
8250.803888 3 0.965031 36.238723 2.620478 3.636674
8250.912884 3 0.964689 36.523022 2.625716 3.636286
8251.020790 3 0.964344 36.809724 2.630954 3.635898
8251.127617 3 0.963996 37.098850 2.636191 3.635508
8251.233375 3 0.963643 37.390422 2.641429 3.635118
8251.338076 3 0.963287 37.684463 2.646667 3.634726
8251.441730 3 0.962928 37.980994 2.651905 3.634334
8251.544347 3 0.962565 38.280039 2.657142 3.633940
8251.645939 3 0.962198 38.581619 2.662380 3.633545
8251.746514 3 0.961827 38.885760 2.667618 3.633150
8251.846514 3 0.961453 39.192483 2.672856 3.632753
8251.946514 3 0.961074 39.501812 2.678093 3.632355
8252.046514 3 0.960692 39.813771 2.683331 3.631957
8252.146514 3 0.960306 40.128384 2.688569 3.631557
8252.246514 3 0.959916 40.445675 2.693807 3.631156
8252.346514 3 0.959521 40.765669 2.699044 3.630754
8252.446514 3 0.959123 41.088391 2.704282 3.630352
8252.546514 3 0.958720 41.413865 2.709520 3.629948
8252.646514 3 0.958314 41.742116 2.714758 3.629543
8252.746514 3 0.957903 42.073170 2.719996 3.629137
8252.846514 3 0.957488 42.407054 2.725233 3.628730
8252.946514 3 0.957068 42.743792 2.730471 3.628322
8253.046514 3 0.956645 43.083411 2.735709 3.627913
8253.146514 3 0.956216 43.425938 2.740947 3.627503
8253.246514 3 0.955784 43.771399 2.746184 3.627091
8253.346514 3 0.955346 44.119821 2.751422 3.626679
8253.446514 3 0.954905 44.471232 2.756660 3.626266
8253.546514 3 0.954458 44.825660 2.761898 3.625852
8253.646514 3 0.954007 45.183131 2.767135 3.625436
8253.746514 3 0.953551 45.543675 2.772373 3.625020
8253.846514 3 0.953091 45.907320 2.777611 3.624602
8253.946514 3 0.952625 46.274095 2.782849 3.624184
8254.046514 3 0.952155 46.644028 2.788087 3.623764
8254.146514 3 0.951680 47.017149 2.793324 3.623343
8254.246514 3 0.951199 47.393487 2.798562 3.622922
8254.346514 3 0.950714 47.773073 2.803800 3.622499
8254.446514 3 0.950224 48.155936 2.809038 3.622075
8254.546514 3 0.949728 48.542108 2.814275 3.621650
8254.646514 3 0.949227 48.931619 2.819513 3.621224
8254.746514 3 0.948721 49.324501 2.824751 3.620797
8254.846514 3 0.948209 49.720784 2.829989 3.620369
8254.946514 3 0.947692 50.120501 2.835226 3.619939
8255.046514 3 0.947170 50.523683 2.840464 3.619509
8255.146514 3 0.946642 50.930364 2.845702 3.619078
8255.246514 3 0.946108 51.340576 2.850940 3.618645
8255.346514 3 0.945569 51.754353 2.856177 3.618211
8255.446514 3 0.945024 52.171727 2.861415 3.617777
8255.546514 3 0.944473 52.592733 2.866653 3.617341
8255.646514 3 0.943916 53.017405 2.871891 3.616904
8255.746514 3 0.943353 53.445778 2.877129 3.616466
8255.846514 3 0.942785 53.877886 2.882366 3.616027
8255.946514 3 0.942210 54.313765 2.887604 3.615587
8256.046514 3 0.941629 54.753451 2.892842 3.615145
8256.146514 3 0.941042 55.196979 2.898080 3.614703
8256.246514 3 0.940448 55.644386 2.903317 3.614259
8256.346514 3 0.939848 56.095710 2.908555 3.613815
8256.446514 3 0.939241 56.550987 2.913793 3.613369
8256.546514 3 0.938628 57.010254 2.919031 3.612922
8256.646514 3 0.938009 57.473551 2.924268 3.612474
8256.746514 3 0.937382 57.940915 2.929506 3.612024
8256.846514 3 0.936749 58.412386 2.934744 3.611574
8256.946514 3 0.936109 58.888002 2.939982 3.611123
8257.046514 3 0.935462 59.367803 2.945219 3.610670
8257.146514 3 0.934808 59.851830 2.950457 3.610216
8257.246514 3 0.934147 60.340123 2.955695 3.609761
8257.346514 3 0.933479 60.832723 2.960933 3.609305
8257.446514 3 0.932803 61.329672 2.966171 3.608848
8257.546514 3 0.932120 61.831011 2.971408 3.608389
8257.646514 3 0.931430 62.336784 2.976646 3.607930
8257.746514 3 0.930732 62.847032 2.981884 3.607469
8257.846514 3 0.930026 63.361800 2.987122 3.607007
8257.946514 3 0.929313 63.881131 2.992359 3.606544
8258.046514 3 0.928592 64.405069 2.997597 3.606080
8258.146514 3 0.927862 64.933659 3.002835 3.605614
8258.246514 3 0.927125 65.466947 3.008073 3.605148
8258.346514 3 0.926380 66.004978 3.013310 3.604680
8258.446514 3 0.925626 66.547800 3.018548 3.604211
8258.546514 3 0.924864 67.095457 3.023786 3.603741
8258.646514 3 0.924093 67.647999 3.029024 3.603269
8258.746514 3 0.923314 68.205473 3.034262 3.602796
8258.846514 3 0.922527 68.767927 3.039499 3.602322
8258.946514 3 0.921730 69.335411 3.044737 3.601847
8259.046514 3 0.920925 69.907974 3.049975 3.601371
8259.146514 3 0.920111 70.485667 3.055213 3.600893
8259.246514 3 0.919287 71.068539 3.060450 3.600414
8259.346514 3 0.918455 71.656643 3.065688 3.599934
8259.446514 3 0.917613 72.250030 3.070926 3.599453
8259.546514 3 0.916761 72.848754 3.076164 3.598970
8259.646514 3 0.915900 73.452866 3.081401 3.598487
8259.746514 3 0.915029 74.062422 3.086639 3.598001
8259.846514 3 0.914149 74.677475 3.091877 3.597515
8259.946514 3 0.913258 75.298080 3.097115 3.597027
8260.046514 3 0.912357 75.924294 3.102352 3.596538
8260.146514 3 0.911447 76.556172 3.107590 3.596048
8260.246514 3 0.910525 77.193772 3.112828 3.595556
8260.346514 3 0.909594 77.837152 3.118066 3.595064
8260.446514 3 0.908651 78.486370 3.123304 3.594569
8260.546514 3 0.907698 79.141485 3.128541 3.594074
8260.646514 3 0.906734 79.802558 3.133779 3.593577
8260.746514 3 0.905759 80.469648 3.139017 3.593079
8260.846514 3 0.904773 81.142817 3.144255 3.592579
8260.946514 3 0.903776 81.822128 3.149492 3.592078
8261.046514 3 0.902767 82.507643 3.154730 3.591576
8261.146514 3 0.901746 83.199426 3.159968 3.591072
8261.246514 3 0.900714 83.897542 3.165206 3.590567
8261.346514 3 0.899669 84.602055 3.170443 3.590061
8261.446514 3 0.898613 85.313033 3.175681 3.589553
8261.546514 3 0.897544 86.030542 3.180919 3.589044
8261.646514 3 0.896463 86.754650 3.186157 3.588533
8261.746514 3 0.895369 87.485425 3.191395 3.588021
8261.846514 3 0.894262 88.222938 3.196632 3.587508
8261.946514 3 0.893143 88.967258 3.201870 3.586993
8262.046514 3 0.892010 89.718458 3.207108 3.586477
8262.146514 3 0.890864 90.476610 3.212346 3.585959
8262.246514 3 0.889704 91.241787 3.217583 3.585440
8262.346514 3 0.888531 92.014063 3.222821 3.584919
8262.446514 3 0.887344 92.793514 3.228059 3.584396
8262.546514 3 0.886143 93.580216 3.233297 3.583873
8262.646514 3 0.884927 94.374246 3.238534 3.583347
8262.746514 3 0.883697 95.175683 3.243772 3.582821
8262.846514 3 0.882453 95.984607 3.249010 3.582292
8262.946514 3 0.881193 96.801097 3.254248 3.581762
8263.046514 3 0.879919 97.625236 3.259485 3.581231
8263.146514 3 0.878629 98.457106 3.264723 3.580698
8263.246514 3 0.877324 99.296792 3.269961 3.580163
8263.346514 3 0.876002 100.144379 3.275199 3.579627
8263.446514 3 0.874665 100.999953 3.280437 3.579089
8263.546514 3 0.873312 101.863601 3.285674 3.578550
8263.646514 3 0.871942 102.735414 3.290912 3.578008
8263.746514 3 0.870556 103.615480 3.296150 3.577466
8263.846514 3 0.869153 104.503891 3.301388 3.576921
8263.946514 3 0.867732 105.400741 3.306625 3.576375
8264.046514 3 0.866294 106.306123 3.311863 3.575827
8264.146514 3 0.864839 107.220133 3.317101 3.575278
8264.246514 3 0.863365 108.142869 3.322339 3.574726
8264.346514 3 0.861873 109.074428 3.327576 3.574173
8264.446514 3 0.860363 110.014912 3.332814 3.573618
8264.546514 3 0.858834 110.964421 3.338052 3.573062
8264.646514 3 0.857286 111.923059 3.343290 3.572503
8264.746514 3 0.855719 112.890930 3.348528 3.571943
8264.846514 3 0.854132 113.868142 3.353765 3.571381
8264.946514 3 0.852525 114.854802 3.359003 3.570817
8265.046514 3 0.850897 115.851021 3.364241 3.570251
8265.146514 3 0.849250 116.856909 3.369479 3.569683
8265.246514 3 0.847581 117.872582 3.374716 3.569113
8265.346514 3 0.845891 118.898153 3.379954 3.568542
8265.446514 3 0.844180 119.933741 3.385192 3.567968
8265.546514 3 0.842446 120.979465 3.390430 3.567392
8265.646514 3 0.840691 122.035446 3.395667 3.566814
8265.746514 4 0.839165 10.630792 1.780108 3.692885
8265.846514 4 0.839159 10.630833 1.780112 3.692885
8265.946514 4 0.839154 10.630873 1.780118 3.692886
8266.046514 4 0.839148 10.630913 1.780126 3.692887
8266.146514 4 0.839142 10.630952 1.780135 3.692888
8266.246514 4 0.839137 10.630991 1.780145 3.692890
8266.346514 4 0.839132 10.631030 1.780156 3.692892
8266.446514 4 0.839126 10.631068 1.780168 3.692894
8266.546514 4 0.839121 10.631106 1.780180 3.692896
8266.646514 4 0.839116 10.631143 1.780193 3.692899
8266.746514 4 0.839110 10.631181 1.780206 3.692901
8266.846514 4 0.839105 10.631217 1.780219 3.692904
8266.946514 4 0.839100 10.631254 1.780233 3.692907
8267.046514 4 0.839095 10.631290 1.780247 3.692909
8267.146514 4 0.839090 10.631325 1.780262 3.692912
8267.246514 4 0.839085 10.631361 1.780277 3.692915
8267.346514 4 0.839080 10.631396 1.780292 3.692918
8267.446514 4 0.839076 10.631430 1.780307 3.692922
8267.546514 4 0.839071 10.631465 1.780323 3.692925
8267.646514 4 0.839066 10.631499 1.780339 3.692928
8267.746514 4 0.839061 10.631532 1.780355 3.692931
8267.846514 4 0.839057 10.631566 1.780371 3.692935
8267.946514 4 0.839052 10.631599 1.780387 3.692938
8268.046514 4 0.839047 10.631631 1.780403 3.692941
8268.146514 4 0.839043 10.631664 1.780420 3.692945
8268.246514 4 0.839038 10.631696 1.780436 3.692948
8268.346514 4 0.839034 10.631727 1.780453 3.692952
8268.446514 4 0.839030 10.631759 1.780470 3.692955
8268.546514 4 0.839025 10.631790 1.780487 3.692959
8268.646514 4 0.839021 10.631821 1.780503 3.692963
8268.746514 4 0.839017 10.631851 1.780520 3.692966
8268.846514 4 0.839013 10.631881 1.780537 3.692970
8268.946514 4 0.839008 10.631911 1.780554 3.692973
8269.046514 4 0.839004 10.631941 1.780571 3.692977
8269.146514 4 0.839000 10.631970 1.780588 3.692981
8269.246514 4 0.838996 10.632000 1.780605 3.692984
8269.346514 4 0.838992 10.632028 1.780622 3.692988
8269.446514 4 0.838988 10.632057 1.780639 3.692992
8269.546514 4 0.838984 10.632085 1.780656 3.692995
8269.646514 4 0.838980 10.632113 1.780674 3.692999
8269.746514 4 0.838977 10.632141 1.780691 3.693003
8269.846514 4 0.838973 10.632168 1.780708 3.693007
8269.946514 4 0.838969 10.632195 1.780724 3.693010
8271.130267 4 0.838788 10.633526 1.781687 3.693224
8272.314021 4 0.838606 10.634929 1.782884 3.693494
8273.497774 4 0.838424 10.636439 1.784268 3.693809
8274.681527 4 0.838242 10.638093 1.785809 3.694161
8275.865281 4 0.838058 10.639929 1.787491 3.694544
8277.049034 4 0.837874 10.641983 1.789299 3.694954
8278.232788 4 0.837689 10.644293 1.791224 3.695388
8279.416541 4 0.837503 10.646895 1.793255 3.695843
8280.600294 4 0.837316 10.649827 1.795388 3.696316
8281.784048 4 0.837128 10.653126 1.797616 3.696806
8282.967801 4 0.836939 10.656829 1.799934 3.697310
8284.151554 4 0.836748 10.660973 1.802337 3.697827
8285.335308 4 0.836557 10.665597 1.804823 3.698354
8286.519061 4 0.836365 10.670737 1.807387 3.698890
8287.702814 4 0.836171 10.676431 1.810027 3.699434
8288.886568 4 0.835976 10.682717 1.812740 3.699985
8290.070321 4 0.835779 10.689633 1.815523 3.700540
8291.254075 4 0.835581 10.697217 1.818375 3.701099
8292.437828 4 0.835381 10.705508 1.821292 3.701660
8293.621581 4 0.835180 10.714544 1.824274 3.702222
8294.805335 4 0.834978 10.724364 1.827317 3.702784
8295.989088 4 0.834773 10.735007 1.830422 3.703345
8297.172841 4 0.834567 10.746513 1.833586 3.703903
8298.356595 4 0.834360 10.758921 1.836807 3.704458
8299.540348 4 0.834150 10.772272 1.840085 3.705008
8300.724101 4 0.833938 10.786607 1.843418 3.705553
8301.907855 4 0.833725 10.801966 1.846805 3.706090
8303.091608 4 0.833509 10.818391 1.850245 3.706620
8304.275362 4 0.833292 10.835924 1.853736 3.707142
8305.459115 4 0.833072 10.854608 1.857278 3.707653
8306.642868 4 0.832850 10.874486 1.860869 3.708153
8307.826622 4 0.832625 10.895602 1.864509 3.708642
8309.010375 4 0.832398 10.918002 1.868198 3.709118
8310.194128 4 0.832169 10.941729 1.871933 3.709581
8311.377882 4 0.831937 10.966831 1.875714 3.710028
8312.561635 4 0.831703 10.993355 1.879541 3.710461
8313.745389 4 0.831466 11.021348 1.883412 3.710876
8314.929142 4 0.831226 11.050861 1.887327 3.711274
8316.112895 4 0.830983 11.081942 1.891286 3.711654
8317.296649 4 0.830737 11.114644 1.895287 3.712015
8318.480402 4 0.830488 11.149018 1.899330 3.712355
8319.664155 4 0.830236 11.185119 1.903415 3.712674
8320.847909 4 0.829981 11.223002 1.907541 3.712971
8322.031662 4 0.829722 11.262722 1.911706 3.713246
8323.215415 4 0.829460 11.304338 1.915912 3.713496
8324.399169 4 0.829194 11.347910 1.920157 3.713722
8325.582922 4 0.828925 11.393498 1.924440 3.713922
8326.766676 4 0.828651 11.441166 1.928762 3.714096
8327.950429 4 0.828374 11.490979 1.933121 3.714242
8329.134182 4 0.828092 11.543004 1.937518 3.714361
8330.317936 4 0.827806 11.597309 1.941952 3.714450
8331.501689 4 0.827516 11.653965 1.946422 3.714509
8332.685442 4 0.827221 11.713047 1.950928 3.714538
8333.869196 4 0.826922 11.774631 1.955470 3.714534
8335.052949 4 0.826618 11.838794 1.960047 3.714499
8336.236702 4 0.826309 11.905619 1.964659 3.714429
8337.420456 4 0.825994 11.975189 1.969306 3.714326
8338.604209 4 0.825674 12.047593 1.973987 3.714187
8339.787963 4 0.825349 12.122920 1.978703 3.714013
8340.971716 4 0.825018 12.201264 1.983451 3.713801
8342.155469 4 0.824681 12.282724 1.988234 3.713552
8343.339223 4 0.824338 12.367401 1.993049 3.713264
8344.522976 4 0.823988 12.455400 1.997897 3.712936
8345.706729 4 0.823632 12.546830 2.002778 3.712568
8346.890483 4 0.823269 12.641807 2.007692 3.712159
8348.074236 4 0.822899 12.740449 2.012637 3.711707
8349.257989 4 0.822521 12.842879 2.017615 3.711213
8350.441743 4 0.822136 12.949228 2.022624 3.710675
8351.625496 4 0.821744 13.059630 2.027665 3.710091
8352.809250 4 0.821343 13.174226 2.032737 3.709462
8353.993003 4 0.820933 13.293163 2.037841 3.708787
8355.176756 4 0.820515 13.416595 2.042976 3.708063
8356.360510 4 0.820088 13.544683 2.048142 3.707292
8357.544263 4 0.819651 13.677594 2.053339 3.706471
8358.136140 4 0.819427 13.745906 2.055949 3.706041
8358.728016 4 0.819201 13.815491 2.058567 3.705599
8359.319893 4 0.818973 13.886372 2.061193 3.705144
8359.911770 4 0.818742 13.958573 2.063826 3.704676
8360.503646 4 0.818508 14.032118 2.066467 3.704196
8361.095523 4 0.818272 14.107034 2.069115 3.703702
8361.687400 4 0.818032 14.183344 2.071772 3.703194
8362.279276 4 0.817790 14.261077 2.074436 3.702673
8362.871153 4 0.817545 14.340258 2.077107 3.702139
8363.463030 4 0.817297 14.420916 2.079787 3.701591
8364.054907 4 0.817046 14.503079 2.082474 3.701029
8364.646783 4 0.816792 14.586776 2.085169 3.700453
8365.238660 4 0.816535 14.672037 2.087871 3.699863
8365.830537 4 0.816275 14.758893 2.090582 3.699259
8366.422413 4 0.816011 14.847374 2.093300 3.698641
8367.014290 4 0.815744 14.937514 2.096026 3.698008
8367.606167 4 0.815473 15.029344 2.098759 3.697360
8368.198043 4 0.815200 15.122900 2.101501 3.696698
8368.789920 4 0.814922 15.218217 2.104250 3.696021
8369.381797 4 0.814641 15.315329 2.107007 3.695329
8369.973673 4 0.814356 15.414274 2.109772 3.694622
8370.565550 4 0.814068 15.515089 2.112545 3.693900
8371.157427 4 0.813776 15.617814 2.115326 3.693162
8371.749303 4 0.813479 15.722489 2.118114 3.692408
8372.341180 4 0.813179 15.829153 2.120911 3.691639
8372.933057 4 0.812875 15.937850 2.123716 3.690855
8373.524933 4 0.812566 16.048623 2.126528 3.690054
8374.116810 4 0.812253 16.161517 2.129349 3.689237
8374.708687 4 0.811936 16.276577 2.132178 3.688403
8375.300563 4 0.811614 16.393850 2.135015 3.687554
8375.892440 4 0.811288 16.513386 2.137860 3.686688
8376.484317 4 0.810957 16.635235 2.140714 3.685804
8377.076194 4 0.810621 16.759448 2.143575 3.684905
8377.668070 4 0.810281 16.886078 2.146446 3.683988
8378.259947 4 0.809935 17.015180 2.149324 3.683053
8378.851824 4 0.809584 17.146810 2.152211 3.682102
8379.443700 4 0.809228 17.281027 2.155107 3.681132
8380.035577 4 0.808867 17.417891 2.158011 3.680146
8380.627454 4 0.808500 17.557463 2.160924 3.679141
8381.219330 4 0.808128 17.699808 2.163846 3.678118
8381.811207 4 0.807750 17.844991 2.166776 3.677076
8382.403084 4 0.807366 17.993081 2.169716 3.676017
8382.994960 4 0.806976 18.144147 2.172664 3.674938
8383.586837 4 0.806580 18.298264 2.175622 3.673841
8384.178714 4 0.806177 18.455504 2.178589 3.672725
8384.770590 4 0.805768 18.615947 2.181565 3.671589
8385.362467 4 0.805353 18.779672 2.184551 3.670434
8385.954344 4 0.804931 18.946763 2.187546 3.669260
8386.497660 4 0.804537 19.103182 2.190304 3.668164
