t Ka M R logL logTeff
0.384846 1 7.999944 2.976074 3.449375 4.386662
0.769705 1 7.999804 2.990098 3.451168 4.386090
1.154576 1 7.999661 3.004196 3.453013 4.385530
1.539459 1 7.999518 3.018374 3.454909 4.384981
1.924355 1 7.999373 3.032636 3.456856 4.384444
2.309264 1 7.999226 3.046988 3.458855 4.383919
2.694185 1 7.999079 3.061434 3.460904 4.383404
3.079119 1 7.998929 3.075979 3.463005 4.382900
3.464066 1 7.998778 3.090630 3.465157 4.382406
3.849027 1 7.998625 3.105390 3.467360 4.381922
4.234001 1 7.998471 3.120267 3.469614 4.381448
4.618988 1 7.998315 3.135265 3.471919 4.380983
5.003989 1 7.998156 3.150389 3.474275 4.380527
5.389004 1 7.997996 3.165647 3.476683 4.380080
5.774033 1 7.997834 3.181043 3.479141 4.379641
6.159076 1 7.997670 3.196583 3.481651 4.379210
6.544133 1 7.997504 3.212275 3.484212 4.378787
6.929205 1 7.997336 3.228123 3.486824 4.378371
7.314292 1 7.997165 3.244134 3.489486 4.377963
7.699393 1 7.996992 3.260314 3.492200 4.377561
8.084510 1 7.996817 3.276670 3.494965 4.377165
8.469642 1 7.996639 3.293210 3.497781 4.376776
8.854789 1 7.996458 3.309938 3.500648 4.376393
9.239953 1 7.996275 3.326863 3.503566 4.376015
9.625132 1 7.996089 3.343991 3.506534 4.375642
10.010327 1 7.995901 3.361330 3.509554 4.375274
10.395540 1 7.995709 3.378886 3.512625 4.374910
10.780768 1 7.995514 3.396668 3.515746 4.374551
11.166014 1 7.995317 3.414683 3.518919 4.374195
11.551278 1 7.995115 3.432939 3.522142 4.373843
11.936559 1 7.994911 3.451443 3.525416 4.373494
12.321857 1 7.994703 3.470205 3.528741 4.373148
12.707174 1 7.994492 3.489232 3.532117 4.372805
13.092510 1 7.994277 3.508533 3.535543 4.372464
13.477864 1 7.994058 3.528117 3.539020 4.372124
13.863237 1 7.993835 3.547993 3.542548 4.371786
14.248630 1 7.993608 3.568171 3.546127 4.371450
14.634043 1 7.993377 3.588661 3.549757 4.371114
15.019476 1 7.993141 3.609472 3.553437 4.370778
15.404930 1 7.992902 3.630615 3.557167 4.370442
15.790405 1 7.992657 3.652102 3.560949 4.370106
16.175901 1 7.992408 3.673943 3.564781 4.369770
16.561419 1 7.992154 3.696150 3.568663 4.369432
16.946959 1 7.991894 3.718737 3.572596 4.369092
17.332522 1 7.991630 3.741716 3.576580 4.368750
17.718108 1 7.991360 3.765102 3.580614 4.368406
18.103718 1 7.991084 3.788909 3.584698 4.368058
18.489352 1 7.990803 3.813153 3.588833 4.367707
18.875011 1 7.990515 3.837852 3.593018 4.367351
19.260694 1 7.990221 3.863022 3.597254 4.366990
19.646404 1 7.989921 3.888684 3.601539 4.366624
20.032140 1 7.989614 3.914857 3.605875 4.366251
20.417903 1 7.989301 3.941566 3.610262 4.365872
20.803693 1 7.988980 3.968833 3.614698 4.365484
21.189512 1 7.988652 3.996686 3.619184 4.365087
21.575359 1 7.988316 4.025152 3.623721 4.364680
21.961236 1 7.987972 4.054264 3.628307 4.364261
22.347143 1 7.987620 4.084056 3.632944 4.363831
22.733081 1 7.987260 4.114565 3.637630 4.363386
23.119050 1 7.986891 4.145832 3.642367 4.362926
23.505052 1 7.986513 4.177903 3.647153 4.362450
23.891087 1 7.986125 4.210827 3.651989 4.361954
24.277157 1 7.985728 4.244660 3.656874 4.361438
24.663261 1 7.985321 4.279461 3.661809 4.360898
25.049400 1 7.984903 4.315298 3.666794 4.360334
25.435577 1 7.984475 4.352245 3.671828 4.359741
25.821791 1 7.984035 4.390384 3.676912 4.359117
26.208044 1 7.983584 4.429805 3.682045 4.358459
26.594337 1 7.983120 4.470610 3.687227 4.357764
26.980670 1 7.982645 4.512910 3.692458 4.357027
27.367045 1 7.982156 4.556829 3.697738 4.356244
27.560254 1 7.981905 4.579437 3.700397 4.355834
27.753474 1 7.981650 4.602503 3.703067 4.355410
27.946705 1 7.981392 4.626046 3.705750 4.354973
28.139948 1 7.981131 4.650087 3.708445 4.354521
28.333202 1 7.980866 4.674648 3.711152 4.354054
28.526468 1 7.980597 4.699752 3.713871 4.353571
28.719746 1 7.980324 4.725423 3.716603 4.353071
28.913035 1 7.980047 4.751686 3.719347 4.352553
29.106337 1 7.979767 4.778570 3.722102 4.352017
29.299651 1 7.979483 4.806102 3.724870 4.351462
29.492978 1 7.979195 4.834313 3.727651 4.350886
29.686318 1 7.978903 4.863235 3.730443 4.350289
29.879670 1 7.978607 4.892902 3.733247 4.349669
30.073035 1 7.978308 4.923348 3.736064 4.349026
30.266414 1 7.978005 4.954613 3.738893 4.348359
30.459805 1 7.977698 4.986735 3.741734 4.347666
30.653211 1 7.977387 5.019757 3.744587 4.346946
30.846630 1 7.977071 5.053724 3.747452 4.346198
31.040063 1 7.976752 5.088682 3.750329 4.345420
31.233510 1 7.976429 5.124681 3.753219 4.344612
31.426971 1 7.976101 5.161775 3.756120 4.343771
31.620447 1 7.975770 5.200019 3.759034 4.342897
31.813937 1 7.975433 5.239473 3.761960 4.341987
32.007443 1 7.975093 5.280199 3.764897 4.341040
32.200963 1 7.974748 5.322264 3.767847 4.340054
32.394498 1 7.974399 5.365739 3.770809 4.339028
32.588049 1 7.974046 5.410698 3.773783 4.337960
32.781615 1 7.973688 5.457222 3.776769 4.336847
32.975198 1 7.973325 5.505394 3.779767 4.335688
33.168796 1 7.972958 5.555305 3.782777 4.334481
33.362410 1 7.972586 5.607050 3.785798 4.333223
33.556041 1 7.972209 5.660731 3.788832 4.331912
33.749689 1 7.971828 5.716456 3.791878 4.330547
33.849689 1 7.971635 5.745120 3.793406 4.329842
33.949689 1 7.971441 5.774339 3.794936 4.329123
34.049689 1 7.971246 5.804129 3.796469 4.328389
34.149689 1 7.971049 5.834504 3.798006 4.327640
34.249689 1 7.970852 5.865483 3.799545 4.326875
34.349689 1 7.970653 5.897082 3.801087 4.326094
34.449689 1 7.970453 5.929318 3.802633 4.325296
34.549689 1 7.970251 5.962211 3.804181 4.324482
34.649689 1 7.970049 5.995779 3.805732 4.323651
34.749689 1 7.969845 6.030041 3.807287 4.322802
34.849689 1 7.969640 6.065018 3.808844 4.321935
34.949689 1 7.969434 6.100731 3.810404 4.321051
35.049689 1 7.969227 6.137201 3.811967 4.320147
35.149689 1 7.969018 6.174451 3.813534 4.319225
35.249689 1 7.968809 6.212503 3.815103 4.318283
35.349689 1 7.968598 6.251382 3.816675 4.317321
35.449689 1 7.968386 6.291113 3.818250 4.316339
35.549689 1 7.968172 6.331720 3.819829 4.315337
35.649689 1 7.967958 6.373231 3.821410 4.314313
35.749689 1 7.967742 6.415673 3.822994 4.313268
35.849689 1 7.967525 6.459075 3.824581 4.312201
35.949689 1 7.967307 6.503465 3.826171 4.311111
36.049689 1 7.967088 6.548874 3.827765 4.309998
36.149689 1 7.966867 6.595335 3.829361 4.308862
36.249689 1 7.966645 6.642879 3.830960 4.307702
36.349689 1 7.966422 6.691541 3.832562 4.306518
36.449689 1 7.966198 6.741356 3.834167 4.305309
36.549689 1 7.965973 6.792361 3.835775 4.304074
36.649689 1 7.965746 6.844592 3.837386 4.302813
36.749689 1 7.965519 6.898091 3.839001 4.301526
36.849689 1 7.965290 6.952898 3.840618 4.300212
36.949689 1 7.965060 7.009054 3.842238 4.298870
37.049689 1 7.964828 7.066605 3.843861 4.297500
37.149689 1 7.964596 7.125595 3.845487 4.296102
37.249689 1 7.964363 7.186073 3.847116 4.294674
37.349689 1 7.964128 7.248087 3.848748 4.293216
37.449689 1 7.963892 7.311689 3.850383 4.291728
37.549689 1 7.963655 7.376933 3.852021 4.290208
37.649689 1 7.963417 7.443874 3.853662 4.288657
37.749689 1 7.963178 7.512569 3.855307 4.287073
37.849689 1 7.962938 7.583080 3.856954 4.285456
37.949689 1 7.962697 7.655467 3.858604 4.283806
38.049689 1 7.962454 7.729797 3.860257 4.282121
38.149689 1 7.962211 7.806138 3.861913 4.280401
38.249689 1 7.962089 7.845084 3.862742 4.279527
38.349689 1 7.961966 7.884559 3.863572 4.278645
38.449689 1 7.961844 7.924573 3.864403 4.277753
38.643795 1 7.961352 7.997289 3.877434 4.279028
38.743795 1 7.961269 7.953167 3.882417 4.281475
38.843795 1 7.961195 7.891476 3.887468 4.284428
38.943795 1 7.961127 7.817522 3.892416 4.287710
39.043795 1 7.961097 7.778850 3.894736 4.289367
39.143795 1 7.961068 7.738942 3.896997 4.291049
39.243795 1 7.961040 7.698233 3.899192 4.292743
39.343795 1 7.961014 7.657109 3.901316 4.294437
39.443795 1 7.960989 7.615904 3.903365 4.296121
39.543795 1 7.960965 7.574912 3.905337 4.297786
39.643795 1 7.960943 7.534378 3.907231 4.299425
39.743795 1 7.960921 7.494509 3.909047 4.301031
39.843795 1 7.960901 7.455479 3.910783 4.302599
39.943795 1 7.960881 7.417424 3.912442 4.304124
40.043795 1 7.960863 7.380455 3.914023 4.305605
40.143795 1 7.960828 7.307752 3.917059 4.308513
40.243795 1 7.960797 7.240502 3.919790 4.311204
40.343795 1 7.960769 7.178871 3.922237 4.313672
40.443795 1 7.960744 7.122814 3.924422 4.315920
40.543795 1 7.960722 7.072137 3.926367 4.317957
40.643795 1 7.960702 7.026553 3.928095 4.319793
40.743795 1 7.960685 6.985721 3.929627 4.321442
40.843795 1 7.960669 6.949271 3.930982 4.322916
40.943795 1 7.960642 6.883875 3.933388 4.325571
41.043795 1 7.960621 6.833493 3.935220 4.327624
41.143795 1 7.960605 6.794962 3.936610 4.329200
41.243795 1 7.960581 6.735979 3.938721 4.331621
41.343795 2 7.960557 6.675588 3.940863 4.334111
41.443795 2 7.960555 6.734845 3.940445 4.332088
41.543795 2 7.960554 6.783287 3.940106 4.330447
41.643795 2 7.960552 6.832078 3.939766 4.328806
41.743795 2 7.960551 6.881219 3.939427 4.327165
41.843795 2 7.960550 6.930714 3.939088 4.325524
41.943795 2 7.960548 6.980565 3.938749 4.323883
42.043795 2 7.960547 7.030774 3.938410 4.322241
42.143795 2 7.960546 7.081345 3.938071 4.320600
42.243795 2 7.960544 7.132279 3.937732 4.318959
42.343795 2 7.960543 7.183580 3.937393 4.317318
42.443795 2 7.960542 7.235249 3.937054 4.315677
42.543795 2 7.960541 7.287290 3.936715 4.314036
42.643795 2 7.960539 7.339706 3.936375 4.312395
42.743795 2 7.960538 7.392499 3.936036 4.310754
42.843795 2 7.960537 7.445671 3.935697 4.309113
42.943795 2 7.960536 7.499226 3.935358 4.307472
43.043795 2 7.960534 7.553166 3.935019 4.305831
43.143795 2 7.960533 7.607494 3.934680 4.304190
43.243795 2 7.960532 7.662212 3.934341 4.302549
43.343795 2 7.960531 7.717325 3.934002 4.300908
43.443795 2 7.960529 7.772833 3.933663 4.299267
43.543795 2 7.960528 7.828741 3.933324 4.297626
43.643795 2 7.960527 7.885051 3.932985 4.295984
43.743795 2 7.960526 7.941767 3.932646 4.294343
43.843795 2 7.960525 7.998890 3.932306 4.292702
43.943795 2 7.960524 8.056423 3.931967 4.291061
44.043795 2 7.960522 8.114371 3.931628 4.289420
44.143795 2 7.960521 8.172736 3.931289 4.287779
44.243795 2 7.960520 8.231520 3.930950 4.286138
44.343795 2 7.960519 8.290727 3.930611 4.284497
44.443795 2 7.960518 8.350360 3.930272 4.282856
44.543795 2 7.960517 8.410422 3.929933 4.281215
44.643795 2 7.960516 8.470916 3.929594 4.279574
44.743795 2 7.960514 8.531845 3.929255 4.277933
44.843795 2 7.960513 8.593212 3.928916 4.276292
44.943795 2 7.960512 8.655021 3.928577 4.274651
45.043795 2 7.960511 8.717274 3.928238 4.273010
45.143795 2 7.960510 8.779975 3.927899 4.271369
45.243795 2 7.960509 8.843127 3.927559 4.269727
45.343795 2 7.960508 8.906734 3.927220 4.268086
45.443795 2 7.960507 8.970797 3.926881 4.266445
45.543795 2 7.960506 9.035322 3.926542 4.264804
45.643795 2 7.960505 9.100311 3.926203 4.263163
45.743795 2 7.960504 9.165767 3.925864 4.261522
45.843795 2 7.960503 9.231694 3.925525 4.259881
45.943795 2 7.960501 9.298095 3.925186 4.258240
46.043795 2 7.960500 9.364973 3.924847 4.256599
46.143795 2 7.960499 9.432333 3.924508 4.254958
46.243795 2 7.960498 9.500177 3.924169 4.253317
46.343795 2 7.960497 9.568510 3.923830 4.251676
46.443795 2 7.960496 9.637333 3.923491 4.250035
46.543795 2 7.960495 9.706652 3.923152 4.248394
46.643795 2 7.960494 9.776469 3.922813 4.246753
46.743795 2 7.960493 9.846789 3.922474 4.245112
46.843795 2 7.960492 9.917614 3.922135 4.243471
46.943795 2 7.960491 9.988949 3.921796 4.241830
47.043795 2 7.960490 10.060797 3.921457 4.240189
47.143795 2 7.960489 10.133161 3.921117 4.238547
47.243795 2 7.960488 10.206046 3.920778 4.236906
47.343795 2 7.960487 10.279456 3.920439 4.235265
47.443795 2 7.960486 10.353393 3.920100 4.233624
47.543795 2 7.960486 10.427862 3.919761 4.231983
47.643795 2 7.960485 10.502867 3.919422 4.230342
47.743795 2 7.960484 10.578411 3.919083 4.228701
47.843795 2 7.960483 10.654499 3.918744 4.227060
47.943795 2 7.960482 10.731134 3.918405 4.225419
48.043795 2 7.960481 10.808320 3.918066 4.223778
48.143795 2 7.960480 10.886061 3.917727 4.222137
48.243795 2 7.960479 10.964361 3.917388 4.220496
48.343795 2 7.960478 11.043225 3.917049 4.218855
48.443795 2 7.960477 11.122656 3.916710 4.217214
48.543795 2 7.960476 11.202658 3.916371 4.215573
48.643795 2 7.960475 11.283236 3.916032 4.213932
48.743795 2 7.960475 11.364393 3.915693 4.212291
48.843795 2 7.960474 11.446134 3.915354 4.210650
48.943795 2 7.960473 11.528463 3.915015 4.209009
49.043795 2 7.960472 11.611384 3.914676 4.207368
49.143795 2 7.960471 11.694901 3.914337 4.205726
49.243795 2 7.960470 11.779020 3.913998 4.204085
49.343795 2 7.960469 11.863743 3.913659 4.202444
49.443795 2 7.960468 11.949076 3.913320 4.200803
49.543795 2 7.960468 12.035022 3.912981 4.199162
49.643795 2 7.960467 12.121587 3.912642 4.197521
49.743795 2 7.960466 12.208774 3.912303 4.195880
49.843795 2 7.960465 12.296588 3.911964 4.194239
49.943795 2 7.960464 12.385034 3.911625 4.192598
50.043795 2 7.960463 12.474116 3.911286 4.190957
50.143795 2 7.960463 12.563839 3.910947 4.189316
50.243795 2 7.960462 12.654207 3.910608 4.187675
50.343795 2 7.960461 12.745226 3.910269 4.186034
50.443795 2 7.960460 12.836899 3.909930 4.184393
50.543795 2 7.960459 12.929231 3.909591 4.182752
50.643795 2 7.960459 13.022227 3.909252 4.181111
50.743795 2 7.960458 13.115892 3.908913 4.179470
50.843795 2 7.960457 13.210231 3.908574 4.177829
50.943795 2 7.960456 13.305249 3.908235 4.176188
51.043795 2 7.960455 13.400950 3.907896 4.174547
51.143795 2 7.960455 13.497339 3.907557 4.172906
51.243795 2 7.960454 13.594422 3.907218 4.171265
51.343795 2 7.960453 13.692203 3.906879 4.169624
51.443795 2 7.960452 13.790687 3.906540 4.167983
51.543795 2 7.960452 13.889880 3.906201 4.166341
51.643795 2 7.960451 13.989786 3.905862 4.164700
51.743795 2 7.960450 14.090410 3.905523 4.163059
51.843795 2 7.960449 14.191759 3.905184 4.161418
51.943795 2 7.960449 14.293836 3.904845 4.159777
52.043795 2 7.960448 14.396648 3.904506 4.158136
52.143795 2 7.960447 14.500199 3.904167 4.156495
52.243795 2 7.960446 14.604495 3.903828 4.154854
52.343795 2 7.960446 14.709541 3.903489 4.153213
52.443795 2 7.960445 14.815342 3.903150 4.151572
52.543795 2 7.960444 14.921905 3.902811 4.149931
52.643795 2 7.960444 15.029234 3.902472 4.148290
52.743795 2 7.960443 15.137335 3.902133 4.146649
52.843795 2 7.960442 15.246214 3.901794 4.145008
52.943795 2 7.960441 15.355876 3.901455 4.143367
53.043795 2 7.960441 15.466326 3.901116 4.141726
53.143795 2 7.960440 15.577571 3.900777 4.140085
53.243795 2 7.960439 15.689616 3.900438 4.138444
53.343795 2 7.960439 15.802467 3.900099 4.136803
53.443795 2 7.960438 15.916130 3.899760 4.135162
53.543795 2 7.960437 16.030610 3.899421 4.133521
53.643795 2 7.960437 16.145914 3.899082 4.131880
53.743795 2 7.960436 16.262047 3.898743 4.130239
53.843795 2 7.960435 16.379016 3.898404 4.128598
53.943795 2 7.960435 16.496825 3.898065 4.126957
54.043795 2 7.960434 16.615482 3.897726 4.125316
54.143795 2 7.960433 16.734993 3.897387 4.123674
54.243795 2 7.960433 16.855363 3.897048 4.122033
54.343795 2 7.960432 16.976599 3.896709 4.120392
54.443795 2 7.960431 17.098707 3.896370 4.118751
54.543795 2 7.960431 17.221693 3.896031 4.117110
54.643795 2 7.960430 17.345564 3.895692 4.115469
54.743795 2 7.960430 17.470326 3.895353 4.113828
54.843795 2 7.960429 17.595985 3.895014 4.112187
54.943795 2 7.960428 17.722548 3.894675 4.110546
55.043795 2 7.960428 17.850021 3.894336 4.108905
55.143795 2 7.960427 17.978412 3.893997 4.107264
55.243795 2 7.960427 18.107725 3.893658 4.105623
55.343795 2 7.960426 18.237969 3.893319 4.103982
55.443795 2 7.960425 18.369150 3.892980 4.102341
55.543795 2 7.960425 18.501274 3.892641 4.100700
55.643795 2 7.960424 18.634349 3.892302 4.099059
55.743795 2 7.960424 18.768380 3.891963 4.097418
55.843795 2 7.960423 18.903376 3.891624 4.095777
55.943795 2 7.960422 19.039341 3.891285 4.094136
56.043795 2 7.960420 19.176283 3.890946 4.092495
56.143795 2 7.960419 19.314210 3.890607 4.090854
56.243795 2 7.960417 19.453130 3.890268 4.089213
56.343795 2 7.960416 19.593049 3.889928 4.087572
56.443795 2 7.960414 19.733973 3.889589 4.085931
56.543795 2 7.960413 19.875912 3.889250 4.084290
56.643795 2 7.960411 20.018871 3.888911 4.082649
56.743795 2 7.960410 20.162859 3.888572 4.081007
56.843795 2 7.960409 20.307882 3.888233 4.079366
56.943795 2 7.960407 20.453948 3.887894 4.077725
57.043795 2 7.960406 20.601065 3.887555 4.076084
57.143795 2 7.960404 20.749240 3.887215 4.074443
57.243795 2 7.960403 20.898481 3.886876 4.072802
57.343795 2 7.960401 21.048795 3.886537 4.071161
57.443795 2 7.960400 21.200190 3.886198 4.069520
57.543795 2 7.960398 21.352674 3.885859 4.067879
57.643795 2 7.960396 21.506254 3.885520 4.066238
57.743795 2 7.960395 21.660939 3.885181 4.064597
57.843795 2 7.960393 21.816737 3.884841 4.062956
57.943795 2 7.960392 21.973656 3.884502 4.061315
58.043795 2 7.960390 22.131702 3.884163 4.059674
58.143795 2 7.960389 22.290886 3.883824 4.058033
58.243795 2 7.960387 22.451215 3.883485 4.056392
58.343795 2 7.960386 22.612696 3.883146 4.054751
58.443795 2 7.960384 22.775339 3.882807 4.053110
58.543795 2 7.960382 22.939152 3.882467 4.051469
58.643795 2 7.960381 23.104143 3.882128 4.049828
58.743795 2 7.960379 23.270321 3.881789 4.048187
58.843795 2 7.960378 23.437694 3.881450 4.046546
58.943795 2 7.960376 23.606270 3.881111 4.044905
59.043795 2 7.960374 23.776059 3.880772 4.043264
59.143795 2 7.960373 23.947069 3.880432 4.041622
59.243795 2 7.960371 24.119309 3.880093 4.039981
59.343795 2 7.960369 24.292788 3.879754 4.038340
59.443795 2 7.960368 24.467515 3.879415 4.036699
59.543795 2 7.960366 24.643498 3.879076 4.035058
59.643795 2 7.960364 24.820747 3.878737 4.033417
59.743795 2 7.960363 24.999271 3.878397 4.031776
59.843795 2 7.960361 25.179079 3.878058 4.030135
59.943795 2 7.960359 25.360180 3.877719 4.028494
60.043795 2 7.960357 25.542583 3.877380 4.026853
60.143795 2 7.960356 25.726298 3.877041 4.025212
60.243795 2 7.960354 25.911335 3.876702 4.023571
60.343795 2 7.960352 26.097702 3.876362 4.021930
60.443795 2 7.960350 26.285410 3.876023 4.020289
60.543795 2 7.960349 26.474468 3.875684 4.018648
60.643795 2 7.960347 26.664886 3.875345 4.017007
60.743795 2 7.960345 26.856673 3.875006 4.015366
60.843795 2 7.960343 27.049839 3.874666 4.013725
60.943795 2 7.960342 27.244395 3.874327 4.012084
61.043795 2 7.960340 27.440350 3.873988 4.010443
61.143795 2 7.960338 27.637714 3.873649 4.008802
61.243795 2 7.960336 27.836498 3.873310 4.007161
61.343795 2 7.960334 28.036711 3.872970 4.005520
61.443795 2 7.960332 28.238365 3.872631 4.003879
61.543795 2 7.960331 28.441468 3.872292 4.002238
61.643795 2 7.960329 28.646033 3.871953 4.000597
61.743795 2 7.960327 28.852068 3.871614 3.998956
61.843795 2 7.960325 29.059586 3.871274 3.997314
61.943795 2 7.960323 29.268596 3.870935 3.995673
62.043795 2 7.960321 29.479109 3.870596 3.994032
62.143795 2 7.960319 29.691136 3.870257 3.992391
62.243795 2 7.960317 29.904688 3.869918 3.990750
62.343795 2 7.960315 30.119776 3.869578 3.989109
62.443795 2 7.960314 30.336411 3.869239 3.987468
62.543795 2 7.960312 30.554604 3.868900 3.985827
62.643795 2 7.960310 30.774366 3.868561 3.984186
62.743795 2 7.960308 30.995709 3.868222 3.982545
62.843795 2 7.960306 31.218643 3.867882 3.980904
62.943795 2 7.960304 31.443181 3.867543 3.979263
63.043795 2 7.960302 31.669334 3.867204 3.977622
63.143795 2 7.960300 31.897113 3.866865 3.975981
63.243795 2 7.960298 32.126531 3.866525 3.974340
63.343795 2 7.960296 32.357598 3.866186 3.972699
63.443795 2 7.960294 32.590328 3.865847 3.971058
63.543795 2 7.960292 32.824731 3.865508 3.969417
63.643795 2 7.960290 33.060820 3.865169 3.967776
63.743795 2 7.960288 33.298606 3.864829 3.966135
63.843795 2 7.960286 33.538103 3.864490 3.964494
63.943795 2 7.960283 33.779323 3.864151 3.962853
64.043795 2 7.960281 34.022277 3.863812 3.961212
64.143795 2 7.960279 34.266979 3.863472 3.959571
64.243795 2 7.960277 34.513440 3.863133 3.957930
64.343795 2 7.960275 34.761674 3.862794 3.956289
64.443795 2 7.960273 35.011693 3.862455 3.954648
64.543795 2 7.960271 35.263511 3.862115 3.953007
64.643795 2 7.960269 35.517139 3.861776 3.951366
64.743795 2 7.960266 35.772592 3.861437 3.949725
64.843795 2 7.960264 36.029881 3.861098 3.948084
64.943795 2 7.960262 36.289021 3.860758 3.946443
65.043795 2 7.960260 36.550025 3.860419 3.944801
65.143795 2 7.960258 36.812906 3.860080 3.943160
65.243795 2 7.960256 37.077677 3.859741 3.941519
65.343795 2 7.960253 37.344353 3.859401 3.939878
65.443795 2 7.960251 37.612946 3.859062 3.938237
65.543795 2 7.960249 37.883472 3.858723 3.936596
65.643795 2 7.960247 38.155942 3.858383 3.934955
65.743795 2 7.960244 38.430373 3.858044 3.933314
65.843795 2 7.960242 38.706777 3.857705 3.931673
65.943795 2 7.960240 38.985169 3.857366 3.930032
66.043795 2 7.960237 39.265563 3.857026 3.928391
66.143795 2 7.960235 39.547973 3.856687 3.926750
66.243795 2 7.960233 39.832415 3.856348 3.925109
66.343795 2 7.960230 40.118902 3.856009 3.923468
66.443795 2 7.960228 40.407450 3.855669 3.921827
66.543795 2 7.960226 40.698072 3.855330 3.920186
66.643795 2 7.960223 40.990785 3.854991 3.918545
66.743795 2 7.960221 41.285603 3.854651 3.916904
66.843795 2 7.960219 41.582541 3.854312 3.915263
66.943795 2 7.960216 41.881615 3.853973 3.913622
67.043795 2 7.960214 42.182839 3.853633 3.911981
67.143795 2 7.960211 42.486230 3.853294 3.910340
67.243795 2 7.960209 42.791803 3.852955 3.908699
67.343795 2 7.960207 43.099574 3.852616 3.907058
67.443795 2 7.960204 43.409557 3.852276 3.905417
67.543795 2 7.960202 43.721770 3.851937 3.903776
67.643795 2 7.960199 44.036229 3.851598 3.902135
67.743795 2 7.960197 44.352949 3.851258 3.900494
67.843795 2 7.960194 44.671946 3.850919 3.898853
67.943795 2 7.960192 44.993238 3.850580 3.897212
68.043795 2 7.960189 45.316840 3.850240 3.895571
68.143795 2 7.960187 45.642770 3.849901 3.893930
68.243795 2 7.960184 45.971044 3.849562 3.892289
68.343795 2 7.960181 46.301678 3.849222 3.890648
68.443795 2 7.960179 46.634690 3.848883 3.889007
68.543795 2 7.960176 46.970097 3.848544 3.887366
68.643795 2 7.960174 47.307916 3.848204 3.885725
68.743795 2 7.960171 47.648165 3.847865 3.884084
68.843795 2 7.960168 47.990860 3.847526 3.882443
68.943795 2 7.960166 48.336020 3.847186 3.880802
69.043795 2 7.960163 48.683662 3.846847 3.879161
69.143795 2 7.960160 49.033804 3.846508 3.877520
69.243795 2 7.960157 49.386464 3.846168 3.875879
69.343795 2 7.960155 49.741660 3.845829 3.874238
69.443795 2 7.960152 50.099411 3.845490 3.872597
69.543795 2 7.960149 50.459734 3.845150 3.870956
69.643795 2 7.960146 50.822649 3.844811 3.869315
69.743795 2 7.960144 51.188173 3.844471 3.867674
69.843795 2 7.960141 51.556326 3.844132 3.866033
69.943795 2 7.960138 51.927126 3.843793 3.864392
70.043795 2 7.960135 52.300594 3.843453 3.862751
70.143795 2 7.960132 52.676746 3.843114 3.861110
70.243795 2 7.960129 53.055604 3.842775 3.859469
70.343795 2 7.960126 53.437187 3.842435 3.857828
70.443795 2 7.960123 53.821513 3.842096 3.856187
70.543795 2 7.960120 54.208603 3.841756 3.854546
70.643795 2 7.960117 54.598477 3.841417 3.852905
70.743795 2 7.960114 54.991154 3.841078 3.851264
70.843795 2 7.960111 55.386656 3.840738 3.849623
70.943795 2 7.960108 55.785001 3.840399 3.847982
71.043795 2 7.960105 56.186211 3.840059 3.846341
71.143795 2 7.960102 56.590307 3.839720 3.844700
71.243795 2 7.960099 56.997308 3.839380 3.843059
71.343795 2 7.960096 57.407236 3.839041 3.841418
71.443795 2 7.960093 57.820112 3.838702 3.839777
71.543795 2 7.960090 58.235957 3.838362 3.838136
71.643795 2 7.960086 58.654792 3.838023 3.836494
71.743795 2 7.960083 59.076639 3.837683 3.834853
71.843795 2 7.960080 59.501520 3.837344 3.833212
71.943795 2 7.960077 59.929456 3.837004 3.831571
72.043795 2 7.960073 60.360470 3.836665 3.829930
72.143795 2 7.960070 60.794583 3.836325 3.828289
72.243795 2 7.960067 61.231817 3.835986 3.826648
72.343795 2 7.960064 61.672196 3.835647 3.825007
72.443795 2 7.960060 62.115742 3.835307 3.823367
72.543795 2 7.960057 62.562477 3.834968 3.821726
72.643795 2 7.960053 63.012425 3.834628 3.820085
72.743795 2 7.960050 63.465608 3.834289 3.818444
72.843795 2 7.960047 63.922050 3.833949 3.816803
72.943795 2 7.960043 64.381774 3.833610 3.815162
73.043795 2 7.960040 64.844804 3.833270 3.813521
73.143795 2 7.960036 65.311164 3.832931 3.811880
73.243795 2 7.960033 65.780877 3.832591 3.810239
73.343795 2 7.960029 66.253968 3.832252 3.808598
73.443795 2 7.960026 66.730461 3.831912 3.806957
73.543795 2 7.960022 67.210380 3.831573 3.805316
73.643795 2 7.960018 67.693750 3.831233 3.803675
73.743795 2 7.960015 68.180597 3.830894 3.802034
73.843795 2 7.960011 68.670943 3.830554 3.800393
73.943795 2 7.960007 69.164816 3.830215 3.798752
74.043795 2 7.960004 69.662241 3.829875 3.797111
74.143795 2 7.960000 70.163242 3.829536 3.795470
74.243795 2 7.959996 70.667845 3.829196 3.793829
74.343795 2 7.959992 71.176078 3.828856 3.792188
74.443795 2 7.959989 71.687964 3.828517 3.790547
74.543795 2 7.959985 72.203532 3.828177 3.788906
74.643795 2 7.959981 72.722807 3.827838 3.787265
74.743795 2 7.959977 73.245816 3.827498 3.785624
74.843795 2 7.959973 73.772585 3.827159 3.783983
74.943795 2 7.959969 74.303142 3.826819 3.782342
75.043795 2 7.959965 74.837515 3.826480 3.780701
75.143795 2 7.959961 75.375730 3.826140 3.779060
75.243795 2 7.959957 75.917815 3.825800 3.777419
75.343795 2 7.959953 76.463797 3.825461 3.775778
75.443795 2 7.959949 77.013706 3.825121 3.774137
75.543795 2 7.959945 77.567569 3.824782 3.772496
75.643795 2 7.959941 78.125415 3.824442 3.770855
75.743795 2 7.959937 78.687271 3.824102 3.769214
75.843795 2 7.959933 79.253168 3.823763 3.767573
75.943795 2 7.959928 79.823133 3.823423 3.765932
76.043795 2 7.959924 80.397197 3.823084 3.764291
76.143795 2 7.959920 80.975389 3.822744 3.762650
76.243795 2 7.959916 81.557738 3.822404 3.761009
76.343795 2 7.959911 82.144275 3.822065 3.759368
76.443795 2 7.959907 82.735029 3.821725 3.757727
76.543795 2 7.959903 83.330030 3.821385 3.756086
76.643795 2 7.959898 83.929310 3.821046 3.754445
76.743795 2 7.959894 84.532899 3.820706 3.752804
76.843795 2 7.959890 85.140828 3.820366 3.751163
76.943795 2 7.959885 85.753128 3.820027 3.749522
77.043795 2 7.959881 86.369831 3.819687 3.747881
77.143795 2 7.959876 86.990968 3.819347 3.746240
77.243795 2 7.959872 87.616571 3.819008 3.744599
77.343795 2 7.959867 88.246672 3.818668 3.742958
77.443795 2 7.959862 88.881303 3.818328 3.741317
77.543795 2 7.959858 89.520498 3.817989 3.739676
77.643795 2 7.959853 90.164289 3.817649 3.738035
77.743795 2 7.959848 90.812708 3.817309 3.736395
77.843795 2 7.959844 91.465790 3.816969 3.734754
77.943795 2 7.959839 92.123568 3.816630 3.733113
78.043795 2 7.959834 92.786075 3.816290 3.731472
78.143795 2 7.959829 93.453345 3.815950 3.729831
78.243795 2 7.959824 94.125413 3.815611 3.728190
78.343795 2 7.959820 94.802313 3.815271 3.726549
78.443795 2 7.959815 95.484080 3.814931 3.724908
78.543795 2 7.959810 96.170749 3.814591 3.723267
78.643795 2 7.959805 96.862355 3.814252 3.721626
78.743795 2 7.959800 97.558934 3.813912 3.719985
78.843795 2 7.959795 98.260521 3.813572 3.718344
78.943795 2 7.959790 98.967152 3.813232 3.716703
79.043795 2 7.959784 99.678864 3.812892 3.715062
79.143795 2 7.959779 100.395692 3.812553 3.713421
79.243795 2 7.959774 101.117675 3.812213 3.711780
79.343795 2 7.959769 101.844848 3.811873 3.710139
79.443795 2 7.959764 102.577250 3.811533 3.708498
79.543795 2 7.959758 103.314917 3.811193 3.706857
79.643795 2 7.959753 104.057888 3.810854 3.705216
79.743795 2 7.959748 104.806201 3.810514 3.703576
79.843795 2 7.959742 105.559894 3.810174 3.701935
79.943795 2 7.959737 106.319005 3.809834 3.700294
80.043795 2 7.959732 107.083574 3.809494 3.698653
80.143795 2 7.959726 107.853641 3.809154 3.697012
80.243795 2 7.959721 108.629243 3.808815 3.695371
80.343795 2 7.959715 109.410422 3.808475 3.693730
80.443795 2 7.959710 110.197217 3.808135 3.692089
80.543795 2 7.959704 110.989668 3.807795 3.690448
80.643795 2 7.959698 111.787817 3.807455 3.688807
80.743795 2 7.959693 112.591704 3.807115 3.687166
80.843795 2 7.959687 113.401371 3.806775 3.685525
80.943795 2 7.959681 114.216858 3.806435 3.683884
81.043795 2 7.959676 114.990186 3.806115 3.682339
81.143795 2 7.959671 115.573616 3.805875 3.681180
81.243795 2 7.959665 116.454314 3.805515 3.679442
81.343795 3 7.959659 117.341721 3.805155 3.677703
81.443795 3 7.959652 118.375645 3.810552 3.677148
81.543795 3 7.959644 119.430382 3.816008 3.676585
81.643795 3 7.959637 120.494874 3.821464 3.676022
81.743795 3 7.959629 121.569214 3.826921 3.675459
81.843795 3 7.959621 122.653495 3.832377 3.674895
81.943795 3 7.959613 123.747811 3.837833 3.674330
82.043795 3 7.959605 124.852258 3.843289 3.673764
82.143795 3 7.959597 125.966931 3.848745 3.673198
82.243795 3 7.959589 127.091927 3.854201 3.672632
82.343795 3 7.959581 128.227345 3.859657 3.672064
82.443795 3 7.959572 129.373283 3.865113 3.671496
82.543795 3 7.959564 130.529840 3.870569 3.670928
82.643795 3 7.959556 131.697118 3.876025 3.670359
82.743795 3 7.959547 132.875219 3.881481 3.669789
82.843795 3 7.959538 134.064244 3.886937 3.669218
82.943795 3 7.959529 135.264299 3.892393 3.668647
83.043795 3 7.959520 136.475486 3.897849 3.668075
83.143795 3 7.959511 137.697913 3.903305 3.667503
83.243795 3 7.959502 138.931685 3.908761 3.666930
83.343795 3 7.959493 140.176911 3.914217 3.666356
83.443795 3 7.959484 141.433700 3.919673 3.665782
83.543795 3 7.959474 142.702160 3.925129 3.665207
83.643795 3 7.959465 143.982403 3.930585 3.664632
83.743795 3 7.959455 145.274542 3.936041 3.664056
83.843795 3 7.959445 146.578688 3.941497 3.663479
83.943795 3 7.959435 147.894956 3.946953 3.662902
84.043795 3 7.959425 149.223462 3.952409 3.662324
84.143795 3 7.959415 150.564321 3.957865 3.661746
84.243795 3 7.959405 151.917651 3.963321 3.661167
84.343795 3 7.959395 153.283571 3.968777 3.660587
84.443795 3 7.959384 154.662201 3.974233 3.660007
84.543795 3 7.959374 156.053660 3.979689 3.659426
84.643795 3 7.959363 157.458072 3.985145 3.658844
84.743795 3 7.959352 158.875559 3.990601 3.658262
84.843795 3 7.959341 160.306246 3.996057 3.657680
84.943795 3 7.959330 161.750259 4.001513 3.657096
85.043795 3 7.959319 163.207724 4.006969 3.656512
85.143795 3 7.959307 164.678769 4.012425 3.655928
85.243795 3 7.959296 166.163524 4.017881 3.655343
85.343795 3 7.959284 167.662119 4.023337 3.654757
85.443795 3 7.959273 169.174685 4.028793 3.654171
85.543795 3 7.959261 170.701357 4.034249 3.653584
85.643795 3 7.959249 172.242268 4.039705 3.652997
85.743795 3 7.959237 173.797554 4.045161 3.652409
85.843795 3 7.959224 175.367352 4.050617 3.651820
85.943795 3 7.959212 176.951800 4.056073 3.651231
86.043795 3 7.959199 178.551038 4.061529 3.650642
86.143795 3 7.959186 180.165206 4.066985 3.650051
86.243795 3 7.959174 181.794447 4.072441 3.649460
86.343795 3 7.959161 183.438905 4.077897 3.648869
86.443795 3 7.959147 185.098724 4.083353 3.648277
86.543795 3 7.959134 186.774052 4.088809 3.647685
86.643795 3 7.959121 188.465035 4.094265 3.647091
86.743795 3 7.959107 190.171824 4.099721 3.646498
86.843795 3 7.959093 191.894569 4.105177 3.645903
86.943795 3 7.959079 193.633423 4.110633 3.645309
87.043795 4 7.959075 194.109010 4.112116 3.645147
87.143795 4 7.959061 194.105783 4.112106 3.645148
87.243795 4 7.959051 194.103481 4.112098 3.645148
87.343795 4 7.956353 193.514663 4.110170 3.645326
87.443795 4 7.953674 192.954962 4.108328 3.645495
87.543795 4 7.951014 192.423512 4.106570 3.645654
87.643795 4 7.948371 191.919468 4.104895 3.645805
87.743795 4 7.945744 191.442003 4.103299 3.645947
87.843795 4 7.943132 190.990307 4.101782 3.646080
87.943795 4 7.940535 190.563588 4.100341 3.646206
88.043795 4 7.937951 190.161067 4.098974 3.646323
88.143795 4 7.935380 189.781984 4.097680 3.646433
88.243795 4 7.932821 189.425587 4.096456 3.646535
88.343795 4 7.930273 189.091143 4.095300 3.646630
88.443795 4 7.927735 188.777926 4.094211 3.646718
88.543795 4 7.925207 188.485226 4.093187 3.646799
88.643795 4 7.922689 188.212340 4.092225 3.646873
88.743795 4 7.920178 187.958577 4.091323 3.646940
88.843795 4 7.917676 187.723254 4.090480 3.647001
88.943795 4 7.915181 187.505698 4.089693 3.647057
89.043795 4 7.912692 187.305243 4.088962 3.647106
89.143795 4 7.910209 187.121231 4.088282 3.647150
89.243795 4 7.907732 186.953010 4.087654 3.647188
89.343795 4 7.905260 186.799934 4.087074 3.647221
89.443795 4 7.902793 186.661365 4.086541 3.647249
89.543795 4 7.900329 186.536667 4.086053 3.647272
89.643795 4 7.897869 186.425212 4.085608 3.647290
89.743795 4 7.895413 186.326373 4.085203 3.647304
89.843795 4 7.892959 186.239530 4.084838 3.647314
89.943795 4 7.890508 186.164065 4.084509 3.647320
90.043795 4 7.888058 186.099362 4.084215 3.647322
90.143795 4 7.885611 186.044809 4.083955 3.647320
90.243795 4 7.883165 185.999796 4.083725 3.647316
90.343795 4 7.880720 185.963715 4.083524 3.647308
90.443795 4 7.878276 185.935960 4.083351 3.647297
90.543795 4 7.875833 185.915926 4.083203 3.647283
90.643795 4 7.873389 185.903009 4.083077 3.647267
90.743795 4 7.870946 185.896606 4.082973 3.647248
90.843795 4 7.868503 185.896116 4.082889 3.647228
90.943795 4 7.866060 185.900935 4.082821 3.647205
91.043795 4 7.863616 185.910463 4.082769 3.647181
91.143795 4 7.861172 185.924097 4.082730 3.647155
91.243795 4 7.858726 185.941238 4.082703 3.647128
91.343795 4 7.856280 185.961282 4.082685 3.647100
91.443795 4 7.853834 185.983628 4.082674 3.647072
91.543795 4 7.851386 186.007674 4.082669 3.647042
91.643795 4 7.848937 186.032816 4.082667 3.647013
91.743795 4 7.847712 186.045612 4.082667 3.646998
91.843795 4 7.847099 186.052032 4.082667 3.646990
91.943795 4 7.846946 184.943839 4.088484 3.649742
92.043795 4 7.846869 183.920756 4.090235 3.651384
92.143795 4 7.846792 182.905667 4.091524 3.652908
92.243795 4 7.846715 181.898496 4.092580 3.654371
92.343795 4 7.846638 180.899172 4.093489 3.655795
92.443795 4 7.846562 179.907624 4.094297 3.657190
92.543795 4 7.846486 178.923781 4.095027 3.658563
92.643795 4 7.846410 177.947574 4.095699 3.659919
92.743795 4 7.846334 176.978933 4.096322 3.661260
92.843795 4 7.846259 176.017790 4.096905 3.662588
92.943795 4 7.846184 175.064077 4.097454 3.663906
93.043795 4 7.846110 174.117729 4.097974 3.665213
93.143795 4 7.846036 173.178677 4.098469 3.666511
93.243795 4 7.845962 172.246858 4.098942 3.667800
93.343795 4 7.845888 171.322207 4.099395 3.669082
93.443795 4 7.845815 170.404658 4.099830 3.670357
93.543795 4 7.845742 169.494149 4.100250 3.671626
93.643795 4 7.845669 168.590617 4.100655 3.672888
93.743795 4 7.845597 167.693999 4.101046 3.674143
93.843795 4 7.845525 166.804235 4.101426 3.675393
93.943795 4 7.845453 165.921262 4.101794 3.676638
94.043795 4 7.845382 165.045021 4.102152 3.677877
94.143795 4 7.845310 164.175453 4.102500 3.679112
94.243795 4 7.845240 163.312497 4.102840 3.680341
94.343795 4 7.845169 162.456095 4.103171 3.681565
94.443795 4 7.845099 161.606189 4.103494 3.682785
94.543795 4 7.845029 160.762723 4.103810 3.684000
94.643795 4 7.844960 159.925639 4.104119 3.685211
94.743795 4 7.844891 159.094881 4.104422 3.686418
94.843795 4 7.844822 158.270393 4.104718 3.687620
94.943795 4 7.844753 157.452121 4.105008 3.688818
95.043795 4 7.844685 156.640009 4.105293 3.690012
95.143795 4 7.844617 155.834004 4.105573 3.691203
95.243795 4 7.844549 155.034053 4.105847 3.692389
95.343795 4 7.844482 154.240101 4.106117 3.693571
95.443795 4 7.844415 153.452098 4.106382 3.694750
95.543795 4 7.844348 152.669991 4.106643 3.695924
95.643795 4 7.844282 151.893728 4.106899 3.697096
95.743795 4 7.844216 151.123259 4.107152 3.698263
95.843795 4 7.844150 150.358534 4.107401 3.699427
95.943795 4 7.844084 149.599502 4.107646 3.700587
96.043795 4 7.844019 148.846115 4.107887 3.701744
96.143795 4 7.843954 148.098323 4.108125 3.702897
96.243795 4 7.843825 146.619334 4.108592 3.705193
96.343795 4 7.843697 145.162152 4.109046 3.707475
96.443795 4 7.843569 143.726404 4.109489 3.709744
96.543795 4 7.843444 142.311721 4.109921 3.712000
96.643795 4 7.843319 140.917745 4.110343 3.714243
96.743795 4 7.843195 139.544123 4.110755 3.716474
96.843795 4 7.843072 138.190510 4.111159 3.718691
96.943795 4 7.842951 136.856566 4.111554 3.720896
97.043795 4 7.842830 135.541959 4.111941 3.723089
97.143795 4 7.842711 134.246363 4.112321 3.725270
97.243795 4 7.842593 132.969458 4.112694 3.727438
97.343795 4 7.842475 131.710930 4.113059 3.729595
97.443795 4 7.842359 130.470472 4.113419 3.731739
97.543795 4 7.842243 129.247783 4.113772 3.733872
97.643795 4 7.842129 128.042565 4.114119 3.735993
97.743795 4 7.842016 126.854529 4.114461 3.738103
97.843795 4 7.841903 125.683389 4.114797 3.740201
97.943795 4 7.841792 124.528867 4.115128 3.742287
98.043795 4 7.841681 123.390688 4.115454 3.744363
98.143795 4 7.841571 122.268584 4.115775 3.746427
98.243795 4 7.841463 121.162289 4.116091 3.748480
98.343795 4 7.841355 120.071547 4.116403 3.750521
98.443795 4 7.841248 118.996101 4.116711 3.752552
98.543795 4 7.841142 117.935703 4.117015 3.754572
98.643795 4 7.841037 116.890109 4.117315 3.756580
98.743795 4 7.840933 115.859077 4.117611 3.758578
98.843795 4 7.840829 114.842373 4.117903 3.760565
98.943795 4 7.840726 113.839766 4.118191 3.762541
99.043795 4 7.840625 112.851028 4.118477 3.764507
99.143795 4 7.840524 111.875936 4.118758 3.766462
99.243795 4 7.840423 110.914272 4.119037 3.768406
99.343795 4 7.840324 109.965821 4.119312 3.770340
99.443795 4 7.840225 109.030373 4.119585 3.772263
99.543795 4 7.840128 108.107721 4.119854 3.774176
99.643795 4 7.840031 107.197661 4.120120 3.776078
99.743795 4 7.839934 106.299995 4.120384 3.777970
99.843795 4 7.839839 105.414527 4.120645 3.779851
99.943795 4 7.839744 104.541064 4.120903 3.781723
100.043795 4 7.839650 103.679418 4.121158 3.783584
100.143795 4 7.839557 102.829403 4.121412 3.785435
100.243795 4 7.839464 101.990839 4.121662 3.787276
100.343795 4 7.839372 101.163546 4.121910 3.789106
100.443795 4 7.839281 100.347349 4.122156 3.790927
100.543795 4 7.839190 99.542075 4.122400 3.792737
100.643795 4 7.839100 98.747556 4.122641 3.794538
100.743795 4 7.839011 97.963626 4.122881 3.796328
100.843795 4 7.838922 97.190121 4.123118 3.798109
100.943795 4 7.838835 96.426881 4.123353 3.799880
101.043795 4 7.838747 95.673749 4.123586 3.801641
101.143795 4 7.838661 94.930571 4.123817 3.803392
101.243795 4 7.838575 94.197193 4.124046 3.805133
101.343795 4 7.838489 93.473468 4.124273 3.806865
101.443795 4 7.838404 92.759249 4.124499 3.808587
101.543795 4 7.838320 92.054391 4.124722 3.810299
101.643795 4 7.838237 91.358754 4.124944 3.812001
101.743795 4 7.838154 90.672199 4.125164 3.813695
101.843795 4 7.838071 89.994589 4.125382 3.815378
101.943795 4 7.837989 89.325790 4.125599 3.817052
102.043795 4 7.837907 88.665671 4.125814 3.818716
102.143795 4 7.837826 88.014102 4.126028 3.820371
102.243795 4 7.837745 87.370956 4.126240 3.822017
102.343795 4 7.837665 86.736108 4.126450 3.823653
102.443795 4 7.837585 86.109435 4.126659 3.825280
102.543795 4 7.837505 85.490816 4.126866 3.826897
102.643795 4 7.837426 84.880132 4.127072 3.828506
102.743795 4 7.837347 84.277267 4.127277 3.830105
102.843795 4 7.837269 83.682107 4.127480 3.831694
102.943795 4 7.837191 83.094538 4.127682 3.833275
103.043795 4 7.837114 82.514450 4.127882 3.834846
103.143795 4 7.837037 81.941734 4.128081 3.836408
103.243795 4 7.836960 81.376282 4.128279 3.837961
103.343795 4 7.836884 80.817991 4.128476 3.839505
103.443795 4 7.836808 80.266756 4.128671 3.841040
103.543795 4 7.836732 79.722476 4.128865 3.842566
103.643795 4 7.836657 79.185051 4.129058 3.844083
103.743795 4 7.836582 78.654383 4.129250 3.845591
103.843795 4 7.836508 78.130374 4.129440 3.847091
103.943795 4 7.836434 77.612931 4.129629 3.848581
104.043795 4 7.836360 77.101959 4.129817 3.850062
104.143795 4 7.836286 76.597367 4.130004 3.851535
104.243795 4 7.836213 76.099064 4.130190 3.852999
104.343795 4 7.836141 75.606962 4.130375 3.854453
104.443795 4 7.836068 75.120974 4.130559 3.855900
104.543795 4 7.835996 74.641013 4.130742 3.857337
104.643795 4 7.835925 74.166996 4.130923 3.858766
104.743795 4 7.835853 73.698838 4.131104 3.860186
104.843795 4 7.835782 73.236459 4.131284 3.861598
104.943795 4 7.835712 72.779778 4.131462 3.863001
105.043795 4 7.835641 72.328716 4.131640 3.864395
105.143795 4 7.835571 71.883195 4.131817 3.865781
105.243795 4 7.835502 71.443140 4.131993 3.867158
105.343795 4 7.835432 71.008473 4.132168 3.868527
105.443795 4 7.835363 70.579123 4.132341 3.869888
105.543795 4 7.835294 70.155015 4.132515 3.871240
105.643795 4 7.835226 69.736079 4.132687 3.872583
105.743795 4 7.835157 69.322244 4.132858 3.873919
105.843795 4 7.835090 68.913440 4.133028 3.875246
105.943795 4 7.835022 68.509599 4.133198 3.876564
106.043795 4 7.834955 68.110655 4.133366 3.877875
106.143795 4 7.834888 67.716540 4.133534 3.879177
106.243795 4 7.834821 67.327192 4.133701 3.880471
106.343795 4 7.834754 66.942544 4.133867 3.881756
106.443795 4 7.834688 66.562535 4.134033 3.883034
106.543795 4 7.834622 66.187103 4.134197 3.884303
106.643795 4 7.834557 65.816186 4.134361 3.885565
106.743795 4 7.834491 65.449725 4.134524 3.886818
106.843795 4 7.834426 65.087660 4.134687 3.888063
106.943795 4 7.834361 64.729934 4.134848 3.889300
107.043795 4 7.834297 64.376490 4.135009 3.890529
107.143795 4 7.834232 64.027270 4.135169 3.891750
107.243795 4 7.834168 63.682221 4.135328 3.892963
107.343795 4 7.834104 63.341287 4.135487 3.894169
107.443795 4 7.834041 63.004414 4.135645 3.895366
107.543795 4 7.833977 62.671551 4.135802 3.896556
107.643795 4 7.833914 62.342644 4.135958 3.897737
107.743795 4 7.833851 62.017643 4.136114 3.898911
107.843795 4 7.833789 61.696497 4.136269 3.900078
107.943795 4 7.833726 61.379156 4.136423 3.901236
108.043795 4 7.833664 61.065573 4.136577 3.902387
108.143795 4 7.833602 60.755698 4.136730 3.903530
108.243795 4 7.833540 60.449484 4.136883 3.904665
108.343795 4 7.833418 59.847856 4.137186 3.906913
108.443795 4 7.833295 59.260322 4.137486 3.909130
108.543795 4 7.833174 58.686529 4.137784 3.911317
108.643795 4 7.833054 58.126135 4.138080 3.913475
108.743795 4 7.832934 57.578806 4.138373 3.915603
108.843795 4 7.832816 57.044221 4.138664 3.917701
108.943795 4 7.832698 56.522065 4.138953 3.919770
109.043795 4 7.832581 56.012036 4.139240 3.921810
109.143795 4 7.832464 55.513837 4.139524 3.923821
109.243795 4 7.832349 55.027184 4.139806 3.925804
109.343795 4 7.832234 54.551797 4.140087 3.927758
109.443795 4 7.832120 54.087409 4.140365 3.929684
109.543795 4 7.832006 53.633755 4.140641 3.931582
109.643795 4 7.831893 53.190583 4.140915 3.933452
109.743795 4 7.831781 52.757645 4.141187 3.935295
109.843795 4 7.831670 52.334701 4.141458 3.937110
109.943795 4 7.831559 51.921518 4.141726 3.938898
110.043795 4 7.831449 51.517869 4.141993 3.940660
110.143795 4 7.831339 51.123535 4.142258 3.942395
110.243795 4 7.831230 50.738300 4.142521 3.944103
110.343795 4 7.831121 50.361958 4.142783 3.945785
110.443795 4 7.831014 49.994306 4.143043 3.947441
110.543795 4 7.830906 49.635147 4.143301 3.949071
110.643795 4 7.830800 49.284290 4.143557 3.950676
110.743795 4 7.830693 48.941549 4.143812 3.952255
110.843795 4 7.830588 48.606744 4.144065 3.953809
110.943795 4 7.830483 48.279698 4.144317 3.955338
111.043795 4 7.830378 47.960240 4.144567 3.956842
111.143795 4 7.830274 47.648204 4.144816 3.958321
111.243795 4 7.830170 47.343427 4.145063 3.959776
111.343795 4 7.830067 47.045752 4.145309 3.961208
111.443795 4 7.829964 46.755024 4.145553 3.962615
111.543795 4 7.829861 46.471094 4.145796 3.963998
111.643795 4 7.829760 46.193817 4.146037 3.965358
111.743795 4 7.829658 45.923050 4.146277 3.966695
111.843795 4 7.829557 45.658656 4.146516 3.968008
111.943795 4 7.829456 45.400499 4.146754 3.969299
112.043795 4 7.829356 45.148448 4.146990 3.970567
112.143795 4 7.829256 44.902375 4.147225 3.971812
112.243795 4 7.829157 44.662156 4.147458 3.973035
112.343795 4 7.829057 44.427669 4.147690 3.974236
112.443795 4 7.828959 44.198796 4.147922 3.975416
112.543795 4 7.828860 43.975420 4.148151 3.976573
112.643795 4 7.828664 43.544714 4.148607 3.978825
112.743795 4 7.828469 43.134681 4.149059 3.980992
112.843795 4 7.828275 42.744493 4.149506 3.983077
112.943795 4 7.828083 42.373361 4.149948 3.985081
113.043795 4 7.827891 42.020531 4.150386 3.987006
113.143795 4 7.827701 41.685284 4.150820 3.988854
113.243795 4 7.827512 41.366935 4.151250 3.990626
113.343795 4 7.827323 41.064825 4.151676 3.992324
113.443795 4 7.827136 40.778326 4.152097 3.993950
113.543795 4 7.826949 40.506837 4.152515 3.995505
113.643795 4 7.826763 40.249780 4.152930 3.996991
113.743795 4 7.826578 40.006601 4.153340 3.998410
113.843795 4 7.826393 39.776768 4.153748 3.999763
113.943795 4 7.826210 39.559770 4.154151 4.001051
114.043795 4 7.826026 39.355112 4.154552 4.002278
114.143795 4 7.825661 38.980939 4.155342 4.004550
114.243795 4 7.825298 38.650642 4.156120 4.006592
114.343795 4 7.824936 38.360850 4.156886 4.008418
114.443795 4 7.824576 38.108390 4.157640 4.010040
114.543795 4 7.824217 37.890268 4.158383 4.011473
114.643795 4 7.823500 37.545773 4.159837 4.013819
114.743795 4 7.822786 37.306004 4.161251 4.015564
114.843795 4 7.822073 37.151049 4.162628 4.016812
114.943795 4 7.821360 37.061965 4.163970 4.017669
115.043795 4 7.820645 37.020404 4.165280 4.018240
115.143795 4 7.819928 37.008334 4.166559 4.018631
115.243795 4 7.819209 37.008112 4.167810 4.018945
115.343795 4 7.818487 37.015800 4.169033 4.019205
115.443795 4 7.817762 37.047663 4.170232 4.019318
115.543795 4 7.817035 37.121686 4.171406 4.019178
115.643795 4 7.816304 37.256110 4.172557 4.018681
115.743795 4 7.815568 37.469683 4.173687 4.017722
115.843795 4 7.814826 37.782006 4.174796 4.016197
115.943795 4 7.814452 37.981665 4.175343 4.015189
116.043795 4 7.814075 38.213980 4.175885 4.014001
116.143795 4 7.813696 38.481861 4.176422 4.012618
116.243795 4 7.813315 38.788377 4.176955 4.011029
116.343795 4 7.812930 39.136782 4.177484 4.009219
116.443795 4 7.812736 39.327769 4.177746 4.008228
116.543795 4 7.812541 39.530548 4.178008 4.007176
116.643795 4 7.812345 39.745591 4.178268 4.006063
116.743795 4 7.812148 39.973390 4.178528 4.004887
116.843795 4 7.811950 40.214453 4.178786 4.003646
116.943795 4 7.811751 40.469309 4.179043 4.002339
117.043795 4 7.811550 40.738510 4.179300 4.000963
117.143795 4 7.811349 41.022629 4.179555 3.999518
117.243795 4 7.811146 41.322266 4.179809 3.998001
117.343795 4 7.810942 41.638045 4.180062 3.996411
117.443795 4 7.810736 41.970618 4.180315 3.994747
117.543795 4 7.810529 42.320669 4.180566 3.993006
117.643795 4 7.810320 42.688912 4.180816 3.991187
117.743795 4 7.810110 43.076095 4.181066 3.989289
117.843795 4 7.809898 43.483003 4.181314 3.987309
117.943795 4 7.809685 43.910459 4.181562 3.985247
118.043795 4 7.809577 44.132160 4.181685 3.984184
118.143795 4 7.809469 44.359326 4.181808 3.983100
118.243795 4 7.809360 44.592071 4.181931 3.981995
118.343795 4 7.809251 44.830513 4.182054 3.980867
118.443795 4 7.809141 45.074773 4.182176 3.979718
118.543795 4 7.809031 45.324974 4.182299 3.978546
118.643795 4 7.808920 45.581243 4.182421 3.977353
118.743795 4 7.808808 45.843712 4.182542 3.976136
118.843795 4 7.808697 46.112513 4.182664 3.974897
118.943795 4 7.808584 46.387784 4.182785 3.973635
119.043795 4 7.808471 46.669667 4.182907 3.972350
119.143795 4 7.808357 46.958305 4.183027 3.971041
119.243795 4 7.808243 47.253847 4.183148 3.969709
119.343795 4 7.808128 47.556446 4.183269 3.968353
119.443795 4 7.808013 47.866259 4.183389 3.966973
119.543795 4 7.807897 48.183447 4.183509 3.965569
119.643795 4 7.807780 48.508174 4.183629 3.964140
119.743795 4 7.807662 48.840612 4.183748 3.962687
119.843795 4 7.807544 49.180935 4.183868 3.961209
119.943795 4 7.807425 49.529322 4.183987 3.959706
120.043795 4 7.807305 49.885959 4.184106 3.958178
120.143795 4 7.807185 50.251034 4.184225 3.956624
120.243795 4 7.807064 50.624744 4.184343 3.955045
120.343795 4 7.806942 51.007288 4.184462 3.953440
120.443795 4 7.806819 51.398874 4.184580 3.951809
120.543795 4 7.806696 51.799714 4.184698 3.950151
120.643795 4 7.806572 52.210026 4.184816 3.948468
120.743795 4 7.806446 52.630035 4.184933 3.946757
120.843795 4 7.806320 53.059973 4.185051 3.945020
120.943795 4 7.806194 53.500079 4.185168 3.943255
121.043795 4 7.806066 53.950597 4.185285 3.941464
121.143795 4 7.805937 54.411779 4.185402 3.939644
121.243795 4 7.805807 54.883887 4.185518 3.937798
121.343795 4 7.805677 55.367187 4.185634 3.935923
121.443795 4 7.805545 55.861955 4.185751 3.934020
121.543795 4 7.805413 56.368476 4.185867 3.932089
121.643795 4 7.805279 56.887043 4.185982 3.930129
121.743795 4 7.805145 57.417956 4.186098 3.928141
121.843795 4 7.805009 57.961527 4.186213 3.926124
121.943795 4 7.804872 58.518076 4.186328 3.924078
122.043795 4 7.804734 59.087933 4.186443 3.922002
122.143795 4 7.804595 59.671439 4.186558 3.919897
122.243795 4 7.804525 59.968419 4.186616 3.918833
122.343795 4 7.804455 60.268944 4.186673 3.917762
122.443795 4 7.804384 60.573060 4.186730 3.916683
122.543795 4 7.804313 60.880811 4.186787 3.915597
122.643795 4 7.804242 61.192247 4.186844 3.914503
122.743795 4 7.804171 61.507413 4.186902 3.913402
122.843795 4 7.804099 61.826359 4.186959 3.912293
122.943795 4 7.804026 62.149135 4.187016 3.911177
123.043795 4 7.803954 62.475789 4.187073 3.910053
123.143795 4 7.803881 62.806373 4.187129 3.908921
123.243795 4 7.803808 63.140938 4.187186 3.907782
123.343795 4 7.803735 63.479538 4.187243 3.906634
123.443795 4 7.803661 63.822224 4.187300 3.905480
123.543795 4 7.803587 64.169052 4.187357 3.904317
123.643795 4 7.803512 64.520076 4.187413 3.903146
123.743795 4 7.803437 64.875352 4.187470 3.901968
123.843795 4 7.803362 65.234937 4.187527 3.900782
123.943795 4 7.803287 65.598889 4.187583 3.899588
124.043795 4 7.803211 65.967265 4.187640 3.898386
124.143795 4 7.803134 66.340126 4.187696 3.897176
124.243795 4 7.803058 66.717532 4.187752 3.895959
124.343795 4 7.802981 67.099544 4.187809 3.894733
124.443795 4 7.802904 67.486226 4.187865 3.893499
124.543795 4 7.802826 67.877639 4.187921 3.892258
124.643795 4 7.802748 68.273850 4.187978 3.891008
124.743795 4 7.802669 68.674923 4.188034 3.889750
124.843795 4 7.802590 69.080925 4.188090 3.888484
124.943795 4 7.802511 69.491923 4.188146 3.887210
125.043795 4 7.802432 69.907987 4.188202 3.885928
125.143795 4 7.802352 70.329187 4.188258 3.884637
125.243795 4 7.802271 70.755593 4.188314 3.883339
125.343795 4 7.802190 71.187277 4.188370 3.882032
125.443795 4 7.802109 71.624314 4.188426 3.880717
125.543795 4 7.802027 72.066778 4.188482 3.879393
125.643795 4 7.801945 72.514744 4.188537 3.878062
125.743795 4 7.801863 72.968291 4.188593 3.876722
125.843795 4 7.801780 73.427496 4.188649 3.875373
125.943795 4 7.801697 73.892439 4.188704 3.874017
126.043795 4 7.801613 74.363201 4.188760 3.872652
126.143795 4 7.801528 74.839865 4.188816 3.871278
126.243795 4 7.801444 75.322514 4.188871 3.869896
126.343795 4 7.801359 75.811234 4.188927 3.868505
126.443795 4 7.801273 76.306112 4.188982 3.867106
126.543795 4 7.801187 76.807235 4.189037 3.865699
126.643795 4 7.801100 77.314693 4.189093 3.864283
126.743795 4 7.801013 77.828578 4.189148 3.862858
126.843795 4 7.800926 78.348982 4.189203 3.861425
126.943795 4 7.800838 78.876000 4.189258 3.859983
127.043795 4 7.800749 79.409726 4.189314 3.858532
127.143795 4 7.800660 79.950260 4.189369 3.857073
127.243795 4 7.800571 80.497700 4.189424 3.855605
127.343795 4 7.800481 81.052146 4.189479 3.854128
127.443795 4 7.800390 81.613703 4.189534 3.852643
127.543795 4 7.800299 82.182473 4.189589 3.851148
127.643795 4 7.800207 82.758564 4.189644 3.849645
127.743795 4 7.800115 83.342084 4.189699 3.848133
127.843795 4 7.800023 83.933142 4.189753 3.846612
127.943795 4 7.799929 84.531850 4.189808 3.845082
128.043795 4 7.799836 85.138322 4.189863 3.843544
128.143795 4 7.799741 85.752675 4.189918 3.841996
128.243795 4 7.799646 86.375025 4.189972 3.840440
128.343795 4 7.799551 87.005492 4.190027 3.838874
128.443795 4 7.799455 87.644200 4.190082 3.837299
128.543795 4 7.799358 88.291271 4.190136 3.835716
128.643795 4 7.799261 88.946833 4.190191 3.834123
128.743795 4 7.799163 89.611013 4.190245 3.832521
128.843795 4 7.799065 90.283944 4.190299 3.830910
128.943795 4 7.798966 90.965757 4.190354 3.829290
129.043795 4 7.798866 91.656589 4.190408 3.827661
129.143795 4 7.798766 92.356577 4.190462 3.826022
129.243795 4 7.798665 93.065862 4.190517 3.824375
129.343795 4 7.798563 93.784587 4.190571 3.822718
129.443795 4 7.798461 94.512898 4.190625 3.821051
129.543795 4 7.798358 95.250943 4.190679 3.819376
129.643795 4 7.798255 95.998871 4.190733 3.817691
129.743795 4 7.798151 96.756839 4.190787 3.815997
129.843795 4 7.798046 97.525000 4.190841 3.814293
129.943795 4 7.797940 98.303515 4.190895 3.812580
130.043795 4 7.797834 99.092546 4.190949 3.810857
130.143795 4 7.797727 99.892258 4.191003 3.809125
130.243795 4 7.797619 100.702818 4.191057 3.807384
130.343795 4 7.797511 101.524398 4.191111 3.805633
130.443795 4 7.797402 102.357173 4.191165 3.803873
130.543795 4 7.797292 103.201319 4.191218 3.802103
130.643795 4 7.797181 104.057017 4.191272 3.800323
130.743795 4 7.797070 104.924452 4.191326 3.798534
130.843795 4 7.796957 105.803811 4.191379 3.796735
130.943795 4 7.796845 106.695285 4.191433 3.794926
131.043795 4 7.796731 107.599068 4.191486 3.793108
131.143795 4 7.796616 108.515358 4.191540 3.791280
131.243795 4 7.796501 109.444359 4.191593 3.789442
131.343795 4 7.796384 110.386275 4.191647 3.787595
131.443795 4 7.796267 111.341316 4.191700 3.785737
131.543795 4 7.796148 112.309695 4.191753 3.783870
131.643795 4 7.796028 113.291630 4.191807 3.781993
131.743795 4 7.795908 114.287342 4.191860 3.780106
131.843795 4 7.795786 115.297058 4.191913 3.778210
131.943795 4 7.795663 116.321006 4.191966 3.776303
132.043795 4 7.795539 117.359422 4.192019 3.774386
132.143795 4 7.795414 118.412543 4.192072 3.772460
132.243795 4 7.795288 119.480614 4.192125 3.770523
132.343795 4 7.795160 120.563883 4.192179 3.768577
132.443795 4 7.795032 121.662602 4.192231 3.766620
132.543795 4 7.794902 122.777028 4.192284 3.764653
132.643795 4 7.794771 123.907425 4.192337 3.762676
132.743795 4 7.794639 125.054060 4.192390 3.760689
132.843795 4 7.794505 126.217205 4.192443 3.758692
132.943795 4 7.794371 127.397139 4.192496 3.756685
133.043795 4 7.794235 128.594145 4.192549 3.754667
133.143795 4 7.794097 129.808512 4.192601 3.752639
133.243795 4 7.793959 131.040535 4.192654 3.750601
133.343795 4 7.793819 132.290513 4.192707 3.748553
133.443795 4 7.793677 133.558754 4.192759 3.746494
133.543795 4 7.793535 134.845569 4.192812 3.744425
133.643795 4 7.793391 136.151276 4.192864 3.742346
133.743795 4 7.793245 137.476200 4.192917 3.740256
133.843795 4 7.793098 138.820672 4.192969 3.738156
133.943795 4 7.792950 140.185030 4.193022 3.736045
134.043795 4 7.792800 141.569617 4.193074 3.733924
134.143795 4 7.792649 142.974785 4.193126 3.731792
134.243795 4 7.792496 144.400892 4.193179 3.729650
134.343795 4 7.792419 145.121912 4.193205 3.728575
134.443795 4 7.792341 145.848305 4.193231 3.727498
134.543795 4 7.792263 146.580116 4.193257 3.726417
134.643795 4 7.792185 147.317394 4.193283 3.725334
134.743795 4 7.792106 148.060185 4.193309 3.724249
134.843795 4 7.792027 148.808539 4.193335 3.723160
134.943795 4 7.791947 149.562503 4.193361 3.722070
135.043795 4 7.791867 150.322128 4.193387 3.720976
135.143795 4 7.791787 151.087462 4.193413 3.719880
135.243795 4 7.791706 151.858556 4.193440 3.718781
135.343795 4 7.791625 152.635460 4.193466 3.717679
135.443795 4 7.791543 153.418226 4.193492 3.716575
135.543795 4 7.791461 154.206905 4.193518 3.715468
135.643795 4 7.791378 155.001550 4.193544 3.714358
135.743795 4 7.791295 155.802213 4.193570 3.713246
135.843795 4 7.791212 156.608947 4.193596 3.712131
135.943795 4 7.791128 157.421807 4.193622 3.711014
136.043795 4 7.791044 158.240846 4.193648 3.709893
136.143795 4 7.790959 159.066120 4.193674 3.708770
136.243795 4 7.790874 159.897684 4.193700 3.707644
136.343795 4 7.790789 160.735594 4.193726 3.706516
136.443795 4 7.790702 161.579906 4.193751 3.705385
136.543795 4 7.790616 162.430678 4.193777 3.704251
136.643795 4 7.790529 163.287967 4.193803 3.703114
136.743795 4 7.790441 164.151832 4.193829 3.701975
136.843795 4 7.790354 165.022332 4.193855 3.700833
136.943795 4 7.790265 165.899526 4.193881 3.699688
137.043795 4 7.790176 166.783475 4.193907 3.698541
137.143795 4 7.790087 167.674238 4.193933 3.697391
137.243795 4 7.789997 168.571878 4.193959 3.696238
137.343795 4 7.789907 169.476457 4.193985 3.695082
137.443795 4 7.789816 170.388036 4.194010 3.693924
137.543795 4 7.789725 171.306680 4.194036 3.692762
137.643795 4 7.789633 172.232452 4.194062 3.691599
137.743795 4 7.789541 173.165417 4.194088 3.690432
137.843795 4 7.789448 174.105640 4.194114 3.689263
137.943795 4 7.789354 175.053187 4.194140 3.688090
138.043795 4 7.789261 176.008125 4.194165 3.686916
138.143795 4 7.789166 176.970521 4.194191 3.685738
138.243795 4 7.789071 177.940442 4.194217 3.684557
138.343795 4 7.788976 178.917958 4.194243 3.683374
138.443795 4 7.788880 179.903139 4.194268 3.682188
138.543795 4 7.788784 180.896053 4.194294 3.681000
138.643795 4 7.788687 181.896773 4.194320 3.679808
138.743795 4 7.788590 182.896098 4.194345 3.678625
138.843795 4 7.788496 183.871636 4.194370 3.677476
138.943795 4 7.788404 184.823733 4.194394 3.676360
139.043795 4 7.788315 185.752744 4.194417 3.675277
139.143795 4 7.788141 187.571580 4.194462 3.673173
139.243795 4 7.787976 189.299655 4.194504 3.671192
139.343795 4 7.787820 190.940174 4.194543 3.669328
139.443795 4 7.787673 192.496389 4.194580 3.667574
139.543795 4 7.787534 193.971577 4.194615 3.665925
139.643795 4 7.787402 195.369014 4.194647 3.664375
139.743795 4 7.787278 196.691961 4.194678 3.662917
139.843795 4 7.787160 197.943642 4.194706 3.661546
139.943795 4 7.787050 199.127234 4.194733 3.660258
140.043795 4 7.786945 200.245851 4.194758 3.659048
140.143795 4 7.786847 201.302536 4.194781 3.657911
140.243795 4 7.786661 203.304871 4.194825 3.655773
140.343795 4 7.786497 205.079736 4.194863 3.653895
140.443795 4 7.786353 206.650465 4.194897 3.652247
140.543795 4 7.786225 208.038590 4.194926 3.650800
140.643795 4 7.786112 209.263832 4.194952 3.649532
140.743795 4 7.786014 210.344137 4.194975 3.648419
140.843795 4 7.785839 212.253325 4.195014 3.646467
140.943795 4 7.785708 213.700976 4.195043 3.644998
141.043795 4 7.785608 214.795679 4.195065 3.643894
141.143795 4 7.785458 216.452291 4.195099 3.642234
