t Ka M R logL logTeff
150.252890 1 0.900084 0.802604 -0.376456 3.714776
300.506003 1 0.900083 0.804540 -0.373864 3.714901
450.759340 1 0.900083 0.806482 -0.371215 3.715040
601.012904 1 0.900083 0.808431 -0.368509 3.715192
751.266697 1 0.900082 0.810389 -0.365747 3.715357
901.520721 1 0.900082 0.812356 -0.362929 3.715535
1051.774978 1 0.900082 0.814333 -0.360055 3.715726
1202.029471 1 0.900081 0.816322 -0.357124 3.715929
1352.284202 1 0.900081 0.818322 -0.354137 3.716144
1502.539173 1 0.900080 0.820336 -0.351094 3.716371
1652.794388 1 0.900080 0.822364 -0.347995 3.716610
1803.049849 1 0.900080 0.824407 -0.344839 3.716860
1953.305557 1 0.900079 0.826466 -0.341626 3.717121
2103.561517 1 0.900079 0.828543 -0.338358 3.717394
2253.817732 1 0.900079 0.830637 -0.335033 3.717677
2404.074203 1 0.900078 0.832751 -0.331652 3.717970
2554.330933 1 0.900078 0.834885 -0.328214 3.718274
2704.587927 1 0.900077 0.837041 -0.324720 3.718587
2854.845187 1 0.900077 0.839218 -0.321170 3.718911
3005.102716 1 0.900077 0.841420 -0.317564 3.719243
3155.360518 1 0.900076 0.843646 -0.313901 3.719585
3305.618596 1 0.900076 0.845897 -0.310182 3.719936
3455.876954 1 0.900075 0.848176 -0.306406 3.720296
3606.135595 1 0.900075 0.850483 -0.302575 3.720664
3756.394522 1 0.900074 0.852818 -0.298687 3.721041
3906.653740 1 0.900074 0.855184 -0.294742 3.721425
4056.913253 1 0.900073 0.857582 -0.290741 3.721817
4207.173064 1 0.900073 0.860012 -0.286684 3.722217
4357.433178 1 0.900073 0.862476 -0.282571 3.722624
4507.693599 1 0.900072 0.864975 -0.278401 3.723038
4657.954331 1 0.900072 0.867510 -0.274175 3.723459
4808.215379 1 0.900071 0.870084 -0.269893 3.723887
4958.476747 1 0.900071 0.872696 -0.265554 3.724321
5108.738440 1 0.900070 0.875348 -0.261159 3.724761
5259.000463 1 0.900070 0.878042 -0.256707 3.725206
5409.262821 1 0.900069 0.880779 -0.252199 3.725657
5559.525519 1 0.900069 0.883560 -0.247634 3.726114
5709.788562 1 0.900068 0.886387 -0.243013 3.726576
5860.051956 1 0.900068 0.889261 -0.238335 3.727042
6010.315706 1 0.900067 0.892184 -0.233601 3.727513
6160.579819 1 0.900066 0.895157 -0.228810 3.727988
6310.844299 1 0.900066 0.898183 -0.223962 3.728468
6461.109153 1 0.900065 0.901262 -0.219057 3.728951
6611.374387 1 0.900065 0.904396 -0.214095 3.729438
6761.640008 1 0.900064 0.907587 -0.209076 3.729928
6911.906023 1 0.900063 0.910837 -0.203999 3.730420
7062.172437 1 0.900063 0.914148 -0.198865 3.730916
7212.439259 1 0.900062 0.917522 -0.193673 3.731414
7362.706495 1 0.900062 0.920960 -0.188423 3.731914
7512.974153 1 0.900061 0.924467 -0.183114 3.732416
7663.242240 1 0.900060 0.928042 -0.177747 3.732920
7813.510765 1 0.900060 0.931690 -0.172320 3.733425
7963.779736 1 0.900059 0.935413 -0.166833 3.733930
8114.049160 1 0.900058 0.939214 -0.161287 3.734437
8264.319047 1 0.900057 0.943095 -0.155679 3.734943
8414.589406 1 0.900057 0.947061 -0.150009 3.735449
8564.860245 1 0.900056 0.951114 -0.144277 3.735955
8715.131575 1 0.900055 0.955258 -0.138481 3.736460
8865.403405 1 0.900054 0.959498 -0.132621 3.736963
9015.675745 1 0.900054 0.963838 -0.126695 3.737465
9165.948606 1 0.900053 0.968283 -0.120702 3.737964
9316.221998 1 0.900052 0.972837 -0.114639 3.738461
9466.495933 1 0.900051 0.977507 -0.108507 3.738954
9616.770423 1 0.900050 0.982299 -0.102302 3.739443
9767.045479 1 0.900049 0.987220 -0.096023 3.739928
9917.321113 1 0.900049 0.992276 -0.089666 3.740408
10067.597339 1 0.900048 0.997477 -0.083230 3.740882
10217.874171 1 0.900047 1.002831 -0.076711 3.741349
10368.151621 1 0.900046 1.008347 -0.070106 3.741809
10518.429704 1 0.900045 1.014036 -0.063412 3.742261
10668.708435 1 0.900044 1.019911 -0.056624 3.742704
10818.987830 1 0.900043 1.025983 -0.049738 3.743136
10969.267905 1 0.900042 1.032267 -0.042748 3.743557
11119.548676 1 0.900041 1.038779 -0.035650 3.743966
11269.830162 1 0.900039 1.045535 -0.028437 3.744362
11420.112380 1 0.900038 1.052554 -0.021103 3.744742
11570.395350 1 0.900037 1.059858 -0.013641 3.745107
11720.679092 1 0.900036 1.067468 -0.006042 3.745453
11870.963627 1 0.900035 1.075411 0.001702 3.745779
12021.248976 1 0.900033 1.083715 0.009601 3.746083
12171.535164 1 0.900032 1.092409 0.017665 3.746364
12321.822215 1 0.900031 1.101531 0.025906 3.746619
12472.110155 1 0.900029 1.111118 0.034335 3.746844
12622.399010 1 0.900028 1.121215 0.042967 3.747038
12772.688810 1 0.900026 1.131873 0.051816 3.747196
12922.979586 1 0.900025 1.143149 0.060899 3.747314
12998.125478 1 0.900024 1.149040 0.065533 3.747356
13073.271631 1 0.900023 1.155112 0.070231 3.747386
13148.418049 1 0.900022 1.161375 0.074998 3.747404
13223.564737 1 0.900022 1.167843 0.079833 3.747407
13298.711700 1 0.900021 1.174526 0.084742 3.747395
13373.858944 1 0.900020 1.181441 0.089725 3.747366
13449.006472 1 0.900019 1.188603 0.094786 3.747319
13524.154292 1 0.900018 1.196030 0.099928 3.747252
13599.302408 1 0.900017 1.203744 0.105154 3.747162
13674.450826 1 0.900016 1.211768 0.110467 3.747048
13749.599553 1 0.900015 1.220131 0.115871 3.746905
13824.748595 1 0.900014 1.228864 0.121368 3.746731
13899.897959 1 0.900013 1.238004 0.126962 3.746520
13975.047651 1 0.900012 1.247596 0.132658 3.746268
14050.197679 1 0.900011 1.257691 0.138458 3.745968
14125.348051 1 0.900010 1.268350 0.144367 3.745613
14200.498774 1 0.900009 1.279647 0.150389 3.745193
14275.649858 1 0.900008 1.291668 0.156528 3.744697
14350.801310 1 0.900007 1.304518 0.162789 3.744113
14388.377225 1 0.900006 1.311293 0.165966 3.743782
14425.953238 1 0.900006 1.318324 0.169176 3.743423
14463.529349 1 0.900005 1.325632 0.172419 3.743034
14501.105559 1 0.900004 1.333239 0.175694 3.742610
14538.681871 1 0.900004 1.341169 0.179004 3.742150
14576.258285 1 0.900003 1.349449 0.182349 3.741649
14613.834803 1 0.900003 1.358109 0.185728 3.741105
14651.411427 1 0.900002 1.367181 0.189144 3.740514
14688.988157 1 0.900001 1.376702 0.192596 3.739870
14726.564997 1 0.900001 1.386712 0.196086 3.739169
14764.141946 1 0.900000 1.397257 0.199613 3.738406
14801.719008 1 0.899999 1.408386 0.203180 3.737575
14839.296184 1 0.899998 1.420154 0.206786 3.736669
14876.873476 1 0.899998 1.432624 0.210432 3.735682
14914.450886 1 0.899997 1.445863 0.214118 3.734607
14942.634033 1 0.899996 1.456345 0.216911 3.733736
14963.771445 1 0.899996 1.464540 0.219021 3.733045
14995.477622 1 0.899995 1.477408 0.222211 3.731943
15027.183888 2 0.899995 1.491021 0.225432 3.730757
15030.116917 2 0.899993 1.492817 0.225950 3.730625
15038.028111 2 0.899989 1.497670 0.227347 3.730269
15045.939458 2 0.899984 1.502539 0.228743 3.729913
15053.850959 2 0.899980 1.507425 0.230140 3.729558
15061.762615 2 0.899975 1.512325 0.231537 3.729202
15069.674428 2 0.899971 1.517242 0.232933 3.728846
15077.586397 2 0.899966 1.522175 0.234330 3.728491
15085.498524 2 0.899962 1.527124 0.235727 3.728135
15093.410810 2 0.899957 1.532089 0.237123 3.727779
15101.323256 2 0.899952 1.537070 0.238520 3.727424
15109.235863 2 0.899948 1.542068 0.239917 3.727068
15117.148633 2 0.899943 1.547081 0.241314 3.726712
15125.061566 2 0.899938 1.552111 0.242710 3.726357
15132.974663 2 0.899933 1.557157 0.244107 3.726001
15140.887925 2 0.899929 1.562220 0.245504 3.725645
15148.801354 2 0.899924 1.567299 0.246901 3.725290
15156.714951 2 0.899919 1.572395 0.248298 3.724934
15164.628716 2 0.899914 1.577507 0.249695 3.724579
15172.542651 2 0.899909 1.582636 0.251091 3.724223
15180.456756 2 0.899904 1.587781 0.252488 3.723867
15188.371034 2 0.899899 1.592943 0.253885 3.723512
15196.285485 2 0.899894 1.598123 0.255282 3.723156
15204.200110 2 0.899889 1.603318 0.256679 3.722801
15212.114910 2 0.899884 1.608531 0.258076 3.722445
15220.029887 2 0.899879 1.613761 0.259473 3.722089
15227.945042 2 0.899874 1.619008 0.260871 3.721734
15235.860375 2 0.899868 1.624271 0.262268 3.721378
15243.775889 2 0.899863 1.629552 0.263665 3.721023
15251.691584 2 0.899858 1.634850 0.265062 3.720667
15259.607461 2 0.899853 1.640166 0.266459 3.720311
15267.523521 2 0.899847 1.645498 0.267856 3.719956
15275.439767 2 0.899842 1.650848 0.269254 3.719600
15283.356198 2 0.899837 1.656216 0.270651 3.719245
15291.272817 2 0.899831 1.661601 0.272048 3.718889
15299.189624 2 0.899826 1.667003 0.273445 3.718534
15307.106620 2 0.899820 1.672423 0.274843 3.718178
15315.023808 2 0.899815 1.677860 0.276240 3.717823
15322.941187 2 0.899809 1.683316 0.277638 3.717467
15330.858760 2 0.899803 1.688789 0.279035 3.717112
15338.776528 2 0.899798 1.694279 0.280432 3.716756
15346.694492 2 0.899792 1.699788 0.281830 3.716401
15354.612653 2 0.899786 1.705315 0.283228 3.716045
15362.531012 2 0.899781 1.710859 0.284625 3.715690
15370.449571 2 0.899775 1.716422 0.286023 3.715334
15378.368332 2 0.899769 1.722003 0.287420 3.714979
15386.287295 2 0.899763 1.727601 0.288818 3.714623
15394.206461 2 0.899757 1.733219 0.290216 3.714268
15402.125833 2 0.899751 1.738854 0.291613 3.713912
15410.045411 2 0.899745 1.744508 0.293011 3.713557
15417.965197 2 0.899739 1.750180 0.294409 3.713201
15425.885192 2 0.899733 1.755870 0.295807 3.712846
15433.805398 2 0.899727 1.761579 0.297205 3.712491
15441.725815 2 0.899721 1.767307 0.298603 3.712135
15449.646446 2 0.899715 1.773053 0.300001 3.711780
15457.567292 2 0.899708 1.778818 0.301399 3.711424
15465.488353 2 0.899702 1.784602 0.302797 3.711069
15473.409633 2 0.899696 1.790405 0.304195 3.710714
15481.331131 2 0.899690 1.796226 0.305593 3.710358
15489.252849 2 0.899683 1.802066 0.306991 3.710003
15497.174790 2 0.899677 1.807926 0.308389 3.709648
15505.096953 2 0.899670 1.813804 0.309788 3.709292
15513.019342 2 0.899664 1.819702 0.311186 3.708937
15520.941957 2 0.899657 1.825619 0.312584 3.708582
15528.864799 2 0.899651 1.831555 0.313983 3.708226
15536.787871 2 0.899644 1.837510 0.315381 3.707871
15544.711173 2 0.899637 1.843485 0.316779 3.707516
15552.634707 2 0.899630 1.849479 0.318178 3.707160
15560.558476 2 0.899624 1.855493 0.319576 3.706805
15568.482479 2 0.899617 1.861526 0.320975 3.706450
15576.406720 2 0.899610 1.867579 0.322374 3.706094
15584.331198 2 0.899603 1.873652 0.323772 3.705739
15592.255917 2 0.899596 1.879744 0.325171 3.705384
15600.180877 2 0.899589 1.885857 0.326570 3.705029
15608.106081 2 0.899582 1.891989 0.327969 3.704673
15616.031529 2 0.899575 1.898141 0.329368 3.704318
15623.957223 2 0.899568 1.904313 0.330767 3.703963
15631.883166 2 0.899561 1.910506 0.332166 3.703608
15639.809358 2 0.899553 1.916718 0.333565 3.703253
15647.735801 2 0.899546 1.922951 0.334964 3.702897
15655.662497 2 0.899539 1.929204 0.336363 3.702542
15663.589447 2 0.899531 1.935477 0.337762 3.702187
15671.516654 2 0.899524 1.941771 0.339162 3.701832
15679.444118 2 0.899517 1.948085 0.340561 3.701477
15687.371842 2 0.899509 1.954420 0.341960 3.701122
15695.299828 2 0.899501 1.960775 0.343360 3.700767
15703.228076 2 0.899494 1.967152 0.344759 3.700411
15711.156589 2 0.899486 1.973549 0.346159 3.700056
15719.085369 2 0.899478 1.979966 0.347558 3.699701
15727.014416 2 0.899471 1.986405 0.348958 3.699346
15734.943734 2 0.899463 1.992865 0.350358 3.698991
15742.873324 2 0.899455 1.999346 0.351758 3.698636
15750.803187 2 0.899447 2.005847 0.353158 3.698281
15758.733325 2 0.899439 2.012370 0.354557 3.697926
15766.663741 2 0.899431 2.018915 0.355957 3.697571
15774.594435 2 0.899423 2.025480 0.357358 3.697216
15782.525410 2 0.899415 2.032067 0.358758 3.696861
15790.456668 2 0.899407 2.038676 0.360158 3.696506
15798.388211 2 0.899398 2.045306 0.361558 3.696151
15806.320040 2 0.899390 2.051957 0.362959 3.695796
15814.252157 2 0.899382 2.058631 0.364359 3.695441
15819.243650 3 0.899376 2.062853 0.365245 3.695218
15822.331376 3 0.899373 2.067687 0.367252 3.695211
15830.335863 3 0.899365 2.080365 0.372490 3.695193
15838.260306 3 0.899356 2.093130 0.377727 3.695174
15846.105504 3 0.899347 2.105984 0.382965 3.695154
15853.872251 3 0.899338 2.118927 0.388203 3.695133
15861.561329 3 0.899330 2.131960 0.393441 3.695111
15869.173517 3 0.899321 2.145083 0.398678 3.695088
15876.709584 3 0.899312 2.158298 0.403916 3.695064
15884.170289 3 0.899303 2.171604 0.409154 3.695039
15891.556388 3 0.899293 2.185003 0.414392 3.695012
15898.868625 3 0.899284 2.198495 0.419629 3.694985
15906.107740 3 0.899275 2.212081 0.424867 3.694957
15913.274464 3 0.899266 2.225761 0.430105 3.694928
15920.369521 3 0.899256 2.239537 0.435343 3.694897
15927.393627 3 0.899247 2.253409 0.440581 3.694866
15934.347492 3 0.899237 2.267378 0.445818 3.694833
15941.231819 3 0.899227 2.281445 0.451056 3.694800
15948.047302 3 0.899218 2.295610 0.456294 3.694765
15954.794630 3 0.899208 2.309874 0.461532 3.694729
15961.474485 3 0.899198 2.324238 0.466769 3.694693
15968.087542 3 0.899188 2.338703 0.472007 3.694655
15974.634468 3 0.899178 2.353269 0.477245 3.694616
15981.115924 3 0.899167 2.367938 0.482483 3.694576
15987.532566 3 0.899157 2.382709 0.487720 3.694535
15993.885042 3 0.899147 2.397584 0.492958 3.694493
16000.173993 3 0.899136 2.412564 0.498196 3.694450
16006.400054 3 0.899126 2.427650 0.503434 3.694406
16012.563855 3 0.899115 2.442842 0.508671 3.694361
16018.666018 3 0.899105 2.458140 0.513909 3.694315
16024.707159 3 0.899094 2.473547 0.519147 3.694267
16030.687889 3 0.899083 2.489063 0.524385 3.694219
16036.608811 3 0.899072 2.504688 0.529623 3.694169
16042.470525 3 0.899061 2.520423 0.534860 3.694119
16048.273621 3 0.899050 2.536270 0.540098 3.694067
16054.018686 3 0.899038 2.552229 0.545336 3.694015
16059.706300 3 0.899027 2.568301 0.550574 3.693961
16065.337039 3 0.899016 2.584487 0.555811 3.693906
16070.911470 3 0.899004 2.600788 0.561049 3.693850
16076.430156 3 0.898993 2.617205 0.566287 3.693793
16081.893656 3 0.898981 2.633738 0.571525 3.693735
16087.302521 3 0.898969 2.650389 0.576762 3.693676
16092.657297 3 0.898957 2.667158 0.582000 3.693616
16097.958525 3 0.898945 2.684046 0.587238 3.693555
16103.206742 3 0.898933 2.701055 0.592476 3.693493
16108.402475 3 0.898921 2.718185 0.597714 3.693429
16113.546252 3 0.898908 2.735438 0.602951 3.693365
16118.638591 3 0.898896 2.752813 0.608189 3.693299
16123.680006 3 0.898884 2.770313 0.613427 3.693233
16128.671008 3 0.898871 2.787938 0.618665 3.693165
16133.612099 3 0.898858 2.805689 0.623902 3.693096
16138.503779 3 0.898845 2.823567 0.629140 3.693027
16143.346543 3 0.898832 2.841573 0.634378 3.692956
16148.140879 3 0.898819 2.859708 0.639616 3.692884
16152.887271 3 0.898806 2.877973 0.644853 3.692811
16157.586200 3 0.898793 2.896369 0.650091 3.692736
16162.238139 3 0.898779 2.914897 0.655329 3.692661
16166.843559 3 0.898766 2.933559 0.660567 3.692585
16171.402925 3 0.898752 2.952355 0.665804 3.692507
16175.916697 3 0.898739 2.971286 0.671042 3.692429
16180.385332 3 0.898725 2.990353 0.676280 3.692349
16184.809280 3 0.898711 3.009558 0.681518 3.692269
16189.188988 3 0.898697 3.028902 0.686756 3.692187
16193.524900 3 0.898682 3.048385 0.691993 3.692104
16197.817452 3 0.898668 3.068008 0.697231 3.692020
16202.067079 3 0.898654 3.087774 0.702469 3.691935
16206.274209 3 0.898639 3.107683 0.707707 3.691849
16210.439269 3 0.898624 3.127735 0.712944 3.691762
16214.562677 3 0.898610 3.147933 0.718182 3.691673
16218.644852 3 0.898595 3.168277 0.723420 3.691584
16222.686205 3 0.898580 3.188769 0.728658 3.691493
16226.687144 3 0.898564 3.209409 0.733895 3.691402
16230.648074 3 0.898549 3.230199 0.739133 3.691309
16234.569395 3 0.898534 3.251141 0.744371 3.691215
16238.451502 3 0.898518 3.272234 0.749609 3.691121
16242.294788 3 0.898502 3.293481 0.754846 3.691025
16246.099642 3 0.898486 3.314883 0.760084 3.690928
16249.866447 3 0.898470 3.336441 0.765322 3.690829
16253.595584 3 0.898454 3.358156 0.770560 3.690730
16257.287429 3 0.898438 3.380029 0.775798 3.690630
16260.942356 3 0.898422 3.402062 0.781035 3.690528
16264.560734 3 0.898405 3.424255 0.786273 3.690426
16268.142928 3 0.898388 3.446611 0.791511 3.690322
16271.689300 3 0.898371 3.469131 0.796749 3.690217
16275.200208 3 0.898354 3.491815 0.801986 3.690112
16278.676008 3 0.898337 3.514666 0.807224 3.690005
16282.117049 3 0.898320 3.537684 0.812462 3.689897
16285.523680 3 0.898303 3.560871 0.817700 3.689787
16288.896244 3 0.898285 3.584227 0.822937 3.689677
16292.235083 3 0.898267 3.607756 0.828175 3.689566
16295.540534 3 0.898249 3.631457 0.833413 3.689453
16298.812930 3 0.898231 3.655333 0.838651 3.689340
16302.052602 3 0.898213 3.679384 0.843889 3.689225
16305.259877 3 0.898195 3.703612 0.849126 3.689109
16308.435080 3 0.898176 3.728019 0.854364 3.688993
16311.578530 3 0.898158 3.752605 0.859602 3.688875
16314.690546 3 0.898139 3.777373 0.864840 3.688756
16317.771442 3 0.898120 3.802324 0.870077 3.688635
16320.821529 3 0.898101 3.827459 0.875315 3.688514
16323.841115 3 0.898082 3.852780 0.880553 3.688392
16326.830506 3 0.898062 3.878288 0.885791 3.688268
16329.790002 3 0.898042 3.903984 0.891028 3.688144
16332.719903 3 0.898023 3.929871 0.896266 3.688018
16335.620505 3 0.898003 3.955950 0.901504 3.687891
16338.492102 3 0.897982 3.982222 0.906742 3.687763
16341.334982 3 0.897962 4.008689 0.911979 3.687634
16344.149434 3 0.897942 4.035353 0.917217 3.687504
16346.935741 3 0.897921 4.062214 0.922455 3.687373
16349.694185 3 0.897900 4.089275 0.927693 3.687241
16352.425044 3 0.897879 4.116538 0.932931 3.687107
16355.128595 3 0.897858 4.144003 0.938168 3.686973
16357.805110 3 0.897836 4.171673 0.943406 3.686837
16360.454861 3 0.897815 4.199548 0.948644 3.686700
16363.078113 3 0.897793 4.227632 0.953882 3.686562
16365.675134 3 0.897771 4.255925 0.959119 3.686423
16368.246184 3 0.897749 4.284430 0.964357 3.686283
16370.791523 3 0.897726 4.313147 0.969595 3.686142
16373.311409 3 0.897704 4.342079 0.974833 3.686000
16375.806097 3 0.897681 4.371227 0.980070 3.685856
16378.275837 3 0.897658 4.400593 0.985308 3.685712
16380.720880 3 0.897635 4.430180 0.990546 3.685566
16383.141473 3 0.897611 4.459988 0.995784 3.685420
16385.537859 3 0.897588 4.490019 1.001022 3.685272
16387.910282 3 0.897564 4.520275 1.006259 3.685123
16390.258980 3 0.897540 4.550759 1.011497 3.684973
16392.584192 3 0.897516 4.581472 1.016735 3.684822
16394.886151 3 0.897491 4.612415 1.021973 3.684670
16397.165091 3 0.897467 4.643591 1.027210 3.684516
16399.421242 3 0.897442 4.675002 1.032448 3.684362
16401.654831 3 0.897417 4.706649 1.037686 3.684206
16403.866084 3 0.897391 4.738535 1.042924 3.684049
16406.055224 3 0.897366 4.770661 1.048161 3.683892
16408.222473 3 0.897340 4.803029 1.053399 3.683733
16410.368050 3 0.897314 4.835641 1.058637 3.683573
16412.492171 3 0.897288 4.868500 1.063875 3.683412
16414.595050 3 0.897262 4.901607 1.069112 3.683249
16416.676901 3 0.897235 4.934964 1.074350 3.683086
16418.737934 3 0.897208 4.968573 1.079588 3.682922
16420.778356 3 0.897181 5.002437 1.084826 3.682756
16422.798373 3 0.897154 5.036558 1.090064 3.682590
16424.798191 3 0.897126 5.070937 1.095301 3.682422
16426.778011 3 0.897098 5.105576 1.100539 3.682253
16428.738032 3 0.897070 5.140479 1.105777 3.682083
16430.678453 3 0.897042 5.175646 1.111015 3.681912
16432.599470 3 0.897013 5.211080 1.116252 3.681740
16434.501276 3 0.896984 5.246784 1.121490 3.681567
16436.384065 3 0.896955 5.282759 1.126728 3.681392
16438.248026 3 0.896925 5.319008 1.131966 3.681217
16440.093347 3 0.896896 5.355533 1.137203 3.681040
16441.920215 3 0.896866 5.392336 1.142441 3.680862
16443.728814 3 0.896836 5.429420 1.147679 3.680684
16445.519327 3 0.896805 5.466787 1.152917 3.680504
16447.291935 3 0.896775 5.504438 1.158155 3.680323
16449.046817 3 0.896744 5.542377 1.163392 3.680141
16450.784150 3 0.896712 5.580606 1.168630 3.679957
16452.504110 3 0.896681 5.619127 1.173868 3.679773
16454.206870 3 0.896649 5.657943 1.179106 3.679588
16455.892603 3 0.896617 5.697056 1.184343 3.679401
16457.561478 3 0.896584 5.736468 1.189581 3.679214
16459.213665 3 0.896552 5.776183 1.194819 3.679025
16460.849330 3 0.896519 5.816201 1.200057 3.678835
16462.468638 3 0.896485 5.856527 1.205294 3.678644
16464.071753 3 0.896452 5.897162 1.210532 3.678452
16465.658836 3 0.896418 5.938109 1.215770 3.678259
16467.230049 3 0.896384 5.979371 1.221008 3.678065
16468.785550 3 0.896349 6.020950 1.226245 3.677869
16470.325496 3 0.896314 6.062849 1.231483 3.677673
16471.850043 3 0.896279 6.105070 1.236721 3.677475
16473.359344 3 0.896244 6.147616 1.241959 3.677277
16474.853551 3 0.896208 6.190491 1.247197 3.677077
16476.332817 3 0.896172 6.233695 1.252434 3.676876
16477.797290 3 0.896135 6.277233 1.257672 3.676674
16479.247119 3 0.896098 6.321107 1.262910 3.676471
16480.682449 3 0.896061 6.365320 1.268148 3.676267
16482.103426 3 0.896024 6.409874 1.273385 3.676062
16483.510193 3 0.895986 6.454772 1.278623 3.675856
16484.902892 3 0.895948 6.500018 1.283861 3.675649
16486.281665 3 0.895910 6.545614 1.289099 3.675440
16487.646650 3 0.895871 6.591563 1.294336 3.675230
16488.997984 3 0.895832 6.637868 1.299574 3.675020
16490.335806 3 0.895792 6.684532 1.304812 3.674808
16491.660249 3 0.895752 6.731558 1.310050 3.674595
16492.971448 3 0.895712 6.778949 1.315288 3.674381
16494.269535 3 0.895671 6.826707 1.320525 3.674166
16495.554641 3 0.895630 6.874837 1.325763 3.673950
16496.826896 3 0.895589 6.923341 1.331001 3.673733
16498.086428 3 0.895547 6.972222 1.336239 3.673515
16499.333365 3 0.895505 7.021483 1.341476 3.673295
16500.567833 3 0.895463 7.071128 1.346714 3.673075
16501.789956 3 0.895420 7.121159 1.351952 3.672853
16502.999858 3 0.895377 7.171580 1.357190 3.672631
16504.197661 3 0.895333 7.222395 1.362427 3.672407
16505.383485 3 0.895289 7.273605 1.367665 3.672182
16506.557452 3 0.895244 7.325216 1.372903 3.671956
16507.719679 3 0.895199 7.377230 1.378141 3.671729
16508.870283 3 0.895154 7.429650 1.383378 3.671501
16510.009382 3 0.895108 7.482479 1.388616 3.671272
16511.137089 3 0.895062 7.535723 1.393854 3.671042
16512.253520 3 0.895016 7.589382 1.399092 3.670810
16513.358786 3 0.894969 7.643462 1.404330 3.670578
16514.453000 3 0.894921 7.697966 1.409567 3.670344
16515.536271 3 0.894873 7.752897 1.414805 3.670110
16516.608710 3 0.894825 7.808258 1.420043 3.669874
16517.670424 3 0.894776 7.864054 1.425281 3.669637
16518.721521 3 0.894727 7.920288 1.430518 3.669400
16519.762107 3 0.894678 7.976964 1.435756 3.669161
16520.792287 3 0.894627 8.034085 1.440994 3.668921
16521.812166 3 0.894577 8.091655 1.446232 3.668680
16522.821846 3 0.894526 8.149678 1.451469 3.668438
16523.821428 3 0.894474 8.208158 1.456707 3.668195
16524.811015 3 0.894422 8.267099 1.461945 3.667950
16525.790707 3 0.894370 8.326503 1.467183 3.667705
16526.760601 3 0.894317 8.386376 1.472421 3.667459
16527.720796 3 0.894264 8.446721 1.477658 3.667211
16528.671390 3 0.894210 8.507543 1.482896 3.666962
16529.612477 3 0.894155 8.568844 1.488134 3.666713
16530.544154 3 0.894100 8.630630 1.493372 3.666462
16531.466514 3 0.894045 8.692904 1.498609 3.666210
16532.379650 3 0.893989 8.755671 1.503847 3.665958
16533.283655 3 0.893932 8.818934 1.509085 3.665704
16534.178619 3 0.893875 8.882698 1.514323 3.665449
16535.064635 3 0.893818 8.946966 1.519560 3.665193
16535.941790 3 0.893760 9.011744 1.524798 3.664936
16536.810173 3 0.893701 9.077036 1.530036 3.664678
16537.669873 3 0.893642 9.142845 1.535274 3.664418
16538.520975 3 0.893582 9.209176 1.540511 3.664158
16539.363567 3 0.893522 9.276034 1.545749 3.663897
16540.197733 3 0.893461 9.343423 1.550987 3.663634
16541.023557 3 0.893400 9.411348 1.556225 3.663371
16541.841122 3 0.893338 9.479812 1.561463 3.663106
16542.650513 3 0.893275 9.548821 1.566700 3.662841
16543.451809 3 0.893212 9.618379 1.571938 3.662574
16544.245092 3 0.893148 9.688492 1.577176 3.662306
16545.030442 3 0.893084 9.759162 1.582414 3.662038
16545.807939 3 0.893019 9.830396 1.587651 3.661768
16546.577661 3 0.892953 9.902198 1.592889 3.661497
16547.339686 3 0.892887 9.974573 1.598127 3.661225
16548.094091 3 0.892820 10.047526 1.603365 3.660952
16548.840951 3 0.892753 10.121061 1.608602 3.660678
16549.580343 3 0.892685 10.195183 1.613840 3.660403
16550.312341 3 0.892616 10.269898 1.619078 3.660127
16551.037019 3 0.892547 10.345211 1.624316 3.659850
16551.754450 3 0.892476 10.421126 1.629553 3.659572
16552.464707 3 0.892406 10.497649 1.634791 3.659292
16553.167861 3 0.892334 10.574785 1.640029 3.659012
16553.863984 3 0.892262 10.652539 1.645267 3.658731
16554.553145 3 0.892190 10.730916 1.650505 3.658448
16555.235415 3 0.892116 10.809921 1.655742 3.658165
16555.910862 3 0.892042 10.889561 1.660980 3.657880
16556.579555 3 0.891967 10.969840 1.666218 3.657595
16557.241561 3 0.891892 11.050764 1.671456 3.657308
16557.896947 3 0.891816 11.132339 1.676693 3.657021
16558.545779 3 0.891739 11.214569 1.681931 3.656732
16559.188122 3 0.891661 11.297460 1.687169 3.656442
16559.824042 3 0.891583 11.381019 1.692407 3.656152
16560.453603 3 0.891504 11.465250 1.697644 3.655860
16561.076869 3 0.891424 11.550160 1.702882 3.655567
16561.693901 3 0.891343 11.635754 1.708120 3.655273
16562.304764 3 0.891262 11.722038 1.713358 3.654978
16562.909517 3 0.891179 11.809018 1.718596 3.654683
16563.508223 3 0.891096 11.896700 1.723833 3.654386
16564.100943 3 0.891013 11.985090 1.729071 3.654088
16564.687735 3 0.890928 12.074194 1.734309 3.653789
16565.268659 3 0.890843 12.164018 1.739547 3.653489
16565.843773 3 0.890756 12.254568 1.744784 3.653188
16566.413137 3 0.890669 12.345851 1.750022 3.652886
16566.976807 3 0.890581 12.437873 1.755260 3.652582
16567.534840 3 0.890493 12.530640 1.760498 3.652278
16568.087293 3 0.890403 12.624158 1.765735 3.651973
16568.634222 3 0.890313 12.718434 1.770973 3.651667
16569.175681 3 0.890221 12.813474 1.776211 3.651360
16569.711725 3 0.890129 12.909285 1.781449 3.651052
16570.242409 3 0.890036 13.005874 1.786686 3.650742
16570.767787 3 0.889942 13.103247 1.791924 3.650432
16571.287910 3 0.889847 13.201411 1.797162 3.650121
16571.802832 3 0.889752 13.300373 1.802400 3.649809
16572.312605 3 0.889655 13.400140 1.807638 3.649495
16572.817281 3 0.889557 13.500718 1.812875 3.649181
16573.316909 3 0.889459 13.602114 1.818113 3.648866
16573.811542 3 0.889359 13.704336 1.823351 3.648549
16574.301227 3 0.889259 13.807391 1.828589 3.648232
16574.786017 3 0.889157 13.911285 1.833826 3.647914
16575.265958 3 0.889055 14.016027 1.839064 3.647594
16575.741099 3 0.888951 14.121622 1.844302 3.647274
16576.211490 3 0.888847 14.228080 1.849540 3.646952
16576.677176 3 0.888741 14.335407 1.854777 3.646630
16577.138206 3 0.888635 14.443610 1.860015 3.646306
16577.594625 3 0.888528 14.552697 1.865253 3.645982
16578.046480 3 0.888419 14.662677 1.870491 3.645657
16578.493817 3 0.888309 14.773555 1.875729 3.645330
16578.936680 3 0.888199 14.885342 1.880966 3.645003
16579.375115 3 0.888087 14.998043 1.886204 3.644674
16579.809165 3 0.887974 15.111667 1.891442 3.644345
16580.238875 3 0.887860 15.226222 1.896680 3.644014
16580.664287 3 0.887745 15.341717 1.901917 3.643683
16581.085446 3 0.887629 15.458158 1.907155 3.643350
16581.502393 3 0.887512 15.575555 1.912393 3.643017
16581.915170 3 0.887393 15.693916 1.917631 3.642683
16582.323820 3 0.887274 15.813249 1.922868 3.642347
16582.728383 3 0.887153 15.933562 1.928106 3.642011
16583.128900 3 0.887031 16.054864 1.933344 3.641673
16583.525413 3 0.886908 16.177164 1.938582 3.641335
16583.917960 3 0.886784 16.300469 1.943819 3.640995
16584.306582 3 0.886658 16.424790 1.949057 3.640655
16584.691317 3 0.886532 16.550135 1.954295 3.640314
16585.072205 3 0.886404 16.676512 1.959533 3.639971
16585.449285 3 0.886274 16.803930 1.964771 3.639628
16585.822593 3 0.886144 16.932400 1.970008 3.639283
16586.192169 3 0.886012 17.061929 1.975246 3.638938
16586.558048 3 0.885879 17.192527 1.980484 3.638592
16586.920269 3 0.885744 17.324204 1.985722 3.638244
16587.278868 3 0.885609 17.456968 1.990959 3.637896
16587.633880 3 0.885472 17.590830 1.996197 3.637547
16587.985343 3 0.885333 17.725798 2.001435 3.637196
16588.333291 3 0.885193 17.861883 2.006673 3.636845
16588.677759 3 0.885052 17.999094 2.011910 3.636493
16589.018783 3 0.884910 18.137441 2.017148 3.636140
16589.356397 3 0.884766 18.276934 2.022386 3.635785
16589.690634 3 0.884620 18.417583 2.027624 3.635430
16590.021529 3 0.884473 18.559397 2.032862 3.635074
16590.349115 3 0.884325 18.702388 2.038099 3.634717
16590.673425 3 0.884175 18.846566 2.043337 3.634359
16590.994492 3 0.884024 18.991941 2.048575 3.634000
16591.312349 3 0.883871 19.138522 2.053813 3.633640
16591.627027 3 0.883717 19.286322 2.059050 3.633278
16591.938558 3 0.883561 19.435351 2.064288 3.632916
16592.246974 3 0.883404 19.585619 2.069526 3.632553
16592.552305 3 0.883245 19.737137 2.074764 3.632189
16592.854584 3 0.883085 19.889916 2.080001 3.631824
16593.153839 3 0.882923 20.043968 2.085239 3.631459
16593.450102 3 0.882759 20.199303 2.090477 3.631092
16593.743402 3 0.882594 20.355933 2.095715 3.630724
16594.033770 3 0.882427 20.513869 2.100952 3.630355
16594.321233 3 0.882258 20.673123 2.106190 3.629985
16594.605822 3 0.882088 20.833705 2.111428 3.629614
16594.887565 3 0.881916 20.995629 2.116666 3.629243
16595.166491 3 0.881742 21.158906 2.121904 3.628870
16595.442628 3 0.881566 21.323547 2.127141 3.628496
16595.716003 3 0.881389 21.489565 2.132379 3.628122
16595.986644 3 0.881210 21.656972 2.137617 3.627746
16596.254579 3 0.881029 21.825780 2.142855 3.627369
16596.519834 3 0.880847 21.996001 2.148092 3.626992
16596.782438 3 0.880662 22.167648 2.153330 3.626613
16597.042414 3 0.880476 22.340734 2.158568 3.626234
16597.299792 3 0.880288 22.515271 2.163806 3.625853
16597.554595 3 0.880098 22.691272 2.169043 3.625472
16597.806851 3 0.879906 22.868750 2.174281 3.625090
16598.056583 3 0.879712 23.047718 2.179519 3.624706
16598.303819 3 0.879516 23.228189 2.184757 3.624322
16598.548582 3 0.879318 23.410177 2.189995 3.623937
16598.790898 3 0.879118 23.593695 2.195232 3.623551
16599.030790 3 0.878917 23.778757 2.200470 3.623163
16599.268283 3 0.878713 23.965376 2.205708 3.622775
16599.503402 3 0.878507 24.153567 2.210946 3.622386
16599.736169 3 0.878299 24.343342 2.216183 3.621996
16599.966609 3 0.878089 24.534717 2.221421 3.621605
16600.194744 3 0.877876 24.727705 2.226659 3.621213
16600.420598 3 0.877662 24.922321 2.231897 3.620820
16600.644194 3 0.877445 25.118579 2.237134 3.620427
16600.865553 3 0.877227 25.316494 2.242372 3.620032
16601.084699 3 0.877006 25.516081 2.247610 3.619636
16601.301653 3 0.876782 25.717355 2.252848 3.619239
16601.516438 3 0.876557 25.920330 2.258085 3.618842
16601.729075 3 0.876329 26.125022 2.263323 3.618443
16601.939586 3 0.876099 26.331447 2.268561 3.618043
16602.147991 3 0.875866 26.539619 2.273799 3.617643
16602.354312 3 0.875631 26.749554 2.279037 3.617241
16602.558571 3 0.875394 26.961268 2.284274 3.616839
16602.760786 3 0.875154 27.174778 2.289512 3.616436
16602.960980 3 0.874912 27.390098 2.294750 3.616031
16603.159171 3 0.874668 27.607246 2.299988 3.615626
16603.355381 3 0.874420 27.826238 2.305225 3.615220
16603.549629 3 0.874171 28.047089 2.310463 3.614812
16603.741934 3 0.873919 28.269818 2.315701 3.614404
16603.932316 3 0.873664 28.494441 2.320939 3.613995
16604.120794 3 0.873406 28.720975 2.326176 3.613585
16604.307387 3 0.873146 28.949436 2.331414 3.613174
16604.492115 3 0.872884 29.179843 2.336652 3.612762
16604.674995 3 0.872618 29.412213 2.341890 3.612349
16604.856046 3 0.872350 29.646564 2.347128 3.611935
16605.035287 3 0.872079 29.882913 2.352365 3.611520
16605.212736 3 0.871805 30.121279 2.357603 3.611105
16605.388410 3 0.871529 30.361679 2.362841 3.610688
16605.562327 3 0.871249 30.604133 2.368079 3.610270
16605.734505 3 0.870967 30.848658 2.373316 3.609852
16605.904961 3 0.870682 31.095274 2.378554 3.609432
16606.073713 3 0.870394 31.343999 2.383792 3.609011
16606.240777 3 0.870102 31.594852 2.389030 3.608590
16606.406171 3 0.869808 31.847854 2.394267 3.608167
16606.569911 3 0.869511 32.103022 2.399505 3.607744
16606.732013 3 0.869211 32.360378 2.404743 3.607320
16606.892494 3 0.868907 32.619941 2.409981 3.606894
16607.051370 3 0.868601 32.881730 2.415218 3.606468
16607.208658 3 0.868291 33.145766 2.420456 3.606041
16607.364373 3 0.867978 33.412071 2.425694 3.605612
16607.518531 3 0.867661 33.680663 2.430932 3.605183
16607.671147 3 0.867342 33.951565 2.436170 3.604753
16607.822236 3 0.867019 34.224796 2.441407 3.604322
16607.971815 3 0.866693 34.500380 2.446645 3.603890
16608.119899 3 0.866363 34.778336 2.451883 3.603457
16608.266501 3 0.866030 35.058687 2.457121 3.603023
16608.411637 3 0.865693 35.341455 2.462358 3.602588
16608.555322 3 0.865353 35.626661 2.467596 3.602152
16608.697570 3 0.865009 35.914329 2.472834 3.601715
16608.838396 3 0.864662 36.204480 2.478072 3.601277
16608.977814 3 0.864311 36.497137 2.483309 3.600839
16609.115837 3 0.863956 36.792325 2.488547 3.600399
16609.252480 3 0.863598 37.090065 2.493785 3.599958
16609.387756 3 0.863235 37.390381 2.499023 3.599516
16609.521680 3 0.862869 37.693297 2.504261 3.599074
16609.654265 3 0.862499 37.998838 2.509498 3.598630
16609.785523 3 0.862126 38.307027 2.514736 3.598185
16609.915469 3 0.861748 38.617888 2.519974 3.597740
16610.044116 3 0.861366 38.931447 2.525212 3.597293
16610.171476 3 0.860980 39.247728 2.530449 3.596846
16610.297563 3 0.860590 39.566756 2.535687 3.596397
16610.422389 3 0.860196 39.888558 2.540925 3.595948
16610.545966 3 0.859798 40.213159 2.546163 3.595497
16610.668308 3 0.859396 40.540584 2.551400 3.595046
16610.789426 3 0.858989 40.870860 2.556638 3.594593
16610.909333 3 0.858578 41.204014 2.561876 3.594140
16611.028041 3 0.858162 41.540072 2.567114 3.593685
16611.145562 3 0.857742 41.879061 2.572351 3.593230
16611.261908 3 0.857318 42.221010 2.577589 3.592774
16611.377090 3 0.856889 42.565945 2.582827 3.592316
16611.491121 3 0.856455 42.913894 2.588065 3.591858
16611.604011 3 0.856017 43.264885 2.593303 3.591398
16611.715772 3 0.855574 43.618948 2.598540 3.590938
16611.826416 3 0.855127 43.976110 2.603778 3.590477
16611.935953 3 0.854674 44.336402 2.609016 3.590014
16612.044395 3 0.854217 44.699852 2.614254 3.589551
16612.151752 3 0.853755 45.066489 2.619491 3.589087
16612.258036 3 0.853288 45.436345 2.624729 3.588621
16612.363257 3 0.852815 45.809450 2.629967 3.588155
16612.467426 3 0.852338 46.185833 2.635205 3.587687
16612.570553 3 0.851855 46.565527 2.640442 3.587219
16612.672649 3 0.851368 46.948562 2.645680 3.586749
16612.773723 3 0.850875 47.334970 2.650918 3.586279
16612.873788 3 0.850376 47.724783 2.656156 3.585808
16612.973788 3 0.849873 48.118034 2.661393 3.585335
16613.073788 3 0.849363 48.514755 2.666631 3.584861
16613.173788 3 0.848849 48.914978 2.671869 3.584387
16613.273788 3 0.848328 49.318738 2.677107 3.583911
16613.373788 3 0.847802 49.726069 2.682345 3.583435
16613.473788 3 0.847270 50.137003 2.687582 3.582957
16613.573788 3 0.846733 50.551577 2.692820 3.582478
16613.673788 3 0.846189 50.969824 2.698058 3.581998
16613.773788 3 0.845640 51.391780 2.703296 3.581518
16613.873788 3 0.845084 51.817480 2.708533 3.581036
16613.973788 3 0.844523 52.246961 2.713771 3.580553
16614.073788 3 0.843955 52.680259 2.719009 3.580069
16614.173788 3 0.843381 53.117410 2.724247 3.579584
16614.273788 3 0.842801 53.558453 2.729484 3.579098
16614.373788 3 0.842214 54.003424 2.734722 3.578610
16614.473788 3 0.841621 54.452361 2.739960 3.578122
16614.573788 3 0.841021 54.905304 2.745198 3.577633
16614.673788 3 0.840415 55.362290 2.750436 3.577142
16614.773788 3 0.839802 55.823360 2.755673 3.576651
16614.873788 3 0.839182 56.288553 2.760911 3.576158
16614.973788 3 0.838555 56.757909 2.766149 3.575665
16615.073788 3 0.837921 57.231469 2.771387 3.575170
16615.173788 3 0.837280 57.709274 2.776624 3.574674
16615.273788 3 0.836632 58.191366 2.781862 3.574177
16615.373788 3 0.835977 58.677786 2.787100 3.573679
16615.473788 3 0.835315 59.168578 2.792338 3.573179
16615.573788 3 0.834645 59.663785 2.797575 3.572679
16615.673788 3 0.833967 60.163449 2.802813 3.572177
16615.773788 3 0.833282 60.667616 2.808051 3.571675
16615.873788 3 0.832589 61.176329 2.813289 3.571171
16615.973788 3 0.831889 61.689634 2.818526 3.570666
16616.073788 3 0.831180 62.207577 2.823764 3.570160
16616.173788 3 0.830464 62.730203 2.829002 3.569653
16616.273788 3 0.829739 63.257559 2.834240 3.569144
16616.373788 3 0.829007 63.789693 2.839478 3.568635
16616.473788 3 0.828266 64.326653 2.844715 3.568124
16616.573788 3 0.827516 64.868486 2.849953 3.567612
16616.673788 3 0.826758 65.415242 2.855191 3.567099
16616.773788 3 0.825992 65.966971 2.860429 3.566584
16616.873788 3 0.825216 66.523722 2.865666 3.566069
16616.973788 3 0.824432 67.085547 2.870904 3.565552
16617.073788 3 0.823639 67.652496 2.876142 3.565034
16617.173788 3 0.822837 68.224622 2.881380 3.564515
16617.273788 3 0.822025 68.801978 2.886617 3.563994
16617.373788 3 0.821204 69.384617 2.891855 3.563473
16617.473788 3 0.820374 69.972593 2.897093 3.562950
16617.573788 3 0.819534 70.565961 2.902331 3.562426
16617.673788 3 0.818685 71.164776 2.907569 3.561900
16617.773788 3 0.817826 71.769094 2.912806 3.561373
16617.873788 3 0.816956 72.378972 2.918044 3.560845
16617.973788 3 0.816077 72.994467 2.923282 3.560316
16618.073788 3 0.815187 73.615638 2.928520 3.559785
16618.173788 3 0.814287 74.242544 2.933757 3.559253
16618.273788 3 0.813377 74.875244 2.938995 3.558720
16618.373788 3 0.812456 75.513799 2.944233 3.558186
16618.473788 3 0.811524 76.158271 2.949471 3.557650
16618.573788 3 0.810581 76.808721 2.954708 3.557112
16618.673788 3 0.809628 77.465213 2.959946 3.556574
16618.773788 3 0.808662 78.127811 2.965184 3.556034
16618.873788 3 0.807686 78.796578 2.970422 3.555492
16618.973788 3 0.806698 79.471581 2.975659 3.554950
16619.073788 3 0.805698 80.152886 2.980897 3.554405
16619.173788 3 0.804687 80.840560 2.986135 3.553860
16619.273788 3 0.803663 81.534673 2.991373 3.553313
16619.373788 3 0.802628 82.235292 2.996611 3.552764
16619.473788 3 0.801580 82.942488 3.001848 3.552214
16619.573788 3 0.800519 83.656332 3.007086 3.551663
16619.673788 3 0.799446 84.376897 3.012324 3.551110
16619.773788 3 0.798360 85.104255 3.017562 3.550555
16619.873788 3 0.797260 85.838481 3.022799 3.549999
16619.973788 3 0.796148 86.579651 3.028037 3.549442
16620.073788 3 0.795022 87.327839 3.033275 3.548883
16620.173788 3 0.793882 88.083125 3.038513 3.548322
16620.273788 3 0.792729 88.845586 3.043750 3.547760
16620.373788 3 0.791562 89.615303 3.048988 3.547197
16620.473788 3 0.790380 90.392356 3.054226 3.546631
16620.573788 3 0.789184 91.176828 3.059464 3.546064
16620.673788 3 0.787973 91.968802 3.064702 3.545496
16620.773788 3 0.786748 92.768363 3.069939 3.544925
16620.873788 3 0.785507 93.575596 3.075177 3.544354
16620.973788 3 0.784251 94.390590 3.080415 3.543780
16621.073788 3 0.782980 95.213432 3.085653 3.543205
16621.173788 3 0.781693 96.044213 3.090890 3.542628
16621.273788 3 0.780390 96.883025 3.096128 3.542049
16621.373788 3 0.779070 97.729960 3.101366 3.541468
16621.473788 3 0.777735 98.585113 3.106604 3.540886
16621.573788 3 0.776382 99.448581 3.111841 3.540302
16621.673788 3 0.775013 100.320459 3.117079 3.539716
16621.773788 3 0.773626 101.200849 3.122317 3.539128
16621.873788 3 0.772222 102.089850 3.127555 3.538538
16621.973788 3 0.770799 102.987566 3.132792 3.537946
16622.073788 3 0.769359 103.894100 3.138030 3.537353
16622.173788 3 0.767901 104.809558 3.143268 3.536757
16622.273788 3 0.766424 105.734050 3.148506 3.536160
16622.373788 3 0.764928 106.667684 3.153744 3.535560
16622.473788 3 0.763413 107.610572 3.158981 3.534958
16622.573788 3 0.761878 108.562828 3.164219 3.534355
16622.673788 3 0.760324 109.524568 3.169457 3.533749
16622.773788 3 0.758749 110.495910 3.174695 3.533141
16622.873788 3 0.757154 111.476974 3.179932 3.532531
16622.973788 3 0.755539 112.467882 3.185170 3.531919
16623.073788 3 0.753902 113.468759 3.190408 3.531304
16623.173788 3 0.752243 114.479732 3.195646 3.530688
16623.273788 3 0.750563 115.500931 3.200883 3.530069
16623.373788 3 0.748860 116.532487 3.206121 3.529447
16623.473788 3 0.747135 117.574535 3.211359 3.528824
16623.573788 3 0.745387 118.627213 3.216597 3.528198
16623.673788 3 0.743616 119.690660 3.221835 3.527569
16623.773788 3 0.741821 120.765019 3.227072 3.526938
16623.873788 3 0.740002 121.850437 3.232310 3.526305
16623.973788 3 0.738158 122.947061 3.237548 3.525668
16624.073788 3 0.736289 124.055045 3.242786 3.525030
16624.173788 3 0.734395 125.174543 3.248023 3.524388
16624.273788 3 0.732474 126.305714 3.253261 3.523744
16624.373788 3 0.730528 127.448721 3.258499 3.523098
16624.473788 3 0.728555 128.603728 3.263737 3.522448
16624.573788 3 0.726554 129.770906 3.268974 3.521795
16624.673788 3 0.724526 130.950429 3.274212 3.521140
16624.773788 3 0.722469 132.142472 3.279450 3.520482
16624.873788 3 0.720384 133.347219 3.284688 3.519821
16624.973788 3 0.718269 134.564855 3.289925 3.519156
16625.073788 3 0.716124 135.795570 3.295163 3.518489
16625.173788 3 0.713949 137.039560 3.300401 3.517818
16625.273788 3 0.711743 138.297024 3.305639 3.517144
16625.373788 3 0.709505 139.568168 3.310877 3.516467
16625.473788 3 0.707235 140.853202 3.316114 3.515786
16625.573788 3 0.704932 142.152342 3.321352 3.515102
16625.673788 3 0.702595 143.465810 3.326590 3.514414
16625.773788 3 0.700224 144.793832 3.331828 3.513722
16625.873788 3 0.697819 146.136643 3.337065 3.513027
16625.973788 3 0.695378 147.494483 3.342303 3.512328
16626.073788 3 0.692900 148.867599 3.347541 3.511626
16626.173788 3 0.690386 150.256246 3.352779 3.510919
16626.273788 3 0.687833 151.660684 3.358016 3.510208
16626.373788 3 0.685242 153.081183 3.363254 3.509493
16626.473788 3 0.682612 154.518021 3.368492 3.508774
16626.573788 3 0.679941 155.971484 3.373730 3.508050
16626.673788 3 0.677229 157.441867 3.378968 3.507322
16626.773788 3 0.674475 158.929474 3.384205 3.506590
16626.873788 3 0.671678 160.434620 3.389443 3.505852
16626.973788 3 0.668838 161.957629 3.394681 3.505110
16627.073788 3 0.665952 163.498838 3.399919 3.504363
16627.173788 3 0.663020 165.058594 3.405156 3.503611
16627.273788 3 0.660041 166.637256 3.410394 3.502853
16627.373788 3 0.657014 168.235197 3.415632 3.502090
16627.473788 3 0.653938 169.852802 3.420870 3.501322
16627.573788 3 0.650811 171.490473 3.426107 3.500547
16627.673788 3 0.647633 173.148625 3.431345 3.499767
16627.773788 4 0.646411 7.399499 1.642228 3.737097
16627.873788 4 0.646405 7.399118 1.642228 3.737108
16627.973788 4 0.646400 7.398741 1.642229 3.737119
16628.073788 4 0.646395 7.398368 1.642229 3.737130
16628.173788 4 0.646389 7.397999 1.642229 3.737141
16628.273788 4 0.646384 7.397633 1.642230 3.737152
16628.373788 4 0.646379 7.397270 1.642230 3.737162
16628.473788 4 0.646374 7.396912 1.642231 3.737173
16628.573788 4 0.646369 7.396557 1.642231 3.737184
16628.673788 4 0.646364 7.396205 1.642232 3.737194
16628.773788 4 0.646359 7.395857 1.642233 3.737205
16628.873788 4 0.646354 7.395512 1.642234 3.737215
16628.973788 4 0.646349 7.395171 1.642235 3.737225
16629.073788 4 0.646344 7.394833 1.642236 3.737235
16629.173788 4 0.646340 7.394498 1.642238 3.737246
16629.273788 4 0.646335 7.394167 1.642239 3.737256
16629.373788 4 0.646330 7.393839 1.642240 3.737266
16629.473788 4 0.646326 7.393514 1.642242 3.737276
16629.573788 4 0.646321 7.393192 1.642243 3.737285
16629.673788 4 0.646317 7.392874 1.642245 3.737295
16629.773788 4 0.646312 7.392559 1.642246 3.737305
16629.873788 4 0.646308 7.392246 1.642248 3.737314
16629.973788 4 0.646303 7.391937 1.642250 3.737324
16630.073788 4 0.646299 7.391632 1.642252 3.737333
16630.173788 4 0.646295 7.391329 1.642254 3.737343
16630.273788 4 0.646291 7.391029 1.642256 3.737352
16630.373788 4 0.646286 7.390732 1.642258 3.737361
16630.473788 4 0.646282 7.390438 1.642260 3.737370
16630.573788 4 0.646278 7.390147 1.642262 3.737379
16630.673788 4 0.646274 7.389859 1.642264 3.737388
16630.773788 4 0.646270 7.389574 1.642266 3.737397
16630.873788 4 0.646266 7.389291 1.642268 3.737406
16630.973788 4 0.646262 7.389012 1.642271 3.737415
16631.073788 4 0.646258 7.388735 1.642273 3.737424
16631.173788 4 0.646254 7.388461 1.642275 3.737432
16631.273788 4 0.646250 7.388190 1.642278 3.737441
16631.373788 4 0.646246 7.387921 1.642280 3.737450
16631.473788 4 0.646243 7.387656 1.642283 3.737458
16631.573788 4 0.646239 7.387392 1.642285 3.737466
16631.673788 4 0.646235 7.387132 1.642288 3.737475
16631.773788 4 0.646232 7.386874 1.642291 3.737483
16631.873788 4 0.646228 7.386619 1.642293 3.737491
16631.973788 4 0.646224 7.386366 1.642296 3.737499
16632.073788 4 0.646221 7.386116 1.642299 3.737507
16632.173788 4 0.646217 7.385868 1.642301 3.737515
16632.273788 4 0.646214 7.385623 1.642304 3.737523
16632.373788 4 0.646210 7.385380 1.642307 3.737531
16632.473788 4 0.646207 7.385140 1.642310 3.737539
16632.573788 4 0.646204 7.384902 1.642312 3.737546
16632.673788 4 0.646200 7.384666 1.642315 3.737554
16632.773788 4 0.646197 7.384433 1.642318 3.737561
16632.873788 4 0.646194 7.384202 1.642321 3.737569
16632.973788 4 0.646191 7.383974 1.642324 3.737576
16633.073788 4 0.646187 7.383748 1.642327 3.737584
16633.173788 4 0.646184 7.383524 1.642330 3.737591
16633.273788 4 0.646181 7.383302 1.642333 3.737598
16633.373788 4 0.646178 7.383083 1.642335 3.737606
16633.473788 4 0.646175 7.382865 1.642338 3.737613
16633.573788 4 0.646172 7.382650 1.642341 3.737620
16633.673788 4 0.646169 7.382438 1.642344 3.737627
16633.773788 4 0.646166 7.382227 1.642347 3.737634
16633.873788 4 0.646163 7.382018 1.642350 3.737641
16633.973788 4 0.646160 7.381812 1.642353 3.737647
16634.073788 4 0.646157 7.381607 1.642356 3.737654
16634.173788 4 0.646154 7.381405 1.642359 3.737661
16634.273788 4 0.646151 7.381205 1.642362 3.737668
16634.373788 4 0.646148 7.381006 1.642365 3.737674
16634.473788 4 0.646146 7.380810 1.642368 3.737681
16634.573788 4 0.646143 7.380616 1.642371 3.737687
16634.673788 4 0.646140 7.380423 1.642375 3.737694
16634.773788 4 0.646137 7.380233 1.642378 3.737700
16634.873788 4 0.646135 7.380045 1.642381 3.737706
16634.973788 4 0.646132 7.379858 1.642384 3.737712
16635.073788 4 0.646129 7.379673 1.642387 3.737719
16635.173788 4 0.646127 7.379490 1.642390 3.737725
16635.273788 4 0.646124 7.379309 1.642393 3.737731
16635.373788 4 0.646122 7.379130 1.642396 3.737737
16635.473788 4 0.646119 7.378953 1.642399 3.737743
16635.573788 4 0.646117 7.378777 1.642402 3.737749
16635.673788 4 0.646114 7.378604 1.642405 3.737755
16635.773788 4 0.646112 7.378432 1.642408 3.737761
16635.873788 4 0.646109 7.378261 1.642411 3.737766
16635.973788 4 0.646107 7.378093 1.642414 3.737772
16636.073788 4 0.646105 7.377926 1.642417 3.737778
16636.173788 4 0.646102 7.377761 1.642420 3.737783
16636.273788 4 0.646100 7.377597 1.642423 3.737789
16636.373788 4 0.646098 7.377435 1.642426 3.737794
16636.473788 4 0.646095 7.377275 1.642429 3.737800
16636.573788 4 0.646093 7.377139 1.642431 3.737804
16637.902658 4 0.645960 7.367803 1.642647 3.738133
16639.231529 4 0.645827 7.358572 1.642943 3.738480
16640.560400 4 0.645694 7.349492 1.643320 3.738842
16641.889271 4 0.645561 7.340609 1.643777 3.739219
16643.218141 4 0.645428 7.331968 1.644316 3.739609
16644.547012 4 0.645295 7.323618 1.644937 3.740012
16645.875883 4 0.645162 7.315602 1.645640 3.740426
16647.204753 4 0.645028 7.307969 1.646426 3.740849
16648.533624 4 0.644895 7.300763 1.647294 3.741280
16649.862495 4 0.644761 7.294032 1.648246 3.741718
16651.191366 4 0.644628 7.287822 1.649280 3.742162
16652.520236 4 0.644494 7.282179 1.650398 3.742609
16653.849107 4 0.644359 7.277151 1.651599 3.743060
16655.177978 4 0.644225 7.272784 1.652884 3.743511
16656.506849 4 0.644090 7.269126 1.654253 3.743963
16657.835719 4 0.643955 7.266225 1.655706 3.744413
16659.164590 4 0.643819 7.264129 1.657243 3.744860
16660.493461 4 0.643683 7.262885 1.658866 3.745302
16661.822332 4 0.643546 7.262544 1.660574 3.745740
16663.151202 4 0.643409 7.263155 1.662367 3.746170
16664.480073 4 0.643271 7.264768 1.664246 3.746591
16665.808944 4 0.643132 7.267434 1.666211 3.747003
16667.137815 4 0.642993 7.271204 1.668262 3.747403
16668.466685 4 0.642853 7.276132 1.670400 3.747790
16669.795556 4 0.642712 7.282270 1.672626 3.748164
16671.124427 4 0.642570 7.289674 1.674939 3.748521
16672.453297 4 0.642428 7.298399 1.677340 3.748862
16673.782168 4 0.642284 7.308502 1.679830 3.749184
16675.111039 4 0.642139 7.320042 1.682408 3.749486
16676.439910 4 0.641994 7.333077 1.685076 3.749767
16677.768780 4 0.641847 7.347670 1.687835 3.750024
16679.097651 4 0.641698 7.363884 1.690683 3.750258
16680.426522 4 0.641549 7.381783 1.693623 3.750466
16681.755393 4 0.641398 7.401435 1.696654 3.750646
16683.084263 4 0.641245 7.422909 1.699778 3.750798
16684.413134 4 0.641091 7.446276 1.702994 3.750920
16685.742005 4 0.640935 7.471610 1.706304 3.751009
16687.070876 4 0.640778 7.498989 1.709708 3.751066
16688.399746 4 0.640618 7.528491 1.713207 3.751088
16689.728617 4 0.640457 7.560200 1.716801 3.751074
16691.057488 4 0.640294 7.594201 1.720492 3.751023
16692.386359 4 0.640128 7.630585 1.724280 3.750932
16693.715229 4 0.639960 7.669445 1.728166 3.750800
16695.044100 4 0.639790 7.710878 1.732150 3.750626
16696.372971 4 0.639617 7.754987 1.736234 3.750409
16697.701841 4 0.639441 7.801878 1.740418 3.750146
16699.030712 4 0.639263 7.851664 1.744704 3.749836
16700.359583 4 0.639082 7.904462 1.749092 3.749478
16701.688454 4 0.638897 7.960394 1.753584 3.749069
16703.017324 4 0.638709 8.019591 1.758180 3.748609
16704.346195 4 0.638518 8.082189 1.762881 3.748096
16705.675066 4 0.638323 8.148330 1.767689 3.747529
16707.003937 4 0.638125 8.218167 1.772605 3.746904
16708.332807 4 0.637922 8.291857 1.777629 3.746222
16709.661678 4 0.637715 8.369571 1.782764 3.745480
16710.990549 4 0.637503 8.451484 1.788011 3.744677
16711.654984 4 0.637395 8.494049 1.790676 3.744252
16712.319420 4 0.637286 8.537735 1.793369 3.743812
16712.983855 4 0.637175 8.582566 1.796091 3.743355
16713.648290 4 0.637063 8.628570 1.798842 3.742882
16714.312726 4 0.636950 8.675772 1.801621 3.742392
16714.977161 4 0.636835 8.724200 1.804430 3.741885
16715.641596 4 0.636719 8.773883 1.807268 3.741362
16716.306032 4 0.636602 8.824849 1.810136 3.740821
16716.970467 4 0.636483 8.877129 1.813033 3.740263
16717.634903 4 0.636362 8.930754 1.815960 3.739687
16718.299338 4 0.636240 8.985755 1.818918 3.739093
16718.963773 4 0.636116 9.042167 1.821906 3.738481
16719.628209 4 0.635991 9.100022 1.824925 3.737851
16720.292644 4 0.635864 9.159357 1.827975 3.737202
16720.957079 4 0.635735 9.220207 1.831055 3.736534
16721.621515 4 0.635605 9.282610 1.834168 3.735847
16722.285950 4 0.635472 9.346604 1.837312 3.735142
16722.950385 4 0.635338 9.412230 1.840488 3.734416
16723.614821 4 0.635201 9.479529 1.843696 3.733671
16724.279256 4 0.635063 9.548544 1.846937 3.732906
16724.943692 4 0.634923 9.619318 1.850210 3.732121
16725.608127 4 0.634780 9.691898 1.853517 3.731315
16726.272562 4 0.634635 9.766330 1.856857 3.730489
16726.936998 4 0.634488 9.842664 1.860231 3.729642
16727.601433 4 0.634339 9.920951 1.863638 3.728774
16728.265868 4 0.634187 10.001241 1.867081 3.727884
16728.930304 4 0.634033 10.083591 1.870558 3.726972
16729.594739 4 0.633876 10.168056 1.874070 3.726039
16730.259175 4 0.633716 10.254694 1.877618 3.725084
16730.923610 4 0.633554 10.343566 1.881202 3.724106
16731.588045 4 0.633389 10.434735 1.884822 3.723105
16732.252481 4 0.633221 10.528265 1.888479 3.722082
16732.916916 4 0.633050 10.624225 1.892173 3.721035
16733.581351 4 0.632876 10.722683 1.895905 3.719965
16734.245787 4 0.632699 10.823714 1.899675 3.718871
16734.910222 4 0.632519 10.927392 1.903483 3.717753
16735.574657 4 0.632335 11.033797 1.907331 3.716611
16736.239093 4 0.632147 11.141902 1.911219 3.715466
16736.903528 4 0.631956 11.251168 1.915146 3.714328
16737.567964 4 0.631762 11.363325 1.919115 3.713167
16737.900181 4 0.631663 11.420491 1.921114 3.712577
16738.232399 4 0.631562 11.478413 1.923124 3.711981
16738.564617 4 0.631461 11.537102 1.925144 3.711378
16738.896834 4 0.631359 11.596569 1.927175 3.710770
16739.229052 4 0.631256 11.656827 1.929217 3.710155
16739.561270 4 0.631152 11.717889 1.931269 3.709533
16739.893487 4 0.631046 11.779766 1.933333 3.708905
16740.225705 4 0.630940 11.842472 1.935407 3.708271
16740.557923 4 0.630833 11.906018 1.937584 3.707653
16740.890140 4 0.630724 11.970419 1.939878 3.707055
16741.222358 4 0.630614 12.035686 1.942184 3.706451
16741.554576 4 0.630503 12.101832 1.944500 3.705840
16741.886793 4 0.630391 12.168872 1.946827 3.705222
16742.219011 4 0.630277 12.236821 1.949164 3.704597
16742.551229 4 0.630163 12.305693 1.951513 3.703966
16742.883447 4 0.630047 12.375503 1.953872 3.703327
16743.215664 4 0.629929 12.446268 1.956241 3.702681
16743.547882 4 0.629811 12.518002 1.958622 3.702029
16743.880100 4 0.629690 12.590722 1.961013 3.701369
16744.212317 4 0.629569 12.664444 1.963415 3.700701
16744.544535 4 0.629446 12.739186 1.965828 3.700027
16744.876753 4 0.629322 12.814965 1.968252 3.699345
16745.208970 4 0.629196 12.891798 1.970687 3.698656
16745.541188 4 0.629069 12.969704 1.973132 3.697959
16745.873406 4 0.628940 13.048702 1.975589 3.697254
16746.205623 4 0.628810 13.128810 1.978056 3.696542
16746.537841 4 0.628678 13.210048 1.980535 3.695822
16746.870059 4 0.628544 13.292435 1.983024 3.695094
16747.202276 4 0.628409 13.375994 1.985524 3.694359
16747.534494 4 0.628272 13.460743 1.988035 3.693615
16747.866712 4 0.628134 13.546706 1.990557 3.692863
16748.198929 4 0.627994 13.633904 1.993090 3.692103
16748.531147 4 0.627852 13.722359 1.995635 3.691335
16748.863365 4 0.627708 13.812096 1.998190 3.690558
16749.195583 4 0.627562 13.903137 2.000756 3.689773
16749.527800 4 0.627415 13.995507 2.003333 3.688980
16749.860018 4 0.627266 14.089232 2.005922 3.688177
16750.192236 4 0.627114 14.184337 2.008521 3.687366
16750.524453 4 0.626961 14.280848 2.011132 3.686547
16750.856671 4 0.626806 14.378793 2.013754 3.685718
16751.188889 4 0.626648 14.478199 2.016387 3.684880
16751.521106 4 0.626489 14.579096 2.019031 3.684033
16751.853324 4 0.626327 14.681513 2.021686 3.683177
16752.185542 4 0.626164 14.785479 2.024352 3.682311
16752.517759 4 0.625998 14.891027 2.027030 3.681436
16752.849977 4 0.625830 14.998188 2.029719 3.680551
16753.182195 4 0.625659 15.106995 2.032419 3.679656
16753.514412 4 0.625486 15.217483 2.035131 3.678752
16753.846630 4 0.625311 15.329685 2.037853 3.677837
16754.178848 4 0.625133 15.443639 2.040587 3.676913
16754.511065 4 0.624953 15.559381 2.043332 3.675978
16754.843283 4 0.624770 15.676950 2.046089 3.675032
16755.175501 4 0.624585 15.796385 2.048857 3.674076
16755.507719 4 0.624397 15.917725 2.051636 3.673109
16755.839936 4 0.624206 16.041015 2.054427 3.672131
16756.172154 4 0.624012 16.166295 2.057229 3.671143
16756.504372 4 0.623816 16.293613 2.060042 3.670142
16756.836589 4 0.623617 16.423012 2.062867 3.669131
16757.168807 4 0.623415 16.554541 2.065703 3.668108
16757.501025 4 0.623209 16.688249 2.068551 3.667073
16757.833242 4 0.623001 16.824187 2.071410 3.666026
16758.165460 4 0.622790 16.962406 2.074281 3.664967
16758.497678 4 0.622575 17.102963 2.077163 3.663896
16758.829895 4 0.622357 17.245912 2.080057 3.662812
16759.162113 4 0.622135 17.391313 2.082962 3.661715
16759.494331 4 0.621911 17.539224 2.085878 3.660605
16759.826548 4 0.621682 17.689710 2.088807 3.659482
16760.158766 4 0.621450 17.842834 2.091746 3.658345
16760.490984 4 0.621215 17.998663 2.094698 3.657195
16760.823201 4 0.620975 18.157267 2.097661 3.656030
16761.155419 4 0.620732 18.318719 2.100635 3.654852
16761.487637 4 0.620485 18.483094 2.103621 3.653659
16761.819855 4 0.620233 18.650469 2.106619 3.652451
16762.152072 4 0.619978 18.820925 2.109629 3.651227
16762.484290 4 0.619718 18.994547 2.112650 3.649989
16762.816508 4 0.619454 19.171422 2.115683 3.648734
16763.148725 4 0.619186 19.351642 2.118727 3.647464
16763.480943 4 0.618913 19.535302 2.121784 3.646176
16763.813161 4 0.618635 19.722501 2.124852 3.644873
16764.145378 4 0.618353 19.913342 2.127932 3.643551
16764.477596 4 0.618066 20.107932 2.131023 3.642213
16764.809814 4 0.617774 20.306386 2.134126 3.640856
16765.142031 4 0.617476 20.508819 2.137241 3.639481
16765.431184 4 0.617213 20.688341 2.139962 3.638268
16765.648048 4 0.617012 20.825067 2.142009 3.637350
16765.810697 4 0.616860 20.928809 2.143547 3.636655
16766.054669 4 0.616629 21.086399 2.145860 3.635604
