t Ka M R logL logTeff
0.493583 1 7.000001 2.752279 3.262939 4.357029
0.987177 1 6.999917 2.765296 3.264705 4.356446
1.480783 1 6.999833 2.778382 3.266522 4.355875
1.974399 1 6.999748 2.791543 3.268390 4.355316
2.468028 1 6.999662 2.804781 3.270308 4.354768
2.961667 1 6.999575 2.818103 3.272277 4.354231
3.455319 1 6.999487 2.831512 3.274296 4.353705
3.948982 1 6.999398 2.845014 3.276366 4.353190
4.442658 1 6.999309 2.858613 3.278486 4.352684
4.936345 1 6.999218 2.872314 3.280657 4.352189
5.430045 1 6.999127 2.886122 3.282878 4.351703
5.923757 1 6.999034 2.900043 3.285150 4.351226
6.417481 1 6.998941 2.914080 3.287473 4.350758
6.911219 1 6.998846 2.928241 3.289845 4.350298
7.404968 1 6.998751 2.942530 3.292269 4.349847
7.898731 1 6.998654 2.956952 3.294742 4.349404
8.392507 1 6.998556 2.971513 3.297267 4.348968
8.886296 1 6.998457 2.986219 3.299841 4.348540
9.380098 1 6.998357 3.001075 3.302467 4.348119
9.873914 1 6.998256 3.016088 3.305142 4.347704
10.367743 1 6.998153 3.031263 3.307868 4.347296
10.861587 1 6.998049 3.046606 3.310645 4.346894
11.355444 1 6.997944 3.062124 3.313472 4.346497
11.849316 1 6.997837 3.077823 3.316349 4.346106
12.343201 1 6.997729 3.093709 3.319277 4.345720
12.837102 1 6.997619 3.109790 3.322255 4.345339
13.331017 1 6.997508 3.126070 3.325283 4.344962
13.824948 1 6.997394 3.142559 3.328362 4.344589
14.318893 1 6.997280 3.159261 3.331491 4.344221
14.812855 1 6.997163 3.176186 3.334671 4.343855
15.306831 1 6.997045 3.193339 3.337901 4.343493
15.800824 1 6.996925 3.210729 3.341181 4.343134
16.294833 1 6.996803 3.228363 3.344512 4.342777
16.788859 1 6.996679 3.246249 3.347892 4.342423
17.282901 1 6.996553 3.264396 3.351323 4.342070
17.776960 1 6.996425 3.282811 3.354805 4.341719
18.271037 1 6.996294 3.301504 3.358336 4.341369
18.765131 1 6.996162 3.320483 3.361918 4.341019
19.259243 1 6.996027 3.339757 3.365550 4.340671
19.753373 1 6.995890 3.359337 3.369232 4.340322
20.247522 1 6.995750 3.379232 3.372965 4.339973
20.741690 1 6.995607 3.399453 3.376747 4.339623
21.235876 1 6.995462 3.420011 3.380580 4.339272
21.730083 1 6.995315 3.440918 3.384463 4.338919
22.224309 1 6.995164 3.462184 3.388396 4.338564
22.718556 1 6.995010 3.483824 3.392379 4.338207
23.212824 1 6.994854 3.505851 3.396412 4.337847
23.707112 1 6.994694 3.528280 3.400495 4.337483
24.201423 1 6.994531 3.551125 3.404628 4.337115
24.695755 1 6.994365 3.574403 3.408811 4.336742
25.190110 1 6.994195 3.598133 3.413044 4.336363
25.684487 1 6.994022 3.622332 3.417327 4.335978
26.178888 1 6.993845 3.647022 3.421660 4.335586
26.673313 1 6.993665 3.672225 3.426043 4.335187
27.167763 1 6.993480 3.697965 3.430476 4.334778
27.662237 1 6.993292 3.724268 3.434958 4.334360
28.156737 1 6.993099 3.751163 3.439491 4.333930
28.651263 1 6.992902 3.778681 3.444073 4.333489
29.145815 1 6.992700 3.806857 3.448705 4.333034
29.640395 1 6.992494 3.835728 3.453387 4.332563
30.135003 1 6.992283 3.865335 3.458118 4.332076
30.629639 1 6.992068 3.895724 3.462899 4.331571
31.124304 1 6.991847 3.926946 3.467730 4.331045
31.619000 1 6.991621 3.959055 3.472610 4.330497
32.113725 1 6.991389 3.992113 3.477539 4.329924
32.608483 1 6.991152 4.026188 3.482519 4.329323
33.103272 1 6.990910 4.061354 3.487547 4.328692
33.598094 1 6.990661 4.097694 3.492626 4.328027
34.092949 1 6.990406 4.135300 3.497753 4.327325
34.587840 1 6.990145 4.174275 3.502930 4.326583
35.082765 1 6.989877 4.214731 3.508156 4.325795
35.577727 1 6.989603 4.256795 3.513432 4.324957
35.825227 1 6.989462 4.278472 3.516088 4.324518
36.072736 1 6.989320 4.300605 3.518756 4.324065
36.320254 1 6.989176 4.323214 3.521436 4.323596
36.567783 1 6.989030 4.346319 3.524129 4.323112
36.815321 1 6.988882 4.369942 3.526834 4.322611
37.062869 1 6.988732 4.394108 3.529552 4.322093
37.310428 1 6.988580 4.418840 3.532281 4.321557
37.557996 1 6.988427 4.444165 3.535023 4.321001
37.805575 1 6.988271 4.470111 3.537777 4.320426
38.053165 1 6.988114 4.496707 3.540544 4.319829
38.300766 1 6.987954 4.523983 3.543323 4.319211
38.548377 1 6.987793 4.551972 3.546113 4.318569
38.795999 1 6.987629 4.580708 3.548916 4.317903
39.043632 1 6.987463 4.610227 3.551732 4.317212
39.291276 1 6.987296 4.640569 3.554559 4.316495
39.538932 1 6.987126 4.671773 3.557399 4.315749
39.786600 1 6.986953 4.703883 3.560251 4.314975
40.034279 1 6.986779 4.736944 3.563115 4.314170
40.281969 1 6.986603 4.771004 3.565992 4.313334
40.529672 1 6.986424 4.806114 3.568880 4.312464
40.777387 1 6.986243 4.842328 3.571781 4.311559
41.025114 1 6.986059 4.879704 3.574694 4.310617
41.272854 1 6.985874 4.918302 3.577619 4.309638
41.520606 1 6.985685 4.958186 3.580556 4.308618
41.768371 1 6.985495 4.999424 3.583505 4.307557
42.016149 1 6.985302 5.042090 3.586467 4.306452
42.263940 1 6.985107 5.086260 3.589440 4.305301
42.511744 1 6.984909 5.132016 3.592426 4.304103
42.759562 1 6.984709 5.179444 3.595424 4.302855
43.007393 1 6.984507 5.228637 3.598434 4.301555
43.255238 1 6.984302 5.279694 3.601456 4.300200
43.379168 1 6.984198 5.305953 3.602972 4.299502
43.503101 1 6.984093 5.332718 3.604491 4.298789
43.627037 1 6.983988 5.360003 3.606012 4.298061
43.750977 1 6.983883 5.387822 3.607537 4.297318
43.874921 1 6.983776 5.416191 3.609065 4.296560
43.998868 1 6.983669 5.445125 3.610595 4.295785
44.122819 1 6.983562 5.474639 3.612129 4.294995
44.246774 1 6.983454 5.504752 3.613666 4.294188
44.370732 1 6.983345 5.535479 3.615206 4.293364
44.494694 1 6.983235 5.566839 3.616748 4.292523
44.618660 1 6.983125 5.598850 3.618294 4.291665
44.742629 1 6.983014 5.631531 3.619843 4.290788
44.866602 1 6.982903 5.664902 3.621395 4.289893
44.990579 1 6.982791 5.698983 3.622950 4.288979
45.114560 1 6.982678 5.733794 3.624508 4.288047
45.238544 1 6.982565 5.769358 3.626069 4.287094
45.362533 1 6.982451 5.805697 3.627633 4.286122
45.486525 1 6.982336 5.842834 3.629200 4.285129
45.610521 1 6.982221 5.880794 3.630770 4.284115
45.734521 1 6.982105 5.919600 3.632343 4.283080
45.858525 1 6.981988 5.959280 3.633919 4.282023
45.982533 1 6.981871 5.999859 3.635498 4.280945
46.106545 1 6.981753 6.041366 3.637081 4.279843
46.230562 1 6.981635 6.083828 3.638666 4.278719
46.354582 1 6.981516 6.127276 3.640254 4.277570
46.478606 1 6.981396 6.171741 3.641845 4.276398
46.602634 1 6.981275 6.217254 3.643440 4.275201
46.726666 1 6.981154 6.263849 3.645037 4.273979
46.850702 1 6.981033 6.311559 3.646637 4.272732
46.974743 1 6.980911 6.360421 3.648241 4.271458
47.098787 1 6.980788 6.410472 3.649847 4.270157
47.222836 1 6.980664 6.461749 3.651456 4.268830
47.346889 1 6.980540 6.514293 3.653069 4.267474
47.470947 1 6.980415 6.568146 3.654684 4.266090
47.595008 1 6.980290 6.623349 3.656303 4.264677
47.719074 1 6.980164 6.679948 3.657924 4.263235
47.843144 1 6.980038 6.737989 3.659549 4.261763
47.967218 1 6.979910 6.797521 3.661177 4.260259
48.091297 1 6.979783 6.858594 3.662807 4.258725
48.215380 1 6.979654 6.921259 3.664441 4.257158
48.339467 1 6.979525 6.985572 3.666078 4.255559
48.463559 1 6.979396 7.051588 3.667717 4.253926
48.587655 1 6.979266 7.119367 3.669360 4.252260
48.711756 1 6.979135 7.188970 3.671006 4.250559
48.835861 1 6.979004 7.260461 3.672655 4.248822
48.935861 1 6.978938 7.296935 3.673480 4.247940
49.184084 1 6.978674 7.362744 3.686877 4.249340
49.284084 1 6.978630 7.322180 3.692035 4.251829
49.384084 1 6.978590 7.265533 3.697266 4.254823
49.484084 1 6.978554 7.197660 3.702393 4.258143
49.584084 1 6.978537 7.162177 3.704798 4.259818
49.684084 1 6.978522 7.125563 3.707142 4.261516
49.784084 1 6.978507 7.088217 3.709417 4.263226
49.884084 1 6.978493 7.050492 3.711619 4.264936
49.984084 1 6.978479 7.012695 3.713744 4.266634
50.084084 1 6.978466 6.975094 3.715789 4.268313
50.184084 1 6.978454 6.937915 3.717754 4.269965
50.284084 1 6.978442 6.901347 3.719636 4.271583
50.384084 1 6.978431 6.865547 3.721438 4.273162
50.484084 1 6.978421 6.830643 3.723158 4.274699
50.584084 1 6.978411 6.796735 3.724799 4.276190
50.684084 1 6.978392 6.730053 3.727948 4.279118
50.784084 1 6.978375 6.668371 3.730781 4.281826
50.884084 1 6.978360 6.611844 3.733320 4.284309
50.984084 1 6.978346 6.560428 3.735587 4.286571
51.084084 1 6.978334 6.513946 3.737606 4.288620
51.184084 1 6.978324 6.472136 3.739399 4.290466
51.284084 1 6.978314 6.434683 3.740988 4.292124
51.384084 1 6.978306 6.401250 3.742395 4.293607
51.484084 1 6.978291 6.341264 3.744891 4.296275
51.584084 1 6.978280 6.295049 3.746793 4.298339
51.684084 1 6.978271 6.259705 3.748236 4.299923
51.784084 1 6.978258 6.205599 3.750427 4.302355
51.884084 2 6.978244 6.150200 3.752650 4.304858
51.984084 2 6.978243 6.206521 3.752188 4.302763
52.084084 2 6.978243 6.248572 3.751846 4.301212
52.184084 2 6.978242 6.290908 3.751503 4.299660
52.284084 2 6.978241 6.333532 3.751161 4.298108
52.384084 2 6.978240 6.376444 3.750819 4.296556
52.484084 2 6.978239 6.419646 3.750477 4.295004
52.584084 2 6.978239 6.463142 3.750135 4.293452
52.684084 2 6.978238 6.506932 3.749793 4.291901
52.784084 2 6.978237 6.551019 3.749450 4.290349
52.884084 2 6.978236 6.595404 3.749108 4.288797
52.984084 2 6.978236 6.640090 3.748766 4.287245
53.084084 2 6.978235 6.685079 3.748424 4.285693
53.184084 2 6.978234 6.730373 3.748082 4.284141
53.284084 2 6.978233 6.775974 3.747740 4.282590
53.384084 2 6.978232 6.821884 3.747398 4.281038
53.484084 2 6.978232 6.868104 3.747056 4.279486
53.584084 2 6.978231 6.914638 3.746713 4.277934
53.684084 2 6.978230 6.961487 3.746371 4.276382
53.784084 2 6.978230 7.008654 3.746029 4.274831
53.884084 2 6.978229 7.056140 3.745687 4.273279
53.984084 2 6.978228 7.103948 3.745345 4.271727
54.084084 2 6.978227 7.152080 3.745003 4.270175
54.184084 2 6.978227 7.200538 3.744661 4.268623
54.284084 2 6.978226 7.249324 3.744318 4.267071
54.384084 2 6.978225 7.298441 3.743976 4.265520
54.484084 2 6.978224 7.347890 3.743634 4.263968
54.584084 2 6.978224 7.397675 3.743292 4.262416
54.684084 2 6.978223 7.447797 3.742950 4.260864
54.784084 2 6.978222 7.498258 3.742608 4.259312
54.884084 2 6.978222 7.549061 3.742266 4.257761
54.984084 2 6.978221 7.600209 3.741924 4.256209
55.084084 2 6.978220 7.651703 3.741581 4.254657
55.184084 2 6.978220 7.703546 3.741239 4.253105
55.284084 2 6.978219 7.755740 3.740897 4.251553
55.384084 2 6.978218 7.808288 3.740555 4.250001
55.484084 2 6.978218 7.861192 3.740213 4.248450
55.584084 2 6.978217 7.914455 3.739871 4.246898
55.684084 2 6.978216 7.968078 3.739529 4.245346
55.784084 2 6.978216 8.022064 3.739187 4.243794
55.884084 2 6.978215 8.076417 3.738844 4.242242
55.984084 2 6.978214 8.131137 3.738502 4.240691
56.084084 2 6.978214 8.186229 3.738160 4.239139
56.184084 2 6.978213 8.241693 3.737818 4.237587
56.284084 2 6.978212 8.297534 3.737476 4.236035
56.384084 2 6.978212 8.353752 3.737134 4.234483
56.484084 2 6.978211 8.410352 3.736792 4.232931
56.584084 2 6.978211 8.467335 3.736450 4.231380
56.684084 2 6.978210 8.524704 3.736108 4.229828
56.784084 2 6.978209 8.582462 3.735765 4.228276
56.884084 2 6.978209 8.640611 3.735423 4.226724
56.984084 2 6.978208 8.699154 3.735081 4.225172
57.084084 2 6.978207 8.758094 3.734739 4.223621
57.184084 2 6.978207 8.817433 3.734397 4.222069
57.284084 2 6.978206 8.877175 3.734055 4.220517
57.384084 2 6.978206 8.937321 3.733713 4.218965
57.484084 2 6.978205 8.997874 3.733371 4.217413
57.584084 2 6.978204 9.058838 3.733029 4.215861
57.684084 2 6.978204 9.120215 3.732687 4.214310
57.784084 2 6.978203 9.182007 3.732344 4.212758
57.884084 2 6.978203 9.244218 3.732002 4.211206
57.984084 2 6.978202 9.306851 3.731660 4.209654
58.084084 2 6.978201 9.369908 3.731318 4.208102
58.184084 2 6.978201 9.433393 3.730976 4.206551
58.284084 2 6.978200 9.497307 3.730634 4.204999
58.384084 2 6.978200 9.561655 3.730292 4.203447
58.484084 2 6.978199 9.626439 3.729950 4.201895
58.584084 2 6.978199 9.691661 3.729608 4.200343
58.684084 2 6.978198 9.757325 3.729266 4.198792
58.784084 2 6.978198 9.823435 3.728923 4.197240
58.884084 2 6.978197 9.889992 3.728581 4.195688
58.984084 2 6.978196 9.957000 3.728239 4.194136
59.084084 2 6.978196 10.024462 3.727897 4.192584
59.184084 2 6.978195 10.092381 3.727555 4.191032
59.284084 2 6.978195 10.160761 3.727213 4.189481
59.384084 2 6.978194 10.229603 3.726871 4.187929
59.484084 2 6.978194 10.298913 3.726529 4.186377
59.584084 2 6.978193 10.368691 3.726187 4.184825
59.684084 2 6.978193 10.438943 3.725845 4.183273
59.784084 2 6.978192 10.509670 3.725502 4.181722
59.884084 2 6.978192 10.580877 3.725160 4.180170
59.984084 2 6.978191 10.652566 3.724818 4.178618
60.084084 2 6.978191 10.724741 3.724476 4.177066
60.184084 2 6.978190 10.797405 3.724134 4.175514
60.284084 2 6.978190 10.870561 3.723792 4.173963
60.384084 2 6.978189 10.944213 3.723450 4.172411
60.484084 2 6.978189 11.018363 3.723108 4.170859
60.584084 2 6.978188 11.093017 3.722766 4.169307
60.684084 2 6.978188 11.168176 3.722424 4.167755
60.784084 2 6.978187 11.243844 3.722082 4.166204
60.884084 2 6.978187 11.320025 3.721740 4.164652
60.984084 2 6.978186 11.396722 3.721397 4.163100
61.084084 2 6.978186 11.473939 3.721055 4.161548
61.184084 2 6.978185 11.551679 3.720713 4.159996
61.284084 2 6.978185 11.629945 3.720371 4.158445
61.384084 2 6.978184 11.708742 3.720029 4.156893
61.484084 2 6.978184 11.788073 3.719687 4.155341
61.584084 2 6.978183 11.867941 3.719345 4.153789
61.684084 2 6.978183 11.948351 3.719003 4.152237
61.784084 2 6.978182 12.029305 3.718661 4.150686
61.884084 2 6.978182 12.110808 3.718319 4.149134
61.984084 2 6.978181 12.192862 3.717977 4.147582
62.084084 2 6.978181 12.275473 3.717635 4.146030
62.184084 2 6.978180 12.358644 3.717292 4.144478
62.284084 2 6.978180 12.442378 3.716950 4.142926
62.384084 2 6.978179 12.526679 3.716608 4.141375
62.484084 2 6.978179 12.611552 3.716266 4.139823
62.584084 2 6.978179 12.696999 3.715924 4.138271
62.684084 2 6.978178 12.783026 3.715582 4.136719
62.784084 2 6.978178 12.869635 3.715240 4.135167
62.884084 2 6.978177 12.956832 3.714898 4.133616
62.984084 2 6.978177 13.044619 3.714556 4.132064
63.084084 2 6.978176 13.133000 3.714214 4.130512
63.184084 2 6.978176 13.221981 3.713872 4.128960
63.284084 2 6.978175 13.311565 3.713530 4.127408
63.384084 2 6.978175 13.401755 3.713188 4.125857
63.484084 2 6.978175 13.492556 3.712846 4.124305
63.584084 2 6.978174 13.583973 3.712503 4.122753
63.684084 2 6.978174 13.676009 3.712161 4.121201
63.784084 2 6.978173 13.768669 3.711819 4.119649
63.884084 2 6.978173 13.861956 3.711477 4.118098
63.984084 2 6.978172 13.955876 3.711135 4.116546
64.084084 2 6.978172 14.050432 3.710793 4.114994
64.184084 2 6.978172 14.145628 3.710451 4.113442
64.284084 2 6.978171 14.241470 3.710109 4.111890
64.384084 2 6.978171 14.337961 3.709767 4.110339
64.484084 2 6.978170 14.435105 3.709425 4.108787
64.584084 2 6.978170 14.532908 3.709083 4.107235
64.684084 2 6.978170 14.631373 3.708741 4.105683
64.784084 2 6.978169 14.730506 3.708399 4.104131
64.884084 2 6.978169 14.830310 3.708057 4.102580
64.984084 2 6.978168 14.930791 3.707715 4.101028
65.084084 2 6.978168 15.031952 3.707372 4.099476
65.184084 2 6.978168 15.133799 3.707030 4.097924
65.284084 2 6.978167 15.236335 3.706688 4.096372
65.384084 2 6.978166 15.339565 3.706346 4.094821
65.484084 2 6.978165 15.443495 3.706004 4.093269
65.584084 2 6.978164 15.548128 3.705662 4.091717
65.684084 2 6.978163 15.653471 3.705320 4.090165
65.784084 2 6.978162 15.759527 3.704977 4.088613
65.884084 2 6.978161 15.866301 3.704635 4.087062
65.984084 2 6.978160 15.973799 3.704293 4.085510
66.084084 2 6.978159 16.082026 3.703951 4.083958
66.184084 2 6.978158 16.190985 3.703609 4.082406
66.284084 2 6.978157 16.300683 3.703266 4.080854
66.384084 2 6.978156 16.411124 3.702924 4.079302
66.484084 2 6.978155 16.522313 3.702582 4.077751
66.584084 2 6.978154 16.634255 3.702240 4.076199
66.684084 2 6.978153 16.746956 3.701898 4.074647
66.784084 2 6.978152 16.860421 3.701555 4.073095
66.884084 2 6.978151 16.974654 3.701213 4.071543
66.984084 2 6.978150 17.089661 3.700871 4.069992
67.084084 2 6.978149 17.205447 3.700529 4.068440
67.184084 2 6.978147 17.322018 3.700187 4.066888
67.284084 2 6.978146 17.439378 3.699844 4.065336
67.384084 2 6.978145 17.557534 3.699502 4.063784
67.484084 2 6.978144 17.676490 3.699160 4.062233
67.584084 2 6.978143 17.796251 3.698818 4.060681
67.684084 2 6.978142 17.916825 3.698476 4.059129
67.784084 2 6.978141 18.038215 3.698133 4.057577
67.884084 2 6.978140 18.160427 3.697791 4.056025
67.984084 2 6.978138 18.283468 3.697449 4.054473
68.084084 2 6.978137 18.407342 3.697107 4.052922
68.184084 2 6.978136 18.532055 3.696764 4.051370
68.284084 2 6.978135 18.657614 3.696422 4.049818
68.384084 2 6.978134 18.784023 3.696080 4.048266
68.484084 2 6.978133 18.911288 3.695738 4.046714
68.584084 2 6.978131 19.039415 3.695396 4.045163
68.684084 2 6.978130 19.168411 3.695053 4.043611
68.784084 2 6.978129 19.298280 3.694711 4.042059
68.884084 2 6.978128 19.429030 3.694369 4.040507
68.984084 2 6.978126 19.560665 3.694027 4.038955
69.084084 2 6.978125 19.693192 3.693684 4.037404
69.184084 2 6.978124 19.826617 3.693342 4.035852
69.284084 2 6.978123 19.960945 3.693000 4.034300
69.384084 2 6.978122 20.096184 3.692658 4.032748
69.484084 2 6.978120 20.232339 3.692315 4.031196
69.584084 2 6.978119 20.369416 3.691973 4.029645
69.684084 2 6.978118 20.507423 3.691631 4.028093
69.784084 2 6.978116 20.646364 3.691289 4.026541
69.884084 2 6.978115 20.786246 3.690946 4.024989
69.984084 2 6.978114 20.927076 3.690604 4.023437
70.084084 2 6.978113 21.068860 3.690262 4.021886
70.184084 2 6.978111 21.211605 3.689920 4.020334
70.284084 2 6.978110 21.355316 3.689577 4.018782
70.384084 2 6.978109 21.500002 3.689235 4.017230
70.484084 2 6.978107 21.645667 3.688893 4.015678
70.584084 2 6.978106 21.792320 3.688551 4.014126
70.684084 2 6.978105 21.939965 3.688208 4.012575
70.784084 2 6.978103 22.088612 3.687866 4.011023
70.884084 2 6.978102 22.238265 3.687524 4.009471
70.984084 2 6.978100 22.388932 3.687182 4.007919
71.084084 2 6.978099 22.540620 3.686839 4.006367
71.184084 2 6.978098 22.693335 3.686497 4.004816
71.284084 2 6.978096 22.847085 3.686155 4.003264
71.384084 2 6.978095 23.001877 3.685812 4.001712
71.484084 2 6.978093 23.157717 3.685470 4.000160
71.584084 2 6.978092 23.314613 3.685128 3.998608
71.684084 2 6.978091 23.472572 3.684786 3.997057
71.784084 2 6.978089 23.631601 3.684443 3.995505
71.884084 2 6.978088 23.791708 3.684101 3.993953
71.984084 2 6.978086 23.952899 3.683759 3.992401
72.084084 2 6.978085 24.115182 3.683416 3.990849
72.184084 2 6.978083 24.278565 3.683074 3.989298
72.284084 2 6.978082 24.443054 3.682732 3.987746
72.384084 2 6.978080 24.608658 3.682390 3.986194
72.484084 2 6.978079 24.775384 3.682047 3.984642
72.584084 2 6.978077 24.943239 3.681705 3.983090
72.684084 2 6.978076 25.112231 3.681363 3.981539
72.784084 2 6.978074 25.282368 3.681020 3.979987
72.884084 2 6.978073 25.453658 3.680678 3.978435
72.984084 2 6.978071 25.626109 3.680336 3.976883
73.084084 2 6.978069 25.799727 3.679993 3.975331
73.184084 2 6.978068 25.974522 3.679651 3.973780
73.284084 2 6.978066 26.150501 3.679309 3.972228
73.384084 2 6.978065 26.327672 3.678967 3.970676
73.484084 2 6.978063 26.506043 3.678624 3.969124
73.584084 2 6.978061 26.685623 3.678282 3.967572
73.684084 2 6.978060 26.866419 3.677940 3.966021
73.784084 2 6.978058 27.048440 3.677597 3.964469
73.884084 2 6.978057 27.231695 3.677255 3.962917
73.984084 2 6.978055 27.416190 3.676913 3.961365
74.084084 2 6.978053 27.601936 3.676570 3.959813
74.184084 2 6.978052 27.788940 3.676228 3.958262
74.284084 2 6.978050 27.977210 3.675886 3.956710
74.384084 2 6.978048 28.166757 3.675543 3.955158
74.484084 2 6.978047 28.357587 3.675201 3.953606
74.584084 2 6.978045 28.549710 3.674859 3.952054
74.684084 2 6.978043 28.743135 3.674516 3.950503
74.784084 2 6.978041 28.937870 3.674174 3.948951
74.884084 2 6.978040 29.133924 3.673832 3.947399
74.984084 2 6.978038 29.331306 3.673489 3.945847
75.084084 2 6.978036 29.530026 3.673147 3.944295
75.184084 2 6.978034 29.730091 3.672805 3.942744
75.284084 2 6.978033 29.931512 3.672462 3.941192
75.384084 2 6.978031 30.134298 3.672120 3.939640
75.484084 2 6.978029 30.338457 3.671777 3.938088
75.584084 2 6.978027 30.543999 3.671435 3.936536
75.684084 2 6.978025 30.750934 3.671093 3.934985
75.784084 2 6.978023 30.959271 3.670750 3.933433
75.884084 2 6.978022 31.169019 3.670408 3.931881
75.984084 2 6.978020 31.380188 3.670066 3.930329
76.084084 2 6.978018 31.592787 3.669723 3.928777
76.184084 2 6.978016 31.806827 3.669381 3.927226
76.284084 2 6.978014 32.022317 3.669039 3.925674
76.384084 2 6.978012 32.239266 3.668696 3.924122
76.484084 2 6.978010 32.457685 3.668354 3.922570
76.584084 2 6.978008 32.677584 3.668011 3.921018
76.684084 2 6.978006 32.898972 3.667669 3.919467
76.784084 2 6.978004 33.121861 3.667327 3.917915
76.884084 2 6.978003 33.346259 3.666984 3.916363
76.984084 2 6.978001 33.572177 3.666642 3.914811
77.084084 2 6.977999 33.799626 3.666299 3.913259
77.184084 2 6.977997 34.028615 3.665957 3.911708
77.284084 2 6.977995 34.259156 3.665615 3.910156
77.384084 2 6.977993 34.491259 3.665272 3.908604
77.484084 2 6.977991 34.724933 3.664930 3.907052
77.584084 2 6.977988 34.960191 3.664587 3.905501
77.684084 2 6.977986 35.197043 3.664245 3.903949
77.784084 2 6.977984 35.435499 3.663903 3.902397
77.884084 2 6.977982 35.675570 3.663560 3.900845
77.984084 2 6.977980 35.917267 3.663218 3.899293
78.084084 2 6.977978 36.160602 3.662875 3.897742
78.184084 2 6.977976 36.405586 3.662533 3.896190
78.284084 2 6.977974 36.652229 3.662191 3.894638
78.384084 2 6.977972 36.900542 3.661848 3.893086
78.484084 2 6.977969 37.150538 3.661506 3.891534
78.584084 2 6.977967 37.402227 3.661163 3.889983
78.684084 2 6.977965 37.655622 3.660821 3.888431
78.784084 2 6.977963 37.910732 3.660478 3.886879
78.884084 2 6.977961 38.167571 3.660136 3.885327
78.984084 2 6.977959 38.426150 3.659793 3.883775
79.084084 2 6.977956 38.686481 3.659451 3.882224
79.184084 2 6.977954 38.948575 3.659109 3.880672
79.284084 2 6.977952 39.212444 3.658766 3.879120
79.384084 2 6.977949 39.478101 3.658424 3.877568
79.484084 2 6.977947 39.745557 3.658081 3.876017
79.584084 2 6.977945 40.014825 3.657739 3.874465
79.684084 2 6.977943 40.285918 3.657396 3.872913
79.784084 2 6.977940 40.558846 3.657054 3.871361
79.884084 2 6.977938 40.833624 3.656711 3.869809
79.984084 2 6.977936 41.110262 3.656369 3.868258
80.084084 2 6.977933 41.388775 3.656026 3.866706
80.184084 2 6.977931 41.669175 3.655684 3.865154
80.284084 2 6.977928 41.951473 3.655341 3.863602
80.384084 2 6.977926 42.235684 3.654999 3.862051
80.484084 2 6.977924 42.521821 3.654656 3.860499
80.584084 2 6.977921 42.809895 3.654314 3.858947
80.684084 2 6.977919 43.099921 3.653971 3.857395
80.784084 2 6.977916 43.391912 3.653629 3.855843
80.884084 2 6.977914 43.685880 3.653286 3.854292
80.984084 2 6.977911 43.981840 3.652944 3.852740
81.084084 2 6.977909 44.279805 3.652601 3.851188
81.184084 2 6.977906 44.579788 3.652259 3.849636
81.284084 2 6.977904 44.881803 3.651916 3.848085
81.384084 2 6.977901 45.185864 3.651574 3.846533
81.484084 2 6.977898 45.491984 3.651231 3.844981
81.584084 2 6.977896 45.800178 3.650889 3.843429
81.684084 2 6.977893 46.110460 3.650546 3.841877
81.784084 2 6.977891 46.422844 3.650204 3.840326
81.884084 2 6.977888 46.737343 3.649861 3.838774
81.984084 2 6.977885 47.053973 3.649519 3.837222
82.084084 2 6.977883 47.372748 3.649176 3.835670
82.184084 2 6.977880 47.693682 3.648834 3.834119
82.284084 2 6.977877 48.016790 3.648491 3.832567
82.384084 2 6.977874 48.342086 3.648149 3.831015
82.484084 2 6.977872 48.669586 3.647806 3.829463
82.584084 2 6.977869 48.999305 3.647463 3.827911
82.684084 2 6.977866 49.331256 3.647121 3.826360
82.784084 2 6.977863 49.665457 3.646778 3.824808
82.884084 2 6.977861 50.001921 3.646436 3.823256
82.984084 2 6.977858 50.340664 3.646093 3.821704
83.084084 2 6.977855 50.681702 3.645751 3.820153
83.184084 2 6.977852 51.025049 3.645408 3.818601
83.284084 2 6.977849 51.370723 3.645065 3.817049
83.384084 2 6.977846 51.718738 3.644723 3.815497
83.484084 2 6.977843 52.069110 3.644380 3.813946
83.584084 2 6.977840 52.421856 3.644038 3.812394
83.684084 2 6.977838 52.776990 3.643695 3.810842
83.784084 2 6.977835 53.134531 3.643352 3.809290
83.884084 2 6.977832 53.494493 3.643010 3.807738
83.984084 2 6.977829 53.856893 3.642667 3.806187
84.084084 2 6.977826 54.221748 3.642325 3.804635
84.184084 2 6.977823 54.589075 3.641982 3.803083
84.284084 2 6.977819 54.958889 3.641639 3.801531
84.384084 2 6.977816 55.331209 3.641297 3.799980
84.484084 2 6.977813 55.706050 3.640954 3.798428
84.584084 2 6.977810 56.083430 3.640612 3.796876
84.684084 2 6.977807 56.463366 3.640269 3.795324
84.784084 2 6.977804 56.845876 3.639926 3.793773
84.884084 2 6.977801 57.230977 3.639584 3.792221
84.984084 2 6.977798 57.618686 3.639241 3.790669
85.084084 2 6.977794 58.009021 3.638898 3.789117
85.184084 2 6.977791 58.402001 3.638556 3.787566
85.284084 2 6.977788 58.797641 3.638213 3.786014
85.384084 2 6.977785 59.195962 3.637870 3.784462
85.484084 2 6.977781 59.596981 3.637528 3.782910
85.584084 2 6.977778 60.000716 3.637185 3.781359
85.684084 2 6.977775 60.407185 3.636842 3.779807
85.784084 2 6.977771 60.816407 3.636500 3.778255
85.884084 2 6.977768 61.228402 3.636157 3.776703
85.984084 2 6.977765 61.643186 3.635814 3.775152
86.084084 2 6.977761 62.060781 3.635472 3.773600
86.184084 2 6.977758 62.481203 3.635129 3.772048
86.284084 2 6.977755 62.904474 3.634786 3.770496
86.384084 2 6.977751 63.330611 3.634444 3.768945
86.484084 2 6.977748 63.759634 3.634101 3.767393
86.584084 2 6.977744 64.191563 3.633758 3.765841
86.684084 2 6.977741 64.626418 3.633415 3.764289
86.784084 2 6.977737 65.064218 3.633073 3.762738
86.884084 2 6.977733 65.504983 3.632730 3.761186
86.984084 2 6.977730 65.948734 3.632387 3.759634
87.084084 2 6.977726 66.395490 3.632044 3.758082
87.184084 2 6.977723 66.845271 3.631702 3.756531
87.284084 2 6.977719 67.298100 3.631359 3.754979
87.384084 2 6.977715 67.753995 3.631016 3.753427
87.484084 2 6.977712 68.212978 3.630673 3.751875
87.584084 2 6.977708 68.675070 3.630331 3.750324
87.684084 2 6.977704 69.140291 3.629988 3.748772
87.784084 2 6.977700 69.608663 3.629645 3.747220
87.884084 2 6.977697 70.080208 3.629302 3.745668
87.984084 2 6.977693 70.554946 3.628960 3.744117
88.084084 2 6.977689 71.032899 3.628617 3.742565
88.184084 2 6.977685 71.514090 3.628274 3.741013
88.284084 2 6.977681 71.998540 3.627931 3.739462
88.384084 2 6.977677 72.486270 3.627589 3.737910
88.484084 2 6.977673 72.977304 3.627246 3.736358
88.584084 2 6.977670 73.471664 3.626903 3.734806
88.684084 2 6.977666 73.969371 3.626560 3.733255
88.784084 2 6.977662 74.470450 3.626217 3.731703
88.884084 2 6.977658 74.974922 3.625874 3.730151
88.984084 2 6.977654 75.482811 3.625532 3.728599
89.084084 2 6.977649 75.994139 3.625189 3.727048
89.184084 2 6.977645 76.508931 3.624846 3.725496
89.284084 2 6.977641 77.027209 3.624503 3.723944
89.384084 2 6.977637 77.548997 3.624160 3.722393
89.484084 2 6.977633 78.074319 3.623817 3.720841
89.584084 2 6.977629 78.603199 3.623475 3.719289
89.684084 2 6.977625 79.135660 3.623132 3.717737
89.784084 2 6.977620 79.671728 3.622789 3.716186
89.884084 2 6.977616 80.211426 3.622446 3.714634
89.984084 2 6.977612 80.754779 3.622103 3.713082
90.084084 2 6.977607 81.301812 3.621760 3.711531
90.184084 2 6.977603 81.852550 3.621417 3.709979
90.284084 2 6.977599 82.407017 3.621074 3.708427
90.384084 2 6.977594 82.965240 3.620732 3.706875
90.484084 2 6.977590 83.527243 3.620389 3.705324
90.584084 2 6.977586 84.093052 3.620046 3.703772
90.684084 2 6.977581 84.662693 3.619703 3.702220
90.784084 2 6.977577 85.236191 3.619360 3.700669
90.884084 2 6.977572 85.813574 3.619017 3.699117
90.984084 2 6.977568 86.394866 3.618674 3.697565
91.084084 2 6.977563 86.980096 3.618331 3.696013
91.184084 2 6.977558 87.569288 3.617988 3.694462
91.284084 2 6.977554 88.162471 3.617645 3.692910
91.384084 2 6.977549 88.759670 3.617302 3.691358
91.484084 2 6.977544 89.360914 3.616959 3.689807
91.584084 2 6.977540 89.913104 3.616646 3.688391
91.684084 2 6.977534 90.747791 3.616177 3.686267
91.784084 3 6.977527 91.590225 3.615707 3.684143
91.884084 3 6.977520 92.275319 3.620349 3.683685
91.984084 3 6.977513 93.087477 3.625805 3.683146
92.084084 3 6.977505 93.907085 3.631261 3.682607
92.184084 3 6.977497 94.734214 3.636717 3.682066
92.284084 3 6.977489 95.568934 3.642173 3.681525
92.384084 3 6.977481 96.411317 3.647629 3.680984
92.484084 3 6.977473 97.261436 3.653085 3.680441
92.584084 3 6.977464 98.119362 3.658541 3.679898
92.684084 3 6.977456 98.985171 3.663997 3.679355
92.784084 3 6.977447 99.858936 3.669453 3.678810
92.884084 3 6.977439 100.740732 3.674909 3.678265
92.984084 3 6.977430 101.630635 3.680365 3.677719
93.084084 3 6.977421 102.528722 3.685821 3.677173
93.184084 3 6.977413 103.435069 3.691277 3.676626
93.284084 3 6.977404 104.349756 3.696733 3.676078
93.384084 3 6.977395 105.272860 3.702189 3.675530
93.484084 3 6.977385 106.204462 3.707645 3.674980
93.584084 3 6.977376 107.144641 3.713101 3.674431
93.684084 3 6.977367 108.093478 3.718557 3.673880
93.784084 3 6.977357 109.051056 3.724013 3.673329
93.884084 3 6.977348 110.017457 3.729469 3.672777
93.984084 3 6.977338 110.992764 3.734925 3.672224
94.084084 3 6.977328 111.977061 3.740381 3.671671
94.184084 3 6.977318 112.970434 3.745837 3.671117
94.284084 3 6.977308 113.972968 3.751293 3.670563
94.384084 3 6.977298 114.984751 3.756749 3.670008
94.484084 3 6.977288 116.005869 3.762205 3.669452
94.584084 3 6.977277 117.036410 3.767661 3.668895
94.684084 3 6.977267 118.076465 3.773117 3.668338
94.784084 3 6.977256 119.126123 3.778573 3.667780
94.884084 3 6.977245 120.185474 3.784029 3.667222
94.984084 3 6.977234 121.254612 3.789485 3.666663
95.084084 3 6.977223 122.333627 3.794941 3.666103
95.184084 3 6.977212 123.422615 3.800397 3.665542
95.284084 3 6.977201 124.521669 3.805853 3.664981
95.384084 3 6.977190 125.630884 3.811309 3.664420
95.484084 3 6.977178 126.750358 3.816765 3.663857
95.584084 3 6.977166 127.880186 3.822221 3.663294
95.684084 3 6.977155 129.020468 3.827677 3.662731
95.784084 3 6.977143 130.171303 3.833133 3.662166
95.884084 3 6.977131 131.332789 3.838589 3.661601
95.984084 3 6.977118 132.505029 3.844045 3.661036
96.084084 3 6.977106 133.688125 3.849501 3.660469
96.184084 3 6.977094 134.882178 3.854957 3.659903
96.284084 3 6.977081 136.087294 3.860413 3.659335
96.384084 3 6.977068 137.303577 3.865869 3.658767
96.484084 3 6.977055 138.531133 3.871325 3.658198
96.584084 3 6.977042 139.770069 3.876781 3.657629
96.684084 3 6.977029 141.020493 3.882237 3.657059
96.784084 3 6.977016 142.282514 3.887693 3.656488
96.884084 3 6.977002 143.556243 3.893149 3.655917
96.984084 3 6.976988 144.841790 3.898605 3.655345
97.084084 3 6.976975 146.139267 3.904061 3.654772
97.184084 3 6.976961 147.448788 3.909517 3.654199
97.284084 3 6.976947 148.770467 3.914973 3.653626
97.384084 3 6.976932 150.104420 3.920429 3.653051
97.484084 3 6.976918 151.450763 3.925885 3.652476
97.584084 3 6.976903 152.809614 3.931341 3.651901
97.684084 3 6.976888 154.181093 3.936797 3.651324
97.784084 4 6.976888 154.206130 3.936896 3.651314
97.884084 4 6.976873 154.201668 3.936878 3.651316
97.984084 4 6.976865 154.199360 3.936869 3.651316
98.084084 4 6.974707 153.581810 3.934335 3.651554
98.184084 4 6.972570 152.993666 3.931909 3.651781
98.284084 4 6.970452 152.434022 3.929588 3.651997
98.384084 4 6.968353 151.901997 3.927371 3.652202
98.484084 4 6.966271 151.396733 3.925255 3.652396
98.584084 4 6.964205 150.917395 3.923237 3.652580
98.684084 4 6.962155 150.463168 3.921315 3.652754
98.784084 4 6.960119 150.033260 3.919487 3.652919
98.884084 4 6.958097 149.626895 3.917751 3.653073
98.984084 4 6.956089 149.243315 3.916104 3.653219
99.084084 4 6.954092 148.881780 3.914543 3.653356
99.184084 4 6.952106 148.541565 3.913067 3.653483
99.284084 4 6.950132 148.221960 3.911674 3.653603
99.384084 4 6.948167 147.922268 3.910360 3.653714
99.484084 4 6.946212 147.641805 3.909123 3.653817
99.584084 4 6.944265 147.379902 3.907961 3.653912
99.684084 4 6.942327 147.135897 3.906872 3.653999
99.784084 4 6.940396 146.909142 3.905853 3.654080
99.884084 4 6.938472 146.698996 3.904903 3.654153
99.984084 4 6.936554 146.504829 3.904018 3.654219
100.084084 4 6.934642 146.326019 3.903196 3.654279
100.184084 4 6.932736 146.161952 3.902435 3.654332
100.284084 4 6.930835 146.012019 3.901733 3.654380
100.384084 4 6.928938 145.875621 3.901087 3.654421
100.484084 4 6.927045 145.752163 3.900495 3.654457
100.584084 4 6.925156 145.641056 3.899955 3.654487
100.684084 4 6.923270 145.541714 3.899464 3.654513
100.784084 4 6.921387 145.453559 3.899019 3.654533
100.884084 4 6.919507 145.376015 3.898619 3.654549
100.984084 4 6.917629 145.308508 3.898262 3.654560
101.084084 4 6.915753 145.250471 3.897944 3.654568
101.184084 4 6.913878 145.201336 3.897663 3.654571
101.284084 4 6.912005 145.160539 3.897418 3.654571
101.384084 4 6.910132 145.127520 3.897206 3.654567
101.484084 4 6.908261 145.101716 3.897023 3.654560
101.584084 4 6.906390 145.082570 3.896869 3.654550
101.684084 4 6.904520 145.069524 3.896741 3.654538
101.784084 4 6.902650 145.062021 3.896636 3.654523
101.884084 4 6.900780 145.059506 3.896552 3.654506
101.984084 4 6.898909 145.061421 3.896487 3.654486
102.084084 4 6.897039 145.067213 3.896438 3.654465
102.184084 4 6.895168 145.076326 3.896403 3.654443
102.284084 4 6.893297 145.088205 3.896380 3.654419
102.384084 4 6.891425 145.102294 3.896366 3.654395
102.484084 4 6.889552 145.118037 3.896358 3.654369
102.584084 4 6.887679 145.134880 3.896356 3.654344
102.684084 4 6.885805 144.014295 3.903452 3.657801
102.784084 4 6.885687 142.620521 3.906157 3.660589
102.884084 4 6.885569 141.246826 3.908047 3.663163
102.984084 4 6.885452 139.892873 3.909563 3.665634
103.084084 4 6.885336 138.558332 3.910855 3.668038
103.184084 4 6.885220 137.242876 3.911994 3.670394
103.284084 4 6.885105 135.946190 3.913021 3.672712
103.384084 4 6.884991 134.667961 3.913960 3.674998
103.484084 4 6.884878 133.407884 3.914830 3.677257
103.584084 4 6.884766 132.165658 3.915642 3.679492
103.684084 4 6.884654 130.940990 3.916406 3.681704
103.784084 4 6.884544 129.733590 3.917129 3.683897
103.884084 4 6.884434 128.543176 3.917815 3.686070
103.984084 4 6.884325 127.369470 3.918471 3.688226
104.084084 4 6.884216 126.212199 3.919098 3.690364
104.184084 4 6.884109 125.071095 3.919701 3.692487
104.284084 4 6.884003 123.945897 3.920281 3.694595
104.384084 4 6.883897 122.836345 3.920840 3.696687
104.484084 4 6.883792 121.742188 3.921381 3.698765
104.584084 4 6.883688 120.663177 3.921905 3.700829
104.684084 4 6.883584 119.599068 3.922414 3.702880
104.784084 4 6.883482 118.549623 3.922908 3.704917
104.884084 4 6.883380 117.514606 3.923388 3.706942
104.984084 4 6.883279 116.493787 3.923856 3.708953
105.084084 4 6.883179 115.486941 3.924313 3.710952
105.184084 4 6.883079 114.493844 3.924758 3.712939
105.284084 4 6.882981 113.514279 3.925193 3.714914
105.384084 4 6.882883 112.548031 3.925619 3.716876
105.484084 4 6.882786 111.594891 3.926035 3.718827
105.584084 4 6.882689 110.654653 3.926443 3.720767
105.684084 4 6.882593 109.727113 3.926843 3.722694
105.784084 4 6.882498 108.812073 3.927235 3.724611
105.884084 4 6.882404 107.909338 3.927620 3.726516
105.984084 4 6.882310 107.018714 3.927998 3.728410
106.084084 4 6.882217 106.140016 3.928369 3.730293
106.184084 4 6.882125 105.273056 3.928734 3.732165
106.284084 4 6.882033 104.417654 3.929092 3.734027
106.384084 4 6.881942 103.573630 3.929445 3.735877
106.484084 4 6.881852 102.740811 3.929793 3.737717
106.584084 4 6.881763 101.919023 3.930135 3.739547
106.684084 4 6.881674 101.108097 3.930472 3.741366
106.784084 4 6.881585 100.307868 3.930804 3.743174
106.884084 4 6.881498 99.518171 3.931131 3.744972
106.984084 4 6.881410 98.738848 3.931454 3.746760
107.084084 4 6.881324 97.969740 3.931772 3.748538
107.184084 4 6.881238 97.210693 3.932086 3.750305
107.284084 4 6.881153 96.461554 3.932396 3.752062
107.384084 4 6.881068 95.722175 3.932702 3.753810
107.484084 4 6.880984 94.992408 3.933004 3.755547
107.584084 4 6.880901 94.272110 3.933303 3.757275
107.684084 4 6.880818 93.561138 3.933598 3.758992
107.784084 4 6.880735 92.859354 3.933889 3.760700
107.884084 4 6.880654 92.166621 3.934178 3.762398
107.984084 4 6.880572 91.482804 3.934462 3.764086
108.084084 4 6.880492 90.807771 3.934744 3.765765
108.184084 4 6.880412 90.141393 3.935023 3.767434
108.284084 4 6.880332 89.483541 3.935299 3.769094
108.384084 4 6.880253 88.834091 3.935571 3.770744
108.484084 4 6.880174 88.192919 3.935841 3.772384
108.584084 4 6.880096 87.559904 3.936109 3.774015
108.684084 4 6.880019 86.934926 3.936373 3.775637
108.784084 4 6.879942 86.317870 3.936635 3.777249
108.884084 4 6.879865 85.708618 3.936895 3.778852
108.984084 4 6.879789 85.107060 3.937151 3.780446
109.084084 4 6.879714 84.513083 3.937406 3.782030
109.184084 4 6.879639 83.926578 3.937658 3.783605
109.284084 4 6.879564 83.347437 3.937908 3.785171
109.384084 4 6.879490 82.775555 3.938156 3.786728
109.484084 4 6.879416 82.210828 3.938401 3.788276
109.584084 4 6.879343 81.653154 3.938645 3.789815
109.684084 4 6.879271 81.102431 3.938886 3.791345
109.784084 4 6.879198 80.558563 3.939125 3.792866
109.884084 4 6.879126 80.021450 3.939363 3.794378
109.984084 4 6.879055 79.490999 3.939598 3.795881
110.084084 4 6.878984 78.967114 3.939831 3.797375
110.184084 4 6.878914 78.449703 3.940063 3.798861
110.284084 4 6.878844 77.938676 3.940293 3.800337
110.384084 4 6.878774 77.433944 3.940521 3.801805
110.484084 4 6.878705 76.935417 3.940747 3.803264
110.584084 4 6.878636 76.443010 3.940971 3.804714
110.684084 4 6.878567 75.956638 3.941194 3.806156
110.784084 4 6.878499 75.476217 3.941415 3.807589
110.884084 4 6.878432 75.001665 3.941635 3.809014
110.984084 4 6.878364 74.532901 3.941853 3.810430
111.084084 4 6.878297 74.069845 3.942069 3.811837
111.184084 4 6.878231 73.612419 3.942284 3.813236
111.284084 4 6.878165 73.160545 3.942497 3.814626
111.384084 4 6.878099 72.714149 3.942709 3.816008
111.484084 4 6.878034 72.273155 3.942919 3.817382
111.584084 4 6.877969 71.837490 3.943129 3.818747
111.684084 4 6.877904 71.407081 3.943336 3.820104
111.784084 4 6.877840 70.981859 3.943542 3.821452
111.884084 4 6.877776 70.561752 3.943747 3.822793
111.984084 4 6.877712 70.146692 3.943951 3.824125
112.084084 4 6.877649 69.736611 3.944153 3.825448
112.184084 4 6.877586 69.331443 3.944354 3.826764
112.284084 4 6.877523 68.931122 3.944554 3.828071
112.384084 4 6.877461 68.535584 3.944753 3.829371
112.484084 4 6.877399 68.144764 3.944950 3.830662
112.584084 4 6.877338 67.758601 3.945146 3.831945
112.684084 4 6.877276 67.377032 3.945341 3.833220
112.784084 4 6.877215 66.999998 3.945535 3.834487
112.884084 4 6.877155 66.627438 3.945728 3.835746
112.984084 4 6.877094 66.259295 3.945919 3.836997
113.084084 4 6.877034 65.895510 3.946109 3.838240
113.184084 4 6.876975 65.536026 3.946299 3.839475
113.284084 4 6.876915 65.180787 3.946487 3.840703
113.384084 4 6.876856 64.829739 3.946674 3.841922
113.484084 4 6.876797 64.482826 3.946861 3.843134
113.584084 4 6.876739 64.139996 3.947046 3.844338
113.684084 4 6.876681 63.801196 3.947230 3.845534
113.784084 4 6.876623 63.466375 3.947413 3.846722
113.884084 4 6.876565 63.135480 3.947595 3.847903
113.984084 4 6.876507 62.808462 3.947776 3.849076
114.084084 4 6.876450 62.485272 3.947957 3.850241
114.184084 4 6.876393 62.165860 3.948136 3.851399
114.284084 4 6.876337 61.850180 3.948314 3.852549
114.384084 4 6.876280 61.538183 3.948492 3.853691
114.484084 4 6.876168 60.925055 3.948844 3.855954
114.584084 4 6.876057 60.326112 3.949193 3.858186
114.684084 4 6.875947 59.741002 3.949538 3.860389
114.784084 4 6.875838 59.169383 3.949880 3.862562
114.884084 4 6.875730 58.610922 3.950219 3.864706
114.984084 4 6.875622 58.065297 3.950555 3.866821
115.084084 4 6.875516 57.532196 3.950887 3.868907
115.184084 4 6.875411 57.011315 3.951217 3.870964
115.284084 4 6.875306 56.502358 3.951543 3.872993
115.384084 4 6.875202 56.005041 3.951867 3.874994
115.484084 4 6.875099 55.519085 3.952188 3.876966
115.584084 4 6.874997 55.044220 3.952506 3.878911
115.684084 4 6.874896 54.580185 3.952821 3.880828
115.784084 4 6.874795 54.126724 3.953134 3.882718
115.884084 4 6.874696 53.683590 3.953444 3.884581
115.984084 4 6.874597 53.250543 3.953752 3.886417
116.084084 4 6.874498 52.827350 3.954057 3.888225
116.184084 4 6.874401 52.413783 3.954360 3.890008
116.284084 4 6.874304 52.009621 3.954661 3.891764
116.384084 4 6.874208 51.614651 3.954959 3.893494
116.484084 4 6.874112 51.228664 3.955255 3.895198
116.584084 4 6.874017 50.851456 3.955549 3.896876
116.684084 4 6.873923 50.482832 3.955840 3.898529
116.784084 4 6.873830 50.122598 3.956130 3.900156
116.884084 4 6.873737 49.770568 3.956417 3.901759
116.984084 4 6.873644 49.426561 3.956702 3.903336
117.084084 4 6.873552 49.090400 3.956986 3.904889
117.184084 4 6.873461 48.761913 3.957267 3.906417
117.284084 4 6.873370 48.440933 3.957546 3.907921
117.384084 4 6.873280 48.127296 3.957824 3.909401
117.484084 4 6.873190 47.820845 3.958100 3.910857
117.584084 4 6.873101 47.521425 3.958373 3.912289
117.684084 4 6.873013 47.228885 3.958645 3.913698
117.784084 4 6.872924 46.943079 3.958916 3.915084
117.884084 4 6.872837 46.663864 3.959184 3.916446
117.984084 4 6.872749 46.391102 3.959451 3.917786
118.084084 4 6.872663 46.124656 3.959716 3.919103
118.184084 4 6.872576 45.864396 3.959980 3.920398
118.284084 4 6.872490 45.610191 3.960241 3.921670
118.384084 4 6.872405 45.361917 3.960502 3.922920
118.484084 4 6.872320 45.119451 3.960760 3.924149
118.584084 4 6.872235 44.882674 3.961017 3.925356
118.684084 4 6.872151 44.651470 3.961273 3.926541
118.784084 4 6.872067 44.425725 3.961527 3.927705
118.884084 4 6.871900 43.990173 3.962031 3.929970
118.984084 4 6.871735 43.575163 3.962529 3.932153
119.084084 4 6.871570 43.179882 3.963021 3.934255
119.184084 4 6.871408 42.803554 3.963508 3.936278
119.284084 4 6.871246 42.445438 3.963990 3.938223
119.384084 4 6.871085 42.104827 3.964467 3.940091
119.484084 4 6.870926 41.781045 3.964939 3.941886
119.584084 4 6.870768 41.473446 3.965405 3.943607
119.684084 4 6.870610 41.181412 3.965868 3.945257
119.784084 4 6.870454 40.904349 3.966325 3.946837
119.884084 4 6.870299 40.641689 3.966779 3.948349
119.984084 4 6.870144 40.392886 3.967228 3.949795
120.084084 4 6.869990 40.157417 3.967672 3.951176
120.184084 4 6.869837 39.934777 3.968113 3.952493
120.284084 4 6.869684 39.724481 3.968549 3.953749
120.384084 4 6.869381 39.339067 3.969411 3.956081
120.484084 4 6.869079 38.997625 3.970257 3.958186
120.584084 4 6.868780 38.696837 3.971089 3.960075
120.684084 4 6.868483 38.433585 3.971908 3.961762
120.784084 4 6.868187 38.204926 3.972713 3.963259
120.884084 4 6.867597 37.840343 3.974287 3.965735
120.984084 4 6.867010 37.582174 3.975814 3.967603
121.084084 4 6.866426 37.410983 3.977299 3.968966
121.184084 4 6.865842 37.308346 3.978744 3.969923
121.284084 4 6.865258 37.256475 3.980151 3.970578
121.384084 4 6.864673 37.237939 3.981524 3.971029
121.484084 4 6.864086 37.235471 3.982865 3.971378
121.584084 4 6.863497 37.238817 3.984175 3.971686
121.684084 4 6.862906 37.260548 3.985457 3.971880
121.784084 4 6.862314 37.317952 3.986711 3.971860
121.884084 4 6.861718 37.428501 3.987940 3.971524
121.984084 4 6.861119 37.610063 3.989145 3.970775
122.084084 4 6.860516 37.881186 3.990327 3.969510
122.184084 4 6.860211 38.056412 3.990909 3.968654
122.284084 4 6.859904 38.261494 3.991486 3.967631
122.384084 4 6.859595 38.499135 3.992058 3.966430
122.484084 4 6.859284 38.772169 3.992625 3.965037
122.584084 4 6.858971 39.083587 3.993187 3.963440
122.684084 4 6.858654 39.436564 3.993744 3.961627
122.784084 4 6.858494 39.629685 3.994021 3.960636
122.884084 4 6.858333 39.834481 3.994297 3.959585
122.984084 4 6.858171 40.051415 3.994571 3.958474
123.084084 4 6.858009 40.280964 3.994844 3.957302
123.184084 4 6.857845 40.523623 3.995117 3.956066
123.284084 4 6.857680 40.779909 3.995388 3.954764
123.384084 4 6.857514 41.050358 3.995658 3.953396
123.484084 4 6.857346 41.335529 3.995926 3.951960
123.584084 4 6.857178 41.636005 3.996194 3.950455
123.684084 4 6.857008 41.952393 3.996461 3.948877
123.784084 4 6.856837 42.285328 3.996726 3.947227
123.884084 4 6.856664 42.635474 3.996991 3.945503
123.984084 4 6.856490 43.003525 3.997255 3.943702
124.084084 4 6.856314 43.390207 3.997517 3.941824
124.184084 4 6.856136 43.796282 3.997779 3.939867
124.284084 4 6.855957 44.222548 3.998039 3.937828
124.384084 4 6.855866 44.443512 3.998169 3.936779
124.484084 4 6.855775 44.669842 3.998298 3.935708
124.584084 4 6.855684 44.901647 3.998428 3.934616
124.684084 4 6.855591 45.139043 3.998557 3.933504
124.784084 4 6.855499 45.382147 3.998686 3.932370
124.884084 4 6.855406 45.631077 3.998814 3.931214
124.984084 4 6.855312 45.885957 3.998943 3.930036
125.084084 4 6.855218 46.146913 3.999071 3.928837
125.184084 4 6.855123 46.414074 3.999199 3.927615
125.284084 4 6.855028 46.687574 3.999327 3.926372
125.384084 4 6.854932 46.967547 3.999454 3.925105
125.484084 4 6.854835 47.254135 3.999581 3.923816
125.584084 4 6.854738 47.547480 3.999708 3.922504
125.684084 4 6.854640 47.847730 3.999835 3.921169
125.784084 4 6.854542 48.155035 3.999961 3.919810
125.884084 4 6.854442 48.469552 4.000088 3.918428
125.984084 4 6.854343 48.791439 4.000214 3.917022
126.084084 4 6.854242 49.120861 4.000340 3.915592
126.184084 4 6.854141 49.457986 4.000465 3.914139
126.284084 4 6.854039 49.802986 4.000591 3.912661
126.384084 4 6.853936 50.156039 4.000716 3.911158
126.484084 4 6.853833 50.517329 4.000841 3.909631
126.584084 4 6.853729 50.887042 4.000965 3.908078
126.684084 4 6.853624 51.265372 4.001090 3.906501
126.784084 4 6.853518 51.652516 4.001214 3.904898
126.884084 4 6.853411 52.048680 4.001338 3.903270
126.984084 4 6.853304 52.454074 4.001462 3.901616
127.084084 4 6.853195 52.868911 4.001585 3.899937
127.184084 4 6.853086 53.293416 4.001709 3.898231
127.284084 4 6.852976 53.727817 4.001832 3.896499
127.384084 4 6.852865 54.172347 4.001955 3.894740
127.484084 4 6.852753 54.627250 4.002078 3.892955
127.584084 4 6.852640 55.092775 4.002200 3.891143
127.684084 4 6.852526 55.569177 4.002322 3.889304
127.784084 4 6.852410 56.056721 4.002444 3.887438
127.884084 4 6.852294 56.555678 4.002566 3.885544
127.984084 4 6.852177 57.066329 4.002688 3.883623
128.084084 4 6.852059 57.588960 4.002809 3.881673
128.184084 4 6.851940 58.123870 4.002931 3.879696
128.284084 4 6.851819 58.671364 4.003052 3.877690
128.384084 4 6.851697 59.231757 4.003172 3.875656
128.484084 4 6.851574 59.805374 4.003293 3.873594
128.584084 4 6.851450 60.392550 4.003414 3.871502
128.684084 4 6.851325 60.993628 4.003534 3.869382
128.784084 4 6.851262 61.299492 4.003594 3.868311
128.884084 4 6.851198 61.608966 4.003654 3.867232
128.984084 4 6.851134 61.922095 4.003714 3.866146
129.084084 4 6.851070 62.238928 4.003774 3.865053
129.184084 4 6.851005 62.559512 4.003833 3.863952
129.284084 4 6.850940 62.883894 4.003893 3.862844
129.384084 4 6.850875 63.212125 4.003953 3.861729
129.484084 4 6.850809 63.544253 4.004013 3.860606
129.584084 4 6.850743 63.880330 4.004072 3.859475
129.684084 4 6.850676 64.220407 4.004132 3.858337
129.784084 4 6.850610 64.564536 4.004191 3.857191
129.884084 4 6.850543 64.912770 4.004251 3.856038
129.984084 4 6.850475 65.265163 4.004310 3.854877
130.084084 4 6.850407 65.621770 4.004370 3.853709
130.184084 4 6.850339 65.982647 4.004429 3.852533
130.284084 4 6.850270 66.347849 4.004488 3.851349
130.384084 4 6.850201 66.717435 4.004548 3.850158
130.484084 4 6.850132 67.091462 4.004607 3.848959
130.584084 4 6.850062 67.469990 4.004666 3.847752
130.684084 4 6.849992 67.853079 4.004725 3.846537
130.784084 4 6.849921 68.240790 4.004784 3.845315
130.884084 4 6.849850 68.633185 4.004843 3.844084
130.984084 4 6.849778 69.030327 4.004902 3.842846
131.084084 4 6.849706 69.432280 4.004961 3.841600
131.184084 4 6.849634 69.839110 4.005020 3.840346
131.284084 4 6.849561 70.250882 4.005079 3.839084
131.384084 4 6.849488 70.667664 4.005137 3.837815
131.484084 4 6.849414 71.089525 4.005196 3.836537
131.584084 4 6.849340 71.516533 4.005255 3.835251
131.684084 4 6.849266 71.948759 4.005313 3.833957
131.784084 4 6.849191 72.386276 4.005372 3.832655
131.884084 4 6.849115 72.829155 4.005430 3.831346
131.984084 4 6.849039 73.277471 4.005489 3.830028
132.084084 4 6.848963 73.731300 4.005547 3.828701
132.184084 4 6.848886 74.190718 4.005606 3.827367
132.284084 4 6.848808 74.655802 4.005664 3.826025
132.384084 4 6.848730 75.126633 4.005722 3.824674
132.484084 4 6.848652 75.603290 4.005781 3.823315
132.584084 4 6.848573 76.085855 4.005839 3.821948
132.684084 4 6.848494 76.574411 4.005897 3.820573
132.784084 4 6.848414 77.069043 4.005955 3.819189
132.884084 4 6.848333 77.569836 4.006013 3.817797
132.984084 4 6.848252 78.076879 4.006071 3.816397
133.084084 4 6.848171 78.590260 4.006129 3.814988
133.184084 4 6.848088 79.110068 4.006187 3.813571
133.284084 4 6.848006 79.636397 4.006245 3.812146
133.384084 4 6.847922 80.169339 4.006303 3.810712
133.484084 4 6.847839 80.708990 4.006360 3.809270
133.584084 4 6.847754 81.255445 4.006418 3.807819
133.684084 4 6.847669 81.808804 4.006476 3.806360
133.784084 4 6.847584 82.369166 4.006534 3.804892
133.884084 4 6.847498 82.936632 4.006591 3.803415
133.984084 4 6.847411 83.511306 4.006649 3.801930
134.084084 4 6.847323 84.093294 4.006706 3.800436
134.184084 4 6.847235 84.682701 4.006764 3.798934
134.284084 4 6.847147 85.279637 4.006821 3.797423
134.384084 4 6.847057 85.884212 4.006879 3.795904
134.484084 4 6.846968 86.496539 4.006936 3.794375
134.584084 4 6.846877 87.116732 4.006993 3.792838
134.684084 4 6.846786 87.744908 4.007050 3.791292
134.784084 4 6.846694 88.381185 4.007108 3.789738
134.884084 4 6.846601 89.025684 4.007165 3.788174
134.984084 4 6.846508 89.678527 4.007222 3.786602
135.084084 4 6.846414 90.339840 4.007279 3.785021
135.184084 4 6.846319 91.009748 4.007336 3.783431
135.284084 4 6.846224 91.688381 4.007393 3.781832
135.384084 4 6.846128 92.375871 4.007450 3.780224
135.484084 4 6.846031 93.072352 4.007507 3.778607
135.584084 4 6.845933 93.777959 4.007564 3.776981
135.684084 4 6.845835 94.492831 4.007620 3.775346
135.784084 4 6.845736 95.217110 4.007677 3.773702
135.884084 4 6.845636 95.950938 4.007734 3.772049
135.984084 4 6.845535 96.694462 4.007791 3.770387
136.084084 4 6.845434 97.447830 4.007847 3.768716
136.184084 4 6.845332 98.211193 4.007904 3.767036
136.284084 4 6.845228 98.984707 4.007960 3.765347
136.384084 4 6.845125 99.768527 4.008017 3.763648
136.484084 4 6.845020 100.562813 4.008073 3.761940
136.584084 4 6.844914 101.367727 4.008130 3.760223
136.684084 4 6.844808 102.183436 4.008186 3.758497
136.784084 4 6.844700 103.010107 4.008242 3.756761
136.884084 4 6.844592 103.847913 4.008299 3.755016
136.984084 4 6.844483 104.697027 4.008355 3.753262
137.084084 4 6.844373 105.557627 4.008411 3.751499
137.184084 4 6.844262 106.429894 4.008467 3.749726
137.284084 4 6.844150 107.314014 4.008523 3.747943
137.384084 4 6.844037 108.210172 4.008579 3.746151
137.484084 4 6.843923 109.118562 4.008635 3.744350
137.584084 4 6.843809 110.039377 4.008691 3.742539
137.684084 4 6.843693 110.972815 4.008747 3.740719
137.784084 4 6.843576 111.919079 4.008803 3.738889
137.884084 4 6.843458 112.878374 4.008859 3.737050
137.984084 4 6.843340 113.850911 4.008915 3.735201
138.084084 4 6.843220 114.836901 4.008971 3.733343
138.184084 4 6.843099 115.836563 4.009027 3.731474
138.284084 4 6.842977 116.850118 4.009082 3.729597
138.384084 4 6.842854 117.877791 4.009138 3.727709
138.484084 4 6.842730 118.919813 4.009194 3.725812
138.584084 4 6.842605 119.976418 4.009249 3.723905
138.684084 4 6.842478 121.047844 4.009305 3.721988
138.784084 4 6.842351 122.134334 4.009360 3.720062
138.884084 4 6.842222 123.236136 4.009416 3.718125
138.984084 4 6.842092 124.353502 4.009471 3.716179
139.084084 4 6.841961 125.486690 4.009526 3.714223
139.184084 4 6.841829 126.635962 4.009582 3.712257
139.284084 4 6.841695 127.801584 4.009637 3.710282
139.384084 4 6.841560 128.983829 4.009692 3.708296
139.484084 4 6.841424 130.182974 4.009747 3.706300
139.584084 4 6.841287 131.399302 4.009803 3.704295
139.684084 4 6.841148 132.633102 4.009858 3.702279
139.784084 4 6.841009 133.884666 4.009913 3.700253
139.884084 4 6.840867 135.154294 4.009968 3.698218
139.984084 4 6.840725 136.442292 4.010023 3.696172
140.084084 4 6.840581 137.748970 4.010078 3.694116
140.184084 4 6.840435 139.074646 4.010133 3.692050
140.284084 4 6.840288 140.419644 4.010188 3.689974
140.384084 4 6.840140 141.784292 4.010243 3.687887
140.484084 4 6.839990 143.168927 4.010297 3.685791
140.584084 4 6.839839 144.573892 4.010352 3.683684
140.684084 4 6.839688 145.984173 4.010406 3.681589
140.784084 4 6.839545 147.324999 4.010457 3.679617
140.884084 4 6.839409 148.598712 4.010505 3.677759
140.984084 4 6.839281 149.807707 4.010549 3.676011
141.084084 4 6.839160 150.954410 4.010591 3.674365
141.184084 4 6.839046 152.041263 4.010630 3.672817
141.284084 4 6.838938 153.070703 4.010667 3.671361
141.384084 4 6.838836 154.045156 4.010701 3.669992
141.484084 4 6.838740 154.967014 4.010733 3.668704
141.584084 4 6.838649 155.838634 4.010763 3.667494
141.684084 4 6.838564 156.662325 4.010791 3.666356
141.784084 4 6.838403 158.224026 4.010844 3.664215
141.884084 4 6.838260 159.609260 4.010891 3.662334
141.984084 4 6.838134 160.835907 4.010931 3.660682
142.084084 4 6.838023 161.920525 4.010967 3.659231
142.184084 4 6.837926 162.878318 4.010998 3.657958
142.284084 4 6.837840 163.723155 4.011025 3.656842
142.384084 4 6.837688 165.216993 4.011072 3.654881
142.484084 4 6.837574 166.350368 4.011108 3.653406
142.584084 4 6.837487 167.207797 4.011134 3.652296
142.684084 4 6.837357 168.505959 4.011174 3.650626
