t Ka M R logL logTeff
0.100000 1 89.927991 12.719057 6.015108 4.712690
0.200000 1 89.855336 12.766095 6.016426 4.712218
0.300000 1 89.782100 12.813399 6.017776 4.711752
0.400000 1 89.708267 12.861038 6.019157 4.711292
0.500000 1 89.633821 12.909080 6.020567 4.710835
0.600000 1 89.558742 12.957592 6.022009 4.710381
0.700000 1 89.483014 13.006645 6.023480 4.709928
0.800000 1 89.406618 13.056309 6.024981 4.709476
0.900000 1 89.329535 13.106656 6.026511 4.709022
1.000000 1 89.251747 13.157756 6.028071 4.708567
1.100000 1 89.173235 13.209684 6.029661 4.708109
1.200000 1 89.093979 13.262514 6.031279 4.707647
1.300000 1 89.013958 13.316320 6.032926 4.707180
1.400000 1 88.933154 13.371178 6.034601 4.706706
1.500000 1 88.851544 13.427166 6.036304 4.706224
1.600000 1 88.769108 13.484361 6.038036 4.705734
1.700000 1 88.685825 13.542842 6.039795 4.705234
1.800000 1 88.601672 13.602691 6.041582 4.704724
1.900000 1 88.516627 13.663988 6.043396 4.704201
2.000000 1 88.430667 13.726818 6.045237 4.703665
2.100000 1 88.343769 13.791263 6.047104 4.703115
2.200000 1 88.255910 13.857411 6.048998 4.702549
2.300000 1 88.167065 13.925348 6.050918 4.701967
2.400000 1 88.077209 13.995164 6.052863 4.701367
2.500000 1 87.986318 14.066950 6.054834 4.700749
2.600000 1 87.894365 14.140797 6.056830 4.700111
2.700000 1 87.801325 14.216802 6.058851 4.699452
2.800000 1 87.707171 14.295060 6.060897 4.698772
2.900000 1 87.611823 14.375665 6.062966 4.698068
3.000000 1 87.515122 14.458706 6.065057 4.697340
3.100000 1 87.417032 14.544286 6.067170 4.696587
3.200000 1 87.317513 14.632509 6.069305 4.695807
3.300000 1 87.216529 14.723484 6.071460 4.695000
3.400000 1 87.114039 14.817320 6.073636 4.694165
3.500000 1 87.010003 14.914133 6.075832 4.693299
3.600000 1 86.904380 15.014040 6.078047 4.692403
3.700000 1 86.797128 15.117162 6.080281 4.691476
3.800000 1 86.688205 15.223625 6.082533 4.690515
3.900000 1 86.577565 15.333559 6.084803 4.689520
4.000000 1 86.465166 15.447099 6.087091 4.688490
4.100000 1 86.350961 15.564384 6.089395 4.687423
4.200000 1 86.234905 15.685561 6.091715 4.686319
4.300000 1 86.116951 15.810784 6.094051 4.685177
4.400000 1 85.997052 15.940210 6.096402 4.683994
4.500000 1 85.875160 16.074008 6.098767 4.682770
4.600000 1 85.751227 16.212355 6.101146 4.681504
4.700000 1 85.625205 16.355435 6.103539 4.680194
4.800000 1 85.497043 16.503445 6.105943 4.678839
4.900000 1 85.366693 16.656593 6.108360 4.677437
5.000000 1 85.234107 16.815100 6.110787 4.675988
5.100000 1 85.099234 16.979203 6.113225 4.674488
5.200000 1 85.030630 17.063393 6.114445 4.673719
5.300000 1 84.961433 17.149076 6.115667 4.672937
5.400000 1 84.891638 17.236287 6.116892 4.672142
5.500000 1 84.821239 17.325062 6.118119 4.671333
5.600000 1 84.750229 17.415437 6.119348 4.670510
5.700000 1 84.678604 17.507451 6.120578 4.669674
5.800000 1 84.606356 17.601143 6.121811 4.668823
5.900000 1 84.533480 17.696555 6.123045 4.667958
6.000000 1 84.459970 17.793730 6.124282 4.667077
6.100000 1 84.385822 17.892713 6.125519 4.666182
6.200000 1 84.311029 17.993550 6.126759 4.665272
6.300000 1 84.235586 18.096289 6.128000 4.664346
6.400000 1 84.159488 18.200983 6.129242 4.663404
6.500000 1 84.082729 18.307683 6.130485 4.662445
6.600000 1 84.005305 18.416445 6.131730 4.661470
6.700000 1 83.927211 18.527327 6.132976 4.660478
6.800000 1 83.848441 18.640388 6.134223 4.659469
6.900000 1 83.768992 18.755693 6.135470 4.658442
7.000000 1 83.688860 18.873308 6.136719 4.657396
7.100000 1 83.608039 18.993301 6.137968 4.656332
7.200000 1 83.526527 19.115745 6.139218 4.655250
7.300000 1 83.444319 19.240716 6.140469 4.654147
7.400000 1 83.361413 19.368295 6.141721 4.653025
7.500000 1 83.277805 19.498565 6.142972 4.651882
7.600000 1 83.193492 19.631614 6.144225 4.650719
7.700000 1 83.108473 19.767534 6.145477 4.649534
7.800000 1 83.022744 19.906424 6.146730 4.648326
7.900000 1 82.936305 20.048384 6.147983 4.647097
8.000000 1 82.849154 20.193523 6.149236 4.645844
8.100000 1 82.761291 20.341953 6.150490 4.644567
8.200000 1 82.672714 20.493795 6.151743 4.643265
8.300000 1 82.583425 20.649174 6.152997 4.641938
8.400000 1 82.493424 20.808222 6.154250 4.640586
8.500000 1 82.402712 20.971080 6.155503 4.639206
8.600000 1 82.311292 21.137894 6.156757 4.637799
8.700000 1 82.219166 21.308821 6.158010 4.636363
8.800000 1 82.126338 21.484025 6.159263 4.634898
8.900000 1 82.032812 21.663680 6.160515 4.633403
9.000000 1 81.938592 21.847969 6.161768 4.631877
9.100000 1 81.843686 22.037088 6.163021 4.630319
9.200000 1 81.748099 22.231241 6.164273 4.628727
9.300000 1 81.651840 22.430646 6.165525 4.627101
9.400000 1 81.554918 22.635534 6.166778 4.625440
9.500000 1 81.457343 22.846150 6.168030 4.623741
9.600000 1 81.359127 23.062751 6.169282 4.622005
9.700000 1 81.260282 23.285613 6.170534 4.620230
9.800000 1 81.160823 23.515027 6.171787 4.618415
9.900000 1 81.110794 23.632269 6.172413 4.617491
10.000000 1 81.060619 23.751267 6.173038 4.616557
10.100000 1 81.010300 23.872062 6.173664 4.615612
10.200000 1 80.959839 23.994698 6.174290 4.614655
10.300000 1 80.909239 24.119218 6.174916 4.613688
10.400000 1 80.858503 24.245668 6.175543 4.612709
10.500000 1 80.807633 24.374095 6.176169 4.611719
10.600000 1 80.756632 24.504548 6.176796 4.610716
10.700000 1 80.705503 24.637078 6.177423 4.609702
10.800000 1 80.654249 24.771735 6.178050 4.608675
10.900000 1 80.602873 24.908573 6.178678 4.607636
11.000000 1 80.551380 25.047648 6.179306 4.606583
11.100000 1 80.499772 25.189016 6.179934 4.605518
11.200000 1 80.448053 25.332736 6.180562 4.604440
11.300000 1 80.396227 25.478868 6.181191 4.603348
11.400000 1 80.344298 25.627476 6.181821 4.602243
11.500000 1 80.292270 25.778623 6.182451 4.601123
11.600000 1 80.240147 25.932377 6.183081 4.599990
11.700000 1 80.187935 26.088806 6.183712 4.598842
11.800000 1 80.135637 26.247983 6.184344 4.597679
11.900000 1 80.083259 26.409980 6.184976 4.596501
12.000000 1 80.030806 26.574873 6.185609 4.595307
12.100000 1 79.978282 26.742742 6.186243 4.594098
12.200000 1 79.925693 26.913667 6.186877 4.592873
12.300000 1 79.873046 27.087734 6.187513 4.591632
12.400000 1 79.820345 27.265028 6.188149 4.590375
12.500000 1 79.767598 27.445641 6.188786 4.589100
12.600000 1 79.714809 27.629665 6.189424 4.587809
12.700000 1 79.661986 27.817197 6.190063 4.586500
12.800000 1 79.609136 28.008336 6.190704 4.585173
12.900000 1 79.556265 28.203186 6.191345 4.583828
13.000000 1 79.503380 28.401854 6.191988 4.582464
13.100000 1 79.450490 28.604450 6.192633 4.581082
13.200000 1 79.397601 28.811090 6.193278 4.579680
13.300000 1 79.344723 29.021892 6.193926 4.578259
13.400000 1 79.291862 29.236980 6.194574 4.576818
13.500000 1 79.239028 29.456482 6.195225 4.575356
13.600000 1 79.186230 29.680529 6.195877 4.573874
13.700000 1 79.133476 29.909259 6.196531 4.572370
13.800000 1 79.080776 30.142815 6.197187 4.570845
13.900000 1 79.028139 30.381343 6.197845 4.569298
14.000000 1 78.975575 30.624999 6.198505 4.567729
14.100000 1 78.923096 30.873940 6.199168 4.566136
14.200000 1 78.870710 31.128331 6.199832 4.564521
14.300000 1 78.818429 31.388344 6.200500 4.562881
14.400000 1 78.766265 31.654158 6.201169 4.561218
14.500000 1 78.714228 31.925956 6.201842 4.559529
14.600000 1 78.662331 32.203932 6.202517 4.557815
14.700000 1 78.610586 32.488284 6.203196 4.556076
14.800000 1 78.559004 32.779221 6.203877 4.554311
14.900000 1 78.507599 33.076957 6.204562 4.552518
15.000000 1 78.456384 33.381718 6.205250 4.550699
15.100000 1 78.405373 33.693737 6.205941 4.548851
15.200000 1 78.354578 34.013257 6.206636 4.546975
15.300000 1 78.304015 34.340530 6.207335 4.545071
15.400000 1 78.253697 34.675821 6.208038 4.543137
15.500000 1 78.203639 35.019402 6.208745 4.541172
15.600000 1 78.178747 35.194407 6.209100 4.540179
15.700000 1 78.153928 35.371593 6.209457 4.539177
15.800000 1 78.129182 35.550998 6.209814 4.538168
15.900000 1 78.104511 35.732661 6.210173 4.537151
16.000000 1 78.079918 35.916620 6.210533 4.536126
16.100000 1 78.055405 36.102915 6.210894 4.535093
16.200000 1 78.030973 36.291588 6.211257 4.534052
16.300000 1 78.006624 36.482679 6.211620 4.533002
16.400000 1 77.982361 36.676233 6.211985 4.531944
16.500000 1 77.958186 36.872291 6.212351 4.530878
16.600000 1 77.934101 37.070899 6.212718 4.529804
16.700000 1 77.910107 37.272101 6.213087 4.528720
16.800000 1 77.886207 37.475944 6.213457 4.527629
16.900000 1 77.862404 37.682476 6.213828 4.526528
17.000000 1 77.838698 37.891745 6.214201 4.525419
17.100000 1 77.815093 38.103800 6.214575 4.524300
17.200000 1 77.791591 38.318691 6.214951 4.523173
17.300000 1 77.768193 38.536471 6.215328 4.522037
17.400000 1 77.744902 38.757192 6.215707 4.520891
17.500000 1 77.721720 38.980908 6.216087 4.519736
17.600000 1 77.698650 39.207673 6.216468 4.518572
17.700000 1 77.675694 39.437545 6.216851 4.517398
17.800000 1 77.652853 39.670580 6.217236 4.516215
17.900000 1 77.630130 39.906838 6.217622 4.515023
18.000000 1 77.607528 40.146379 6.218010 4.513820
18.100000 1 77.585049 40.389263 6.218400 4.512608
18.200000 1 77.562694 40.635555 6.218791 4.511385
18.300000 1 77.540467 40.885318 6.219184 4.510153
18.400000 1 77.518369 41.138619 6.219579 4.508910
18.500000 1 77.496404 41.395523 6.219976 4.507658
18.600000 1 77.474572 41.656101 6.220374 4.506395
18.700000 1 77.452877 41.920422 6.220774 4.505121
18.800000 1 77.431321 42.188559 6.221176 4.503837
18.900000 1 77.409906 42.460585 6.221580 4.502543
19.000000 1 77.388634 42.736576 6.221985 4.501237
19.100000 1 77.367509 43.016608 6.222393 4.499921
19.200000 1 77.346531 43.300761 6.222803 4.498593
19.300000 1 77.325704 43.589115 6.223214 4.497255
19.400000 1 77.305029 43.881753 6.223628 4.495906
19.500000 1 77.284510 44.178759 6.224043 4.494545
19.600000 1 77.264148 44.480221 6.224461 4.493172
19.700000 1 77.243945 44.786227 6.224881 4.491788
19.800000 1 77.223905 45.096867 6.225302 4.490393
19.900000 1 77.204029 45.412235 6.225726 4.488986
20.000000 1 77.184319 45.732425 6.226152 4.487567
20.100000 1 77.164778 46.057536 6.226581 4.486135
20.200000 1 77.145407 46.387668 6.227011 4.484692
20.300000 1 77.126210 46.722921 6.227444 4.483236
20.400000 1 77.107188 47.063402 6.227879 4.481769
20.500000 1 77.088344 47.409217 6.228316 4.480288
20.600000 1 77.069680 47.760476 6.228755 4.478795
20.700000 1 77.051197 48.117292 6.229197 4.477289
20.800000 1 77.032898 48.479781 6.229641 4.475771
20.900000 1 77.014785 48.848061 6.230088 4.474239
21.000000 1 76.996859 49.222252 6.230537 4.472694
21.100000 1 76.979124 49.602480 6.230988 4.471136
21.200000 1 76.961581 49.988871 6.231442 4.469564
21.300000 1 76.944232 50.381556 6.231898 4.467979
21.400000 1 76.927079 50.780669 6.232357 4.466381
21.500000 1 76.910123 51.186348 6.232819 4.464768
21.600000 1 76.893367 51.598733 6.233282 4.463142
21.700000 1 76.876812 52.017967 6.233749 4.461501
21.800000 1 76.860460 52.444201 6.234218 4.459846
21.900000 1 76.844313 52.877584 6.234690 4.458177
22.000000 1 76.828373 53.318273 6.235164 4.456493
22.100000 1 76.812640 53.766428 6.235641 4.454795
22.200000 1 76.797117 54.222213 6.236120 4.453082
22.300000 1 76.781805 54.685795 6.236602 4.451354
22.400000 1 76.766705 55.157348 6.237087 4.449611
22.500000 1 76.751819 55.637048 6.237575 4.447852
22.600000 1 76.737148 56.125077 6.238065 4.446078
22.700000 1 76.722693 56.621623 6.238558 4.444289
22.800000 1 76.708456 57.126876 6.239054 4.442484
22.900000 1 76.694437 57.641033 6.239553 4.440663
23.000000 1 76.680638 58.164297 6.240054 4.438826
23.100000 1 76.666988 58.696801 6.240558 4.436973
23.200000 1 76.653300 59.238562 6.241061 4.435104
23.300000 1 76.639572 59.789785 6.241565 4.433218
23.400000 1 76.625805 60.350685 6.242068 4.431317
23.500000 1 76.611999 60.921478 6.242572 4.429398
23.600000 1 76.598154 61.502390 6.243075 4.427463
23.700000 1 76.584270 62.093649 6.243579 4.425512
23.800000 1 76.528573 61.605378 6.251218 4.429136
23.900000 1 76.524951 61.182755 6.252068 4.430843
24.000000 1 76.521540 60.725015 6.252904 4.432683
24.100000 1 76.518329 60.239946 6.253724 4.434629
24.200000 1 76.515305 59.734719 6.254522 4.436658
24.300000 1 76.512459 59.215801 6.255298 4.438746
24.400000 1 76.509781 58.688937 6.256049 4.440875
24.500000 1 76.507219 58.159104 6.256773 4.443025
24.600000 1 76.504755 57.630612 6.257470 4.445182
24.700000 1 76.502386 57.107133 6.258139 4.447330
24.800000 1 76.500109 56.591735 6.258780 4.449459
24.900000 1 76.497922 56.086936 6.259393 4.451558
25.000000 1 76.495823 55.594762 6.259978 4.453618
25.100000 1 76.493809 55.116809 6.260535 4.455632
25.200000 1 76.491879 54.654289 6.261066 4.457595
25.300000 1 76.490030 54.208087 6.261570 4.459501
25.400000 1 76.488261 53.778805 6.262050 4.461347
25.500000 1 76.486570 53.366808 6.262504 4.463131
25.600000 1 76.484955 52.972254 6.262936 4.464850
25.700000 1 76.483413 52.595137 6.263344 4.466504
25.800000 1 76.481943 52.235310 6.263730 4.468091
25.900000 1 76.480543 51.892514 6.264096 4.469612
26.000000 1 76.479209 51.566398 6.264441 4.471067
26.100000 1 76.477941 51.256540 6.264767 4.472458
26.200000 1 76.476735 50.962465 6.265076 4.473784
26.300000 1 76.475590 50.683653 6.265366 4.475048
26.400000 1 76.474504 50.419559 6.265641 4.476251
26.500000 1 76.472442 49.917423 6.266159 4.478554
26.600000 1 76.470598 49.470725 6.266618 4.480621
26.700000 1 76.468953 49.074363 6.267022 4.482469
26.800000 1 76.467488 48.723413 6.267379 4.484116
26.900000 1 76.466187 48.413220 6.267693 4.485582
27.000000 1 76.465033 48.139456 6.267970 4.486882
27.100000 1 76.464011 47.898143 6.268213 4.488034
27.200000 1 76.462204 47.471945 6.268641 4.490082
27.300000 1 76.460824 47.149092 6.268965 4.491645
27.400000 1 76.459775 46.905182 6.269208 4.492832
27.500000 1 76.458185 46.536533 6.269576 4.494638
27.600000 2 76.456569 44.382552 6.269947 4.505021
27.700000 2 76.456566 44.412656 6.269951 4.504875
27.800000 2 76.456523 44.850285 6.270017 4.502762
27.900000 2 76.456479 45.292226 6.270083 4.500649
28.000000 2 76.456437 45.738522 6.270148 4.498537
28.100000 2 76.456395 46.189218 6.270214 4.496424
28.200000 2 76.456354 46.644354 6.270280 4.494311
28.300000 2 76.456313 47.103977 6.270346 4.492198
28.400000 2 76.456273 47.568129 6.270412 4.490085
28.500000 2 76.456234 48.036855 6.270477 4.487973
28.600000 2 76.456195 48.510201 6.270543 4.485860
28.700000 2 76.456157 48.988212 6.270609 4.483747
28.800000 2 76.456120 49.470934 6.270675 4.481634
28.900000 2 76.456083 49.958414 6.270741 4.479521
29.000000 2 76.456047 50.450698 6.270807 4.477409
29.100000 2 76.456011 50.947833 6.270873 4.475296
29.200000 2 76.455977 51.449868 6.270938 4.473183
29.300000 2 76.455942 51.956851 6.271004 4.471070
29.400000 2 76.455909 52.468830 6.271070 4.468957
29.500000 2 76.455875 52.985855 6.271136 4.466845
29.600000 2 76.455843 53.507975 6.271202 4.464732
29.700000 2 76.455811 54.035242 6.271268 4.462619
29.800000 2 76.455780 54.567704 6.271334 4.460506
29.900000 2 76.455749 55.105415 6.271400 4.458393
30.000000 2 76.455719 55.648424 6.271466 4.456281
30.100000 2 76.455690 56.196786 6.271531 4.454168
30.200000 2 76.455661 56.750551 6.271597 4.452055
30.300000 2 76.455632 57.309775 6.271663 4.449942
30.400000 2 76.455604 57.874509 6.271729 4.447829
30.500000 2 76.455577 58.444810 6.271795 4.445716
30.600000 2 76.455550 59.020731 6.271861 4.443604
30.700000 2 76.455524 59.602327 6.271927 4.441491
30.800000 2 76.455499 60.189656 6.271993 4.439378
30.900000 2 76.455474 60.782773 6.272059 4.437265
31.000000 2 76.455449 61.381735 6.272125 4.435152
31.100000 2 76.455424 61.986600 6.272191 4.433039
31.200000 2 76.455399 62.597425 6.272257 4.430927
31.300000 2 76.455374 63.214270 6.272323 4.428814
31.400000 2 76.455349 63.837193 6.272389 4.426701
31.500000 2 76.455323 64.466255 6.272455 4.424588
31.600000 2 76.455298 65.101516 6.272521 4.422475
31.700000 2 76.455273 65.743037 6.272587 4.420362
31.800000 2 76.455248 66.390881 6.272653 4.418250
31.900000 2 76.455223 67.045108 6.272719 4.416137
32.000000 2 76.455198 67.705782 6.272785 4.414024
32.100000 2 76.455173 68.372967 6.272851 4.411911
32.200000 2 76.455148 69.046727 6.272917 4.409798
32.300000 2 76.455123 69.727127 6.272983 4.407685
32.400000 2 76.455097 70.414231 6.273049 4.405573
32.500000 2 76.455072 71.108107 6.273115 4.403460
32.600000 2 76.455047 71.808820 6.273181 4.401347
32.700000 2 76.455022 72.516439 6.273247 4.399234
32.800000 2 76.454997 73.231031 6.273313 4.397121
32.900000 2 76.453902 73.951411 6.273367 4.395009
33.000000 2 76.452808 74.678880 6.273422 4.392897
33.100000 2 76.451713 75.413507 6.273477 4.390785
33.200000 2 76.450618 76.155364 6.273531 4.388673
33.300000 2 76.449524 76.904522 6.273586 4.386561
33.400000 2 76.448429 77.661051 6.273641 4.384449
33.500000 2 76.447334 78.425026 6.273695 4.382337
33.600000 2 76.446240 79.196518 6.273750 4.380225
33.700000 2 76.445145 79.975603 6.273805 4.378113
33.800000 2 76.444050 80.762355 6.273859 4.376001
33.900000 2 76.442956 81.556849 6.273914 4.373889
34.000000 2 76.441861 82.359161 6.273969 4.371777
34.100000 2 76.440766 83.169369 6.274023 4.369665
34.200000 2 76.439671 83.987551 6.274078 4.367553
34.300000 2 76.438577 84.813784 6.274133 4.365441
34.400000 2 76.437482 85.648148 6.274188 4.363328
34.500000 2 76.436387 86.490724 6.274242 4.361216
34.600000 2 76.435292 87.341591 6.274297 4.359104
34.700000 2 76.434198 88.200831 6.274352 4.356992
34.800000 2 76.433103 89.068528 6.274406 4.354880
34.900000 2 76.432008 89.944764 6.274461 4.352768
35.000000 2 76.430913 90.829623 6.274516 4.350656
35.100000 2 76.429818 91.723191 6.274570 4.348544
35.200000 2 76.428723 92.625552 6.274625 4.346431
35.300000 2 76.427628 93.536794 6.274680 4.344319
35.400000 2 76.426533 94.457004 6.274734 4.342207
35.500000 2 76.425439 95.386270 6.274789 4.340095
35.600000 2 76.424344 96.324681 6.274844 4.337983
35.700000 2 76.423249 97.272327 6.274899 4.335871
35.800000 2 76.422154 98.229300 6.274953 4.333758
35.900000 2 76.421059 99.195691 6.275008 4.331646
36.000000 2 76.419964 100.171593 6.275063 4.329534
36.100000 2 76.418869 101.157100 6.275117 4.327422
36.200000 2 76.417774 102.152305 6.275172 4.325309
36.300000 2 76.416679 103.157305 6.275227 4.323197
36.400000 2 76.415584 104.172196 6.275281 4.321085
36.500000 2 76.414489 105.197075 6.275336 4.318973
36.600000 2 76.413394 106.232041 6.275391 4.316861
36.700000 2 76.412299 107.277192 6.275446 4.314748
36.800000 2 76.411203 108.332630 6.275500 4.312636
36.900000 2 76.410108 109.398456 6.275555 4.310524
37.000000 2 76.409013 110.474771 6.275610 4.308411
37.100000 2 76.407918 111.561679 6.275664 4.306299
37.200000 2 76.406823 112.659285 6.275719 4.304187
37.300000 2 76.405728 113.767693 6.275774 4.302075
37.400000 2 76.404633 114.887011 6.275828 4.299962
37.500000 2 76.403537 116.017345 6.275883 4.297850
37.600000 2 76.402442 117.158803 6.275938 4.295738
37.700000 2 76.401347 118.311496 6.275993 4.293625
37.800000 2 76.400252 119.475534 6.276047 4.291513
37.900000 2 76.399157 120.651029 6.276102 4.289401
38.000000 2 76.398061 121.838093 6.276157 4.287288
38.100000 2 76.396966 123.036841 6.276211 4.285176
38.200000 2 76.395871 124.247387 6.276266 4.283063
38.300000 2 76.394776 125.469848 6.276321 4.280951
38.400000 2 76.393680 126.704341 6.276376 4.278839
38.500000 2 76.392585 127.950984 6.276430 4.276726
38.600000 2 76.391490 129.209897 6.276485 4.274614
38.700000 2 76.390394 130.481201 6.276540 4.272502
38.800000 2 76.389299 131.765018 6.276594 4.270389
38.900000 2 76.388204 133.061471 6.276649 4.268277
39.000000 2 76.387108 134.370684 6.276704 4.266164
39.100000 2 76.386013 135.692783 6.276759 4.264052
39.200000 2 76.384917 137.027895 6.276813 4.261939
39.300000 2 76.383822 138.376149 6.276868 4.259827
39.400000 2 76.382727 139.737673 6.276923 4.257714
39.500000 2 76.381631 141.112597 6.276977 4.255602
39.600000 2 76.380536 142.501055 6.277032 4.253490
39.700000 2 76.379440 143.903180 6.277087 4.251377
39.800000 2 76.378345 145.319105 6.277142 4.249265
39.900000 2 76.377249 146.748967 6.277196 4.247152
40.000000 2 76.376154 148.192903 6.277251 4.245040
40.100000 2 76.375058 149.651051 6.277306 4.242927
40.200000 2 76.373963 151.123552 6.277360 4.240815
40.300000 2 76.372867 152.610547 6.277415 4.238702
40.400000 2 76.371772 154.112178 6.277470 4.236590
40.500000 2 76.370676 155.628590 6.277525 4.234477
40.600000 2 76.369580 157.159928 6.277579 4.232364
40.700000 2 76.368485 158.706339 6.277634 4.230252
40.800000 2 76.367389 160.267972 6.277689 4.228139
40.900000 2 76.366294 161.844976 6.277743 4.226027
41.000000 2 76.365198 163.437503 6.277798 4.223914
41.100000 2 76.364102 165.045706 6.277853 4.221802
41.200000 2 76.363007 166.669739 6.277908 4.219689
41.300000 2 76.361911 168.309757 6.277962 4.217576
41.400000 2 76.360815 169.965919 6.278017 4.215464
41.500000 2 76.359719 171.638383 6.278072 4.213351
41.600000 2 76.358624 173.327310 6.278127 4.211239
41.700000 2 76.357528 175.032862 6.278181 4.209126
41.800000 2 76.356432 176.755202 6.278236 4.207013
41.900000 2 76.355337 178.494496 6.278291 4.204901
42.000000 2 76.354241 180.250911 6.278345 4.202788
42.100000 2 76.353145 182.024615 6.278400 4.200676
42.200000 2 76.352049 183.815779 6.278455 4.198563
42.300000 2 76.350953 185.624575 6.278510 4.196450
42.400000 2 76.349858 187.451175 6.278564 4.194338
42.500000 2 76.348762 189.295757 6.278619 4.192225
42.600000 2 76.347666 191.158495 6.278674 4.190112
42.700000 2 76.346570 193.039571 6.278729 4.188000
42.800000 2 76.345474 194.939163 6.278783 4.185887
42.900000 2 76.344378 196.857454 6.278838 4.183774
43.000000 2 76.343282 198.794629 6.278893 4.181661
43.100000 2 76.342186 200.750873 6.278947 4.179549
43.200000 2 76.341091 202.726374 6.279002 4.177436
43.300000 2 76.339995 204.721322 6.279057 4.175323
43.400000 2 76.338899 206.735909 6.279112 4.173211
43.500000 2 76.337803 208.770327 6.279166 4.171098
43.600000 2 76.336707 210.824771 6.279221 4.168985
43.700000 2 76.335611 212.899440 6.279276 4.166872
43.800000 2 76.334515 214.994533 6.279331 4.164760
43.900000 2 76.333419 217.110249 6.279385 4.162647
44.000000 2 76.332323 219.246794 6.279440 4.160534
44.100000 2 76.331227 221.404370 6.279495 4.158421
44.200000 2 76.330131 223.583187 6.279550 4.156308
44.300000 2 76.329034 225.783452 6.279604 4.154196
44.400000 2 76.327938 228.005378 6.279659 4.152083
44.500000 2 76.326842 230.249177 6.279714 4.149970
44.600000 2 76.325746 232.515065 6.279769 4.147857
44.700000 2 76.324650 234.803259 6.279823 4.145744
44.800000 2 76.323554 237.113979 6.279878 4.143631
44.900000 2 76.322458 239.447447 6.279933 4.141519
45.000000 2 76.321362 241.803887 6.279987 4.139406
45.100000 2 76.320265 244.183525 6.280042 4.137293
45.200000 2 76.319169 246.586589 6.280097 4.135180
45.300000 2 76.318073 249.013311 6.280152 4.133067
45.400000 2 76.316977 251.463922 6.280206 4.130954
45.500000 2 76.315881 253.938660 6.280261 4.128841
45.600000 2 76.314784 256.437760 6.280316 4.126729
45.700000 2 76.313688 258.961463 6.280371 4.124616
45.800000 2 76.312592 261.510012 6.280425 4.122503
45.900000 2 76.311495 264.083650 6.280480 4.120390
46.000000 2 76.310399 266.682626 6.280535 4.118277
46.100000 2 76.309303 269.307188 6.280590 4.116164
46.200000 2 76.308207 271.957589 6.280644 4.114051
46.300000 2 76.307110 274.634083 6.280699 4.111938
46.400000 2 76.306014 277.336926 6.280754 4.109825
46.500000 2 76.304918 280.066379 6.280809 4.107712
46.600000 2 76.303821 282.822704 6.280863 4.105599
46.700000 2 76.302725 285.606165 6.280918 4.103486
46.800000 2 76.301628 288.417029 6.280973 4.101373
46.900000 2 76.300532 291.255567 6.281028 4.099260
47.000000 2 76.299436 294.122050 6.281082 4.097147
47.100000 2 76.298339 297.016755 6.281137 4.095034
47.200000 2 76.297243 299.939958 6.281192 4.092921
47.300000 2 76.296146 302.891942 6.281247 4.090808
47.400000 2 76.295050 305.872988 6.281301 4.088695
47.500000 2 76.293953 308.883384 6.281356 4.086582
47.600000 2 76.292857 311.923418 6.281411 4.084469
47.700000 2 76.291760 314.993382 6.281466 4.082356
47.800000 2 76.290664 318.093571 6.281520 4.080243
47.900000 2 76.289567 321.224283 6.281575 4.078130
48.000000 2 76.288471 324.385819 6.281630 4.076017
48.100000 2 76.287374 327.578481 6.281685 4.073904
48.200000 2 76.286277 330.802577 6.281739 4.071791
48.300000 2 76.285181 334.058416 6.281794 4.069678
48.400000 2 76.284084 337.346311 6.281849 4.067565
48.500000 2 76.282988 340.666577 6.281904 4.065452
48.600000 2 76.281891 344.019534 6.281959 4.063339
48.700000 2 76.280794 347.405502 6.282013 4.061226
48.800000 2 76.279698 350.824808 6.282068 4.059112
48.900000 2 76.278601 354.277780 6.282123 4.056999
49.000000 2 76.277504 357.764749 6.282178 4.054886
49.100000 2 76.276408 361.286050 6.282232 4.052773
49.200000 2 76.275311 364.842021 6.282287 4.050660
49.300000 2 76.274214 368.433004 6.282342 4.048547
49.400000 2 76.273117 372.059344 6.282397 4.046434
49.500000 2 76.272021 375.721388 6.282451 4.044320
49.600000 2 76.270924 379.419489 6.282506 4.042207
49.700000 2 76.269827 383.154001 6.282561 4.040094
49.800000 2 76.268730 386.925284 6.282616 4.037981
49.900000 2 76.267633 390.733699 6.282670 4.035868
50.000000 2 76.266537 394.579612 6.282725 4.033755
50.100000 2 76.265440 398.463392 6.282780 4.031641
50.200000 2 76.264343 402.385413 6.282835 4.029528
50.300000 2 76.263246 406.346052 6.282890 4.027415
50.400000 2 76.262149 410.345687 6.282944 4.025302
50.500000 2 76.261052 414.384704 6.282999 4.023188
50.600000 2 76.259955 418.463491 6.283054 4.021075
50.700000 2 76.258858 422.582438 6.283109 4.018962
50.800000 2 76.257762 426.741943 6.283163 4.016849
50.900000 2 76.256665 430.942403 6.283218 4.014735
51.000000 2 76.255568 435.184223 6.283273 4.012622
51.100000 2 76.254471 439.467810 6.283328 4.010509
51.200000 2 76.253374 443.793576 6.283382 4.008396
51.300000 2 76.252277 448.161935 6.283437 4.006282
51.400000 2 76.251180 452.573308 6.283492 4.004169
51.500000 2 76.250083 457.028118 6.283547 4.002056
51.600000 2 76.248986 461.526792 6.283602 3.999942
51.700000 2 76.247889 466.069764 6.283656 3.997829
51.800000 2 76.246792 470.657469 6.283711 3.995716
51.900000 2 76.245694 475.290348 6.283766 3.993603
52.000000 2 76.244597 479.968845 6.283821 3.991489
52.100000 2 76.243500 484.693411 6.283875 3.989376
52.200000 2 76.242403 489.464499 6.283930 3.987263
52.300000 2 76.241306 494.282567 6.283985 3.985149
52.400000 2 76.240209 499.148078 6.284040 3.983036
52.500000 2 76.239112 504.061500 6.284095 3.980922
52.600000 2 76.238015 509.023304 6.284149 3.978809
52.700000 2 76.236917 514.033966 6.284204 3.976696
52.800000 2 76.235820 519.093969 6.284259 3.974582
52.900000 2 76.234723 524.203798 6.284314 3.972469
53.000000 2 76.233626 529.363943 6.284368 3.970355
53.100000 2 76.232529 534.574902 6.284423 3.968242
53.200000 2 76.231431 539.837173 6.284478 3.966129
53.300000 2 76.230334 545.151263 6.284533 3.964015
53.400000 2 76.229237 550.517682 6.284588 3.961902
53.500000 2 76.228140 555.936945 6.284642 3.959788
53.600000 2 76.227042 561.409574 6.284697 3.957675
53.700000 2 76.225945 566.936093 6.284752 3.955561
53.800000 2 76.224848 572.517034 6.284807 3.953448
53.900000 2 76.223750 578.152932 6.284861 3.951335
54.000000 2 76.222653 583.844329 6.284916 3.949221
54.100000 2 76.221556 589.591772 6.284971 3.947108
54.200000 2 76.220458 595.395813 6.285026 3.944994
54.300000 2 76.219361 601.257009 6.285081 3.942881
54.400000 2 76.218263 607.175923 6.285135 3.940767
54.500000 2 76.217166 613.153125 6.285190 3.938654
54.600000 2 76.216069 619.189187 6.285245 3.936540
54.700000 2 76.214971 625.284690 6.285300 3.934427
54.800000 2 76.213874 631.440220 6.285355 3.932313
54.900000 2 76.212776 637.656368 6.285409 3.930200
55.000000 2 76.211679 643.933731 6.285464 3.928086
55.100000 2 76.210581 650.272911 6.285519 3.925972
55.200000 2 76.209484 656.674519 6.285574 3.923859
55.300000 2 76.208386 663.139168 6.285629 3.921745
55.400000 2 76.207289 669.667481 6.285683 3.919632
55.500000 2 76.206191 676.260083 6.285738 3.917518
55.600000 2 76.205094 682.917609 6.285793 3.915405
55.700000 2 76.203996 689.640698 6.285848 3.913291
55.800000 2 76.202898 696.429996 6.285903 3.911177
55.900000 2 76.201801 703.286155 6.285957 3.909064
56.000000 2 76.200703 710.209834 6.286012 3.906950
56.100000 2 76.199606 717.201698 6.286067 3.904837
56.200000 2 76.198508 724.262419 6.286122 3.902723
56.300000 2 76.197410 731.392674 6.286177 3.900609
56.400000 2 76.196313 738.593150 6.286231 3.898496
56.500000 2 76.195215 745.864537 6.286286 3.896382
56.600000 2 76.194117 753.207535 6.286341 3.894268
56.700000 2 76.193019 760.622849 6.286396 3.892155
56.800000 2 76.191922 768.111191 6.286451 3.890041
56.900000 2 76.190824 775.673281 6.286505 3.887927
57.000000 2 76.189726 783.309845 6.286560 3.885814
57.100000 2 76.188629 791.021617 6.286615 3.883700
57.200000 2 76.187531 798.809338 6.286670 3.881586
57.300000 2 76.186433 806.673756 6.286725 3.879473
57.400000 2 76.185335 814.615627 6.286779 3.877359
57.500000 2 76.184237 822.635714 6.286834 3.875245
57.600000 2 76.183140 830.734787 6.286889 3.873132
57.700000 2 76.182042 838.913624 6.286944 3.871018
57.800000 2 76.180944 847.173012 6.286999 3.868904
57.900000 2 76.179846 855.513744 6.287053 3.866790
58.000000 2 76.178748 863.936621 6.287108 3.864677
58.100000 2 76.177650 872.442453 6.287163 3.862563
58.200000 2 76.176552 881.032056 6.287218 3.860449
58.300000 2 76.175454 889.706257 6.287273 3.858335
58.400000 2 76.174356 898.465889 6.287327 3.856222
58.500000 2 76.173259 907.311793 6.287382 3.854108
58.600000 2 76.172161 916.244819 6.287437 3.851994
58.700000 2 76.171063 925.265826 6.287492 3.849880
58.800000 2 76.169965 934.375680 6.287547 3.847766
58.900000 2 76.168867 943.575257 6.287601 3.845653
59.000000 2 76.167769 952.865441 6.287656 3.843539
59.100000 2 76.166671 962.247124 6.287711 3.841425
59.200000 2 76.165573 971.721209 6.287766 3.839311
59.300000 2 76.164475 981.288605 6.287821 3.837197
59.400000 2 76.163376 990.950231 6.287875 3.835084
59.500000 2 76.162278 1000.707016 6.287930 3.832970
59.600000 2 76.161180 1010.559898 6.287985 3.830856
59.700000 2 76.160082 1020.509824 6.288040 3.828742
59.800000 2 76.158984 1030.557749 6.288095 3.826628
59.900000 2 76.157886 1040.704639 6.288150 3.824514
60.000000 2 76.156788 1050.951469 6.288204 3.822400
60.100000 2 76.155690 1061.299224 6.288259 3.820286
60.200000 2 76.154591 1071.748899 6.288314 3.818173
60.300000 2 76.153493 1082.301496 6.288369 3.816059
60.400000 2 76.152395 1092.958031 6.288424 3.813945
60.500000 2 76.151297 1103.719528 6.288478 3.811831
60.600000 2 76.150199 1114.587020 6.288533 3.809717
60.700000 2 76.149100 1125.561553 6.288588 3.807603
60.800000 2 76.148002 1136.644180 6.288643 3.805489
60.900000 2 76.146904 1147.835967 6.288698 3.803375
61.000000 2 76.145806 1159.137989 6.288753 3.801261
61.100000 2 76.144707 1170.551332 6.288807 3.799147
61.200000 2 76.143609 1182.077094 6.288862 3.797033
61.300000 2 76.142511 1193.716382 6.288917 3.794919
61.400000 2 76.141412 1205.470314 6.288972 3.792805
61.500000 2 76.140314 1217.340020 6.289027 3.790691
61.600000 2 76.139216 1229.326642 6.289082 3.788577
61.700000 2 76.138117 1241.431330 6.289136 3.786463
61.800000 2 76.137019 1253.655248 6.289191 3.784349
61.900000 2 76.135921 1265.999571 6.289246 3.782235
62.000000 2 76.134822 1278.465485 6.289301 3.780121
62.100000 2 76.133724 1291.054189 6.289356 3.778007
62.200000 2 76.132625 1303.766893 6.289410 3.775893
62.300000 2 76.131527 1316.604817 6.289465 3.773779
62.400000 2 76.130428 1329.569196 6.289520 3.771665
62.500000 2 76.129330 1342.661276 6.289575 3.769551
62.600000 2 76.128231 1355.882316 6.289630 3.767437
62.700000 2 76.127133 1369.233585 6.289685 3.765323
62.800000 2 76.126034 1382.716368 6.289739 3.763209
62.900000 2 76.124936 1396.331959 6.289794 3.761095
63.000000 2 76.123837 1410.081669 6.289849 3.758981
63.100000 2 76.122739 1423.966817 6.289904 3.756867
63.200000 2 76.121640 1437.988739 6.289959 3.754753
63.300000 2 76.120542 1452.148783 6.290014 3.752638
63.400000 2 76.119443 1466.448310 6.290068 3.750524
63.500000 2 76.118344 1480.888693 6.290123 3.748410
63.600000 2 76.117246 1495.471321 6.290178 3.746296
63.700000 2 76.116147 1510.197596 6.290233 3.744182
63.800000 2 76.115049 1525.068933 6.290288 3.742068
63.900000 2 76.113950 1540.086761 6.290343 3.739954
64.000000 2 76.112851 1555.252524 6.290397 3.737839
64.100000 2 76.111753 1570.567680 6.290452 3.735725
64.200000 2 76.110654 1586.033700 6.290507 3.733611
64.300000 2 76.109555 1601.652072 6.290562 3.731497
64.400000 2 76.108456 1617.424297 6.290617 3.729383
64.500000 2 76.107358 1633.351891 6.290672 3.727269
64.600000 2 76.106259 1649.436384 6.290726 3.725154
64.700000 2 76.105160 1665.679323 6.290781 3.723040
64.800000 2 76.104061 1682.082270 6.290836 3.720926
64.900000 2 76.102963 1698.646800 6.290891 3.718812
65.000000 2 76.101864 1715.374507 6.290946 3.716698
65.100000 2 76.100765 1732.266997 6.291001 3.714583
65.200000 2 76.099666 1749.325896 6.291056 3.712469
65.300000 2 76.098567 1766.552843 6.291110 3.710355
65.400000 2 76.097468 1783.949494 6.291165 3.708241
65.500000 2 76.096370 1801.517521 6.291220 3.706126
65.600000 2 76.095271 1819.258613 6.291275 3.704012
65.700000 2 76.094172 1837.174475 6.291330 3.701898
65.800000 2 76.093073 1855.266830 6.291385 3.699784
65.900000 2 76.091974 1873.537417 6.291439 3.697669
66.000000 2 76.090875 1891.987993 6.291494 3.695555
66.100000 2 76.089776 1910.620330 6.291549 3.693441
66.200000 2 76.088677 1929.436221 6.291604 3.691326
66.300000 2 76.087578 1948.437474 6.291659 3.689212
66.400000 2 76.086479 1967.625916 6.291714 3.687098
66.500000 2 76.085380 1987.003391 6.291769 3.684983
66.600000 2 76.084281 2006.571763 6.291823 3.682869
66.700000 2 76.083182 2026.332912 6.291878 3.680755
66.800000 2 76.082083 2046.288739 6.291933 3.678640
66.900000 2 76.080984 2066.441161 6.291988 3.676526
67.000000 2 76.079885 2086.792117 6.292043 3.674412
67.100000 2 76.078786 2107.343563 6.292098 3.672297
67.200000 2 76.077687 2128.097474 6.292152 3.670183
67.300000 2 76.076588 2149.055846 6.292207 3.668069
67.400000 2 76.075507 2169.853030 6.292261 3.665991
67.500000 2 76.074697 2185.582934 6.292302 3.664432
67.600000 2 76.074090 2197.455174 6.292332 3.663264
67.700000 2 76.073178 2215.384605 6.292377 3.661510
67.800000 4 76.072267 2233.493884 6.292432 3.659756
67.900000 4 76.072191 2233.495196 6.292433 3.659756
68.000000 4 75.505971 2243.290568 6.293179 3.658992
68.100000 4 74.939750 2253.158605 6.293924 3.658226
68.200000 4 74.373530 2263.099651 6.294670 3.657456
68.300000 4 73.807310 2273.114015 6.295416 3.656684
68.400000 4 73.241090 2283.201967 6.296162 3.655909
68.500000 4 72.674869 2293.363732 6.296908 3.655131
68.600000 4 72.108649 2303.599486 6.297654 3.654351
68.700000 4 71.542429 2313.909353 6.298400 3.653567
68.800000 4 70.976209 2324.293396 6.299146 3.652782
68.900000 4 70.409988 2334.751614 6.299892 3.651993
69.000000 4 69.843768 2345.283931 6.300638 3.651202
69.100000 4 69.277548 2355.890193 6.301384 3.650409
69.200000 4 68.711327 2366.570157 6.302130 3.649613
69.300000 4 68.145107 2377.323482 6.302876 3.648815
69.400000 4 67.578887 2388.149721 6.303621 3.648015
69.500000 4 67.012667 2399.048307 6.304367 3.647213
69.600000 4 66.446446 2410.018542 6.305113 3.646409
69.700000 4 65.880226 2421.059584 6.305859 3.645603
69.800000 4 65.314006 2432.170430 6.306605 3.644795
69.900000 4 64.747786 2443.349902 6.307351 3.643986
70.000000 4 64.181565 2454.596625 6.308097 3.643175
70.100000 4 63.615345 2465.909011 6.308843 3.642363
70.200000 4 63.049125 2477.285231 6.309589 3.641550
70.300000 4 62.482905 2488.723191 6.310335 3.640736
70.400000 4 61.916684 2500.220505 6.311081 3.639922
70.500000 4 61.350464 2511.774461 6.311827 3.639107
70.600000 4 60.784244 2523.381985 6.312573 3.638292
70.700000 4 60.218024 2535.039601 6.313319 3.637478
70.800000 4 59.651803 2546.743383 6.314064 3.636664
70.900000 4 59.085583 2558.488906 6.314810 3.635851
71.000000 4 58.519363 2570.271187 6.315556 3.635040
71.100000 4 57.953142 2582.084616 6.316302 3.634231
71.200000 4 57.386922 2593.922885 6.317048 3.633424
71.300000 4 56.820702 2605.778896 6.317794 3.632620
71.400000 4 56.254482 2617.644667 6.318540 3.631820
71.500000 4 55.691937 2629.434199 6.319281 3.631030
71.600000 4 55.135018 2641.096863 6.320015 3.630252
71.700000 4 54.583668 2652.623454 6.320741 3.629488
71.800000 4 54.037832 2664.004091 6.321460 3.628738
71.900000 4 53.497454 2675.228151 6.322172 3.628003
72.000000 4 52.962480 2686.284198 6.322877 3.627284
72.100000 4 52.432855 2697.159890 6.323575 3.626581
72.200000 4 51.908527 2707.841884 6.324265 3.625895
72.300000 4 51.389442 2718.315726 6.324949 3.625228
72.400000 4 50.875548 2728.565723 6.325626 3.624580
72.500000 4 50.366792 2738.574790 6.326296 3.623952
72.600000 4 49.863125 2748.324288 6.326960 3.623347
72.700000 4 49.364494 2757.793819 6.327617 3.622764
72.800000 4 48.870849 2766.960997 6.328267 3.622206
72.900000 4 48.382141 2773.495188 6.328911 3.621855
73.000000 4 47.898320 2773.495188 6.329548 3.622014
73.100000 4 47.419337 2773.495188 6.330179 3.622172
73.200000 4 46.945144 2773.495188 6.330804 3.622328
73.300000 4 46.475693 2773.495188 6.331422 3.622482
73.400000 4 46.010936 2773.495188 6.332035 3.622636
73.500000 4 45.550827 2773.495188 6.332641 3.622787
73.600000 4 45.095319 2773.495188 6.333241 3.622937
73.700000 4 44.644366 2773.495188 6.333835 3.623086
73.800000 4 44.197923 2773.495188 6.334423 3.623233
73.900000 4 43.755944 2773.495188 6.335005 3.623378
74.000000 4 43.318385 2773.495188 6.335582 3.623522
74.100000 4 42.885201 2773.495188 6.336152 3.623665
74.200000 4 42.456349 2773.495188 6.336717 3.623806
74.300000 4 42.031786 2773.495188 6.337276 3.623946
74.400000 4 41.611469 2773.495188 6.337830 3.624084
74.500000 4 41.195354 2773.495188 6.338378 3.624221
74.600000 4 40.783401 2773.495188 6.338921 3.624357
74.700000 4 40.375567 2773.495188 6.339458 3.624491
74.800000 4 39.971812 2773.495188 6.339990 3.624624
74.900000 4 39.572094 2773.495188 6.340516 3.624756
75.000000 4 39.176373 2769.069684 6.341036 3.625233
75.100000 4 38.980492 2755.724240 6.341294 3.626346
75.200000 4 38.785589 2740.117090 6.341550 3.627644
75.300000 4 38.591662 2721.657322 6.341805 3.629175
75.400000 4 38.398703 2699.465006 6.342057 3.631016
75.500000 4 38.302707 2686.582325 6.342183 3.632086
75.600000 4 38.206950 2672.191589 6.342308 3.633284
75.700000 4 38.111433 2655.969382 6.342432 3.634637
75.800000 4 38.016154 2637.480366 6.342556 3.636185
75.900000 4 37.921114 2616.124805 6.342679 3.637981
76.000000 4 37.826311 2591.055078 6.342800 3.640102
76.100000 4 37.779028 2576.772111 6.342861 3.641318
76.200000 4 37.731805 2561.059560 6.342921 3.642661
76.300000 4 37.684640 2543.666129 6.342980 3.644156
76.400000 4 37.637534 2524.279302 6.343039 3.645832
76.500000 4 37.590487 2502.506894 6.343097 3.647727
76.600000 4 37.543499 2477.852110 6.343154 3.649891
76.700000 4 37.520035 2464.256239 6.343182 3.651093
76.800000 4 37.496585 2449.688950 6.343210 3.652388
76.900000 4 37.473149 2434.041600 6.343238 3.653786
77.000000 4 37.449729 2417.190131 6.343265 3.655301
77.100000 4 37.426322 2398.992525 6.343292 3.656949
77.200000 4 37.402931 2379.285824 6.343318 3.658747
77.300000 4 37.379554 2357.882596 6.343344 3.660715
77.400000 4 37.356192 2334.566794 6.343369 3.662880
77.500000 4 37.344518 2322.117146 6.343381 3.664044
77.600000 4 37.332848 2309.093048 6.343393 3.665268
77.700000 4 37.321182 2295.457160 6.343405 3.666557
77.800000 4 37.309519 2281.169286 6.343417 3.667916
77.900000 4 37.297859 2266.186152 6.343428 3.669350
78.000000 4 37.286204 2250.461150 6.343439 3.670865
78.100000 4 37.274552 2233.944084 6.343450 3.672467
78.200000 4 37.262904 2216.580889 6.343460 3.674164
78.300000 4 37.251259 2198.313337 6.343470 3.675963
78.400000 4 37.239618 2179.078731 6.343480 3.677874
78.500000 4 37.227981 2158.809585 6.343489 3.679906
78.600000 4 37.216347 2137.433301 6.343497 3.682069
78.700000 4 37.210532 2126.306697 6.343502 3.683203
78.800000 4 37.204718 2114.873649 6.343506 3.684375
78.900000 4 37.198904 2103.123501 6.343510 3.685586
79.000000 4 37.193092 2091.045217 6.343513 3.686837
79.100000 4 37.187281 2078.627372 6.343517 3.688131
79.200000 4 37.181470 2065.858145 6.343520 3.689470
79.300000 4 37.175661 2052.725307 6.343524 3.690856
79.400000 4 37.169852 2039.216220 6.343527 3.692291
79.500000 4 37.164044 2025.317826 6.343530 3.693776
79.600000 4 37.158237 2011.016644 6.343532 3.695316
79.700000 4 37.152431 1996.298767 6.343535 3.696911
79.800000 4 37.146626 1981.149862 6.343537 3.698566
79.900000 4 37.140822 1965.555168 6.343539 3.700283
80.000000 4 37.135019 1949.499503 6.343541 3.702064
80.100000 4 37.129217 1932.967265 6.343542 3.703914
80.200000 4 37.123415 1915.942448 6.343543 3.705835
80.300000 4 37.117615 1898.408648 6.343544 3.707832
80.400000 4 37.111815 1880.349088 6.343545 3.709908
80.500000 4 37.106016 1861.746636 6.343545 3.712067
80.600000 4 37.103117 1852.236757 6.343545 3.713179
80.700000 4 37.100219 1842.584597 6.343545 3.714313
80.800000 4 37.097320 1832.787928 6.343545 3.715471
80.900000 4 37.094422 1822.844508 6.343545 3.716652
81.000000 4 37.091524 1812.752082 6.343545 3.717858
81.100000 4 37.088626 1802.508381 6.343544 3.719088
81.200000 4 37.085729 1792.111125 6.343544 3.720344
81.300000 4 37.082831 1781.558027 6.343543 3.721626
81.400000 4 37.079934 1770.846793 6.343542 3.722936
81.500000 4 37.077037 1759.975124 6.343541 3.724273
81.600000 4 37.074141 1748.940721 6.343540 3.725638
81.700000 4 37.071244 1737.741285 6.343539 3.727033
81.800000 4 37.068348 1726.374522 6.343538 3.728458
81.900000 4 37.065452 1714.838142 6.343537 3.729913
82.000000 4 37.062556 1703.129869 6.343535 3.731401
82.100000 4 37.059661 1691.247440 6.343534 3.732920
82.200000 4 37.056766 1679.188608 6.343532 3.734474
82.300000 4 37.053871 1666.951150 6.343530 3.736062
82.400000 4 37.050976 1654.532869 6.343528 3.737685
82.500000 4 37.048081 1641.931597 6.343526 3.739345
82.600000 4 37.045187 1629.145206 6.343524 3.741042
82.700000 4 37.042293 1616.171604 6.343521 3.742777
82.800000 4 37.039399 1603.008751 6.343518 3.744552
82.900000 4 37.036505 1589.654657 6.343516 3.746368
83.000000 4 37.033611 1576.107392 6.343513 3.748226
83.100000 4 37.030718 1562.365093 6.343509 3.750127
83.200000 4 37.027825 1548.425968 6.343506 3.752072
83.300000 4 37.024932 1534.288309 6.343503 3.754063
83.400000 4 37.022040 1519.950495 6.343499 3.756101
83.500000 4 37.019147 1505.411002 6.343495 3.758187
83.600000 4 37.016255 1490.668413 6.343491 3.760323
83.700000 4 37.014809 1483.220693 6.343488 3.761410
83.800000 4 37.013364 1475.722016 6.343486 3.762510
83.900000 4 37.011918 1468.171950 6.343484 3.763623
84.000000 4 37.010472 1460.570360 6.343481 3.764750
84.100000 4 37.009026 1452.917121 6.343479 3.765890
84.200000 4 37.007581 1445.212117 6.343477 3.767044
84.300000 4 37.006135 1437.455240 6.343474 3.768212
84.400000 4 37.004690 1429.646394 6.343471 3.769394
84.500000 4 37.003244 1421.785491 6.343469 3.770591
84.600000 4 37.001799 1413.872456 6.343466 3.771802
84.700000 4 37.000354 1405.907224 6.343463 3.773028
84.800000 4 36.998908 1397.889740 6.343460 3.774269
84.900000 4 36.997463 1389.819964 6.343457 3.775526
85.000000 4 36.996018 1381.697865 6.343454 3.776798
85.100000 4 36.994573 1373.523427 6.343451 3.778085
85.200000 4 36.993128 1365.296646 6.343448 3.779389
85.300000 4 36.991683 1357.017532 6.343445 3.780709
85.400000 4 36.990238 1348.686108 6.343442 3.782046
85.500000 4 36.988793 1340.302412 6.343438 3.783399
85.600000 4 36.987348 1331.866498 6.343435 3.784769
85.700000 4 36.985903 1323.378434 6.343431 3.786156
85.800000 4 36.984459 1314.838303 6.343428 3.787561
85.900000 4 36.983014 1306.246208 6.343424 3.788984
86.000000 4 36.981570 1297.602265 6.343420 3.790425
86.100000 4 36.980125 1288.906609 6.343416 3.791884
86.200000 4 36.978681 1280.159392 6.343412 3.793362
86.300000 4 36.977236 1271.360786 6.343408 3.794858
86.400000 4 36.975792 1262.510981 6.343404 3.796374
86.500000 4 36.974347 1253.610187 6.343400 3.797909
86.600000 4 36.972903 1244.658631 6.343395 3.799464
86.700000 4 36.967126 1208.346510 6.343377 3.805889
