t Ka M R logL logTeff
0.302140 1 8.999527 3.722287 3.598742 4.375421
0.604316 1 8.998965 3.740575 3.600607 4.374823
0.906526 1 8.998397 3.758961 3.602518 4.374236
1.208771 1 8.997824 3.777454 3.604472 4.373659
1.511052 1 8.997245 3.796058 3.606471 4.373092
1.813368 1 8.996659 3.814779 3.608514 4.372534
2.115722 1 8.996068 3.833625 3.610601 4.371986
2.418112 1 8.995470 3.852602 3.612733 4.371447
2.720539 1 8.994865 3.871716 3.614909 4.370916
3.023003 1 8.994254 3.890975 3.617128 4.370393
3.325506 1 8.993635 3.910384 3.619392 4.369879
3.628047 1 8.993010 3.929951 3.621700 4.369372
3.930628 1 8.992376 3.949684 3.624053 4.368873
4.233247 1 8.991735 3.969589 3.626449 4.368380
4.535907 1 8.991086 3.989673 3.628889 4.367894
4.838607 1 8.990429 4.009945 3.631372 4.367414
5.141347 1 8.989763 4.030412 3.633900 4.366941
5.444130 1 8.989088 4.051081 3.636472 4.366473
5.746954 1 8.988404 4.071961 3.639087 4.366011
6.049821 1 8.987711 4.093059 3.641746 4.365553
6.352732 1 8.987009 4.114385 3.644449 4.365100
6.655686 1 8.986296 4.135946 3.647196 4.364652
6.958684 1 8.985573 4.157750 3.649986 4.364208
7.261728 1 8.984840 4.179807 3.652819 4.363767
7.564817 1 8.984096 4.202126 3.655696 4.363330
7.867953 1 8.983340 4.224715 3.658617 4.362896
8.171136 1 8.982573 4.247583 3.661581 4.362465
8.474367 1 8.981795 4.270741 3.664588 4.362036
8.777646 1 8.981004 4.294198 3.667638 4.361609
9.080975 1 8.980200 4.317963 3.670732 4.361184
9.384355 1 8.979384 4.342047 3.673869 4.360760
9.687785 1 8.978554 4.366460 3.677048 4.360338
9.991267 1 8.977710 4.391213 3.680271 4.359916
10.294802 1 8.976852 4.416317 3.683537 4.359495
10.598391 1 8.975980 4.441783 3.686845 4.359073
10.902034 1 8.975092 4.467622 3.690197 4.358652
11.205733 1 8.974189 4.493847 3.693591 4.358229
11.509489 1 8.973269 4.520469 3.697028 4.357806
11.813302 1 8.972334 4.547502 3.700507 4.357381
12.117174 1 8.971381 4.574958 3.704029 4.356954
12.421105 1 8.970411 4.602852 3.707593 4.356525
12.725098 1 8.969422 4.631198 3.711199 4.356094
13.029152 1 8.968415 4.660011 3.714847 4.355659
13.333270 1 8.967389 4.689306 3.718538 4.355221
13.637452 1 8.966343 4.719101 3.722271 4.354779
13.941700 1 8.965276 4.749412 3.726045 4.354332
14.246015 1 8.964188 4.780258 3.729861 4.353880
14.550398 1 8.963079 4.811659 3.733719 4.353423
14.854852 1 8.961947 4.843635 3.737619 4.352960
15.159376 1 8.960792 4.876209 3.741560 4.352489
15.463973 1 8.959613 4.909404 3.745542 4.352012
15.768645 1 8.958410 4.943247 3.749565 4.351526
16.073392 1 8.957182 4.977766 3.753630 4.351031
16.378216 1 8.955931 5.012989 3.757736 4.350526
16.683120 1 8.954654 5.048950 3.761883 4.350011
16.988104 1 8.953350 5.085684 3.766071 4.349484
17.293171 1 8.952020 5.123229 3.770300 4.348944
17.598321 1 8.950662 5.161626 3.774569 4.348390
17.903557 1 8.949275 5.200922 3.778879 4.347820
18.208881 1 8.947859 5.241166 3.783229 4.347234
18.514295 1 8.946413 5.282413 3.787619 4.346629
18.819800 1 8.944935 5.324724 3.792050 4.346005
19.125398 1 8.943425 5.368164 3.796520 4.345358
19.431093 1 8.941882 5.412808 3.801030 4.344687
19.736885 1 8.940305 5.458736 3.805580 4.343990
20.042777 1 8.938693 5.506037 3.810169 4.343263
20.348772 1 8.937045 5.554810 3.814797 4.342505
20.654871 1 8.935360 5.605163 3.819465 4.341713
20.961077 1 8.933636 5.657219 3.824171 4.340882
21.267393 1 8.931873 5.711111 3.828916 4.340009
21.573821 1 8.930070 5.766987 3.833699 4.339091
21.727092 1 8.929148 5.795718 3.836104 4.338613
21.880393 1 8.928215 5.825008 3.838519 4.338122
22.033724 1 8.927272 5.854882 3.840943 4.337617
22.187084 1 8.926317 5.885363 3.843377 4.337098
22.340475 1 8.925352 5.916477 3.845820 4.336564
22.493897 1 8.924375 5.948253 3.848273 4.336014
22.647350 1 8.923388 5.980719 3.850735 4.335448
22.800835 1 8.922388 6.013906 3.853206 4.334864
22.954351 1 8.921378 6.047846 3.855687 4.334262
23.107900 1 8.920355 6.082574 3.858177 4.333641
23.261481 1 8.919321 6.118125 3.860677 4.333001
23.415096 1 8.918275 6.154537 3.863185 4.332339
23.568744 1 8.917216 6.191851 3.865704 4.331656
23.722425 1 8.916146 6.230109 3.868231 4.330950
23.876141 1 8.915063 6.269355 3.870767 4.330221
24.029892 1 8.913967 6.309637 3.873313 4.329467
24.183678 1 8.912859 6.351005 3.875868 4.328686
24.337499 1 8.911738 6.393512 3.878432 4.327879
24.491356 1 8.910604 6.437214 3.881005 4.327043
24.645250 1 8.909457 6.482169 3.883587 4.326177
24.799181 1 8.908297 6.528441 3.886179 4.325280
24.953148 1 8.907124 6.576096 3.888779 4.324351
25.107153 1 8.905937 6.625203 3.891389 4.323388
25.261197 1 8.904737 6.675838 3.894007 4.322389
25.415279 1 8.903523 6.728078 3.896634 4.321354
25.569400 1 8.902295 6.782006 3.899271 4.320279
25.723561 1 8.901053 6.837713 3.901916 4.319164
25.877761 1 8.899798 6.895290 3.904571 4.318007
26.032002 1 8.898528 6.954839 3.907234 4.316805
26.186284 1 8.897245 7.016463 3.909906 4.315558
26.340607 1 8.895947 7.080276 3.912587 4.314262
26.494972 1 8.894635 7.146397 3.915277 4.312916
26.649380 1 8.893308 7.214953 3.917976 4.311518
26.803830 1 8.891968 7.286078 3.920683 4.310064
26.903830 1 8.891290 7.322647 3.922040 4.309317
27.003830 1 8.890609 7.359914 3.923399 4.308554
27.103830 1 8.889924 7.397897 3.924760 4.307777
27.203830 1 8.889236 7.436616 3.926124 4.306984
27.303830 1 8.888544 7.476092 3.927490 4.306176
27.403830 1 8.887848 7.516346 3.928858 4.305352
27.503830 1 8.887149 7.557401 3.930228 4.304511
27.603830 1 8.886446 7.599279 3.931600 4.303654
27.703830 1 8.885740 7.642004 3.932974 4.302781
27.803830 1 8.885030 7.685600 3.934351 4.301889
27.903830 1 8.884316 7.730092 3.935730 4.300981
28.003830 1 8.883599 7.775506 3.937111 4.300054
28.103830 1 8.882878 7.821869 3.938494 4.299109
28.203830 1 8.882154 7.869209 3.939880 4.298145
28.303830 1 8.881426 7.917555 3.941268 4.297162
28.403830 1 8.880694 7.966935 3.942658 4.296159
28.503830 1 8.879959 8.017381 3.944050 4.295137
28.603830 1 8.879220 8.068925 3.945444 4.294094
28.703830 1 8.878478 8.121600 3.946841 4.293030
28.803830 1 8.877732 8.175439 3.948240 4.291945
28.903830 1 8.876983 8.230478 3.949641 4.290838
29.003830 1 8.876230 8.286754 3.951044 4.289709
29.103830 1 8.875474 8.344304 3.952449 4.288558
29.203830 1 8.874714 8.403167 3.953857 4.287383
29.303830 1 8.873950 8.463384 3.955267 4.286185
29.403830 1 8.873184 8.524997 3.956679 4.284963
29.503830 1 8.872414 8.588050 3.958093 4.283717
29.603830 1 8.871640 8.652588 3.959510 4.282445
29.703830 1 8.870863 8.718657 3.960929 4.281148
29.803830 1 8.870083 8.786307 3.962350 4.279825
29.903830 1 8.869299 8.855589 3.963773 4.278475
30.003830 1 8.868512 8.926553 3.965199 4.277098
30.103830 1 8.867722 8.999255 3.966627 4.275694
30.203830 1 8.866929 9.073752 3.968057 4.274261
30.303830 1 8.866132 9.150101 3.969489 4.272800
30.403830 1 8.865332 9.228364 3.970924 4.271309
30.503830 1 8.864530 9.308604 3.972360 4.269788
30.603830 1 8.863724 9.390888 3.973800 4.268237
30.703830 1 8.862914 9.475282 3.975241 4.266655
30.803830 1 8.862102 9.561859 3.976685 4.265041
30.903830 1 8.861287 9.650693 3.978131 4.263394
31.003830 1 8.860469 9.741860 3.979579 4.261714
31.103830 1 8.859648 9.835441 3.981030 4.260001
31.203830 1 8.858825 9.931519 3.982483 4.258253
31.359401 1 8.857171 9.848497 4.004468 4.265573
31.459401 1 8.856936 9.755668 4.009895 4.268986
31.559401 1 8.856829 9.706427 4.012456 4.270725
31.659401 1 8.856727 9.655250 4.014960 4.272499
31.759401 1 8.856630 9.602738 4.017399 4.274293
31.859401 1 8.856538 9.549425 4.019765 4.276093
31.959401 1 8.856449 9.495786 4.022053 4.277888
32.059401 1 8.856365 9.442229 4.024260 4.279668
32.159401 1 8.856285 9.389107 4.026383 4.281424
32.259401 1 8.856209 9.336718 4.028421 4.283149
32.359401 1 8.856136 9.285309 4.030373 4.284836
32.459401 1 8.856067 9.235083 4.032241 4.286480
32.559401 1 8.856002 9.186203 4.034023 4.288078
32.659401 1 8.855940 9.138796 4.035723 4.289627
32.759401 1 8.855880 9.092957 4.037342 4.291123
32.859401 1 8.855768 9.003367 4.040441 4.294048
32.959401 1 8.855668 8.921076 4.043223 4.296738
33.059401 1 8.855578 8.846090 4.045711 4.299193
33.159401 1 8.855498 8.778202 4.047928 4.301420
33.259401 1 8.855427 8.717066 4.049899 4.303430
33.359401 1 8.855364 8.662251 4.051648 4.305237
33.459401 1 8.855308 8.613282 4.053197 4.306855
33.559401 1 8.855258 8.569668 4.054565 4.308300
33.659401 1 8.855170 8.491635 4.056993 4.310893
33.759401 1 8.855103 8.431695 4.058839 4.312893
33.859401 1 8.855052 8.385951 4.060239 4.314424
33.959401 1 8.854975 8.316079 4.062362 4.316772
34.059401 2 8.854896 8.244716 4.064514 4.319181
34.159401 2 8.854891 8.319762 4.063826 4.317042
34.259401 2 8.854887 8.380198 4.063277 4.315333
34.359401 2 8.854883 8.441074 4.062728 4.313624
34.459401 2 8.854879 8.502392 4.062179 4.311915
34.559401 2 8.854875 8.564155 4.061630 4.310206
34.659401 2 8.854871 8.626367 4.061081 4.308497
34.759401 2 8.854867 8.689031 4.060532 4.306788
34.859401 2 8.854863 8.752150 4.059983 4.305079
34.959401 2 8.854859 8.815727 4.059434 4.303370
35.059401 2 8.854855 8.879767 4.058885 4.301661
35.159401 2 8.854851 8.944271 4.058336 4.299952
35.259401 2 8.854848 9.009244 4.057787 4.298243
35.359401 2 8.854844 9.074689 4.057238 4.296534
35.459401 2 8.854840 9.140610 4.056689 4.294825
35.559401 2 8.854836 9.207009 4.056140 4.293116
35.659401 2 8.854833 9.273891 4.055591 4.291407
35.759401 2 8.854829 9.341258 4.055042 4.289698
35.859401 2 8.854825 9.409115 4.054493 4.287989
35.959401 2 8.854822 9.477465 4.053944 4.286280
36.059401 2 8.854818 9.546311 4.053395 4.284571
36.159401 2 8.854815 9.615658 4.052846 4.282862
36.259401 2 8.854811 9.685508 4.052297 4.281154
36.359401 2 8.854807 9.755865 4.051748 4.279445
36.459401 2 8.854804 9.826734 4.051199 4.277736
36.559401 2 8.854800 9.898117 4.050650 4.276027
36.659401 2 8.854797 9.970019 4.050101 4.274318
36.759401 2 8.854794 10.042443 4.049552 4.272609
36.859401 2 8.854790 10.115394 4.049003 4.270900
36.959401 2 8.854787 10.188874 4.048454 4.269191
37.059401 2 8.854783 10.262888 4.047905 4.267482
37.159401 2 8.854780 10.337440 4.047356 4.265773
37.259401 2 8.854777 10.412533 4.046807 4.264064
37.359401 2 8.854773 10.488172 4.046258 4.262355
37.459401 2 8.854770 10.564360 4.045709 4.260646
37.559401 2 8.854767 10.641102 4.045160 4.258937
37.659401 2 8.854764 10.718401 4.044611 4.257228
37.759401 2 8.854761 10.796261 4.044062 4.255519
37.859401 2 8.854757 10.874687 4.043513 4.253810
37.959401 2 8.854754 10.953683 4.042964 4.252102
38.059401 2 8.854751 11.033253 4.042415 4.250393
38.159401 2 8.854748 11.113401 4.041866 4.248684
38.259401 2 8.854745 11.194131 4.041318 4.246975
38.359401 2 8.854742 11.275447 4.040769 4.245266
38.459401 2 8.854739 11.357354 4.040220 4.243557
38.559401 2 8.854736 11.439856 4.039671 4.241848
38.659401 2 8.854733 11.522958 4.039122 4.240139
38.759401 2 8.854730 11.606663 4.038573 4.238430
38.859401 2 8.854727 11.690976 4.038024 4.236721
38.959401 2 8.854724 11.775901 4.037475 4.235012
39.059401 2 8.854721 11.861444 4.036926 4.233303
39.159401 2 8.854718 11.947608 4.036377 4.231594
39.259401 2 8.854715 12.034397 4.035829 4.229886
39.359401 2 8.854712 12.121818 4.035280 4.228177
39.459401 2 8.854709 12.209873 4.034731 4.226468
39.559401 2 8.854707 12.298568 4.034182 4.224759
39.659401 2 8.854704 12.387907 4.033633 4.223050
39.759401 2 8.854701 12.477895 4.033084 4.221341
39.859401 2 8.854698 12.568537 4.032535 4.219632
39.959401 2 8.854696 12.659837 4.031986 4.217923
40.059401 2 8.854693 12.751801 4.031438 4.216214
40.159401 2 8.854690 12.844432 4.030889 4.214505
40.259401 2 8.854687 12.937737 4.030340 4.212796
40.359401 2 8.854685 13.031719 4.029791 4.211087
40.459401 2 8.854682 13.126384 4.029242 4.209379
40.559401 2 8.854679 13.221736 4.028693 4.207670
40.659401 2 8.854677 13.317782 4.028145 4.205961
40.759401 2 8.854674 13.414524 4.027596 4.204252
40.859401 2 8.854672 13.511970 4.027047 4.202543
40.959401 2 8.854669 13.610124 4.026498 4.200834
41.059401 2 8.854667 13.708990 4.025949 4.199125
41.159401 2 8.854664 13.808575 4.025400 4.197416
41.259401 2 8.854662 13.908883 4.024852 4.195707
41.359401 2 8.854659 14.009920 4.024303 4.193998
41.459401 2 8.854657 14.111691 4.023754 4.192290
41.559401 2 8.854654 14.214201 4.023205 4.190581
41.659401 2 8.854652 14.317455 4.022656 4.188872
41.759401 2 8.854649 14.421460 4.022108 4.187163
41.859401 2 8.854647 14.526220 4.021559 4.185454
41.959401 2 8.854645 14.631741 4.021010 4.183745
42.059401 2 8.854642 14.738029 4.020461 4.182036
42.159401 2 8.854640 14.845089 4.019912 4.180327
42.259401 2 8.854637 14.952927 4.019364 4.178618
42.359401 2 8.854635 15.061548 4.018815 4.176909
42.459401 2 8.854633 15.170957 4.018266 4.175201
42.559401 2 8.854631 15.281162 4.017717 4.173492
42.659401 2 8.854628 15.392167 4.017168 4.171783
42.759401 2 8.854626 15.503979 4.016620 4.170074
42.859401 2 8.854624 15.616603 4.016071 4.168365
42.959401 2 8.854622 15.730045 4.015522 4.166656
43.059401 2 8.854619 15.844311 4.014973 4.164947
43.159401 2 8.854617 15.959407 4.014425 4.163238
43.259401 2 8.854615 16.075339 4.013876 4.161529
43.359401 2 8.854613 16.192114 4.013327 4.159821
43.459401 2 8.854611 16.309736 4.012778 4.158112
43.559401 2 8.854609 16.428213 4.012230 4.156403
43.659401 2 8.854606 16.547551 4.011681 4.154694
43.759401 2 8.854604 16.667755 4.011132 4.152985
43.859401 2 8.854602 16.788833 4.010583 4.151276
43.959401 2 8.854600 16.910791 4.010034 4.149567
44.059401 2 8.854598 17.033634 4.009486 4.147858
44.159401 2 8.854596 17.157369 4.008937 4.146149
44.259401 2 8.854594 17.282004 4.008388 4.144441
44.359401 2 8.854592 17.407543 4.007840 4.142732
44.459401 2 8.854590 17.533995 4.007291 4.141023
44.559401 2 8.854588 17.661365 4.006742 4.139314
44.659401 2 8.854586 17.789661 4.006193 4.137605
44.759401 2 8.854584 17.918889 4.005645 4.135896
44.859401 2 8.854582 18.049055 4.005096 4.134187
44.959401 2 8.854580 18.180167 4.004547 4.132478
45.059401 2 8.854578 18.312231 4.003998 4.130770
45.159401 2 8.854576 18.445254 4.003450 4.129061
45.259401 2 8.854575 18.579244 4.002901 4.127352
45.359401 2 8.854573 18.714207 4.002352 4.125643
45.459401 2 8.854571 18.850151 4.001804 4.123934
45.559401 2 8.854569 18.987082 4.001255 4.122225
45.659401 2 8.854567 19.125008 4.000706 4.120516
45.759401 2 8.854565 19.263936 4.000157 4.118807
45.859401 2 8.854563 19.403873 3.999609 4.117099
45.959401 2 8.854562 19.544826 3.999060 4.115390
46.059401 2 8.854560 19.686804 3.998511 4.113681
46.159401 2 8.854558 19.829812 3.997963 4.111972
46.259401 2 8.854556 19.973860 3.997414 4.110263
46.359401 2 8.854555 20.118954 3.996865 4.108554
46.459401 2 8.854553 20.265102 3.996317 4.106845
46.559401 2 8.854551 20.412311 3.995768 4.105136
46.659401 2 8.854549 20.560590 3.995219 4.103428
46.759401 2 8.854548 20.709947 3.994670 4.101719
46.859401 2 8.854546 20.860388 3.994122 4.100010
46.959401 2 8.854544 21.011922 3.993573 4.098301
47.059401 2 8.854543 21.164556 3.993024 4.096592
47.159401 2 8.854540 21.318297 3.992476 4.094883
47.259401 2 8.854537 21.473155 3.991927 4.093174
47.359401 2 8.854535 21.629137 3.991378 4.091465
47.459401 2 8.854532 21.786253 3.990829 4.089757
47.559401 2 8.854529 21.944509 3.990280 4.088048
47.659401 2 8.854526 22.103915 3.989731 4.086339
47.759401 2 8.854524 22.264479 3.989182 4.084630
47.859401 2 8.854521 22.426210 3.988634 4.082921
47.959401 2 8.854518 22.589115 3.988085 4.081212
48.059401 2 8.854515 22.753203 3.987536 4.079503
48.159401 2 8.854513 22.918483 3.986987 4.077794
48.259401 2 8.854510 23.084964 3.986438 4.076085
48.359401 2 8.854507 23.252654 3.985889 4.074377
48.459401 2 8.854504 23.421561 3.985340 4.072668
48.559401 2 8.854501 23.591696 3.984792 4.070959
48.659401 2 8.854498 23.763067 3.984243 4.069250
48.759401 2 8.854496 23.935682 3.983694 4.067541
48.859401 2 8.854493 24.109551 3.983145 4.065832
48.959401 2 8.854490 24.284683 3.982596 4.064123
49.059401 2 8.854487 24.461087 3.982047 4.062414
49.159401 2 8.854484 24.638773 3.981498 4.060706
49.259401 2 8.854481 24.817749 3.980949 4.058997
49.359401 2 8.854478 24.998025 3.980400 4.057288
49.459401 2 8.854475 25.179610 3.979852 4.055579
49.559401 2 8.854472 25.362514 3.979303 4.053870
49.659401 2 8.854469 25.546747 3.978754 4.052161
49.759401 2 8.854466 25.732318 3.978205 4.050452
49.859401 2 8.854463 25.919237 3.977656 4.048743
49.959401 2 8.854460 26.107514 3.977107 4.047035
50.059401 2 8.854457 26.297158 3.976558 4.045326
50.159401 2 8.854454 26.488180 3.976009 4.043617
50.259401 2 8.854451 26.680589 3.975460 4.041908
50.359401 2 8.854448 26.874395 3.974912 4.040199
50.459401 2 8.854445 27.069610 3.974363 4.038490
50.559401 2 8.854442 27.266242 3.973814 4.036781
50.659401 2 8.854439 27.464302 3.973265 4.035072
50.759401 2 8.854436 27.663801 3.972716 4.033364
50.859401 2 8.854433 27.864750 3.972167 4.031655
50.959401 2 8.854429 28.067157 3.971618 4.029946
51.059401 2 8.854426 28.271035 3.971069 4.028237
51.159401 2 8.854423 28.476394 3.970520 4.026528
51.259401 2 8.854420 28.683244 3.969971 4.024819
51.359401 2 8.854417 28.891596 3.969422 4.023110
51.459401 2 8.854414 29.101462 3.968873 4.021402
51.559401 2 8.854410 29.312853 3.968324 4.019693
51.659401 2 8.854407 29.525778 3.967776 4.017984
51.759401 2 8.854404 29.740251 3.967227 4.016275
51.859401 2 8.854401 29.956281 3.966678 4.014566
51.959401 2 8.854397 30.173880 3.966129 4.012857
52.059401 2 8.854394 30.393059 3.965580 4.011148
52.159401 2 8.854391 30.613831 3.965031 4.009439
52.259401 2 8.854387 30.836206 3.964482 4.007731
52.359401 2 8.854384 31.060196 3.963933 4.006022
52.459401 2 8.854381 31.285813 3.963384 4.004313
52.559401 2 8.854377 31.513069 3.962835 4.002604
52.659401 2 8.854374 31.741976 3.962286 4.000895
52.759401 2 8.854370 31.972545 3.961737 3.999186
52.859401 2 8.854367 32.204789 3.961188 3.997477
52.959401 2 8.854364 32.438719 3.960639 3.995769
53.059401 2 8.854360 32.674349 3.960090 3.994060
53.159401 2 8.854357 32.911690 3.959541 3.992351
53.259401 2 8.854353 33.150755 3.958992 3.990642
53.359401 2 8.854350 33.391556 3.958443 3.988933
53.459401 2 8.854346 33.634107 3.957894 3.987224
53.559401 2 8.854343 33.878419 3.957345 3.985515
53.659401 2 8.854339 34.124505 3.956796 3.983806
53.759401 2 8.854336 34.372379 3.956247 3.982098
53.859401 2 8.854332 34.622053 3.955698 3.980389
53.959401 2 8.854329 34.873541 3.955149 3.978680
54.059401 2 8.854325 35.126855 3.954600 3.976971
54.159401 2 8.854321 35.382009 3.954051 3.975262
54.259401 2 8.854318 35.639016 3.953502 3.973553
54.359401 2 8.854314 35.897890 3.952953 3.971844
54.459401 2 8.854310 36.158644 3.952404 3.970136
54.559401 2 8.854307 36.421292 3.951855 3.968427
54.659401 2 8.854303 36.685848 3.951306 3.966718
54.759401 2 8.854299 36.952325 3.950757 3.965009
54.859401 2 8.854296 37.220737 3.950208 3.963300
54.959401 2 8.854292 37.491099 3.949659 3.961591
55.059401 2 8.854288 37.763425 3.949110 3.959882
55.159401 2 8.854284 38.037729 3.948561 3.958174
55.259401 2 8.854281 38.314025 3.948012 3.956465
55.359401 2 8.854277 38.592327 3.947463 3.954756
55.459401 2 8.854273 38.872651 3.946914 3.953047
55.559401 2 8.854269 39.155011 3.946365 3.951338
55.659401 2 8.854265 39.439422 3.945816 3.949629
55.759401 2 8.854261 39.725898 3.945267 3.947921
55.859401 2 8.854258 40.014455 3.944718 3.946212
55.959401 2 8.854254 40.305108 3.944169 3.944503
56.059401 2 8.854250 40.597872 3.943620 3.942794
56.159401 2 8.854246 40.892762 3.943071 3.941085
56.259401 2 8.854242 41.189794 3.942522 3.939376
56.359401 2 8.854238 41.488983 3.941973 3.937667
56.459401 2 8.854234 41.790345 3.941424 3.935959
56.559401 2 8.854230 42.093896 3.940875 3.934250
56.659401 2 8.854226 42.399652 3.940326 3.932541
56.759401 2 8.854222 42.707628 3.939777 3.930832
56.859401 2 8.854218 43.017841 3.939228 3.929123
56.959401 2 8.854214 43.330307 3.938679 3.927414
57.059401 2 8.854210 43.645043 3.938130 3.925706
57.159401 2 8.854206 43.962064 3.937581 3.923997
57.259401 2 8.854201 44.281388 3.937031 3.922288
57.359401 2 8.854197 44.603031 3.936482 3.920579
57.459401 2 8.854193 44.927010 3.935933 3.918870
57.559401 2 8.854189 45.253342 3.935384 3.917161
57.659401 2 8.854185 45.582044 3.934835 3.915452
57.759401 2 8.854180 45.913133 3.934286 3.913744
57.859401 2 8.854176 46.246627 3.933737 3.912035
57.959401 2 8.854172 46.582544 3.933188 3.910326
58.059401 2 8.854168 46.920899 3.932639 3.908617
58.159401 2 8.854163 47.261712 3.932090 3.906908
58.259401 2 8.854159 47.605001 3.931541 3.905199
58.359401 2 8.854155 47.950783 3.930991 3.903491
58.459401 2 8.854150 48.299075 3.930442 3.901782
58.559401 2 8.854146 48.649898 3.929893 3.900073
58.659401 2 8.854142 49.003268 3.929344 3.898364
58.759401 2 8.854137 49.359205 3.928795 3.896655
58.859401 2 8.854133 49.717727 3.928246 3.894946
58.959401 2 8.854129 50.078853 3.927697 3.893238
59.059401 2 8.854124 50.442601 3.927148 3.891529
59.159401 2 8.854120 50.808991 3.926599 3.889820
59.259401 2 8.854115 51.178042 3.926049 3.888111
59.359401 2 8.854111 51.549774 3.925500 3.886402
59.459401 2 8.854106 51.924205 3.924951 3.884693
59.559401 2 8.854101 52.301355 3.924402 3.882985
59.659401 2 8.854097 52.681245 3.923853 3.881276
59.759401 2 8.854092 53.063893 3.923304 3.879567
59.859401 2 8.854088 53.449321 3.922755 3.877858
59.959401 2 8.854083 53.837547 3.922205 3.876149
60.059401 2 8.854078 54.228593 3.921656 3.874440
60.159401 2 8.854074 54.622480 3.921107 3.872732
60.259401 2 8.854069 55.019226 3.920558 3.871023
60.359401 2 8.854064 55.418855 3.920009 3.869314
60.459401 2 8.854060 55.821385 3.919460 3.867605
60.559401 2 8.854055 56.226839 3.918910 3.865896
60.659401 2 8.854050 56.635237 3.918361 3.864188
60.759401 2 8.854045 57.046601 3.917812 3.862479
60.859401 2 8.854041 57.460953 3.917263 3.860770
60.959401 2 8.854036 57.878314 3.916714 3.859061
61.059401 2 8.854031 58.298706 3.916165 3.857352
61.159401 2 8.854026 58.722151 3.915615 3.855643
61.259401 2 8.854021 59.148672 3.915066 3.853935
61.359401 2 8.854016 59.578290 3.914517 3.852226
61.459401 2 8.854011 60.011027 3.913968 3.850517
61.559401 2 8.854006 60.446908 3.913419 3.848808
61.659401 2 8.854001 60.885954 3.912869 3.847099
61.759401 2 8.853996 61.328189 3.912320 3.845391
61.859401 2 8.853991 61.773635 3.911771 3.843682
61.959401 2 8.853986 62.222316 3.911222 3.841973
62.059401 2 8.853981 62.674256 3.910672 3.840264
62.159401 2 8.853976 63.129478 3.910123 3.838555
62.259401 2 8.853971 63.588005 3.909574 3.836846
62.359401 2 8.853966 64.049863 3.909025 3.835138
62.459401 2 8.853961 64.515075 3.908476 3.833429
62.559401 2 8.853955 64.983665 3.907926 3.831720
62.659401 2 8.853950 65.455658 3.907377 3.830011
62.759401 2 8.853945 65.931079 3.906828 3.828302
62.859401 2 8.853940 66.409952 3.906279 3.826594
62.959401 2 8.853935 66.892303 3.905729 3.824885
63.059401 2 8.853929 67.378157 3.905180 3.823176
63.159401 2 8.853924 67.867540 3.904631 3.821467
63.259401 2 8.853919 68.360476 3.904082 3.819758
63.359401 2 8.853913 68.856992 3.903532 3.818050
63.459401 2 8.853908 69.357114 3.902983 3.816341
63.559401 2 8.853902 69.860868 3.902434 3.814632
63.659401 2 8.853897 70.368280 3.901885 3.812923
63.759401 2 8.853892 70.879377 3.901335 3.811214
63.859401 2 8.853886 71.394185 3.900786 3.809506
63.959401 2 8.853881 71.912732 3.900237 3.807797
64.059401 2 8.853875 72.435045 3.899687 3.806088
64.159401 2 8.853870 72.961150 3.899138 3.804379
64.259401 2 8.853864 73.491077 3.898589 3.802670
64.359401 2 8.853858 74.024851 3.898039 3.800962
64.459401 2 8.853853 74.562502 3.897490 3.799253
64.559401 2 8.853847 75.104057 3.896941 3.797544
64.659401 2 8.853841 75.649545 3.896392 3.795835
64.759401 2 8.853836 76.198994 3.895842 3.794126
64.859401 2 8.853830 76.752434 3.895293 3.792418
64.959401 2 8.853824 77.309892 3.894744 3.790709
65.059401 2 8.853819 77.871398 3.894194 3.789000
65.159401 2 8.853813 78.436982 3.893645 3.787291
65.259401 2 8.853807 79.006673 3.893096 3.785583
65.359401 2 8.853801 79.580501 3.892546 3.783874
65.459401 2 8.853795 80.158497 3.891997 3.782165
65.559401 2 8.853789 80.740689 3.891448 3.780456
65.659401 2 8.853783 81.327109 3.890898 3.778747
65.759401 2 8.853777 81.917788 3.890349 3.777039
65.859401 2 8.853771 82.512756 3.889799 3.775330
65.959401 2 8.853766 83.112044 3.889250 3.773621
66.059401 2 8.853759 83.715684 3.888701 3.771912
66.159401 2 8.853753 84.323708 3.888151 3.770204
66.259401 2 8.853747 84.936147 3.887602 3.768495
66.359401 2 8.853741 85.553033 3.887053 3.766786
66.459401 2 8.853735 86.174399 3.886503 3.765077
66.559401 2 8.853729 86.800277 3.885954 3.763368
66.659401 2 8.853723 87.430700 3.885404 3.761660
66.759401 2 8.853717 88.065701 3.884855 3.759951
66.859401 2 8.853710 88.705313 3.884306 3.758242
66.959401 2 8.853704 89.349569 3.883756 3.756533
67.059401 2 8.853698 89.998504 3.883207 3.754825
67.159401 2 8.853692 90.652151 3.882657 3.753116
67.259401 2 8.853685 91.310544 3.882108 3.751407
67.359401 2 8.853679 91.973718 3.881559 3.749698
67.459401 2 8.853672 92.641708 3.881009 3.747990
67.559401 2 8.853666 93.314549 3.880460 3.746281
67.659401 2 8.853660 93.992275 3.879910 3.744572
67.759401 2 8.853653 94.674923 3.879361 3.742863
67.859401 2 8.853647 95.362527 3.878811 3.741155
67.959401 2 8.853640 96.055125 3.878262 3.739446
68.059401 2 8.853634 96.752751 3.877713 3.737737
68.159401 2 8.853627 97.455443 3.877163 3.736028
68.259401 2 8.853620 98.163238 3.876614 3.734320
68.359401 2 8.853614 98.876173 3.876064 3.732611
68.459401 2 8.853607 99.594284 3.875515 3.730902
68.559401 2 8.853600 100.317609 3.874965 3.729193
68.659401 2 8.853594 101.046187 3.874416 3.727485
68.759401 2 8.853587 101.780055 3.873866 3.725776
68.859401 2 8.853580 102.519252 3.873317 3.724067
68.959401 2 8.853573 103.263817 3.872767 3.722358
69.059401 2 8.853566 104.013787 3.872218 3.720650
69.159401 2 8.853560 104.769204 3.871668 3.718941
69.259401 2 8.853553 105.530105 3.871119 3.717232
69.359401 2 8.853546 106.296532 3.870569 3.715523
69.459401 2 8.853539 107.068524 3.870020 3.713815
69.559401 2 8.853532 107.846121 3.869470 3.712106
69.659401 2 8.853525 108.629364 3.868921 3.710397
69.759401 2 8.853518 109.418295 3.868371 3.708688
69.859401 2 8.853511 110.212954 3.867822 3.706980
69.959401 2 8.853503 111.013383 3.867272 3.705271
70.059401 2 8.853496 111.819624 3.866723 3.703562
70.159401 2 8.853489 112.631718 3.866173 3.701853
70.259401 2 8.853482 113.449710 3.865623 3.700145
70.359401 2 8.853475 114.273641 3.865074 3.698436
70.459401 2 8.853467 115.103554 3.864524 3.696727
70.559401 2 8.853460 115.939494 3.863975 3.695019
70.659401 2 8.853453 116.781502 3.863425 3.693310
70.759401 2 8.853445 117.629625 3.862876 3.691601
70.859401 2 8.853438 118.483906 3.862326 3.689892
70.959401 2 8.853431 119.344389 3.861776 3.688184
71.059401 2 8.853423 120.211120 3.861227 3.686475
71.159401 2 8.853416 121.084145 3.860677 3.684766
71.259401 2 8.853408 121.963508 3.860128 3.683058
71.359401 2 8.853401 122.849256 3.859578 3.681349
71.459401 2 8.853393 123.741435 3.859028 3.679640
71.559401 2 8.853385 124.640092 3.858479 3.677931
71.659401 2 8.853378 125.545273 3.857929 3.676223
71.759401 2 8.853370 126.457027 3.857380 3.674514
71.859401 2 8.853362 127.375401 3.856830 3.672805
71.959401 2 8.853355 128.300443 3.856280 3.671097
72.059401 2 8.853347 129.232201 3.855731 3.669388
72.159401 2 8.853339 130.170724 3.855181 3.667679
72.259401 2 8.853331 131.116061 3.854631 3.665970
72.359401 2 8.853323 132.068262 3.854082 3.664262
72.459401 2 8.853315 133.027376 3.853532 3.662553
72.559401 2 8.853307 133.993454 3.852982 3.660844
72.659401 2 8.853299 134.966546 3.852433 3.659136
72.759401 2 8.853291 135.946704 3.851883 3.657427
72.859401 2 8.853283 136.933977 3.851333 3.655718
72.959401 2 8.853275 137.928418 3.850784 3.654010
73.059401 2 8.853267 138.930080 3.850234 3.652301
73.159401 2 8.853259 139.939013 3.849684 3.650592
73.259401 2 8.853251 140.955272 3.849134 3.648884
73.359401 2 8.853242 141.978909 3.848585 3.647175
73.459401 2 8.853234 143.009978 3.848035 3.645466
73.559401 2 8.853226 144.048533 3.847485 3.643757
73.659401 2 8.853218 145.094628 3.846936 3.642049
73.759401 2 8.853210 146.081742 3.846420 3.640448
73.859401 2 8.853204 146.826481 3.846034 3.639247
73.959401 2 8.853195 147.950712 3.845455 3.637446
74.059401 3 8.853186 149.083549 3.844875 3.635644
74.159401 3 8.853175 150.367999 3.850125 3.635094
74.259401 3 8.853164 151.714875 3.855581 3.634522
74.359401 3 8.853153 153.074052 3.861037 3.633949
74.459401 3 8.853141 154.445644 3.866493 3.633376
74.559401 3 8.853129 155.829766 3.871949 3.632803
74.659401 3 8.853118 157.226534 3.877405 3.632229
74.759401 3 8.853106 158.636064 3.882861 3.631655
74.859401 3 8.853093 160.058474 3.888317 3.631080
74.959401 3 8.853081 161.493883 3.893773 3.630506
75.059401 3 8.853069 162.942411 3.899229 3.629931
75.159401 3 8.853056 164.404178 3.904685 3.629355
75.259401 3 8.853043 165.879308 3.910141 3.628780
75.359401 3 8.853030 167.367924 3.915597 3.628204
75.459401 3 8.853017 168.870149 3.921053 3.627627
75.559401 3 8.853004 170.386110 3.926509 3.627051
75.659401 3 8.852991 171.915934 3.931965 3.626474
75.759401 3 8.852977 173.459748 3.937421 3.625896
75.859401 3 8.852963 175.017681 3.942877 3.625319
75.959401 3 8.852949 176.589865 3.948333 3.624741
76.059401 3 8.852935 178.176431 3.953789 3.624163
76.159401 3 8.852921 179.777511 3.959245 3.623584
76.259401 3 8.852906 181.393239 3.964701 3.623005
76.359401 3 8.852892 183.023751 3.970157 3.622426
76.459401 3 8.852877 184.669184 3.975613 3.621847
76.559401 3 8.852862 186.329675 3.981069 3.621267
76.659401 3 8.852846 188.005363 3.986525 3.620687
76.759401 3 8.852831 189.696389 3.991981 3.620106
76.859401 3 8.852815 191.402894 3.997437 3.619526
76.959401 3 8.852799 193.125022 4.002893 3.618945
77.059401 3 8.852783 194.862916 4.008349 3.618363
77.159401 3 8.852767 196.616722 4.013805 3.617782
77.259401 3 8.852750 198.386589 4.019261 3.617200
77.359401 3 8.852734 200.172662 4.024717 3.616617
77.459401 3 8.852717 201.975094 4.030173 3.616035
77.559401 3 8.852700 203.794034 4.035629 3.615452
77.659401 3 8.852682 205.629636 4.041085 3.614869
77.759401 3 8.852665 207.482053 4.046541 3.614286
77.859401 3 8.852647 209.351440 4.051997 3.613702
77.959401 3 8.852629 211.237955 4.057453 3.613118
78.059401 3 8.852611 213.141757 4.062909 3.612534
78.159401 3 8.852592 215.063003 4.068365 3.611949
78.259401 3 8.852573 217.001857 4.073821 3.611364
78.359401 3 8.852554 218.958481 4.079277 3.610779
78.459401 3 8.852535 220.933038 4.084733 3.610194
78.559401 3 8.852516 222.925695 4.090189 3.609608
78.659401 3 8.852496 224.936620 4.095645 3.609022
78.759401 3 8.852476 226.965980 4.101101 3.608435
78.859401 3 8.852456 229.013948 4.106557 3.607849
78.959401 3 8.852435 231.080693 4.112013 3.607262
79.059401 3 8.852414 233.166391 4.117469 3.606675
79.159401 3 8.852393 235.271217 4.122925 3.606087
79.259401 3 8.852372 237.395347 4.128381 3.605500
79.359401 3 8.852350 239.538960 4.133837 3.604912
79.459401 3 8.852329 241.702236 4.139293 3.604324
79.559401 3 8.852306 243.885357 4.144749 3.603735
79.659401 3 8.852284 246.088507 4.150205 3.603146
79.759401 3 8.852261 248.311871 4.155661 3.602557
79.859401 3 8.852238 250.555635 4.161117 3.601968
79.959401 3 8.852215 252.819989 4.166573 3.601378
80.059401 3 8.852191 255.105124 4.172029 3.600788
80.159401 3 8.852168 257.411230 4.177485 3.600198
80.259401 3 8.852143 259.738503 4.182941 3.599608
80.359401 3 8.852119 262.087139 4.188397 3.599017
80.459401 3 8.852094 264.457334 4.193853 3.598426
80.559401 3 8.852069 266.849289 4.199309 3.597835
80.659401 3 8.852043 269.263205 4.204765 3.597243
80.759401 3 8.852017 271.699284 4.210221 3.596652
80.859401 3 8.851991 274.157733 4.215677 3.596060
80.959401 3 8.851965 276.638758 4.221133 3.595467
81.059401 3 8.851938 279.142569 4.226589 3.594875
81.159401 3 8.851911 281.669375 4.232045 3.594282
81.259401 3 8.851883 284.219390 4.237501 3.593689
81.359401 3 8.851855 286.792829 4.242957 3.593096
81.459401 3 8.851827 289.389909 4.248413 3.592502
81.559401 4 8.851804 291.512866 4.252837 3.592021
81.659401 4 8.851774 291.483652 4.252775 3.592027
81.759401 4 8.851745 291.454741 4.252714 3.592034
81.859401 4 8.851745 291.454408 4.252714 3.592034
81.959401 4 8.849854 289.603895 4.248810 3.592441
82.059401 4 8.847994 287.795979 4.244972 3.592841
82.159401 4 8.846164 286.029753 4.241198 3.593234
82.259401 4 8.844362 284.304330 4.237489 3.593621
82.359401 4 8.842588 282.618849 4.233843 3.594001
82.459401 4 8.840841 280.972469 4.230260 3.594374
82.559401 4 8.839120 279.364371 4.226740 3.594740
82.659401 4 8.837424 277.793757 4.223282 3.595100
82.759401 4 8.835753 276.259848 4.219885 3.595453
82.859401 4 8.834105 274.761885 4.216549 3.595800
82.959401 4 8.832480 273.299129 4.213274 3.596140
83.059401 4 8.830877 271.870857 4.210058 3.596474
83.159401 4 8.829295 270.476365 4.206902 3.596801
83.259401 4 8.826174 267.786224 4.200765 3.597438
83.359401 4 8.823131 265.223158 4.194858 3.598049
83.459401 4 8.820163 262.782124 4.189177 3.598637
83.559401 4 8.817264 260.458310 4.183718 3.599201
83.659401 4 8.814431 258.247129 4.178476 3.599742
83.759401 4 8.811660 256.144201 4.173447 3.600260
83.859401 4 8.808946 254.145342 4.168626 3.600756
83.959401 4 8.806286 252.246549 4.164008 3.601230
84.059401 4 8.803677 250.443995 4.159591 3.601683
84.159401 4 8.801116 248.734015 4.155368 3.602115
84.259401 4 8.798599 247.113094 4.151337 3.602527
84.359401 4 8.796125 245.577861 4.147491 3.602919
84.459401 4 8.793690 244.125081 4.143828 3.603291
84.559401 4 8.791292 242.751641 4.140342 3.603645
84.659401 4 8.788929 241.454549 4.137029 3.603980
84.759401 4 8.784268 239.078292 4.130905 3.604597
84.859401 4 8.779724 236.974094 4.125420 3.605145
84.959401 4 8.775283 235.121551 4.120539 3.605629
85.059401 4 8.770932 233.501519 4.116228 3.606053
85.159401 4 8.766658 232.095949 4.112450 3.606419
85.259401 4 8.762451 230.887734 4.109170 3.606733
85.359401 4 8.758302 229.860579 4.106354 3.606997
85.459401 4 8.754200 228.998871 4.103965 3.607215
85.559401 4 8.750139 228.287578 4.101969 3.607392
85.659401 4 8.746112 227.712144 4.100331 3.607530
85.759401 4 8.742112 227.258406 4.099014 3.607634
85.859401 4 8.738134 226.912514 4.097985 3.607708
85.959401 4 8.734172 226.660862 4.097207 3.607754
86.059401 4 8.730224 226.490028 4.096646 3.607777
86.159401 4 8.726284 226.386725 4.096265 3.607781
86.259401 4 8.722350 226.337751 4.096031 3.607770
86.359401 4 8.718420 226.329959 4.095907 3.607746
86.459401 4 8.714491 226.350227 4.095858 3.607715
86.559401 4 8.710564 226.385436 4.095849 3.607679
86.659401 4 8.710073 226.390234 4.095849 3.607674
86.759401 4 8.709827 224.638553 4.104399 3.611498
86.859401 4 8.709577 222.525442 4.107612 3.614354
86.959401 4 8.709327 220.439809 4.109865 3.616962
87.059401 4 8.709077 218.381231 4.111675 3.619452
87.159401 4 8.708827 216.349298 4.113217 3.621867
87.259401 4 8.708579 214.343610 4.114578 3.624230
87.359401 4 8.708331 212.363770 4.115804 3.626551
87.459401 4 8.708084 210.409393 4.116927 3.628840
87.559401 4 8.707838 208.480096 4.117967 3.631100
87.659401 4 8.707594 206.575507 4.118938 3.633336
87.759401 4 8.707350 204.695257 4.119851 3.635549
87.859401 4 8.707108 202.838985 4.120715 3.637744
87.959401 4 8.706867 201.006335 4.121536 3.639920
88.059401 4 8.706627 199.196958 4.122319 3.642079
88.159401 4 8.706388 197.410510 4.123069 3.644223
88.259401 4 8.706151 195.646654 4.123790 3.646352
88.359401 4 8.705915 193.905058 4.124483 3.648467
88.459401 4 8.705680 192.185395 4.125153 3.650569
88.559401 4 8.705446 190.487344 4.125800 3.652657
88.659401 4 8.705213 188.810589 4.126426 3.654734
88.759401 4 8.704982 187.154820 4.127034 3.656799
88.859401 4 8.704752 185.519731 4.127625 3.658852
88.959401 4 8.704523 183.905022 4.128200 3.660894
89.059401 4 8.704296 182.310397 4.128760 3.662925
89.159401 4 8.704070 180.735566 4.129305 3.664945
89.259401 4 8.703845 179.180243 4.129838 3.666955
89.359401 4 8.703621 177.644147 4.130359 3.668955
89.459401 4 8.703398 176.127002 4.130868 3.670945
89.559401 4 8.703177 174.628535 4.131366 3.672924
89.659401 4 8.702957 173.148479 4.131854 3.674895
89.759401 4 8.702738 171.686570 4.132332 3.676855
89.859401 4 8.702520 170.242550 4.132801 3.678807
89.959401 4 8.702303 168.816165 4.133261 3.680749
90.059401 4 8.702088 167.407162 4.133713 3.682682
90.159401 4 8.701874 166.015297 4.134157 3.684606
90.259401 4 8.701661 164.640325 4.134593 3.686521
90.359401 4 8.701449 163.282009 4.135023 3.688427
90.459401 4 8.701238 161.940114 4.135445 3.690325
90.559401 4 8.701029 160.614409 4.135860 3.692213
90.659401 4 8.700821 159.304666 4.136269 3.694094
90.759401 4 8.700613 158.010661 4.136672 3.695965
90.859401 4 8.700407 156.732174 4.137069 3.697829
90.959401 4 8.700202 155.468989 4.137461 3.699684
91.059401 4 8.699998 154.220893 4.137847 3.701531
91.159401 4 8.699796 152.987675 4.138228 3.703369
91.259401 4 8.699594 151.769129 4.138603 3.705200
91.359401 4 8.699393 150.565052 4.138974 3.707022
91.459401 4 8.699194 149.375244 4.139340 3.708836
91.559401 4 8.698995 148.199508 4.139702 3.710643
91.659401 4 8.698798 147.037650 4.140059 3.712441
91.759401 4 8.698602 145.889479 4.140412 3.714232
91.859401 4 8.698406 144.754808 4.140761 3.716014
91.959401 4 8.698212 143.633452 4.141105 3.717789
92.059401 4 8.698019 142.525229 4.141446 3.719556
92.159401 4 8.697827 141.429960 4.141783 3.721316
92.259401 4 8.697636 140.347469 4.142116 3.723067
92.359401 4 8.697445 139.277581 4.142446 3.724812
92.459401 4 8.697256 138.220127 4.142773 3.726548
92.559401 4 8.697068 137.174938 4.143096 3.728277
92.659401 4 8.696881 136.141849 4.143415 3.729999
92.759401 4 8.696695 135.120696 4.143732 3.731713
92.859401 4 8.696509 134.111319 4.144045 3.733419
92.959401 4 8.696325 133.113560 4.144355 3.735118
93.059401 4 8.696142 132.127263 4.144663 3.736810
93.159401 4 8.695959 131.152275 4.144967 3.738494
93.259401 4 8.695778 130.188446 4.145269 3.740172
93.359401 4 8.695597 129.235626 4.145568 3.741841
93.459401 4 8.695418 128.293670 4.145864 3.743504
93.559401 4 8.695239 127.362433 4.146158 3.745159
93.659401 4 8.695061 126.441773 4.146449 3.746808
93.759401 4 8.694884 125.531551 4.146738 3.748449
93.859401 4 8.694708 124.631629 4.147024 3.750082
93.959401 4 8.694533 123.741872 4.147308 3.751709
94.059401 4 8.694359 122.862145 4.147589 3.753329
94.159401 4 8.694185 121.992319 4.147869 3.754941
94.259401 4 8.694013 121.132262 4.148146 3.756547
94.359401 4 8.693841 120.281849 4.148420 3.758146
94.459401 4 8.693670 119.440952 4.148693 3.759737
94.559401 4 8.693500 118.609449 4.148964 3.761322
94.659401 4 8.693331 117.787217 4.149232 3.762900
94.759401 4 8.693163 116.974136 4.149499 3.764470
94.859401 4 8.692995 116.170089 4.149763 3.766034
94.959401 4 8.692828 115.374958 4.150026 3.767591
95.059401 4 8.692662 114.588629 4.150287 3.769141
95.159401 4 8.692497 113.810989 4.150545 3.770685
95.259401 4 8.692333 113.041927 4.150802 3.772221
95.359401 4 8.692169 112.281332 4.151058 3.773751
95.459401 4 8.692007 111.529097 4.151311 3.775274
95.559401 4 8.691845 110.785114 4.151563 3.776791
95.659401 4 8.691683 110.049280 4.151813 3.778300
95.759401 4 8.691523 109.321491 4.152061 3.779803
95.859401 4 8.691363 108.601644 4.152308 3.781299
95.959401 4 8.691204 107.889639 4.152553 3.782789
96.059401 4 8.691046 107.185378 4.152797 3.784272
96.159401 4 8.690888 106.488763 4.153039 3.785748
96.259401 4 8.690731 105.799698 4.153279 3.787218
96.359401 4 8.690575 105.118087 4.153518 3.788681
96.459401 4 8.690420 104.443839 4.153756 3.790138
96.559401 4 8.690265 103.776860 4.153992 3.791588
96.659401 4 8.690111 103.117061 4.154227 3.793032
96.759401 4 8.689958 102.464352 4.154460 3.794469
96.859401 4 8.689805 101.818645 4.154692 3.795900
96.959401 4 8.689653 101.179853 4.154922 3.797324
97.059401 4 8.689502 100.547890 4.155151 3.798742
97.159401 4 8.689351 99.922673 4.155379 3.800153
97.259401 4 8.689201 99.304119 4.155606 3.801558
97.359401 4 8.689052 98.692145 4.155831 3.802957
97.459401 4 8.688903 98.086670 4.156055 3.804349
97.559401 4 8.688755 97.487616 4.156278 3.805735
97.659401 4 8.688608 96.894903 4.156499 3.807115
97.759401 4 8.688461 96.308455 4.156720 3.808488
97.859401 4 8.688315 95.728195 4.156939 3.809855
97.959401 4 8.688169 95.154049 4.157157 3.811216
98.059401 4 8.688024 94.585941 4.157373 3.812571
98.159401 4 8.687880 94.023799 4.157589 3.813919
98.259401 4 8.687737 93.467551 4.157804 3.815261
98.359401 4 8.687593 92.917127 4.158017 3.816597
98.459401 4 8.687451 92.372455 4.158229 3.817927
98.559401 4 8.687309 91.833467 4.158441 3.819250
98.659401 4 8.687168 91.300095 4.158651 3.820568
98.759401 4 8.687027 90.772273 4.158860 3.821879
98.859401 4 8.686887 90.249932 4.159068 3.823184
98.959401 4 8.686748 89.733010 4.159275 3.824483
99.059401 4 8.686609 89.221440 4.159481 3.825776
99.159401 4 8.686470 88.715160 4.159686 3.827063
99.259401 4 8.686332 88.214108 4.159890 3.828344
99.359401 4 8.686195 87.718220 4.160093 3.829619
99.459401 4 8.686058 87.227438 4.160296 3.830888
99.559401 4 8.685922 86.741700 4.160497 3.832151
99.659401 4 8.685786 86.260948 4.160697 3.833408
99.759401 4 8.685651 85.785123 4.160896 3.834659
99.859401 4 8.685516 85.314167 4.161095 3.835904
99.959401 4 8.685382 84.848024 4.161292 3.837143
100.059401 4 8.685249 84.386638 4.161489 3.838376
100.159401 4 8.685116 83.929954 4.161685 3.839603
100.259401 4 8.684983 83.477916 4.161880 3.840825
100.359401 4 8.684851 83.030473 4.162074 3.842040
100.459401 4 8.684719 82.587569 4.162267 3.843250
100.559401 4 8.684588 82.149154 4.162459 3.844454
100.659401 4 8.684458 81.715175 4.162651 3.845652
100.759401 4 8.684328 81.285582 4.162841 3.846844
100.859401 4 8.684198 80.860325 4.163031 3.848031
100.959401 4 8.684069 80.439353 4.163220 3.849211
101.059401 4 8.683940 80.022619 4.163409 3.850386
101.159401 4 8.683812 79.610073 4.163596 3.851556
101.259401 4 8.683685 79.201669 4.163783 3.852719
101.359401 4 8.683557 78.797359 4.163969 3.853877
101.459401 4 8.683431 78.397098 4.164154 3.855029
101.559401 4 8.683304 78.000839 4.164339 3.856176
101.659401 4 8.683178 77.608538 4.164522 3.857316
101.759401 4 8.682928 76.835633 4.164888 3.859581
101.859401 4 8.682678 76.078031 4.165250 3.861823
101.959401 4 8.682431 75.335395 4.165609 3.864043
102.059401 4 8.682185 74.607393 4.165966 3.866241
102.159401 4 8.681941 73.893703 4.166320 3.868417
102.259401 4 8.681699 73.194011 4.166672 3.870571
102.359401 4 8.681458 72.508014 4.167021 3.872703
102.459401 4 8.681219 71.835412 4.167367 3.874813
102.559401 4 8.680982 71.175917 4.167711 3.876902
102.659401 4 8.680746 70.529245 4.168052 3.878969
102.759401 4 8.680511 69.895122 4.168391 3.881015
102.859401 4 8.680278 69.273280 4.168728 3.883040
102.959401 4 8.680047 68.663457 4.169062 3.885043
103.059401 4 8.679817 68.065398 4.169394 3.887026
103.159401 4 8.679588 67.478856 4.169724 3.888988
103.259401 4 8.679361 66.903589 4.170051 3.890929
103.359401 4 8.679135 66.339360 4.170377 3.892849
103.459401 4 8.678910 65.785940 4.170700 3.894749
103.559401 4 8.678687 65.243104 4.171021 3.896629
103.659401 4 8.678465 64.710634 4.171340 3.898488
103.759401 4 8.678244 64.188316 4.171657 3.900327
103.859401 4 8.678025 63.675942 4.171973 3.902146
103.959401 4 8.677806 63.173311 4.172286 3.903945
104.059401 4 8.677589 62.680222 4.172597 3.905725
104.159401 4 8.677373 62.196485 4.172907 3.907484
104.259401 4 8.677159 61.721909 4.173214 3.909224
104.359401 4 8.676945 61.256312 4.173520 3.910945
104.459401 4 8.676733 60.799514 4.173824 3.912646
104.559401 4 8.676521 60.351340 4.174126 3.914329
104.659401 4 8.676311 59.911619 4.174427 3.915992
104.759401 4 8.676102 59.480185 4.174725 3.917636
104.859401 4 8.675894 59.056874 4.175022 3.919261
104.959401 4 8.675686 58.641528 4.175318 3.920867
105.059401 4 8.675480 58.233992 4.175612 3.922455
105.159401 4 8.675275 57.834114 4.175904 3.924024
105.259401 4 8.675071 57.441746 4.176194 3.925575
105.359401 4 8.674868 57.056745 4.176483 3.927108
105.459401 4 8.674665 56.678968 4.176771 3.928622
105.559401 4 8.674464 56.308278 4.177057 3.930119
105.659401 4 8.674264 55.944541 4.177341 3.931597
105.759401 4 8.674064 55.587624 4.177624 3.933057
105.859401 4 8.673865 55.237400 4.177905 3.934500
105.959401 4 8.673667 54.893744 4.178185 3.935926
106.059401 4 8.673470 54.556531 4.178464 3.937333
106.159401 4 8.673274 54.225643 4.178741 3.938724
106.259401 4 8.673079 53.900963 4.179017 3.940097
106.359401 4 8.672884 53.582375 4.179292 3.941452
106.459401 4 8.672691 53.269768 4.179565 3.942791
106.559401 4 8.672498 52.963033 4.179836 3.944113
106.659401 4 8.672305 52.662062 4.180107 3.945418
106.759401 4 8.672114 52.366752 4.180376 3.946707
106.859401 4 8.671923 52.076999 4.180644 3.947979
106.959401 4 8.671733 51.792703 4.180911 3.949234
107.059401 4 8.671543 51.513768 4.181176 3.950473
107.159401 4 8.671355 51.240097 4.181440 3.951696
107.259401 4 8.671167 50.971596 4.181703 3.952902
107.359401 4 8.670979 50.708174 4.181965 3.954093
107.459401 4 8.670793 50.449742 4.182225 3.955267
107.559401 4 8.670420 49.947498 4.182743 3.957569
107.659401 4 8.670051 49.464183 4.183256 3.959809
107.759401 4 8.669683 48.999147 4.183764 3.961987
107.859401 4 8.669318 48.551766 4.184269 3.964105
107.959401 4 8.668955 48.121441 4.184768 3.966163
108.059401 4 8.668594 47.707600 4.185264 3.968163
108.159401 4 8.668236 47.309691 4.185756 3.970104
108.259401 4 8.667879 46.927187 4.186243 3.971989
108.359401 4 8.667524 46.559579 4.186727 3.973818
108.459401 4 8.667170 46.206380 4.187207 3.975591
108.559401 4 8.666819 45.867120 4.187683 3.977311
108.659401 4 8.666469 45.541350 4.188155 3.978976
108.759401 4 8.666120 45.228633 4.188624 3.980590
108.859401 4 8.665774 44.928554 4.189090 3.982152
108.959401 4 8.665428 44.640708 4.189551 3.983663
109.059401 4 8.665084 44.364708 4.190010 3.985124
109.159401 4 8.664741 44.100179 4.190465 3.986537
109.259401 4 8.664399 43.846760 4.190917 3.987901
109.359401 4 8.664059 43.604104 4.191366 3.989218
109.459401 4 8.663719 43.371871 4.191811 3.990489
109.559401 4 8.663381 43.149738 4.192254 3.991715
109.659401 4 8.662706 42.734520 4.193129 3.994034
109.759401 4 8.662035 42.356045 4.193994 3.996181
109.859401 4 8.661367 42.012055 4.194847 3.998165
109.959401 4 8.660701 41.700424 4.195689 3.999993
110.059401 4 8.660039 41.419140 4.196520 4.001670
110.159401 4 8.659378 41.166297 4.197342 4.003205
110.259401 4 8.658719 40.940083 4.198153 4.004604
110.359401 4 8.657403 40.560689 4.199748 4.007025
110.459401 4 8.656092 40.267930 4.201307 4.008988
110.559401 4 8.654783 40.049684 4.202832 4.010549
110.659401 4 8.653473 39.894509 4.204325 4.011765
110.759401 4 8.652162 39.791455 4.205788 4.012693
110.859401 4 8.650849 39.729913 4.207222 4.013387
110.959401 4 8.649532 39.699491 4.208629 4.013905
111.059401 4 8.648210 39.689919 4.210010 4.014303
111.159401 4 8.646884 39.690982 4.211367 4.014636
111.259401 4 8.645552 39.695474 4.212700 4.014945
111.359401 4 8.644215 39.709759 4.214010 4.015195
111.459401 4 8.642873 39.744055 4.215299 4.015329
111.559401 4 8.641525 39.808644 4.216568 4.015294
111.659401 4 8.640170 39.913928 4.217817 4.015033
111.759401 4 8.638807 40.070526 4.219047 4.014490
111.859401 4 8.637436 40.289390 4.220259 4.013610
111.959401 4 8.636054 40.581963 4.221454 4.012337
112.059401 4 8.634658 40.960356 4.222631 4.010617
112.159401 4 8.633953 41.185762 4.223214 4.009570
112.259401 4 8.633244 41.437585 4.223793 4.008392
112.359401 4 8.632529 41.717634 4.224368 4.007073
112.459401 4 8.631810 42.027809 4.224939 4.005607
112.559401 4 8.631085 42.370115 4.225506 4.003987
112.659401 4 8.630355 42.746671 4.226069 4.002207
112.759401 4 8.629617 43.159725 4.226629 4.000259
112.859401 4 8.629245 43.380683 4.226908 3.999219
112.959401 4 8.628871 43.611674 4.227186 3.998136
113.059401 4 8.628496 43.853024 4.227463 3.997006
113.159401 4 8.628118 44.105067 4.227739 3.995831
113.259401 4 8.627738 44.368151 4.228014 3.994608
113.359401 4 8.627356 44.642634 4.228288 3.993338
113.459401 4 8.626972 44.928889 4.228561 3.992018
113.559401 4 8.626585 45.227303 4.228834 3.990649
113.659401 4 8.626196 45.538274 4.229106 3.989229
113.759401 4 8.625805 45.862220 4.229377 3.987757
113.859401 4 8.625411 46.199572 4.229647 3.986233
113.959401 4 8.625015 46.550777 4.229916 3.984656
114.059401 4 8.624616 46.916303 4.230184 3.983025
114.159401 4 8.624213 47.296633 4.230452 3.981338
114.259401 4 8.623808 47.692273 4.230719 3.979596
114.359401 4 8.623400 48.103748 4.230985 3.977797
114.459401 4 8.622989 48.531604 4.231250 3.975941
114.559401 4 8.622575 48.976411 4.231515 3.974026
114.659401 4 8.622157 49.438764 4.231778 3.972051
114.759401 4 8.621735 49.919281 4.232041 3.970017
114.859401 4 8.621523 50.166554 4.232173 3.968977
114.959401 4 8.621309 50.418612 4.232304 3.967921
115.059401 4 8.621095 50.675542 4.232435 3.966850
115.159401 4 8.620879 50.937429 4.232565 3.965763
115.259401 4 8.620663 51.204363 4.232696 3.964661
115.359401 4 8.620446 51.476436 4.232826 3.963543
115.459401 4 8.620227 51.753739 4.232956 3.962409
115.559401 4 8.620008 52.036368 4.233086 3.961259
115.659401 4 8.619788 52.324420 4.233216 3.960092
115.759401 4 8.619566 52.617994 4.233345 3.958910
115.859401 4 8.619343 52.917192 4.233474 3.957711
115.959401 4 8.619120 53.222117 4.233604 3.956495
116.059401 4 8.618895 53.532877 4.233733 3.955263
116.159401 4 8.618669 53.849578 4.233861 3.954015
116.259401 4 8.618442 54.172334 4.233990 3.952749
116.359401 4 8.618213 54.501256 4.234118 3.951467
116.459401 4 8.617984 54.836462 4.234247 3.950168
116.559401 4 8.617753 55.178070 4.234375 3.948851
116.659401 4 8.617521 55.526202 4.234503 3.947517
116.759401 4 8.617288 55.880983 4.234630 3.946166
116.859401 4 8.617053 56.242540 4.234758 3.944798
116.959401 4 8.616817 56.611004 4.234885 3.943411
117.059401 4 8.616580 56.986507 4.235013 3.942008
117.159401 4 8.616342 57.369187 4.235140 3.940586
117.259401 4 8.616102 57.759184 4.235266 3.939147
117.359401 4 8.615860 58.156642 4.235393 3.937689
117.459401 4 8.615617 58.561706 4.235520 3.936214
117.559401 4 8.615373 58.974527 4.235646 3.934720
117.659401 4 8.615127 59.395259 4.235772 3.933208
117.759401 4 8.614880 59.824059 4.235898 3.931677
117.859401 4 8.614631 60.261090 4.236024 3.930128
117.959401 4 8.614381 60.706516 4.236150 3.928560
118.059401 4 8.614129 61.160507 4.236275 3.926974
118.159401 4 8.613876 61.623237 4.236400 3.925368
118.259401 4 8.613620 62.094883 4.236526 3.923744
118.359401 4 8.613364 62.575628 4.236651 3.922101
118.459401 4 8.613105 63.065659 4.236775 3.920438
118.559401 4 8.612845 63.565166 4.236900 3.918756
118.659401 4 8.612583 64.074347 4.237025 3.917055
118.759401 4 8.612319 64.593403 4.237149 3.915334
118.859401 4 8.612053 65.122539 4.237273 3.913593
118.959401 4 8.611786 65.661968 4.237397 3.911833
119.059401 4 8.611516 66.211907 4.237521 3.910053
119.159401 4 8.611245 66.772576 4.237645 3.908253
119.259401 4 8.610972 67.344206 4.237768 3.906432
119.359401 4 8.610696 67.927029 4.237891 3.904592
119.459401 4 8.610419 68.521286 4.238015 3.902731
119.559401 4 8.610140 69.127223 4.238138 3.900850
119.659401 4 8.609858 69.745091 4.238260 3.898949
119.759401 4 8.609575 70.375152 4.238383 3.897027
119.859401 4 8.609289 71.017669 4.238506 3.895084
119.959401 4 8.609001 71.672917 4.238628 3.893120
120.059401 4 8.608711 72.341174 4.238750 3.891135
120.159401 4 8.608418 73.022729 4.238872 3.889130
120.259401 4 8.608123 73.717875 4.238994 3.887103
120.359401 4 8.607826 74.426917 4.239116 3.885055
120.459401 4 8.607527 75.150165 4.239238 3.882985
120.559401 4 8.607225 75.887938 4.239359 3.880894
120.659401 4 8.606920 76.640563 4.239481 3.878781
120.759401 4 8.606766 77.022552 4.239541 3.877717
120.859401 4 8.606612 77.408381 4.239602 3.876647
120.959401 4 8.606457 77.798093 4.239662 3.875572
121.059401 4 8.606302 78.191733 4.239723 3.874491
121.159401 4 8.606146 78.589345 4.239783 3.873405
121.259401 4 8.605989 78.990975 4.239844 3.872313
121.359401 4 8.605831 79.396668 4.239904 3.871215
121.459401 4 8.605673 79.806471 4.239964 3.870113
121.559401 4 8.605514 80.220431 4.240025 3.869004
121.659401 4 8.605355 80.638597 4.240085 3.867890
121.759401 4 8.605194 81.061015 4.240145 3.866771
121.859401 4 8.605033 81.487736 4.240205 3.865646
121.959401 4 8.604872 81.918808 4.240265 3.864515
122.059401 4 8.604709 82.354284 4.240325 3.863379
122.159401 4 8.604546 82.794213 4.240385 3.862237
122.259401 4 8.604382 83.238647 4.240446 3.861089
122.359401 4 8.604217 83.687640 4.240506 3.859936
122.459401 4 8.604052 84.141243 4.240565 3.858777
122.559401 4 8.603886 84.599512 4.240625 3.857613
122.659401 4 8.603719 85.062501 4.240685 3.856443
122.759401 4 8.603551 85.530266 4.240745 3.855267
122.859401 4 8.603383 86.002862 4.240805 3.854085
122.959401 4 8.603214 86.480347 4.240865 3.852898
123.059401 4 8.603044 86.962779 4.240924 3.851705
123.159401 4 8.602873 87.450216 4.240984 3.850506
123.259401 4 8.602701 87.942718 4.241044 3.849302
123.359401 4 8.602529 88.440344 4.241103 3.848091
123.459401 4 8.602356 88.943158 4.241163 3.846875
123.559401 4 8.602181 89.451219 4.241223 3.845653
123.659401 4 8.602007 89.964591 4.241282 3.844425
123.759401 4 8.601831 90.483339 4.241342 3.843192
123.859401 4 8.601654 91.007525 4.241401 3.841952
123.959401 4 8.601477 91.537217 4.241460 3.840707
124.059401 4 8.601298 92.072481 4.241520 3.839456
124.159401 4 8.601119 92.613383 4.241579 3.838198
124.259401 4 8.600939 93.159993 4.241638 3.836935
124.359401 4 8.600758 93.712380 4.241698 3.835666
124.459401 4 8.600576 94.270613 4.241757 3.834392
124.559401 4 8.600394 94.834766 4.241816 3.833111
124.659401 4 8.600210 95.404909 4.241875 3.831824
124.759401 4 8.600025 95.981116 4.241934 3.830531
124.859401 4 8.599840 96.563463 4.241993 3.829232
124.959401 4 8.599653 97.152023 4.242052 3.827928
125.059401 4 8.599466 97.746875 4.242111 3.826617
125.159401 4 8.599277 98.348095 4.242170 3.825300
125.259401 4 8.599088 98.955762 4.242229 3.823977
125.359401 4 8.598898 99.569958 4.242288 3.822648
125.459401 4 8.598706 100.190762 4.242347 3.821313
125.559401 4 8.598514 100.818256 4.242406 3.819972
125.659401 4 8.598321 101.452526 4.242465 3.818625
125.759401 4 8.598126 102.093654 4.242523 3.817272
125.859401 4 8.597931 102.741728 4.242582 3.815913
125.959401 4 8.597735 103.396835 4.242641 3.814547
126.059401 4 8.597537 104.059062 4.242699 3.813175
126.159401 4 8.597339 104.728500 4.242758 3.811798
126.259401 4 8.597139 105.405241 4.242817 3.810414
126.359401 4 8.596938 106.089375 4.242875 3.809023
126.459401 4 8.596737 106.780998 4.242934 3.807627
126.559401 4 8.596534 107.480204 4.242992 3.806224
126.659401 4 8.596330 108.187091 4.243051 3.804816
126.759401 4 8.596125 108.901755 4.243109 3.803400
126.859401 4 8.595918 109.624297 4.243167 3.801979
126.959401 4 8.595711 110.354818 4.243226 3.800551
127.059401 4 8.595503 111.093420 4.243284 3.799117
127.159401 4 8.595293 111.840207 4.243342 3.797677
127.259401 4 8.595082 112.595285 4.243401 3.796231
127.359401 4 8.594870 113.358760 4.243459 3.794778
127.459401 4 8.594657 114.130743 4.243517 3.793318
127.559401 4 8.594442 114.911342 4.243575 3.791853
127.659401 4 8.594227 115.700670 4.243633 3.790381
127.759401 4 8.594010 116.498842 4.243691 3.788903
127.859401 4 8.593792 117.305971 4.243749 3.787418
127.959401 4 8.593572 118.122176 4.243807 3.785927
128.059401 4 8.593352 118.947575 4.243865 3.784429
128.159401 4 8.593130 119.782290 4.243923 3.782925
128.259401 4 8.592907 120.626443 4.243981 3.781415
128.359401 4 8.592682 121.480157 4.244039 3.779898
128.459401 4 8.592456 122.343561 4.244097 3.778374
128.559401 4 8.592229 123.216782 4.244154 3.776844
128.659401 4 8.592000 124.099950 4.244212 3.775308
128.759401 4 8.591770 124.993197 4.244270 3.773765
128.859401 4 8.591539 125.896658 4.244328 3.772215
128.959401 4 8.591306 126.810470 4.244385 3.770659
129.059401 4 8.591072 127.734770 4.244443 3.769097
129.159401 4 8.590837 128.669700 4.244501 3.767528
129.259401 4 8.590600 129.615401 4.244558 3.765952
129.359401 4 8.590361 130.572020 4.244616 3.764369
129.459401 4 8.590122 131.539703 4.244673 3.762780
129.559401 4 8.589880 132.518600 4.244731 3.761185
129.659401 4 8.589637 133.508862 4.244788 3.759583
129.759401 4 8.589393 134.510644 4.244845 3.757974
129.859401 4 8.589147 135.524103 4.244903 3.756358
129.959401 4 8.588900 136.549397 4.244960 3.754736
130.059401 4 8.588651 137.586689 4.245017 3.753107
130.159401 4 8.588400 138.636142 4.245075 3.751471
130.259401 4 8.588148 139.697922 4.245132 3.749829
130.359401 4 8.587894 140.772200 4.245189 3.748179
130.459401 4 8.587639 141.859147 4.245246 3.746523
130.559401 4 8.587382 142.958938 4.245303 3.744861
130.659401 4 8.587124 144.071750 4.245360 3.743191
130.759401 4 8.586863 145.197764 4.245417 3.741515
130.859401 4 8.586601 146.337163 4.245474 3.739832
130.959401 4 8.586338 147.490132 4.245531 3.738142
131.059401 4 8.586072 148.656862 4.245588 3.736445
131.159401 4 8.585805 149.837543 4.245645 3.734742
131.259401 4 8.585536 151.032371 4.245702 3.733031
131.359401 4 8.585265 152.241545 4.245759 3.731314
131.459401 4 8.584993 153.465265 4.245816 3.729589
131.559401 4 8.584719 154.703737 4.245873 3.727858
131.659401 4 8.584442 155.957167 4.245929 3.726120
131.759401 4 8.584164 157.225769 4.245986 3.724375
131.859401 4 8.583885 158.509755 4.246043 3.722623
131.959401 4 8.583603 159.809346 4.246100 3.720864
132.059401 4 8.583319 161.124761 4.246156 3.719098
132.159401 4 8.583034 162.456227 4.246213 3.717326
132.259401 4 8.582746 163.803973 4.246269 3.715546
132.359401 4 8.582456 165.168231 4.246326 3.713759
132.459401 4 8.582165 166.549238 4.246382 3.711965
132.559401 4 8.581871 167.947234 4.246439 3.710164
132.659401 4 8.581576 169.362465 4.246495 3.708356
132.759401 4 8.581278 170.795177 4.246552 3.706541
132.859401 4 8.580978 172.245623 4.246608 3.704719
132.959401 4 8.580676 173.714061 4.246665 3.702889
133.059401 4 8.580372 175.200751 4.246721 3.701053
133.159401 4 8.580066 176.705958 4.246777 3.699209
133.259401 4 8.579758 178.229952 4.246833 3.697359
133.359401 4 8.579447 179.773007 4.246890 3.695501
133.459401 4 8.579135 181.335401 4.246946 3.693636
133.559401 4 8.578820 182.917417 4.247002 3.691764
133.659401 4 8.578503 184.519344 4.247058 3.689884
133.759401 4 8.578183 186.141474 4.247114 3.687998
133.859401 4 8.577861 187.784105 4.247170 3.686104
133.959401 4 8.577537 189.447540 4.247226 3.684203
134.059401 4 8.577210 191.132086 4.247282 3.682294
134.159401 4 8.576881 192.838056 4.247338 3.680379
134.259401 4 8.576550 194.565769 4.247394 3.678456
134.359401 4 8.576216 196.315548 4.247450 3.676526
134.459401 4 8.575880 198.087721 4.247506 3.674588
134.559401 4 8.575541 199.882624 4.247562 3.672644
134.659401 4 8.575199 201.700597 4.247618 3.670691
134.759401 4 8.574855 203.541986 4.247674 3.668732
134.859401 4 8.574509 205.407142 4.247729 3.666765
134.959401 4 8.574159 207.296425 4.247785 3.664791
135.059401 4 8.573808 209.210197 4.247841 3.662809
135.159401 4 8.573453 211.148829 4.247896 3.660820
135.259401 4 8.573096 213.112698 4.247952 3.658824
135.359401 4 8.572736 215.102187 4.248008 3.656820
135.459401 4 8.572373 217.117686 4.248063 3.654809
135.559401 4 8.572008 219.159591 4.248119 3.652790
135.659401 4 8.571639 221.228305 4.248174 3.650764
135.759401 4 8.571268 223.324239 4.248230 3.648730
135.859401 4 8.570894 225.447810 4.248285 3.646689
135.959401 4 8.570517 227.599443 4.248341 3.644640
136.059401 4 8.570136 229.779570 4.248396 3.642584
136.159401 4 8.569753 231.988629 4.248451 3.640520
136.259401 4 8.569367 234.227069 4.248507 3.638449
136.359401 4 8.568978 236.495345 4.248562 3.636370
136.459401 4 8.568586 238.793919 4.248617 3.634283
136.559401 4 8.568193 241.104967 4.248672 3.632206
136.659401 4 8.567822 243.299502 4.248723 3.630251
136.759401 4 8.567472 245.381782 4.248772 3.628412
136.859401 4 8.567142 247.356105 4.248817 3.626683
136.959401 4 8.566830 249.226782 4.248859 3.625058
137.059401 4 8.566535 250.998108 4.248899 3.623530
137.159401 4 8.566258 252.674339 4.248936 3.622094
137.259401 4 8.565996 254.259673 4.248970 3.620744
137.359401 4 8.565749 255.758234 4.249003 3.619477
137.459401 4 8.565517 257.174054 4.249034 3.618285
137.559401 4 8.565298 258.511067 4.249062 3.617167
137.659401 4 8.564886 261.043479 4.249116 3.615063
137.759401 4 8.564523 263.286991 4.249163 3.613217
137.859401 4 8.564203 265.271521 4.249204 3.611596
137.959401 4 8.563921 267.024610 4.249240 3.610175
138.059401 4 8.563673 268.571424 4.249271 3.608928
138.159401 4 8.563455 269.934822 4.249299 3.607836
138.259401 4 8.563072 272.343305 4.249347 3.605919
138.359401 4 8.562782 274.168704 4.249383 3.604477
138.459401 4 8.562564 275.548576 4.249410 3.603394
138.559401 4 8.562235 277.635946 4.249450 3.601765
