t Ka M R logL logTeff
500.000000 0 0.600084 0.554243 -1.012656 3.636126
1000.000000 0 0.600084 0.555039 -1.009956 3.636490
1500.000000 0 0.600084 0.555837 -1.007186 3.636870
2000.000000 0 0.600084 0.556639 -1.004345 3.637268
2500.000000 0 0.600084 0.557444 -1.001434 3.637681
3000.000000 0 0.600084 0.558255 -0.998452 3.638111
3500.000000 0 0.600084 0.559070 -0.995401 3.638557
4000.000000 0 0.600084 0.559892 -0.992279 3.639019
4500.000000 0 0.600084 0.560721 -0.989086 3.639495
5000.000000 0 0.600084 0.561558 -0.985824 3.639987
5500.000000 0 0.600084 0.562402 -0.982491 3.640494
6000.000000 0 0.600084 0.563256 -0.979088 3.641016
6500.000000 0 0.600084 0.564120 -0.975614 3.641551
7000.000000 0 0.600084 0.564994 -0.972071 3.642101
7500.000000 0 0.600084 0.565880 -0.968456 3.642664
8000.000000 0 0.600084 0.566778 -0.964772 3.643241
8500.000000 0 0.600084 0.567689 -0.961017 3.643831
9000.000000 0 0.600084 0.568613 -0.957192 3.644434
9500.000000 0 0.600084 0.569552 -0.953297 3.645050
10000.000000 0 0.600084 0.570506 -0.949332 3.645677
10500.000000 0 0.600084 0.571476 -0.945296 3.646317
11000.000000 0 0.600084 0.572464 -0.941190 3.646969
11500.000000 0 0.600084 0.573468 -0.937013 3.647633
12000.000000 0 0.600084 0.574492 -0.932766 3.648307
12500.000000 0 0.600084 0.575534 -0.928449 3.648993
13000.000000 0 0.600084 0.576597 -0.924062 3.649689
13500.000000 0 0.600084 0.577681 -0.919604 3.650396
14000.000000 0 0.600084 0.578787 -0.915075 3.651112
14500.000000 0 0.600084 0.579915 -0.910477 3.651839
15000.000000 0 0.600084 0.581067 -0.905808 3.652576
15500.000000 0 0.600084 0.582243 -0.901068 3.653321
16000.000000 0 0.600084 0.583445 -0.896258 3.654076
16500.000000 0 0.600084 0.584672 -0.891377 3.654840
17000.000000 0 0.600084 0.585927 -0.886426 3.655612
17500.000000 0 0.600084 0.587211 -0.881404 3.656393
18000.000000 0 0.600084 0.588523 -0.876311 3.657181
18500.000000 0 0.600084 0.589865 -0.871146 3.657978
19000.000000 0 0.600084 0.591238 -0.865911 3.658782
19500.000000 0 0.600084 0.592643 -0.860604 3.659593
20000.000000 0 0.600084 0.594081 -0.855225 3.660411
20500.000000 0 0.600084 0.595554 -0.849774 3.661237
21000.000000 0 0.600084 0.597061 -0.844251 3.662068
21500.000000 0 0.600084 0.598605 -0.838654 3.662907
22000.000000 0 0.600084 0.600187 -0.832984 3.663751
22500.000000 0 0.600084 0.601807 -0.827240 3.664602
23000.000000 0 0.600084 0.603467 -0.821420 3.665459
23500.000000 0 0.600084 0.605168 -0.815525 3.666321
24000.000000 0 0.600084 0.606913 -0.809553 3.667189
24500.000000 0 0.600084 0.608701 -0.803503 3.668063
25000.000000 0 0.600084 0.610535 -0.797373 3.668942
25500.000000 0 0.600084 0.612416 -0.791162 3.669827
26000.000000 0 0.600084 0.614346 -0.784867 3.670717
26500.000000 0 0.600084 0.616327 -0.778488 3.671613
27000.000000 0 0.600084 0.618361 -0.772021 3.672514
27500.000000 0 0.600084 0.620449 -0.765463 3.673422
28000.000000 0 0.600084 0.622594 -0.758812 3.674335
28500.000000 0 0.600084 0.624799 -0.752063 3.675255
29000.000000 0 0.600084 0.627065 -0.745213 3.676181
29500.000000 0 0.600084 0.629395 -0.738257 3.677115
30000.000000 0 0.600084 0.631793 -0.731189 3.678056
30500.000000 0 0.600084 0.634262 -0.724004 3.679005
31000.000000 0 0.600084 0.636804 -0.716696 3.679964
31500.000000 0 0.600084 0.639424 -0.709256 3.680932
32000.000000 0 0.600084 0.642126 -0.701676 3.681911
32500.000000 0 0.600084 0.644914 -0.693948 3.682903
33000.000000 0 0.600084 0.647794 -0.686060 3.683907
33500.000000 0 0.600084 0.650769 -0.678001 3.684927
34000.000000 0 0.600084 0.653847 -0.669759 3.685963
34500.000000 0 0.600084 0.657034 -0.661318 3.687017
35000.000000 0 0.600084 0.660335 -0.652664 3.688092
35500.000000 0 0.600084 0.663760 -0.643778 3.689190
36000.000000 0 0.600084 0.667316 -0.634642 3.690314
36500.000000 0 0.600084 0.671013 -0.625234 3.691467
37000.000000 0 0.600084 0.674860 -0.615530 3.692651
37500.000000 0 0.600084 0.678870 -0.605505 3.693871
38000.000000 0 0.600084 0.683053 -0.595130 3.695131
38500.000000 0 0.600084 0.687424 -0.584374 3.696435
39000.000000 0 0.600084 0.691998 -0.573202 3.697788
39500.000000 0 0.600084 0.696792 -0.561577 3.699195
40000.000000 0 0.600084 0.701825 -0.549459 3.700662
40500.000000 0 0.600084 0.707118 -0.536802 3.702194
41000.000000 0 0.600084 0.712696 -0.523557 3.703799
41500.000000 0 0.600084 0.718587 -0.509670 3.705483
42000.000000 0 0.600084 0.724827 -0.495085 3.707252
42500.000000 0 0.600084 0.731456 -0.479737 3.709112
43000.000000 0 0.600084 0.738526 -0.463558 3.711068
43262.135398 0 0.600084 0.742246 -0.455134 3.712083
43524.270796 0 0.600084 0.746102 -0.446473 3.713123
43786.406194 0 0.600084 0.750106 -0.437566 3.714188
44048.541592 0 0.600084 0.754271 -0.428402 3.715276
44310.676989 0 0.600084 0.758612 -0.418969 3.716388
44572.812387 0 0.600084 0.763149 -0.409256 3.717522
44834.947785 0 0.600084 0.767903 -0.399251 3.718675
45097.083183 0 0.600084 0.772900 -0.388941 3.719844
45359.218581 0 0.600084 0.778170 -0.378313 3.721025
45621.353979 0 0.600084 0.783751 -0.367353 3.722213
45883.489377 0 0.600084 0.789687 -0.356048 3.723401
46145.624775 0 0.600084 0.796033 -0.344382 3.724579
46407.760173 0 0.600084 0.802855 -0.332341 3.725737
46669.895570 0 0.600084 0.810232 -0.319908 3.726859
46932.030968 0 0.600084 0.818264 -0.307067 3.727927
47063.098667 0 0.600084 0.822561 -0.300489 3.728434
47194.166366 0 0.600084 0.827070 -0.293801 3.728919
47325.234065 0 0.600084 0.831808 -0.287004 3.729378
47456.301764 0 0.600084 0.836798 -0.280093 3.729807
47587.369463 0 0.600084 0.842063 -0.273066 3.730202
47718.437162 0 0.600084 0.847631 -0.265923 3.730556
47849.504861 0 0.600084 0.853532 -0.258659 3.730866
47980.572560 0 0.600084 0.859798 -0.251272 3.731124
48111.640259 0 0.600084 0.866467 -0.243760 3.731325
48242.707958 0 0.600084 0.873580 -0.236121 3.731459
48373.775657 0 0.600084 0.881185 -0.228352 3.731519
48504.843356 0 0.600084 0.889333 -0.220449 3.731496
48635.911055 0 0.600084 0.898083 -0.212412 3.731379
48701.444904 0 0.600084 0.902704 -0.208341 3.731283
48766.978754 0 0.600084 0.907502 -0.204236 3.731158
48832.512603 0 0.600084 0.912485 -0.200095 3.731004
48898.046452 0 0.600084 0.917664 -0.195918 3.730819
48963.580302 0 0.600084 0.923049 -0.191706 3.730602
49029.114151 0 0.600084 0.928653 -0.187457 3.730349
49094.648001 0 0.600084 0.934488 -0.183172 3.730061
49160.181850 0 0.600084 0.940566 -0.178849 3.729734
49225.715700 0 0.600084 0.946902 -0.174489 3.729366
49291.249549 0 0.600084 0.953510 -0.170091 3.728955
49356.783399 0 0.600084 0.960406 -0.165655 3.728499
49422.317248 0 0.600084 0.967609 -0.161181 3.727995
49487.851098 0 0.600084 0.975134 -0.156667 3.727442
49553.384947 0 0.600084 0.983003 -0.152115 3.726835
49618.918797 0 0.600084 0.991235 -0.147522 3.726172
49684.452646 0 0.600084 0.999853 -0.142889 3.725450
49749.986496 0 0.600084 1.008881 -0.138216 3.724667
49815.520345 0 0.600084 1.018345 -0.133502 3.723818
49881.054195 0 0.600084 1.028271 -0.128746 3.722900
49938.396313 0 0.600084 1.037359 -0.124551 3.722038
49988.570666 0 0.600084 1.045637 -0.120854 3.721237
50032.473226 0 0.600084 1.053142 -0.117598 3.720497
50070.887965 0 0.600084 1.059918 -0.114734 3.719821
50104.500862 0 0.600084 1.066014 -0.112216 3.719205
50133.912147 0 0.600084 1.071479 -0.110003 3.718648
50185.381895 0 0.600084 1.081350 -0.106109 3.717630
50223.984207 0 0.600084 1.089020 -0.103171 3.716830
50252.935940 0 0.600084 1.094929 -0.100958 3.716208
50296.363541 0 0.600084 1.104052 -0.097622 3.715240
50339.791141 2 0.600084 1.113501 -0.094266 3.714229
50353.822522 2 0.600080 1.115977 -0.092754 3.714124
50375.032578 2 0.600073 1.119731 -0.090468 3.713967
50396.243446 2 0.600067 1.123497 -0.088183 3.713809
50417.455132 2 0.600061 1.127275 -0.085897 3.713651
50438.667644 2 0.600054 1.131066 -0.083612 3.713494
50459.880988 2 0.600047 1.134870 -0.081327 3.713336
50481.095172 2 0.600041 1.138686 -0.079042 3.713178
50502.310204 2 0.600034 1.142514 -0.076757 3.713021
50523.526091 2 0.600027 1.146356 -0.074472 3.712863
50544.742839 2 0.600020 1.150210 -0.072187 3.712705
50565.960458 2 0.600014 1.154077 -0.069903 3.712547
50587.178954 2 0.600007 1.157957 -0.067618 3.712390
50608.398335 2 0.600000 1.161850 -0.065334 3.712232
50629.618609 2 0.599993 1.165755 -0.063050 3.712074
50650.839783 2 0.599985 1.169674 -0.060766 3.711917
50672.061866 2 0.599978 1.173605 -0.058482 3.711759
50693.284866 2 0.599971 1.177549 -0.056198 3.711601
50714.508790 2 0.599964 1.181507 -0.053915 3.711444
50735.733647 2 0.599956 1.185477 -0.051631 3.711286
50756.959444 2 0.599949 1.189461 -0.049348 3.711128
50778.186191 2 0.599941 1.193458 -0.047065 3.710971
50799.413894 2 0.599934 1.197468 -0.044782 3.710813
50820.642564 2 0.599926 1.201491 -0.042499 3.710656
50841.872208 2 0.599918 1.205528 -0.040216 3.710498
50863.102834 2 0.599911 1.209578 -0.037933 3.710340
50884.334451 2 0.599903 1.213641 -0.035651 3.710183
50905.567069 2 0.599895 1.217718 -0.033369 3.710025
50926.800695 2 0.599887 1.221808 -0.031087 3.709867
50948.035339 2 0.599879 1.225912 -0.028805 3.709710
50969.271009 2 0.599871 1.230029 -0.026523 3.709552
50990.507715 2 0.599862 1.234160 -0.024241 3.709395
51011.745465 2 0.599854 1.238304 -0.021960 3.709237
51032.984269 2 0.599846 1.242462 -0.019678 3.709079
51054.224136 2 0.599837 1.246634 -0.017397 3.708922
51075.465075 2 0.599829 1.250819 -0.015116 3.708764
51096.707096 2 0.599820 1.255019 -0.012835 3.708607
51117.950208 2 0.599812 1.259232 -0.010554 3.708449
51139.194420 2 0.599803 1.263459 -0.008274 3.708292
51160.439743 2 0.599794 1.267700 -0.005993 3.708134
51181.686185 2 0.599785 1.271955 -0.003713 3.707976
51202.933758 2 0.599776 1.276223 -0.001433 3.707819
51224.182470 2 0.599767 1.280506 0.000847 3.707661
51245.432332 2 0.599758 1.284803 0.003126 3.707504
51266.683354 2 0.599749 1.289114 0.005406 3.707346
51287.935546 2 0.599740 1.293440 0.007685 3.707189
51309.188918 2 0.599731 1.297779 0.009965 3.707031
51330.443481 2 0.599721 1.302133 0.012244 3.706874
51351.699244 2 0.599712 1.306501 0.014522 3.706716
51372.956219 2 0.599702 1.310883 0.016801 3.706559
51394.214417 2 0.599692 1.315280 0.019080 3.706401
51415.473847 2 0.599683 1.319691 0.021358 3.706244
51436.734521 2 0.599673 1.324116 0.023636 3.706086
51457.996449 2 0.599663 1.328556 0.025914 3.705929
51479.259643 2 0.599653 1.333011 0.028192 3.705772
51500.524114 2 0.599643 1.337480 0.030469 3.705614
51521.789872 2 0.599633 1.341964 0.032746 3.705457
51543.056930 2 0.599622 1.346463 0.035024 3.705299
51564.325299 2 0.599612 1.350976 0.037301 3.705142
51585.594989 2 0.599602 1.355504 0.039577 3.704984
51606.866013 2 0.599591 1.360047 0.041854 3.704827
51628.138383 2 0.599581 1.364605 0.044130 3.704670
51649.412109 2 0.599570 1.369177 0.046406 3.704512
51670.687205 2 0.599559 1.373765 0.048682 3.704355
51691.963682 2 0.599548 1.378367 0.050958 3.704198
51713.241552 2 0.599537 1.382985 0.053234 3.704040
51734.520828 2 0.599526 1.387617 0.055509 3.703883
51755.801521 2 0.599515 1.392265 0.057784 3.703726
51777.083645 2 0.599503 1.396928 0.060059 3.703568
51798.367211 2 0.599492 1.401606 0.062334 3.703411
51819.652233 2 0.599481 1.406299 0.064608 3.703254
51840.938723 2 0.599469 1.411008 0.066882 3.703096
51862.226694 2 0.599457 1.415732 0.069157 3.702939
51883.516159 2 0.599446 1.420471 0.071430 3.702782
51904.807132 2 0.599434 1.425226 0.073704 3.702625
51926.099625 2 0.599422 1.429996 0.075977 3.702468
51947.393651 2 0.599410 1.434781 0.078250 3.702310
51968.689226 2 0.599397 1.439583 0.080523 3.702153
51989.986361 2 0.599385 1.444400 0.082796 3.701996
52011.285070 2 0.599373 1.449232 0.085068 3.701839
52032.585368 2 0.599360 1.454080 0.087341 3.701682
52053.887269 2 0.599347 1.458944 0.089613 3.701524
52075.190786 2 0.599335 1.463824 0.091884 3.701367
52096.495933 2 0.599322 1.468719 0.094156 3.701210
52117.802726 2 0.599309 1.473631 0.096427 3.701053
52139.111178 2 0.599296 1.478558 0.098698 3.700896
52160.421304 2 0.599283 1.483501 0.100969 3.700739
52181.733119 2 0.599269 1.488460 0.103239 3.700582
52203.046637 2 0.599256 1.493435 0.105510 3.700425
52224.361874 2 0.599242 1.498427 0.107780 3.700268
52245.678845 2 0.599229 1.503434 0.110049 3.700111
52266.997564 2 0.599215 1.508458 0.112319 3.699954
52288.318048 2 0.599201 1.513498 0.114588 3.699797
52309.640312 2 0.599187 1.518554 0.116857 3.699640
52330.964371 2 0.599173 1.523626 0.119126 3.699483
52352.290241 2 0.599159 1.528715 0.121394 3.699326
52373.617939 2 0.599144 1.533820 0.123662 3.699169
52394.947480 2 0.599130 1.538942 0.125930 3.699012
52416.278880 2 0.599115 1.544080 0.128198 3.698855
52437.612156 2 0.599100 1.549235 0.130465 3.698698
52458.947325 2 0.599085 1.554406 0.132732 3.698541
52466.168636 3 0.599080 1.556180 0.133511 3.698488
52479.047644 3 0.599071 1.565634 0.138749 3.698483
52480.769424 3 0.599070 1.566910 0.139453 3.698482
52493.502424 3 0.599061 1.576433 0.144691 3.698475
52506.108094 3 0.599051 1.586018 0.149928 3.698469
52518.587708 3 0.599042 1.595665 0.155166 3.698461
52530.942525 3 0.599033 1.605375 0.160404 3.698453
52543.173794 3 0.599023 1.615148 0.165642 3.698445
52555.282751 3 0.599014 1.624984 0.170879 3.698436
52567.270618 3 0.599004 1.634884 0.176117 3.698426
52579.138606 3 0.598994 1.644849 0.181355 3.698416
52590.887915 3 0.598984 1.654878 0.186593 3.698406
52602.519730 3 0.598975 1.664973 0.191831 3.698395
52614.035227 3 0.598965 1.675133 0.197068 3.698383
52625.435569 3 0.598955 1.685360 0.202306 3.698371
52636.721908 3 0.598944 1.695653 0.207544 3.698358
52647.895383 3 0.598934 1.706013 0.212782 3.698345
52658.957124 3 0.598924 1.716441 0.218019 3.698331
52669.908247 3 0.598914 1.726937 0.223257 3.698317
52680.749859 3 0.598903 1.737502 0.228495 3.698302
52691.483055 3 0.598893 1.748136 0.233733 3.698286
52702.108919 3 0.598882 1.758839 0.238970 3.698270
52712.628524 3 0.598871 1.769612 0.244208 3.698254
52723.042933 3 0.598860 1.780456 0.249446 3.698236
52733.353199 3 0.598850 1.791371 0.254684 3.698219
52743.560361 3 0.598839 1.802358 0.259921 3.698200
52753.665452 3 0.598828 1.813416 0.265159 3.698182
52763.669492 3 0.598816 1.824547 0.270397 3.698162
52773.573491 3 0.598805 1.835751 0.275635 3.698142
52783.378451 3 0.598794 1.847029 0.280873 3.698122
52793.085361 3 0.598782 1.858381 0.286110 3.698101
52802.695202 3 0.598771 1.869807 0.291348 3.698079
52812.208944 3 0.598759 1.881309 0.296586 3.698057
52821.627549 3 0.598748 1.892886 0.301824 3.698034
52830.951968 3 0.598736 1.904540 0.307061 3.698011
52840.183143 3 0.598724 1.916270 0.312299 3.697987
52849.322006 3 0.598712 1.928078 0.317537 3.697963
52858.369480 3 0.598700 1.939963 0.322775 3.697937
52867.326480 3 0.598687 1.951928 0.328012 3.697912
52876.193910 3 0.598675 1.963971 0.333250 3.697886
52884.972665 3 0.598663 1.976093 0.338488 3.697859
52893.663633 3 0.598650 1.988296 0.343726 3.697831
52902.267691 3 0.598638 2.000579 0.348964 3.697804
52910.785708 3 0.598625 2.012944 0.354201 3.697775
52919.218546 3 0.598612 2.025391 0.359439 3.697746
52927.567055 3 0.598599 2.037920 0.364677 3.697716
52935.832079 3 0.598586 2.050532 0.369915 3.697686
52944.014452 3 0.598573 2.063228 0.375152 3.697655
52952.115002 3 0.598560 2.076008 0.380390 3.697624
52960.134547 3 0.598546 2.088873 0.385628 3.697592
52968.073896 3 0.598533 2.101823 0.390866 3.697559
52975.933851 3 0.598519 2.114859 0.396103 3.697526
52983.715207 3 0.598506 2.127982 0.401341 3.697492
52991.418749 3 0.598492 2.141193 0.406579 3.697457
52999.045256 3 0.598478 2.154491 0.411817 3.697422
53006.595498 3 0.598464 2.167878 0.417054 3.697387
53014.070238 3 0.598450 2.181354 0.422292 3.697351
53021.470230 3 0.598436 2.194920 0.427530 3.697314
53028.796222 3 0.598421 2.208577 0.432768 3.697276
53036.048954 3 0.598407 2.222325 0.438006 3.697238
53043.229159 3 0.598392 2.236164 0.443243 3.697200
53050.337562 3 0.598377 2.250096 0.448481 3.697160
53057.374881 3 0.598362 2.264122 0.453719 3.697120
53064.341826 3 0.598347 2.278241 0.458957 3.697080
53071.239103 3 0.598332 2.292454 0.464194 3.697039
53078.067406 3 0.598317 2.306763 0.469432 3.696997
53084.827426 3 0.598302 2.321168 0.474670 3.696955
53091.519847 3 0.598286 2.335669 0.479908 3.696912
53098.145343 3 0.598271 2.350268 0.485145 3.696868
53104.704584 3 0.598255 2.364964 0.490383 3.696824
53111.198232 3 0.598239 2.379760 0.495621 3.696779
53117.626944 3 0.598223 2.394655 0.500859 3.696734
53123.991369 3 0.598207 2.409649 0.506097 3.696688
53130.292150 3 0.598191 2.424745 0.511334 3.696641
53136.529923 3 0.598174 2.439943 0.516572 3.696594
53142.705318 3 0.598158 2.455243 0.521810 3.696546
53148.818960 3 0.598141 2.470646 0.527048 3.696497
53154.871465 3 0.598124 2.486152 0.532285 3.696448
53160.863444 3 0.598107 2.501764 0.537523 3.696398
53166.795504 3 0.598090 2.517481 0.542761 3.696348
53172.668244 3 0.598073 2.533304 0.547999 3.696297
53178.482256 3 0.598055 2.549234 0.553236 3.696245
53184.238128 3 0.598038 2.565271 0.558474 3.696192
53189.936441 3 0.598020 2.581417 0.563712 3.696139
53195.577771 3 0.598002 2.597673 0.568950 3.696086
53201.162688 3 0.597984 2.614039 0.574187 3.696031
53206.691755 3 0.597966 2.630515 0.579425 3.695976
53212.165532 3 0.597948 2.647103 0.584663 3.695921
53217.584571 3 0.597929 2.663804 0.589901 3.695865
53222.949420 3 0.597911 2.680618 0.595139 3.695808
53228.260620 3 0.597892 2.697547 0.600376 3.695750
53233.518708 3 0.597873 2.714590 0.605614 3.695692
53238.724216 3 0.597854 2.731750 0.610852 3.695633
53243.877668 3 0.597835 2.749026 0.616090 3.695574
53248.979586 3 0.597815 2.766420 0.621327 3.695513
53254.030484 3 0.597796 2.783932 0.626565 3.695453
53259.030874 3 0.597776 2.801564 0.631803 3.695391
53263.981260 3 0.597756 2.819316 0.637041 3.695329
53268.882142 3 0.597736 2.837189 0.642278 3.695266
53273.734015 3 0.597716 2.855184 0.647516 3.695203
53278.537369 3 0.597696 2.873302 0.652754 3.695138
53283.292690 3 0.597675 2.891544 0.657992 3.695074
53288.000457 3 0.597654 2.909911 0.663229 3.695008
53292.661147 3 0.597634 2.928404 0.668467 3.694942
53297.275230 3 0.597612 2.947023 0.673705 3.694875
53301.843172 3 0.597591 2.965769 0.678943 3.694808
53306.365435 3 0.597570 2.984645 0.684181 3.694739
53310.842475 3 0.597548 3.003649 0.689418 3.694671
53315.274745 3 0.597526 3.022785 0.694656 3.694601
53319.662692 3 0.597504 3.042051 0.699894 3.694531
53324.006759 3 0.597482 3.061450 0.705132 3.694460
53328.307386 3 0.597460 3.080982 0.710369 3.694388
53332.565007 3 0.597437 3.100649 0.715607 3.694316
53336.780051 3 0.597415 3.120451 0.720845 3.694243
53340.952945 3 0.597392 3.140390 0.726083 3.694169
53345.084110 3 0.597369 3.160466 0.731320 3.694095
53349.173964 3 0.597345 3.180680 0.736558 3.694020
53353.222918 3 0.597322 3.201034 0.741796 3.693944
53357.231384 3 0.597298 3.221528 0.747034 3.693868
53361.199764 3 0.597274 3.242164 0.752272 3.693791
53365.128461 3 0.597250 3.262943 0.757509 3.693713
53369.017871 3 0.597226 3.283865 0.762747 3.693635
53372.868387 3 0.597201 3.304932 0.767985 3.693556
53376.680397 3 0.597176 3.326145 0.773223 3.693476
53380.454288 3 0.597152 3.347505 0.778460 3.693395
53384.190439 3 0.597126 3.369012 0.783698 3.693314
53387.889229 3 0.597101 3.390670 0.788936 3.693232
53391.551031 3 0.597075 3.412477 0.794174 3.693149
53395.176216 3 0.597050 3.434436 0.799411 3.693066
53398.765148 3 0.597024 3.456547 0.804649 3.692982
53402.318191 3 0.596997 3.478812 0.809887 3.692897
53405.835703 3 0.596971 3.501232 0.815125 3.692811
53409.318041 3 0.596944 3.523809 0.820362 3.692725
53412.765555 3 0.596917 3.546542 0.825600 3.692638
53416.178594 3 0.596890 3.569434 0.830838 3.692550
53419.557502 3 0.596863 3.592485 0.836076 3.692462
53422.902622 3 0.596835 3.615697 0.841314 3.692373
53426.214290 3 0.596807 3.639071 0.846551 3.692283
53429.492842 3 0.596779 3.662609 0.851789 3.692193
53432.738608 3 0.596751 3.686311 0.857027 3.692101
53435.951916 3 0.596722 3.710179 0.862265 3.692009
53439.133091 3 0.596694 3.734214 0.867502 3.691917
53442.282455 3 0.596665 3.758417 0.872740 3.691823
53445.400325 3 0.596635 3.782789 0.877978 3.691729
53448.487016 3 0.596606 3.807333 0.883216 3.691634
53451.542840 3 0.596576 3.832049 0.888453 3.691538
53454.568106 3 0.596546 3.856938 0.893691 3.691442
53457.563120 3 0.596515 3.882002 0.898929 3.691345
53460.528183 3 0.596485 3.907242 0.904167 3.691247
53463.463595 3 0.596454 3.932659 0.909405 3.691149
53466.369654 3 0.596423 3.958255 0.914642 3.691049
53469.246652 3 0.596392 3.984032 0.919880 3.690949
53472.094880 3 0.596360 4.009990 0.925118 3.690848
53474.914625 3 0.596328 4.036131 0.930356 3.690747
53477.706174 3 0.596296 4.062456 0.935593 3.690645
53480.469806 3 0.596263 4.088967 0.940831 3.690542
53483.205803 3 0.596231 4.115665 0.946069 3.690438
53485.914439 3 0.596198 4.142552 0.951307 3.690333
53488.595989 3 0.596164 4.169629 0.956544 3.690228
53491.250724 3 0.596131 4.196897 0.961782 3.690122
53493.878911 3 0.596097 4.224359 0.967020 3.690015
53496.480816 3 0.596063 4.252015 0.972258 3.689908
53499.056703 3 0.596028 4.279866 0.977495 3.689799
53501.606830 3 0.595993 4.307916 0.982733 3.689690
53504.131456 3 0.595958 4.336164 0.987971 3.689580
53506.630836 3 0.595923 4.364613 0.993209 3.689470
53509.105222 3 0.595887 4.393263 0.998447 3.689359
53511.554864 3 0.595851 4.422118 1.003684 3.689246
53513.980010 3 0.595815 4.451177 1.008922 3.689134
53516.380905 3 0.595778 4.480444 1.014160 3.689020
53518.757790 3 0.595741 4.509918 1.019398 3.688906
53521.110907 3 0.595704 4.539603 1.024635 3.688790
53523.440492 3 0.595667 4.569499 1.029873 3.688675
53525.746781 3 0.595629 4.599609 1.035111 3.688558
53528.030008 3 0.595590 4.629933 1.040349 3.688440
53530.290403 3 0.595552 4.660474 1.045586 3.688322
53532.528193 3 0.595513 4.691233 1.050824 3.688203
53534.743605 3 0.595474 4.722212 1.056062 3.688083
53536.936864 3 0.595434 4.753413 1.061300 3.687963
53539.108190 3 0.595394 4.784837 1.066538 3.687841
53541.257802 3 0.595354 4.816486 1.071775 3.687719
53543.385919 3 0.595313 4.848362 1.077013 3.687596
53545.492754 3 0.595272 4.880467 1.082251 3.687473
53547.578521 3 0.595231 4.912801 1.087489 3.687348
53549.643430 3 0.595189 4.945368 1.092726 3.687223
53551.687690 3 0.595147 4.978169 1.097964 3.687097
53553.711508 3 0.595105 5.011206 1.103202 3.686970
53555.715087 3 0.595062 5.044481 1.108440 3.686842
53557.698631 3 0.595019 5.077994 1.113677 3.686714
53559.662339 3 0.594975 5.111750 1.118915 3.686585
53561.606410 3 0.594931 5.145748 1.124153 3.686455
53563.531040 3 0.594887 5.179992 1.129391 3.686324
53565.436424 3 0.594842 5.214482 1.134628 3.686192
53567.322755 3 0.594797 5.249222 1.139866 3.686060
53569.190221 3 0.594752 5.284212 1.145104 3.685926
53571.039014 3 0.594706 5.319456 1.150342 3.685792
53572.869318 3 0.594660 5.354954 1.155580 3.685658
53574.681319 3 0.594613 5.390709 1.160817 3.685522
53576.475201 3 0.594566 5.426723 1.166055 3.685385
53578.251143 3 0.594518 5.462998 1.171293 3.685248
53580.009326 3 0.594470 5.499536 1.176531 3.685110
53581.749927 3 0.594422 5.536339 1.181768 3.684971
53583.473122 3 0.594373 5.573410 1.187006 3.684832
53585.179086 3 0.594324 5.610749 1.192244 3.684691
53586.867989 3 0.594274 5.648360 1.197482 3.684550
53588.540004 3 0.594224 5.686244 1.202719 3.684408
53590.195298 3 0.594174 5.724404 1.207957 3.684265
53591.834040 3 0.594123 5.762842 1.213195 3.684121
53593.456394 3 0.594071 5.801559 1.218433 3.683976
53595.062524 3 0.594020 5.840559 1.223671 3.683831
53596.652593 3 0.593967 5.879844 1.228908 3.683685
53598.226762 3 0.593914 5.919415 1.234146 3.683538
53599.785189 3 0.593861 5.959275 1.239384 3.683390
53601.328031 3 0.593807 5.999427 1.244622 3.683241
53602.855445 3 0.593753 6.039872 1.249859 3.683092
53604.367585 3 0.593699 6.080612 1.255097 3.682941
53605.864604 3 0.593643 6.121652 1.260335 3.682790
53607.346652 3 0.593588 6.162991 1.265573 3.682638
53608.813880 3 0.593532 6.204634 1.270810 3.682485
53610.266436 3 0.593475 6.246582 1.276048 3.682331
53611.704466 3 0.593418 6.288838 1.281286 3.682177
53613.128116 3 0.593360 6.331404 1.286524 3.682021
53614.537529 3 0.593302 6.374283 1.291761 3.681865
53615.932848 3 0.593243 6.417478 1.296999 3.681708
53617.314214 3 0.593184 6.460990 1.302237 3.681550
53618.681767 3 0.593124 6.504822 1.307475 3.681392
53620.035643 3 0.593064 6.548977 1.312713 3.681232
53621.375981 3 0.593003 6.593458 1.317950 3.681072
53622.702916 3 0.592942 6.638267 1.323188 3.680910
53624.016581 3 0.592880 6.683406 1.328426 3.680748
53625.317110 3 0.592817 6.728879 1.333664 3.680585
53626.604633 3 0.592754 6.774687 1.338901 3.680421
53627.879282 3 0.592691 6.820834 1.344139 3.680257
53629.141183 3 0.592627 6.867323 1.349377 3.680091
53630.390466 3 0.592562 6.914156 1.354615 3.679925
53631.627256 3 0.592497 6.961335 1.359852 3.679757
53632.851677 3 0.592431 7.008865 1.365090 3.679589
53634.063855 3 0.592364 7.056746 1.370328 3.679420
53635.263911 3 0.592297 7.104983 1.375566 3.679250
53636.451966 3 0.592229 7.153578 1.380804 3.679080
53637.628141 3 0.592161 7.202534 1.386041 3.678908
53638.792554 3 0.592092 7.251854 1.391279 3.678736
53639.945323 3 0.592023 7.301541 1.396517 3.678562
53641.086564 3 0.591953 7.351598 1.401755 3.678388
53642.216393 3 0.591882 7.402028 1.406992 3.678213
53643.334924 3 0.591810 7.452833 1.412230 3.678037
53644.442269 3 0.591738 7.504017 1.417468 3.677861
53645.538541 3 0.591666 7.555584 1.422706 3.677683
53646.623850 3 0.591592 7.607535 1.427943 3.677504
53647.698306 3 0.591518 7.659874 1.433181 3.677325
53648.762017 3 0.591444 7.712605 1.438419 3.677145
53649.815091 3 0.591368 7.765730 1.443657 3.676964
53650.857635 3 0.591292 7.819252 1.448894 3.676782
53651.889753 3 0.591215 7.873176 1.454132 3.676599
53652.911550 3 0.591138 7.927503 1.459370 3.676415
53653.923129 3 0.591060 7.982238 1.464608 3.676230
53654.924592 3 0.590981 8.037384 1.469846 3.676045
53655.916041 3 0.590901 8.092943 1.475083 3.675858
53656.897575 3 0.590821 8.148920 1.480321 3.675671
53657.869293 3 0.590740 8.205318 1.485559 3.675483
53658.831295 3 0.590658 8.262140 1.490797 3.675293
53659.783676 3 0.590576 8.319390 1.496034 3.675103
53660.726534 3 0.590493 8.377071 1.501272 3.674912
53661.659963 3 0.590409 8.435187 1.506510 3.674721
53662.584058 3 0.590324 8.493740 1.511748 3.674528
53663.498912 3 0.590238 8.552736 1.516985 3.674334
53664.404617 3 0.590152 8.612177 1.522223 3.674140
53665.301265 3 0.590065 8.672067 1.527461 3.673944
53666.188947 3 0.589977 8.732410 1.532699 3.673748
53667.067752 3 0.589888 8.793210 1.537937 3.673551
53667.937769 3 0.589799 8.854469 1.543174 3.673353
53668.799086 3 0.589709 8.916193 1.548412 3.673154
53669.651789 3 0.589617 8.978384 1.553650 3.672954
53670.495966 3 0.589525 9.041047 1.558888 3.672753
53671.331701 3 0.589433 9.104185 1.564125 3.672551
53672.159078 3 0.589339 9.167803 1.569363 3.672349
53672.978182 3 0.589244 9.231904 1.574601 3.672145
53673.789095 3 0.589149 9.296493 1.579839 3.671941
53674.591898 3 0.589053 9.361573 1.585076 3.671735
53675.386674 3 0.588955 9.427148 1.590314 3.671529
53676.173501 3 0.588857 9.493223 1.595552 3.671322
53676.952461 3 0.588758 9.559801 1.600790 3.671114
53677.723631 3 0.588659 9.626887 1.606027 3.670904
53678.487089 3 0.588558 9.694485 1.611265 3.670695
53679.242912 3 0.588456 9.762599 1.616503 3.670484
53679.991178 3 0.588353 9.831234 1.621741 3.670272
53680.731960 3 0.588250 9.900393 1.626979 3.670059
53681.465335 3 0.588145 9.970081 1.632216 3.669845
53682.191376 3 0.588040 10.040303 1.637454 3.669631
53682.910157 3 0.587933 10.111063 1.642692 3.669415
53683.621750 3 0.587826 10.182365 1.647930 3.669199
53684.326227 3 0.587717 10.254215 1.653167 3.668981
53685.023659 3 0.587608 10.326615 1.658405 3.668763
53685.714117 3 0.587497 10.399572 1.663643 3.668544
53686.397670 3 0.587385 10.473089 1.668881 3.668323
53687.074388 3 0.587273 10.547171 1.674118 3.668102
53687.744338 3 0.587159 10.621824 1.679356 3.667880
53688.407589 3 0.587045 10.697051 1.684594 3.667657
53689.064208 3 0.586929 10.772858 1.689832 3.667433
53689.714260 3 0.586812 10.849249 1.695069 3.667208
53690.357812 3 0.586694 10.926230 1.700307 3.666982
53690.994929 3 0.586575 11.003804 1.705545 3.666755
53691.625674 3 0.586455 11.081978 1.710783 3.666528
53692.250111 3 0.586334 11.160756 1.716021 3.666299
53692.868305 3 0.586211 11.240144 1.721258 3.666069
53693.480316 3 0.586088 11.320145 1.726496 3.665839
53694.086208 3 0.585963 11.400766 1.731734 3.665607
53694.686040 3 0.585837 11.482012 1.736972 3.665374
53695.279874 3 0.585710 11.563888 1.742209 3.665141
53695.867770 3 0.585582 11.646399 1.747447 3.664907
53696.449786 3 0.585453 11.729551 1.752685 3.664671
53697.025983 3 0.585322 11.813348 1.757923 3.664435
53697.596418 3 0.585190 11.897798 1.763160 3.664197
53698.161148 3 0.585057 11.982903 1.768398 3.663959
53698.720231 3 0.584923 12.068672 1.773636 3.663720
53699.273723 3 0.584787 12.155108 1.778874 3.663480
53699.821680 3 0.584650 12.242218 1.784112 3.663238
53700.364158 3 0.584512 12.330008 1.789349 3.662996
53700.901211 3 0.584372 12.418483 1.794587 3.662753
53701.432893 3 0.584232 12.507648 1.799825 3.662509
53701.959259 3 0.584089 12.597510 1.805063 3.662264
53702.480360 3 0.583946 12.688075 1.810300 3.662018
53702.996251 3 0.583801 12.779349 1.815538 3.661771
53703.506983 3 0.583655 12.871337 1.820776 3.661523
53704.012608 3 0.583507 12.964046 1.826014 3.661274
53704.513176 3 0.583358 13.057481 1.831251 3.661024
53705.008739 3 0.583208 13.151650 1.836489 3.660773
53705.499346 3 0.583056 13.246558 1.841727 3.660521
53705.985047 3 0.582903 13.342211 1.846965 3.660268
53706.465891 3 0.582748 13.438616 1.852202 3.660014
53706.941927 3 0.582592 13.535780 1.857440 3.659759
53707.413202 3 0.582434 13.633708 1.862678 3.659503
53707.879764 3 0.582275 13.732408 1.867916 3.659246
53708.341661 3 0.582114 13.831886 1.873154 3.658988
53708.798939 3 0.581952 13.932148 1.878391 3.658729
53709.251644 3 0.581788 14.033201 1.883629 3.658469
53709.699822 3 0.581623 14.135052 1.888867 3.658209
53710.143518 3 0.581456 14.237708 1.894105 3.657947
53710.582777 3 0.581287 14.341176 1.899342 3.657684
53711.017644 3 0.581117 14.445463 1.904580 3.657420
53711.448162 3 0.580945 14.550575 1.909818 3.657155
53711.874375 3 0.580772 14.656521 1.915056 3.656889
53712.296326 3 0.580596 14.763306 1.920293 3.656622
53712.714057 3 0.580420 14.870938 1.925531 3.656354
53713.127611 3 0.580241 14.979426 1.930769 3.656085
53713.537029 3 0.580061 15.088775 1.936007 3.655815
53713.942353 3 0.579879 15.198993 1.941245 3.655544
53714.343624 3 0.579695 15.310088 1.946482 3.655272
53714.740882 3 0.579510 15.422068 1.951720 3.654999
53715.134168 3 0.579322 15.534940 1.956958 3.654725
53715.523521 3 0.579133 15.648711 1.962196 3.654450
53715.908980 3 0.578942 15.763391 1.967433 3.654174
53716.290585 3 0.578749 15.878985 1.972671 3.653897
53716.668373 3 0.578555 15.995503 1.977909 3.653619
53717.042384 3 0.578358 16.112953 1.983147 3.653340
53717.412655 3 0.578160 16.231342 1.988384 3.653059
53717.779222 3 0.577959 16.350679 1.993622 3.652778
53718.142125 3 0.577757 16.470972 1.998860 3.652496
53718.501398 3 0.577553 16.592229 2.004098 3.652213
53718.857078 3 0.577346 16.714458 2.009335 3.651928
53719.209202 3 0.577138 16.837669 2.014573 3.651643
53719.557804 3 0.576928 16.961870 2.019811 3.651356
53719.902921 3 0.576715 17.087069 2.025049 3.651069
53720.244586 3 0.576501 17.213275 2.030287 3.650780
53720.582835 3 0.576284 17.340497 2.035524 3.650491
53720.917701 3 0.576066 17.468744 2.040762 3.650200
53721.249218 3 0.575845 17.598025 2.046000 3.649909
53721.577421 3 0.575622 17.728349 2.051238 3.649616
53721.902341 3 0.575397 17.859724 2.056475 3.649322
53722.224012 3 0.575169 17.992161 2.061713 3.649027
53722.542466 3 0.574940 18.125669 2.066951 3.648731
53722.857736 3 0.574708 18.260257 2.072189 3.648434
53723.169853 3 0.574473 18.395934 2.077426 3.648136
53723.478849 3 0.574237 18.532711 2.082664 3.647837
53723.784755 3 0.573998 18.670596 2.087902 3.647537
53724.087602 3 0.573757 18.809601 2.093140 3.647236
53724.387420 3 0.573513 18.949734 2.098378 3.646933
53724.684241 3 0.573267 19.091005 2.103615 3.646630
53724.978093 3 0.573019 19.233425 2.108853 3.646326
53725.269006 3 0.572768 19.377004 2.114091 3.646020
53725.557010 3 0.572514 19.521753 2.119329 3.645713
53725.842135 3 0.572258 19.667681 2.124566 3.645406
53726.124408 3 0.572000 19.814799 2.129804 3.645097
53726.403858 3 0.571739 19.963117 2.135042 3.644787
53726.680514 3 0.571475 20.112648 2.140280 3.644476
53726.954403 3 0.571209 20.263400 2.145517 3.644164
53727.225554 3 0.570940 20.415385 2.150755 3.643851
53727.493993 3 0.570668 20.568615 2.155993 3.643536
53727.759747 3 0.570394 20.723099 2.161231 3.643221
53728.022844 3 0.570117 20.878851 2.166468 3.642904
53728.283310 3 0.569837 21.035880 2.171706 3.642587
53728.541172 3 0.569554 21.194198 2.176944 3.642268
53728.796454 3 0.569269 21.353818 2.182182 3.641948
53729.049184 3 0.568980 21.514750 2.187420 3.641627
53729.299387 3 0.568689 21.677006 2.192657 3.641305
53729.547088 3 0.568395 21.840599 2.197895 3.640982
53729.792311 3 0.568098 22.005540 2.203133 3.640658
53730.035082 3 0.567797 22.171842 2.208371 3.640332
53730.275426 3 0.567494 22.339517 2.213608 3.640006
53730.513366 3 0.567188 22.508577 2.218846 3.639678
53730.748927 3 0.566878 22.679035 2.224084 3.639349
53730.982132 3 0.566566 22.850904 2.229322 3.639019
53731.213005 3 0.566250 23.024196 2.234559 3.638688
53731.441570 3 0.565931 23.198925 2.239797 3.638356
53731.667849 3 0.565609 23.375102 2.245035 3.638023
53731.891864 3 0.565283 23.552743 2.250273 3.637688
53732.113640 3 0.564954 23.731859 2.255511 3.637352
53732.333198 3 0.564622 23.912465 2.260748 3.637015
53732.550561 3 0.564286 24.094574 2.265986 3.636677
53732.765750 3 0.563947 24.278200 2.271224 3.636338
53732.978787 3 0.563605 24.463356 2.276462 3.635998
53733.189693 3 0.563259 24.650057 2.281699 3.635656
53733.398491 3 0.562909 24.838318 2.286937 3.635314
53733.605200 3 0.562556 25.028151 2.292175 3.634970
53733.809843 3 0.562199 25.219572 2.297413 3.634625
53734.012439 3 0.561839 25.412596 2.302650 3.634279
53734.213009 3 0.561474 25.607237 2.307888 3.633931
53734.411573 3 0.561106 25.803510 2.313126 3.633583
53734.608152 3 0.560735 26.001431 2.318364 3.633233
53734.802765 3 0.560359 26.201014 2.323601 3.632882
53734.995432 3 0.559979 26.402275 2.328839 3.632530
53735.186172 3 0.559596 26.605230 2.334077 3.632176
53735.375004 3 0.559208 26.809894 2.339315 3.631822
53735.561949 3 0.558817 27.016283 2.344553 3.631466
53735.747024 3 0.558421 27.224414 2.349790 3.631109
53735.930248 3 0.558021 27.434303 2.355028 3.630751
53736.111640 3 0.557618 27.645965 2.360266 3.630391
53736.291218 3 0.557209 27.859419 2.365504 3.630030
53736.469000 3 0.556797 28.074680 2.370741 3.629669
53736.645005 3 0.556380 28.291765 2.375979 3.629305
53736.819249 3 0.555959 28.510692 2.381217 3.628941
53736.991751 3 0.555533 28.731479 2.386455 3.628575
53737.162528 3 0.555103 28.954142 2.391692 3.628208
53737.331597 3 0.554669 29.178699 2.396930 3.627840
53737.498976 3 0.554229 29.405169 2.402168 3.627471
53737.664680 3 0.553785 29.633569 2.407406 3.627100
53737.828728 3 0.553337 29.863918 2.412644 3.626728
53737.991135 3 0.552884 30.096235 2.417881 3.626355
53738.151918 3 0.552425 30.330537 2.423119 3.625980
53738.311094 3 0.551962 30.566845 2.428357 3.625604
53738.468677 3 0.551494 30.805176 2.433595 3.625227
53738.624685 3 0.551021 31.045552 2.438832 3.624849
53738.779132 3 0.550543 31.287991 2.444070 3.624469
53738.932036 3 0.550060 31.532512 2.449308 3.624088
53739.083410 3 0.549572 31.779137 2.454546 3.623706
53739.233270 3 0.549078 32.027885 2.459783 3.623322
53739.381632 3 0.548579 32.278778 2.465021 3.622937
53739.528510 3 0.548075 32.531835 2.470259 3.622551
53739.673919 3 0.547565 32.787077 2.475497 3.622163
53739.817875 3 0.547050 33.044526 2.480734 3.621774
53739.960390 3 0.546529 33.304204 2.485972 3.621384
53740.101481 3 0.546003 33.566132 2.491210 3.620992
53740.241160 3 0.545470 33.830332 2.496448 3.620599
53740.379443 3 0.544932 34.096826 2.501686 3.620205
53740.516343 3 0.544389 34.365638 2.506923 3.619809
53740.651874 3 0.543839 34.636788 2.512161 3.619412
53740.786050 3 0.543283 34.910302 2.517399 3.619013
53740.918884 3 0.542721 35.186201 2.522637 3.618614
53741.050390 3 0.542153 35.464510 2.527874 3.618212
53741.180580 3 0.541579 35.745252 2.533112 3.617809
53741.309469 3 0.540998 36.028452 2.538350 3.617405
53741.437069 3 0.540411 36.314134 2.543588 3.617000
53741.563392 3 0.539817 36.602323 2.548825 3.616593
53741.688453 3 0.539217 36.893044 2.554063 3.616184
53741.812263 3 0.538610 37.186322 2.559301 3.615774
53741.934835 3 0.537997 37.482183 2.564539 3.615363
53742.056181 3 0.537377 37.780653 2.569776 3.614950
53742.176313 3 0.536749 38.081758 2.575014 3.614536
53742.295245 3 0.536115 38.385525 2.580252 3.614120
53742.412987 3 0.535474 38.691981 2.585490 3.613703
53742.529551 3 0.534825 39.001153 2.590728 3.613284
53742.644950 3 0.534169 39.313070 2.595965 3.612863
53742.759195 3 0.533506 39.627758 2.601203 3.612442
53742.872298 3 0.532835 39.945247 2.606441 3.612018
53742.984269 3 0.532157 40.265565 2.611679 3.611593
53743.095121 3 0.531471 40.588741 2.616916 3.611167
53743.204864 3 0.530777 40.914805 2.622154 3.610739
53743.313510 3 0.530075 41.243787 2.627392 3.610309
53743.421069 3 0.529365 41.575716 2.632630 3.609878
53743.527553 3 0.528648 41.910625 2.637867 3.609445
53743.632972 3 0.527922 42.248543 2.643105 3.609011
53743.737337 3 0.527187 42.589503 2.648343 3.608575
53743.840658 3 0.526444 42.933536 2.653581 3.608137
53743.942946 3 0.525693 43.280675 2.658819 3.607698
53744.044211 3 0.524933 43.630953 2.664056 3.607257
53744.144463 3 0.524164 43.984402 2.669294 3.606815
53744.244463 3 0.523386 44.341058 2.674532 3.606370
53744.344463 3 0.522599 44.700953 2.679770 3.605925
53744.444463 3 0.521803 45.064123 2.685007 3.605477
53744.544463 3 0.520998 45.430602 2.690245 3.605028
53744.644463 3 0.520183 45.800427 2.695483 3.604577
53744.744463 3 0.519359 46.173634 2.700721 3.604124
53744.844463 3 0.518524 46.550260 2.705958 3.603669
53744.944463 3 0.517681 46.930341 2.711196 3.603213
53745.044463 3 0.516827 47.313916 2.716434 3.602755
53745.144463 3 0.515962 47.701023 2.721672 3.602295
53745.244463 3 0.515088 48.091701 2.726909 3.601833
53745.344463 3 0.514203 48.485989 2.732147 3.601369
53745.444463 3 0.513308 48.883928 2.737385 3.600904
53745.544463 3 0.512402 49.285559 2.742623 3.600436
53745.644463 3 0.511485 49.690922 2.747861 3.599967
53745.744463 3 0.510557 50.100060 2.753098 3.599496
53745.844463 3 0.509617 50.513016 2.758336 3.599023
53745.944463 3 0.508667 50.929832 2.763574 3.598548
53746.044463 3 0.507704 51.350553 2.768812 3.598071
53746.144463 3 0.506730 51.775224 2.774049 3.597592
53746.244463 3 0.505744 52.203891 2.779287 3.597111
53746.344463 3 0.504746 52.636598 2.784525 3.596628
53746.444463 3 0.503736 53.073394 2.789763 3.596143
53746.544463 3 0.502713 53.514326 2.795000 3.595656
53746.644463 3 0.501678 53.959442 2.800238 3.595166
53746.744463 3 0.500629 54.408793 2.805476 3.594675
53746.844463 3 0.499568 54.862428 2.810714 3.594181
53746.944463 3 0.498493 55.320398 2.815952 3.593686
53747.044463 3 0.497405 55.782756 2.821189 3.593188
53747.144463 3 0.496303 56.249554 2.826427 3.592688
53747.244463 3 0.495187 56.720846 2.831665 3.592185
53747.344463 3 0.494057 57.196687 2.836903 3.591681
53747.444463 3 0.492913 57.677132 2.842140 3.591174
53747.544463 3 0.491753 58.162240 2.847378 3.590665
53747.644463 3 0.490580 58.556079 2.852616 3.590509
53747.744463 3 0.489393 58.941064 2.857854 3.590395
53747.844463 3 0.488192 59.325776 2.863091 3.590292
53747.944463 3 0.486979 59.709993 2.868329 3.590199
53748.044463 3 0.485752 60.093468 2.873567 3.590119
53748.144463 3 0.484512 60.475936 2.878804 3.590050
53748.244463 3 0.483258 60.857101 2.884042 3.589995
53748.344463 3 0.481990 61.236642 2.889280 3.589955
53748.444463 3 0.480709 61.614202 2.894517 3.589929
53748.544463 3 0.479414 61.989390 2.899755 3.589921
53748.644463 3 0.478104 62.361772 2.904993 3.589929
53748.744463 3 0.476781 62.730867 2.910230 3.589957
53748.844463 3 0.475443 63.096139 2.915468 3.590006
53748.944463 3 0.474091 63.456990 2.920705 3.590077
53749.044463 3 0.472725 63.812751 2.925943 3.590173
53749.144463 3 0.471344 64.162668 2.931180 3.590294
53749.244463 3 0.469949 64.505890 2.936418 3.590445
53749.344463 3 0.468539 64.841448 2.941655 3.590628
53749.444463 3 0.467115 65.168236 2.946892 3.590846
53749.544463 3 0.465676 65.484980 2.952129 3.591102
53749.644463 3 0.464223 65.790204 2.957366 3.591402
53749.744463 3 0.462756 66.082181 2.962603 3.591749
53749.844463 3 0.461275 66.358870 2.967840 3.592151
53749.944463 3 0.459779 66.617836 2.973077 3.592614
53750.044463 3 0.458270 66.856129 2.978313 3.593148
53750.144463 3 0.456748 67.070127 2.983549 3.593763
53750.244463 3 0.455212 67.255303 2.988784 3.594473
53750.344463 3 0.453664 67.405887 2.994019 3.595296
53750.444463 3 0.452104 67.514348 2.999253 3.596256
53750.544463 3 0.450533 67.570596 3.004485 3.597383
53750.644463 3 0.448952 67.560693 3.009716 3.598722
53750.744463 3 0.447363 67.464683 3.014943 3.600338
53750.844463 3 0.445766 67.252828 3.020167 3.602327
53750.944463 3 0.444167 66.878720 3.025383 3.604842
53751.044463 3 0.442567 66.266099 3.030589 3.608142
53751.144463 3 0.441770 65.833043 3.033178 3.610213
53751.244463 3 0.440976 65.284706 3.035761 3.612675
53751.344463 3 0.440581 64.957754 3.037047 3.614087
53751.444463 3 0.440188 64.588628 3.038331 3.615645
53751.544463 3 0.439796 64.171100 3.039612 3.617374
53751.644463 3 0.439406 63.697805 3.040890 3.619301
53751.744463 3 0.439019 63.160023 3.042163 3.621460
53751.844463 3 0.438635 62.547415 3.043430 3.623893
53751.944463 3 0.438444 62.209962 3.044061 3.625226
53752.044463 3 0.438254 61.849177 3.044691 3.626646
53752.144463 3 0.438066 61.463199 3.045318 3.628163
53752.244463 3 0.437878 61.050013 3.045944 3.629784
53752.344463 3 0.437692 60.607432 3.046567 3.631519
53752.444463 3 0.437506 60.133093 3.047188 3.633381
53752.544463 3 0.437322 59.624448 3.047805 3.635380
53752.644463 3 0.437140 59.078756 3.048420 3.637530
53752.744463 3 0.436959 58.493082 3.049031 3.639846
53752.844463 3 0.436869 58.184836 3.049335 3.641069
53752.944463 3 0.436780 57.865464 3.049638 3.642340
53753.044463 3 0.436691 57.534551 3.049940 3.643661
53753.144463 3 0.436603 57.191670 3.050241 3.645034
53753.244463 3 0.436515 56.836384 3.050541 3.646463
53753.344463 3 0.436428 56.468246 3.050839 3.647948
53753.444463 3 0.436342 56.086800 3.051136 3.649494
53753.544463 3 0.436256 55.691585 3.051432 3.651104
53753.644463 3 0.436170 55.282131 3.051727 3.652780
53753.744463 3 0.436085 54.857963 3.052019 3.654526
53753.844463 3 0.436001 54.418606 3.052311 3.656344
53753.944463 3 0.435917 53.963581 3.052600 3.658240
53754.044463 3 0.435834 53.492412 3.052888 3.660216
53754.144463 3 0.435752 53.004627 3.053174 3.662277
53754.244463 3 0.435671 52.499759 3.053457 3.664426
53754.344463 3 0.435590 51.977355 3.053739 3.666668
53754.444463 3 0.435550 51.709877 3.053879 3.667824
53754.544463 3 0.435510 51.437875 3.054018 3.669004
53754.644463 3 0.435471 51.161295 3.054157 3.670209
53754.744463 3 0.435431 50.880089 3.054296 3.671441
53754.844463 3 0.435392 50.594208 3.054433 3.672698
53754.944463 3 0.435353 50.303605 3.054570 3.673984
53755.044463 3 0.435314 50.008236 3.054707 3.675296
53755.144463 3 0.435276 49.708056 3.054842 3.676638
53755.244463 3 0.435238 49.403027 3.054977 3.678008
53755.344463 3 0.435200 49.093109 3.055112 3.679408
53755.444463 3 0.435162 48.778268 3.055245 3.680839
53755.544463 3 0.435124 48.458469 3.055378 3.682300
53755.644463 3 0.435087 48.133683 3.055510 3.683794
53755.744463 3 0.435050 47.803884 3.055642 3.685319
53755.844463 3 0.435013 47.469047 3.055772 3.686878
53755.944463 3 0.434976 47.129152 3.055902 3.688471
53756.044463 3 0.434940 46.784184 3.056031 3.690099
53756.144463 3 0.434904 46.434130 3.056159 3.691762
53756.244463 3 0.434868 46.078981 3.056286 3.693461
53756.344463 3 0.434833 45.718735 3.056412 3.695197
53756.444463 3 0.434798 45.353391 3.056538 3.696970
53756.544463 3 0.434763 44.982955 3.056662 3.698782
53756.644463 3 0.434728 44.607437 3.056786 3.700633
53756.744463 3 0.434694 44.226854 3.056908 3.702525
53756.844463 3 0.434660 43.841226 3.057029 3.704457
53756.944463 3 0.434626 43.450579 3.057150 3.706430
53757.044463 3 0.434592 43.054947 3.057269 3.708446
53757.144463 3 0.434559 42.654368 3.057387 3.710506
53757.244463 3 0.434526 42.248885 3.057504 3.712609
53757.344463 3 0.434494 41.838551 3.057620 3.714757
53757.444463 3 0.434461 41.423421 3.057735 3.716951
53757.544463 3 0.434446 41.214379 3.057792 3.718064
53757.644463 3 0.434430 41.004169 3.057848 3.719189
53757.744463 3 0.434414 40.792799 3.057905 3.720325
53757.844463 3 0.434398 40.580279 3.057961 3.721473
53757.944463 3 0.434382 40.366620 3.058017 3.722633
53758.044463 3 0.434367 40.151830 3.058072 3.723806
53758.144463 3 0.434351 39.935922 3.058127 3.724990
53758.244463 3 0.434336 39.718906 3.058182 3.726187
53758.344463 3 0.434321 39.500795 3.058236 3.727397
53758.444463 3 0.434306 39.281599 3.058290 3.728619
53758.544463 3 0.434290 39.061333 3.058344 3.729853
53758.644463 3 0.434275 38.840008 3.058397 3.731100
53758.744463 3 0.434260 38.617638 3.058450 3.732360
53758.844463 3 0.434245 38.394238 3.058503 3.733633
53758.944463 3 0.434231 38.169821 3.058555 3.734919
53759.044463 3 0.434216 37.944403 3.058607 3.736219
53759.144463 3 0.434201 37.717998 3.058659 3.737531
53759.244463 3 0.434187 37.490622 3.058710 3.738857
53759.344463 3 0.434172 37.262292 3.058761 3.740196
53759.444463 3 0.434158 37.033024 3.058812 3.741549
53759.544463 3 0.434144 36.802836 3.058862 3.742915
53759.644463 3 0.434130 36.571744 3.058911 3.744296
53759.744463 3 0.434115 36.339767 3.058961 3.745690
53759.844463 3 0.434101 36.106922 3.059010 3.747098
53759.944463 3 0.434088 35.873230 3.059058 3.748520
53760.044463 3 0.434074 35.638710 3.059107 3.749956
53760.144463 3 0.434060 35.403380 3.059154 3.751407
53760.244463 3 0.434046 35.167261 3.059202 3.752872
53760.344463 3 0.434033 34.930374 3.059249 3.754351
53760.444463 3 0.434019 34.692740 3.059295 3.755845
53760.544463 3 0.434006 34.454380 3.059341 3.757354
53760.644463 3 0.433993 34.215316 3.059387 3.758877
53760.744463 3 0.433979 33.975569 3.059432 3.760415
53760.844463 3 0.433966 33.735164 3.059477 3.761968
53760.944463 3 0.433953 33.494123 3.059521 3.763537
53761.044463 3 0.433941 33.252468 3.059565 3.765120
53761.144463 3 0.433928 33.010225 3.059609 3.766719
53761.244463 3 0.433915 32.767417 3.059652 3.768332
53761.344463 3 0.433902 32.524068 3.059695 3.769962
53761.444463 3 0.433890 32.280204 3.059737 3.771607
53761.544463 3 0.433877 32.035849 3.059778 3.773267
53761.644463 3 0.433865 31.791030 3.059820 3.774943
53761.744463 3 0.433853 31.545772 3.059860 3.776635
53761.844463 3 0.433841 31.300100 3.059900 3.778343
53761.944463 3 0.433829 31.054043 3.059940 3.780067
53762.044463 3 0.433817 30.807625 3.059979 3.781806
53762.144463 3 0.433805 30.560876 3.060018 3.783562
53762.244463 3 0.433793 30.313820 3.060056 3.785334
53762.344463 3 0.433781 30.066488 3.060094 3.787123
53762.444463 3 0.433770 29.818905 3.060131 3.788928
53762.544463 3 0.433758 29.571100 3.060168 3.790749
53762.644463 3 0.433747 29.323102 3.060204 3.792587
53762.744463 3 0.433736 29.074938 3.060240 3.794441
53762.844463 3 0.433724 28.826638 3.060275 3.796312
53762.944463 3 0.433713 28.578230 3.060310 3.798200
53763.044463 3 0.433702 28.329743 3.060344 3.800105
53763.144463 3 0.433691 28.081207 3.060377 3.802027
53763.244463 3 0.433681 27.832651 3.060410 3.803966
53763.344463 3 0.433670 27.584104 3.060443 3.805922
53763.444463 3 0.433659 27.335595 3.060475 3.807895
53763.544463 3 0.433649 27.087155 3.060506 3.809885
53763.644463 3 0.433638 26.838812 3.060537 3.811893
53763.744463 3 0.433628 26.590598 3.060567 3.813918
53763.844463 3 0.433618 26.342541 3.060596 3.815961
53763.944463 3 0.433608 26.094671 3.060625 3.818021
53764.044463 3 0.433598 25.847019 3.060653 3.820099
53764.144463 3 0.433588 25.599614 3.060681 3.822194
53764.244463 3 0.433578 25.352486 3.060708 3.824307
53764.344463 3 0.433568 25.105665 3.060735 3.826438
53764.444463 3 0.433558 24.859181 3.060761 3.828587
53764.544463 3 0.433549 24.613063 3.060786 3.830754
53764.644463 3 0.433539 24.367341 3.060811 3.832939
53764.744463 3 0.433530 24.122045 3.060834 3.835142
53764.844463 3 0.433521 23.877204 3.060858 3.837363
53764.944463 3 0.433511 23.632848 3.060880 3.839603
53765.044463 3 0.433502 23.389006 3.060902 3.841860
53765.144463 3 0.433493 23.145707 3.060924 3.844136
53765.244463 3 0.433485 22.902980 3.060945 3.846431
53765.344463 3 0.433476 22.660853 3.060964 3.848744
53765.444463 3 0.433467 22.419356 3.060984 3.851075
53765.544463 3 0.433458 22.178517 3.061002 3.853425
53765.644463 3 0.433450 21.938364 3.061020 3.855794
53765.744463 3 0.433441 21.698924 3.061038 3.858181
53765.844463 3 0.433433 21.460226 3.061054 3.860587
53765.944463 3 0.433425 21.222298 3.061070 3.863012
53766.044463 3 0.433417 20.985165 3.061085 3.865456
53766.144463 3 0.433409 20.748856 3.061099 3.867918
53766.244463 3 0.433401 20.513397 3.061113 3.870400
53766.344463 3 0.433393 20.278814 3.061125 3.872901
53766.444463 3 0.433385 20.045133 3.061138 3.875420
53766.544463 3 0.433377 19.812380 3.061149 3.877959
53766.644463 3 0.433370 19.580580 3.061159 3.880518
53766.744463 3 0.433362 19.349758 3.061169 3.883095
53766.844463 3 0.433355 19.119939 3.061178 3.885692
53766.944463 3 0.433347 18.891148 3.061186 3.888308
53767.044463 3 0.433340 18.663408 3.061193 3.890943
53767.144463 3 0.433333 18.436742 3.061200 3.893598
53767.244463 3 0.433326 18.211174 3.061206 3.896273
53767.344463 3 0.433319 17.986726 3.061211 3.898967
53767.444463 3 0.433312 17.763422 3.061215 3.901681
53767.544463 3 0.433305 17.541282 3.061218 3.904414
53767.644463 3 0.433299 17.320328 3.061220 3.907168
53767.744463 3 0.433292 17.100582 3.061222 3.909941
53767.844463 3 0.433285 16.882063 3.061222 3.912733
53767.944463 3 0.433279 16.664793 3.061222 3.915546
53768.044463 3 0.433272 16.448790 3.061221 3.918379
53768.144463 3 0.433266 16.234074 3.061219 3.921231
53768.244463 3 0.433260 16.020664 3.061215 3.924104
53768.344463 3 0.433254 15.808578 3.061212 3.926997
53768.444463 3 0.433248 15.597835 3.061207 3.929910
53768.544463 3 0.433242 15.388451 3.061201 3.932843
53768.644463 3 0.433236 15.180443 3.061194 3.935797
53768.744463 3 0.433230 14.973828 3.061186 3.938771
53768.844463 3 0.433224 14.768621 3.061178 3.941765
53768.944463 3 0.433219 14.564839 3.061168 3.944780
53769.044463 3 0.433213 14.362497 3.061157 3.947815
53769.144463 3 0.433208 14.161608 3.061145 3.950871
53769.244463 3 0.433202 13.962187 3.061133 3.953947
53769.344463 3 0.433197 13.764247 3.061119 3.957044
53769.444463 3 0.433192 13.567802 3.061104 3.960162
53769.544463 3 0.433186 13.372864 3.061088 3.963300
53769.644463 3 0.433181 13.179445 3.061071 3.966460
53769.744463 3 0.433176 12.987557 3.061053 3.969640
53769.844463 3 0.433171 12.797210 3.061034 3.972841
53769.944463 3 0.433166 12.608416 3.061014 3.976064
53770.044463 3 0.433162 12.421184 3.060992 3.979307
53770.144463 3 0.433157 12.235525 3.060970 3.982572
53770.244463 3 0.433152 12.051447 3.060946 3.985857
53770.344463 3 0.433148 11.868960 3.060921 3.989165
53770.444463 3 0.433143 11.688070 3.060895 3.992493
53770.544463 3 0.433139 11.508787 3.060868 3.995843
53770.644463 3 0.433134 11.331117 3.060839 3.999214
53770.744463 3 0.433130 11.155067 3.060810 4.002607
53770.844463 3 0.433126 10.980645 3.060779 4.006021
53770.944463 3 0.433121 10.807854 3.060747 4.009458
53771.044463 3 0.433117 10.636702 3.060713 4.012915
53771.144463 3 0.433113 10.467192 3.060679 4.016395
53771.244463 3 0.433109 10.299330 3.060643 4.019897
53771.344463 3 0.433105 10.133120 3.060605 4.023420
53771.444463 3 0.433102 9.968565 3.060566 4.026966
53771.544463 3 0.433098 9.805668 3.060526 4.030534
53771.644463 3 0.433094 9.644433 3.060485 4.034123
53771.744463 3 0.433090 9.484862 3.060442 4.037736
53771.844463 3 0.433087 9.326956 3.060398 4.041370
53771.944463 3 0.433083 9.170718 3.060352 4.045027
53772.044463 3 0.433080 9.016148 3.060305 4.048706
53772.144463 3 0.433076 8.863247 3.060256 4.052408
53772.244463 3 0.433073 8.712017 3.060206 4.056133
53772.344463 3 0.433070 8.562455 3.060155 4.059880
53772.444463 3 0.433066 8.414563 3.060101 4.063650
53772.544463 3 0.433063 8.268339 3.060047 4.067443
53772.644463 3 0.433060 8.123783 3.059990 4.071259
53772.744463 3 0.433057 7.980892 3.059932 4.075098
53772.844463 3 0.433054 7.839665 3.059873 4.078960
53772.944463 3 0.433051 7.700099 3.059812 4.082845
53773.044463 3 0.433048 7.562192 3.059749 4.086754
53773.144463 3 0.433045 7.425942 3.059684 4.090686
53773.244463 3 0.433042 7.291344 3.059618 4.094641
53773.344463 3 0.433040 7.158395 3.059550 4.098620
53773.444463 3 0.433039 7.041388 3.059496 4.102185
53773.544463 3 0.433038 6.925292 3.059441 4.105782
53773.644463 3 0.433037 6.810114 3.059384 4.109409
53773.744463 3 0.433036 6.695866 3.059325 4.113068
53773.844463 3 0.433035 6.582556 3.059263 4.116759
53773.944463 3 0.433034 6.470193 3.059200 4.120482
53774.044463 3 0.433033 6.358785 3.059135 4.124237
53774.144463 3 0.433032 6.248342 3.059068 4.128025
53774.244463 3 0.433031 6.138873 3.058998 4.131846
53774.344463 3 0.433030 6.030384 3.058926 4.135700
53774.444463 3 0.433029 5.922885 3.058852 4.139587
53774.544463 3 0.433027 5.816382 3.058776 4.143508
53774.644463 3 0.433026 5.710884 3.058698 4.147463
53774.744463 3 0.433025 5.606399 3.058617 4.151453
53774.844463 3 0.433024 5.502932 3.058533 4.155477
53774.944463 3 0.433023 5.400491 3.058447 4.159536
53775.044463 3 0.433022 5.299083 3.058359 4.163630
53775.144463 3 0.433021 5.198715 3.058268 4.167760
53775.244463 3 0.433020 5.099391 3.058175 4.171925
53775.344463 3 0.433019 5.001119 3.058078 4.176127
53775.444463 3 0.433018 4.903904 3.057980 4.180364
53775.544463 3 0.433016 4.807752 3.057878 4.184639
53775.644463 3 0.433015 4.712666 3.057773 4.188951
53775.744463 3 0.433014 4.618654 3.057666 4.193299
53775.844463 3 0.433013 4.525718 3.057556 4.197686
53775.944463 3 0.433012 4.433864 3.057442 4.202110
53776.044463 3 0.433010 4.343095 3.057326 4.206572
53776.144463 3 0.433009 4.253415 3.057206 4.211073
53776.244463 3 0.433008 4.164827 3.057084 4.215613
53776.344463 3 0.433007 4.077336 3.056958 4.220192
53776.444463 3 0.433005 3.990943 3.056828 4.224810
53776.544463 3 0.433004 3.905652 3.056695 4.229468
53776.644463 3 0.433003 3.821464 3.056559 4.234165
53776.744463 3 0.433002 3.738382 3.056419 4.238904
53776.844463 3 0.433000 3.656407 3.056276 4.243682
53776.944463 3 0.432999 3.575541 3.056129 4.248502
53777.044463 3 0.432998 3.495785 3.055978 4.253363
53777.144463 3 0.432996 3.417139 3.055823 4.258265
53777.244463 3 0.432995 3.339604 3.055664 4.263209
53777.344463 3 0.432993 3.263180 3.055501 4.268195
53777.444463 3 0.432992 3.187867 3.055334 4.273224
53777.544463 3 0.432991 3.113664 3.055163 4.278295
53777.644463 3 0.432989 3.040571 3.054987 4.283410
53777.744463 3 0.432988 2.968586 3.054807 4.288567
53777.844463 3 0.432986 2.897708 3.054622 4.293769
53777.944463 3 0.432985 2.827936 3.054433 4.299014
53778.044463 3 0.432983 2.759266 3.054239 4.304304
53778.144463 3 0.432982 2.691697 3.054040 4.309637
53778.244463 3 0.432980 2.625227 3.053836 4.315016
53778.344463 3 0.432978 2.559851 3.053627 4.320440
53778.444463 3 0.432977 2.495566 3.053413 4.325909
53778.544463 3 0.432975 2.432370 3.053193 4.331424
53778.644463 3 0.432974 2.370257 3.052968 4.336985
53778.744463 3 0.432972 2.309225 3.052738 4.342592
53778.844463 3 0.432970 2.249267 3.052501 4.348245
53778.944463 3 0.432969 2.190379 3.052259 4.353946
53779.044463 3 0.432967 2.132585 3.052011 4.359690
53779.144463 3 0.432965 2.075940 3.051757 4.365472
53779.244463 3 0.432964 2.020434 3.051497 4.371292
53779.344463 3 0.432962 1.966058 3.051231 4.377150
53779.444463 3 0.432960 1.912801 3.050960 4.383046
53779.544463 3 0.432958 1.860654 3.050682 4.388978
53779.644463 3 0.432957 1.809605 3.050398 4.394948
53779.744463 3 0.432955 1.759644 3.050107 4.400955
53779.844463 3 0.432955 1.715580 3.049848 4.406397
53779.944463 3 0.432955 1.672374 3.049583 4.411870
53780.044463 3 0.432954 1.630016 3.049313 4.417373
53780.144463 3 0.432954 1.588500 3.049037 4.422906
53780.244463 3 0.432954 1.547815 3.048755 4.428470
53780.344463 3 0.432954 1.507954 3.048467 4.434063
53780.444463 3 0.432954 1.468908 3.048173 4.439687
53780.544463 3 0.432954 1.430665 3.047873 4.445340
53780.644463 3 0.432953 1.393189 3.047567 4.451027
53780.744463 3 0.432953 1.356472 3.047253 4.456748
53780.844463 3 0.432953 1.320506 3.046933 4.462504
53780.944463 3 0.432953 1.285281 3.046606 4.468293
53781.044463 3 0.432952 1.250791 3.046271 4.474116
53781.144463 3 0.432952 1.217026 3.045929 4.479973
53781.244463 3 0.432952 1.183978 3.045580 4.485864
53781.344463 3 0.432952 1.151639 3.045223 4.491788
53781.444463 3 0.432951 1.120000 3.044857 4.497746
53781.544463 3 0.432951 1.089053 3.044484 4.503737
53781.644463 3 0.432951 1.058790 3.044103 4.509761
53781.744463 3 0.432950 1.029202 3.043713 4.515818
53781.844463 3 0.432950 1.000281 3.043314 4.521908
53781.944463 3 0.432950 0.972018 3.042906 4.528030
53782.044463 3 0.432949 0.944405 3.042490 4.534184
53782.144463 3 0.432949 0.917434 3.042064 4.540369
53782.244463 3 0.432949 0.891096 3.041628 4.546585
53782.344463 3 0.432948 0.865384 3.041183 4.552832
53782.444463 3 0.432948 0.840287 3.040728 4.559109
53782.544463 3 0.432947 0.815799 3.040263 4.565415
53782.644463 3 0.432947 0.791911 3.039788 4.571749
53782.744463 3 0.432947 0.768614 3.039302 4.578112
53782.844463 3 0.432946 0.745899 3.038805 4.584502
53782.944463 3 0.432946 0.723759 3.038297 4.590918
53783.044463 3 0.432945 0.702184 3.037778 4.597360
53783.144463 3 0.432945 0.681167 3.037248 4.603826
53783.244463 3 0.432944 0.660697 3.036706 4.610316
53783.344463 3 0.432944 0.640767 3.036152 4.616828
53783.444463 3 0.432943 0.621368 3.035586 4.623363
53783.544463 3 0.432943 0.602491 3.035008 4.629917
53783.644463 3 0.432942 0.584126 3.034417 4.636492
53783.744463 3 0.432942 0.566265 3.033813 4.643084
53783.844463 3 0.432941 0.548899 3.033197 4.649693
53783.944463 3 0.432941 0.532019 3.032567 4.656319
53784.044463 3 0.432940 0.515615 3.031923 4.662959
53784.144463 3 0.432940 0.499678 3.031265 4.669612
53784.244463 3 0.432939 0.484199 3.030594 4.676277
53784.344463 3 0.432939 0.469167 3.029908 4.682954
53784.444463 3 0.432938 0.454575 3.029208 4.689640
53784.544463 3 0.432938 0.440412 3.028492 4.696334
53784.644463 3 0.432938 0.426669 3.027762 4.703035
53784.744463 3 0.432937 0.413332 3.027015 4.709745
53784.844463 3 0.432937 0.400387 3.026253 4.716464
53784.944463 3 0.432936 0.387826 3.025473 4.723191
53785.044463 3 0.432936 0.375639 3.024677 4.729925
53785.144463 3 0.432935 0.363817 3.023863 4.736665
53785.244463 3 0.432935 0.352351 3.023031 4.743411
53785.344463 3 0.432934 0.341232 3.022181 4.750161
53785.444463 3 0.432934 0.330451 3.021312 4.756915
53785.544463 3 0.432934 0.320001 3.020423 4.763671
53785.644463 3 0.432933 0.309871 3.019515 4.770429
53785.744463 3 0.432933 0.300054 3.018587 4.777187
53785.844463 3 0.432932 0.290542 3.017638 4.783946
53785.944463 3 0.432932 0.281327 3.016668 4.790702
53786.044463 3 0.432932 0.272400 3.015676 4.797456
53786.144463 3 0.432931 0.263753 3.014662 4.804207
53786.244463 3 0.432931 0.255380 3.013626 4.810953
53786.344463 3 0.432930 0.247273 3.012565 4.817694
53786.444463 3 0.432930 0.239424 3.011481 4.824427
53786.544463 3 0.432930 0.231826 3.010373 4.831153
53786.644463 3 0.432929 0.224472 3.009239 4.837869
53786.744463 3 0.432929 0.217355 3.008079 4.844576
53786.844463 3 0.432928 0.210468 3.006893 4.851271
53786.944463 3 0.432928 0.203805 3.005680 4.857954
53787.044463 3 0.432928 0.197358 3.004440 4.864623
53787.144463 3 0.432927 0.191123 3.003170 4.871277
53787.244463 3 0.432927 0.185092 3.001872 4.877915
53787.344463 3 0.432926 0.179260 3.000544 4.884535
53787.444463 3 0.432926 0.173620 2.999185 4.891137
53787.544463 3 0.432926 0.168166 2.997795 4.897720
53787.644463 3 0.432925 0.162894 2.996372 4.904281
53787.744463 3 0.432925 0.157797 2.994917 4.910820
53787.844463 3 0.432924 0.152871 2.993427 4.917335
53787.944463 3 0.432924 0.148109 2.991903 4.923826
53788.044463 3 0.432924 0.143507 2.990343 4.930290
53788.144463 3 0.432923 0.139060 2.988746 4.936727
53788.244463 3 0.432923 0.134762 2.987113 4.943134
53788.344463 3 0.432923 0.130610 2.985440 4.949512
53788.444463 3 0.432922 0.126598 2.983728 4.955859
53788.544463 3 0.432922 0.122723 2.981976 4.962172
53788.644463 3 0.432922 0.118979 2.980182 4.968452
53788.744463 3 0.432921 0.115362 2.978345 4.974696
53788.844463 3 0.432921 0.111869 2.976465 4.980903
53788.944463 3 0.432921 0.108494 2.974539 4.987072
53789.044463 3 0.432920 0.105236 2.972568 4.993201
53789.144463 3 0.432920 0.102089 2.970550 4.999289
53789.244463 3 0.432920 0.099049 2.968483 5.005335
53789.344463 3 0.432919 0.096115 2.966366 5.011338
53789.444463 3 0.432919 0.093280 2.964199 5.017295
53789.544463 3 0.432919 0.090544 2.961979 5.023206
53789.644463 3 0.432918 0.087902 2.959705 5.029069
53789.744463 3 0.432918 0.085350 2.957376 5.034882
53789.844463 3 0.432918 0.082887 2.954991 5.040645
53789.944463 3 0.432917 0.080509 2.952547 5.046356
53790.044463 3 0.432917 0.078212 2.950044 5.052014
53790.144463 3 0.432917 0.075995 2.947480 5.057617
53790.244463 3 0.432917 0.073855 2.944854 5.063163
53790.344463 3 0.432916 0.071789 2.942163 5.068652
53790.444463 3 0.432916 0.069794 2.939406 5.074083
53790.544463 3 0.432916 0.067868 2.936581 5.079452
53790.644463 3 0.432915 0.066009 2.933687 5.084760
53790.744463 3 0.432915 0.064214 2.930722 5.090005
53790.844463 3 0.432915 0.062481 2.927684 5.095186
53790.944463 3 0.432915 0.060809 2.924571 5.100301
53791.044463 3 0.432914 0.059194 2.921381 5.105348
53791.144463 3 0.432914 0.057635 2.918113 5.110327
53791.244463 3 0.432914 0.056129 2.914763 5.115236
53791.344463 3 0.432914 0.054676 2.911331 5.120074
53791.444463 3 0.432913 0.053273 2.907814 5.124840
53791.544463 3 0.432913 0.051919 2.904210 5.129531
53791.644463 3 0.432913 0.050611 2.900517 5.134148
53791.744463 3 0.432913 0.049348 2.896733 5.138688
53791.844463 3 0.432912 0.048129 2.892854 5.143150
53791.944463 3 0.432912 0.046952 2.888880 5.147533
53792.044463 3 0.432912 0.045816 2.884808 5.151836
53792.144463 3 0.432912 0.044718 2.880636 5.156057
53792.244463 3 0.432912 0.043659 2.876360 5.160195
53792.344463 3 0.432911 0.042635 2.871979 5.164250
53792.444463 3 0.432911 0.041647 2.867490 5.168219
53792.544463 3 0.432911 0.040693 2.862891 5.172102
53792.644463 3 0.432911 0.039772 2.858179 5.175897
53792.744463 3 0.432911 0.038882 2.853352 5.179604
53792.844463 3 0.432910 0.038023 2.848407 5.183220
53792.944463 3 0.432910 0.037193 2.843342 5.186746
53793.044463 3 0.432910 0.036391 2.838153 5.190179
53793.144463 3 0.432910 0.035617 2.832839 5.193519
53793.244463 3 0.432910 0.034870 2.827397 5.196765
53793.344463 3 0.432910 0.034148 2.821823 5.199916
53793.444463 3 0.432909 0.033450 2.816117 5.202970
53793.544463 3 0.432909 0.032777 2.810274 5.205928
53793.644463 3 0.432909 0.032126 2.804294 5.208787
53793.744463 3 0.432909 0.031497 2.798172 5.211547
53793.844463 3 0.432909 0.030890 2.791906 5.214207
53793.944463 3 0.432909 0.030304 2.785495 5.216766
53794.044463 3 0.432909 0.029737 2.778936 5.219224
53794.144463 3 0.432909 0.029190 2.772226 5.221579
53794.244463 3 0.432908 0.028661 2.765363 5.223832
53794.344463 3 0.432908 0.028151 2.758345 5.225981
53794.444463 3 0.432908 0.027658 2.751170 5.228026
53794.544463 3 0.432908 0.027181 2.743837 5.229966
53794.644463 3 0.432908 0.026721 2.736343 5.231800
53794.744463 3 0.432908 0.026276 2.728686 5.233529
53794.844463 3 0.432908 0.025847 2.720866 5.235152
53794.944463 3 0.432908 0.025432 2.712880 5.236669
53795.044463 3 0.432908 0.025032 2.704729 5.238079
53795.144463 3 0.432907 0.024645 2.696410 5.239382
53795.244463 3 0.432907 0.024271 2.687924 5.240579
53795.344463 3 0.432907 0.023910 2.679269 5.241669
53795.444463 3 0.432907 0.023561 2.670447 5.242652
53795.544463 3 0.432907 0.023225 2.661456 5.243529
53795.644463 3 0.432907 0.022900 2.652297 5.244300
53795.744463 3 0.432907 0.022586 2.642972 5.244965
53795.844463 3 0.432907 0.022283 2.633481 5.245526
53795.944463 3 0.432907 0.021990 2.623826 5.245982
53796.044463 3 0.432907 0.021708 2.614009 5.246334
53796.144463 3 0.432907 0.021435 2.604033 5.246583
53796.244463 3 0.432907 0.021172 2.593899 5.246731
53796.344463 3 0.432907 0.020918 2.583612 5.246779
53796.444463 3 0.432907 0.020674 2.573176 5.246727
53796.544463 3 0.432907 0.020437 2.562594 5.246578
53796.644463 3 0.432907 0.020209 2.551872 5.246332
53796.744463 3 0.432907 0.019990 2.541015 5.245993
53796.844463 3 0.432907 0.019778 2.530030 5.245561
53796.944463 3 0.432906 0.019573 2.518922 5.245039
53797.044463 3 0.432906 0.019376 2.507699 5.244429
53797.144463 3 0.432906 0.019187 2.496369 5.243734
53797.244463 3 0.432906 0.019004 2.484940 5.242957
53797.344463 3 0.432906 0.018828 2.473422 5.242099
53797.444463 3 0.432906 0.018658 2.461824 5.241165
