t Ka M R logL logTeff
0.100000 1 29.987794 7.781208 5.076736 4.584801
0.200000 1 29.975394 7.822334 5.078727 4.584154
0.300000 1 29.962882 7.863687 5.080740 4.583512
0.400000 1 29.950256 7.905282 5.082774 4.582875
0.500000 1 29.937513 7.947138 5.084829 4.582242
0.600000 1 29.924650 7.989274 5.086906 4.581613
0.700000 1 29.911666 8.031707 5.089004 4.580988
0.800000 1 29.898557 8.074457 5.091122 4.580365
0.900000 1 29.885321 8.117542 5.093262 4.579744
1.000000 1 29.871956 8.160983 5.095423 4.579125
1.100000 1 29.858458 8.204800 5.097605 4.578508
1.200000 1 29.844826 8.249012 5.099807 4.577891
1.300000 1 29.831056 8.293640 5.102030 4.577275
1.400000 1 29.817145 8.338706 5.104273 4.576660
1.500000 1 29.803091 8.384230 5.106538 4.576043
1.600000 1 29.788891 8.430235 5.108822 4.575426
1.700000 1 29.774542 8.476743 5.111127 4.574808
1.800000 1 29.760042 8.523777 5.113452 4.574188
1.900000 1 29.745387 8.571359 5.115798 4.573565
2.000000 1 29.730574 8.619513 5.118163 4.572940
2.100000 1 29.715601 8.668264 5.120549 4.572312
2.200000 1 29.700464 8.717635 5.122955 4.571680
2.300000 1 29.685161 8.767652 5.125380 4.571044
2.400000 1 29.669688 8.818340 5.127825 4.570403
2.500000 1 29.654043 8.869725 5.130290 4.569758
2.600000 1 29.638222 8.921834 5.132775 4.569107
2.700000 1 29.622222 8.974693 5.135279 4.568450
2.800000 1 29.606040 9.028331 5.137802 4.567787
2.900000 1 29.589673 9.082775 5.140345 4.567117
3.000000 1 29.573118 9.138056 5.142907 4.566440
3.100000 1 29.556371 9.194202 5.145488 4.565756
3.200000 1 29.539430 9.251245 5.148088 4.565063
3.300000 1 29.522290 9.309215 5.150708 4.564361
3.400000 1 29.504950 9.368145 5.153346 4.563650
3.500000 1 29.487405 9.428067 5.156003 4.562930
3.600000 1 29.469653 9.489018 5.158679 4.562200
3.700000 1 29.451690 9.551031 5.161373 4.561459
3.800000 1 29.433512 9.614144 5.164086 4.560707
3.900000 1 29.415118 9.678394 5.166817 4.559943
4.000000 1 29.396503 9.743821 5.169567 4.559168
4.100000 1 29.377665 9.810467 5.172335 4.558379
4.200000 1 29.358600 9.878375 5.175121 4.557578
4.300000 1 29.339305 9.947589 5.177926 4.556763
4.400000 1 29.319777 10.018158 5.180748 4.555934
4.500000 1 29.300013 10.090131 5.183589 4.555089
4.600000 1 29.280009 10.163561 5.186447 4.554229
4.700000 1 29.259764 10.238506 5.189323 4.553353
4.800000 1 29.239274 10.315023 5.192217 4.552460
4.900000 1 29.218536 10.393178 5.195129 4.551549
5.000000 1 29.197548 10.473039 5.198058 4.550619
5.100000 1 29.176307 10.554678 5.201005 4.549669
5.200000 1 29.154810 10.638175 5.203969 4.548699
5.300000 1 29.133056 10.723616 5.206951 4.547708
5.400000 1 29.111042 10.811093 5.209951 4.546693
5.500000 1 29.088766 10.900707 5.212968 4.545655
5.600000 1 29.066226 10.992566 5.216002 4.544591
5.700000 1 29.043422 11.086792 5.219053 4.543501
5.800000 1 29.020351 11.183514 5.222122 4.542382
5.900000 1 28.997014 11.282877 5.225209 4.541233
6.000000 1 28.973409 11.385038 5.228312 4.540051
6.100000 1 28.949536 11.490171 5.231434 4.538836
6.200000 1 28.925397 11.598467 5.234572 4.537583
6.300000 1 28.900991 11.710138 5.237729 4.536292
6.400000 1 28.876321 11.825418 5.240903 4.534958
6.500000 1 28.863855 11.884482 5.242495 4.534274
6.600000 1 28.851323 11.944546 5.244092 4.533579
6.700000 1 28.838727 12.005649 5.245694 4.532871
6.800000 1 28.826067 12.067828 5.247300 4.532151
6.900000 1 28.813344 12.131125 5.248910 4.531418
7.000000 1 28.800557 12.195583 5.250525 4.530671
7.100000 1 28.787709 12.261247 5.252145 4.529910
7.200000 1 28.774799 12.328165 5.253770 4.529134
7.300000 1 28.761828 12.396388 5.255399 4.528343
7.400000 1 28.748797 12.465968 5.257032 4.527536
7.500000 1 28.735707 12.536961 5.258671 4.526712
7.600000 1 28.722560 12.609428 5.260314 4.525871
7.700000 1 28.709356 12.683430 5.261962 4.525013
7.800000 1 28.696097 12.759034 5.263616 4.524136
7.900000 1 28.682784 12.836310 5.265274 4.523239
8.000000 1 28.669418 12.915331 5.266937 4.522322
8.100000 1 28.656002 12.996175 5.268605 4.521384
8.200000 1 28.642537 13.078924 5.270278 4.520424
8.300000 1 28.629024 13.163666 5.271956 4.519441
8.400000 1 28.615466 13.250493 5.273640 4.518435
8.500000 1 28.601865 13.339502 5.275329 4.517403
8.600000 1 28.588223 13.430795 5.277023 4.516346
8.700000 1 28.574543 13.524483 5.278724 4.515261
8.800000 1 28.560827 13.620680 5.280429 4.514148
8.900000 1 28.547079 13.719508 5.282141 4.513006
9.000000 1 28.533300 13.821098 5.283858 4.511834
9.100000 1 28.519495 13.925585 5.285581 4.510629
9.200000 1 28.505667 14.033117 5.287311 4.509391
9.300000 1 28.491819 14.143846 5.289046 4.508118
9.400000 1 28.477956 14.257936 5.290788 4.506809
9.500000 1 28.464081 14.375560 5.292537 4.505462
9.600000 1 28.450199 14.496903 5.294292 4.504076
9.700000 1 28.436314 14.622161 5.296055 4.502648
9.800000 1 28.422433 14.751540 5.297824 4.501178
9.900000 1 28.408558 14.885263 5.299600 4.499662
10.000000 1 28.394697 15.023562 5.301384 4.498100
10.100000 1 28.380855 15.166689 5.303176 4.496489
10.200000 1 28.367039 15.314908 5.304975 4.494827
10.300000 1 28.360146 15.391018 5.305878 4.493976
10.400000 1 28.353263 15.468508 5.306783 4.493112
10.500000 1 28.346390 15.547417 5.307690 4.492234
10.600000 1 28.339528 15.627786 5.308599 4.491342
10.700000 1 28.332678 15.709654 5.309511 4.490435
10.800000 1 28.325840 15.793064 5.310424 4.489513
10.900000 1 28.319017 15.878059 5.311340 4.488577
11.000000 1 28.312208 15.964685 5.312258 4.487625
11.100000 1 28.305415 16.052987 5.313179 4.486657
11.200000 1 28.298640 16.143015 5.314101 4.485674
11.300000 1 28.291882 16.234817 5.315027 4.484673
11.400000 1 28.285143 16.328445 5.315954 4.483657
11.500000 1 28.278424 16.423952 5.316884 4.482623
11.600000 1 28.271727 16.521393 5.317817 4.481571
11.700000 1 28.265052 16.620824 5.318752 4.480502
11.800000 1 28.258402 16.722306 5.319690 4.479415
11.900000 1 28.251776 16.825897 5.320630 4.478309
12.000000 1 28.245176 16.931662 5.321573 4.477184
12.100000 1 28.238603 17.039664 5.322519 4.476040
12.200000 1 28.232060 17.149973 5.323467 4.474876
12.300000 1 28.225546 17.262657 5.324418 4.473691
12.400000 1 28.219064 17.377788 5.325373 4.472486
12.500000 1 28.212615 17.495442 5.326330 4.471261
12.600000 1 28.206200 17.615696 5.327290 4.470013
12.700000 1 28.199821 17.738631 5.328253 4.468744
12.800000 1 28.193478 17.864329 5.329219 4.467452
12.900000 1 28.187175 17.992878 5.330188 4.466137
13.000000 1 28.180911 18.124366 5.331161 4.464799
13.100000 1 28.174689 18.258887 5.332136 4.463438
13.200000 1 28.168510 18.396537 5.333115 4.462051
13.300000 1 28.162376 18.537416 5.334098 4.460640
13.400000 1 28.156288 18.681628 5.335083 4.459204
13.500000 1 28.150248 18.829279 5.336072 4.457742
13.600000 1 28.144258 18.980484 5.337065 4.456253
13.700000 1 28.138319 19.135356 5.338061 4.454738
13.800000 1 28.132432 19.294017 5.339061 4.453194
13.900000 1 28.126600 19.456593 5.340065 4.451623
14.000000 1 28.120824 19.623214 5.341072 4.450023
14.100000 1 28.115106 19.794014 5.342083 4.448394
14.200000 1 28.109448 19.969136 5.343098 4.446735
14.300000 1 28.103850 20.148725 5.344116 4.445046
14.400000 1 28.098316 20.332933 5.345139 4.443325
14.500000 1 28.092846 20.521920 5.346166 4.441573
14.600000 1 28.087443 20.715851 5.347197 4.439788
14.700000 1 28.082108 20.914897 5.348232 4.437971
14.800000 1 28.076768 21.119183 5.349268 4.436119
14.900000 1 28.071397 21.328873 5.350306 4.434233
15.000000 1 28.068697 21.435800 5.350824 4.433277
15.100000 1 28.065988 21.544150 5.351343 4.432312
15.200000 1 28.063273 21.653947 5.351862 4.431338
15.300000 1 28.060549 21.765217 5.352382 4.430355
15.400000 1 28.057818 21.877986 5.352901 4.429362
15.500000 1 28.055079 21.992281 5.353421 4.428361
15.600000 1 28.052332 22.108128 5.353941 4.427350
15.700000 1 28.049577 22.225555 5.354461 4.426329
15.800000 1 28.046815 22.344590 5.354981 4.425300
15.900000 1 28.044044 22.465263 5.355501 4.424260
16.000000 1 28.041266 22.587602 5.356022 4.423211
16.100000 1 28.038480 22.711638 5.356543 4.422152
16.200000 1 28.035686 22.837402 5.357064 4.421083
16.300000 1 28.032883 22.964924 5.357585 4.420004
16.400000 1 28.030073 23.094238 5.358106 4.418915
16.500000 1 28.027255 23.225375 5.358627 4.417816
16.600000 1 28.024429 23.358370 5.359149 4.416707
16.700000 1 28.021594 23.493256 5.359671 4.415587
16.800000 1 28.018752 23.630069 5.360193 4.414456
16.900000 1 28.015901 23.768844 5.360715 4.413315
17.000000 1 28.013043 23.909619 5.361237 4.412163
17.100000 1 28.010176 24.052429 5.361759 4.411001
17.200000 1 28.007301 24.197314 5.362282 4.409827
17.300000 1 28.004417 24.344313 5.362805 4.408643
17.400000 1 28.001525 24.493465 5.363327 4.407447
17.500000 1 27.998625 24.644812 5.363850 4.406240
17.600000 1 27.995717 24.798395 5.364374 4.405022
17.700000 1 27.992800 24.954258 5.364897 4.403792
17.800000 1 27.989875 25.112442 5.365421 4.402551
17.900000 1 27.986942 25.272995 5.365944 4.401298
18.000000 1 27.984000 25.435960 5.366468 4.400034
18.100000 1 27.981049 25.601386 5.366992 4.398757
18.200000 1 27.978090 25.769319 5.367516 4.397468
18.300000 1 27.872149 25.971395 5.372445 4.397004
18.400000 1 27.855031 25.764098 5.375050 4.399396
18.500000 1 27.854179 25.643122 5.376588 4.400802
18.600000 1 27.853375 25.507416 5.378121 4.402337
18.700000 1 27.852615 25.359597 5.379639 4.403979
18.800000 1 27.851897 25.202156 5.381133 4.405705
18.900000 1 27.851219 25.037411 5.382596 4.407495
19.000000 1 27.850579 24.867477 5.384022 4.409330
19.100000 1 27.849974 24.694250 5.385408 4.411195
19.200000 1 27.849403 24.519407 5.386749 4.413073
19.300000 1 27.848864 24.344403 5.388044 4.414952
19.400000 1 27.848355 24.170492 5.389290 4.416820
19.500000 1 27.847875 23.998732 5.390487 4.418668
19.600000 1 27.847422 23.830005 5.391635 4.420487
19.700000 1 27.846995 23.665034 5.392733 4.422270
19.800000 1 27.846593 23.504397 5.393782 4.424012
19.900000 1 27.846214 23.348550 5.394783 4.425706
20.000000 1 27.845856 23.197834 5.395736 4.427351
20.100000 1 27.845519 23.052496 5.396643 4.428942
20.200000 1 27.845202 22.912701 5.397505 4.430479
20.300000 1 27.844904 22.778544 5.398323 4.431958
20.400000 1 27.844623 22.650060 5.399099 4.433381
20.500000 1 27.844358 22.527234 5.399834 4.434745
20.600000 1 27.844109 22.410010 5.400531 4.436052
20.700000 1 27.843875 22.298300 5.401190 4.437302
20.800000 1 27.843434 22.084152 5.402441 4.439710
20.900000 1 27.843045 21.891798 5.403553 4.441888
21.000000 1 27.842694 21.719720 5.404539 4.443848
21.100000 1 27.842380 21.566300 5.405411 4.445606
21.200000 1 27.842098 21.429899 5.406182 4.447176
21.300000 1 27.841847 21.308912 5.406862 4.448575
21.400000 1 27.841624 21.201808 5.407462 4.449820
21.500000 1 27.841227 21.011627 5.408521 4.452041
21.600000 1 27.840921 20.866721 5.409323 4.453744
21.700000 1 27.840686 20.756782 5.409930 4.455043
21.800000 1 27.840330 20.589880 5.410847 4.457025
21.900000 2 27.839964 20.044995 5.411773 4.463081
22.000000 2 27.839960 20.109837 5.411789 4.462383
22.100000 2 27.839947 20.308446 5.411838 4.460262
22.200000 2 27.839934 20.509017 5.411887 4.458140
22.300000 2 27.839921 20.711569 5.411936 4.456018
22.400000 2 27.839909 20.916121 5.411985 4.453896
22.500000 2 27.839896 21.122694 5.412034 4.451774
22.600000 2 27.839884 21.331306 5.412083 4.449652
22.700000 2 27.839873 21.541979 5.412132 4.447531
22.800000 2 27.839861 21.754733 5.412181 4.445409
22.900000 2 27.839850 21.969588 5.412230 4.443287
23.000000 2 27.839839 22.186565 5.412279 4.441165
23.100000 2 27.839828 22.405685 5.412328 4.439043
23.200000 2 27.839818 22.626969 5.412377 4.436922
23.300000 2 27.839807 22.850439 5.412426 4.434800
23.400000 2 27.839797 23.076115 5.412475 4.432678
23.500000 2 27.839786 23.304020 5.412524 4.430556
23.600000 2 27.839775 23.534176 5.412573 4.428434
23.700000 2 27.839765 23.766604 5.412622 4.426312
23.800000 2 27.839754 24.001329 5.412671 4.424191
23.900000 2 27.839744 24.238371 5.412720 4.422069
24.000000 2 27.839733 24.477754 5.412769 4.419947
24.100000 2 27.839722 24.719501 5.412818 4.417825
24.200000 2 27.839712 24.963635 5.412867 4.415703
24.300000 2 27.839701 25.210180 5.412916 4.413582
24.400000 2 27.839691 25.459161 5.412965 4.411460
24.500000 2 27.839680 25.710600 5.413014 4.409338
24.600000 2 27.839669 25.964522 5.413063 4.407216
24.700000 2 27.839659 26.220951 5.413112 4.405094
24.800000 2 27.839648 26.479913 5.413161 4.402973
24.900000 2 27.839638 26.741433 5.413210 4.400851
25.000000 2 27.839627 27.005535 5.413259 4.398729
25.100000 2 27.839616 27.272245 5.413309 4.396607
25.200000 2 27.839521 27.541482 5.413355 4.394486
25.300000 2 27.839426 27.813375 5.413401 4.392364
25.400000 2 27.839331 28.087951 5.413447 4.390242
25.500000 2 27.839236 28.365235 5.413493 4.388121
25.600000 2 27.839141 28.645255 5.413539 4.385999
25.700000 2 27.839046 28.928038 5.413586 4.383878
25.800000 2 27.838951 29.213610 5.413632 4.381756
25.900000 2 27.838856 29.502000 5.413678 4.379634
26.000000 2 27.838761 29.793235 5.413724 4.377513
26.100000 2 27.838665 30.087343 5.413770 4.375391
26.200000 2 27.838570 30.384352 5.413817 4.373270
26.300000 2 27.838475 30.684291 5.413863 4.371148
26.400000 2 27.838380 30.987190 5.413909 4.369027
26.500000 2 27.838284 31.293076 5.413955 4.366905
26.600000 2 27.838189 31.601980 5.414002 4.364784
26.700000 2 27.838094 31.913932 5.414048 4.362662
26.800000 2 27.837998 32.228961 5.414094 4.360541
26.900000 2 27.837903 32.547097 5.414140 4.358419
27.000000 2 27.837808 32.868372 5.414186 4.356298
27.100000 2 27.837712 33.192816 5.414233 4.354177
27.200000 2 27.837617 33.520461 5.414279 4.352055
27.300000 2 27.837521 33.851337 5.414325 4.349934
27.400000 2 27.837426 34.185479 5.414371 4.347813
27.500000 2 27.837332 34.522918 5.414417 4.345691
27.600000 2 27.837238 34.863686 5.414464 4.343570
27.700000 2 27.837144 35.207816 5.414510 4.341449
27.800000 2 27.837051 35.555343 5.414556 4.339327
27.900000 2 27.836958 35.906298 5.414603 4.337206
28.000000 2 27.836866 36.260716 5.414649 4.335085
28.100000 2 27.836775 36.618632 5.414695 4.332963
28.200000 2 27.836683 36.980079 5.414742 4.330842
28.300000 2 27.836593 37.345092 5.414788 4.328721
28.400000 2 27.836502 37.713707 5.414834 4.326600
28.500000 2 27.836412 38.085960 5.414881 4.324478
28.600000 2 27.836323 38.461885 5.414927 4.322357
28.700000 2 27.836234 38.841520 5.414974 4.320236
28.800000 2 27.836145 39.224901 5.415020 4.318115
28.900000 2 27.836057 39.612065 5.415067 4.315993
29.000000 2 27.835969 40.003049 5.415113 4.313872
29.100000 2 27.835882 40.397890 5.415159 4.311751
29.200000 2 27.835795 40.796628 5.415206 4.309630
29.300000 2 27.835709 41.199300 5.415253 4.307509
29.400000 2 27.835623 41.605946 5.415299 4.305388
29.500000 2 27.835537 42.016604 5.415346 4.303267
29.600000 2 27.835452 42.431314 5.415392 4.301145
29.700000 2 27.835368 42.850116 5.415439 4.299024
29.800000 2 27.835283 43.273050 5.415485 4.296903
29.900000 2 27.835199 43.700158 5.415532 4.294782
30.000000 2 27.835116 44.131480 5.415579 4.292661
30.100000 2 27.835033 44.567057 5.415625 4.290540
30.200000 2 27.834950 45.006933 5.415672 4.288419
30.300000 2 27.834868 45.451149 5.415719 4.286298
30.400000 2 27.834786 45.899749 5.415765 4.284177
30.500000 2 27.834705 46.352774 5.415812 4.282056
30.600000 2 27.834624 46.810270 5.415859 4.279935
30.700000 2 27.834543 47.272280 5.415906 4.277814
30.800000 2 27.834463 47.738849 5.415952 4.275693
30.900000 2 27.834383 48.210021 5.415999 4.273572
31.000000 2 27.834304 48.685843 5.416046 4.271451
31.100000 2 27.834225 49.166360 5.416093 4.269330
31.200000 2 27.834147 49.651618 5.416140 4.267209
31.300000 2 27.834068 50.141664 5.416186 4.265088
31.400000 2 27.833991 50.636545 5.416233 4.262967
31.500000 2 27.833913 51.136310 5.416280 4.260846
31.600000 2 27.833836 51.641006 5.416327 4.258725
31.700000 2 27.833759 52.150682 5.416374 4.256604
31.800000 2 27.833683 52.665387 5.416421 4.254483
31.900000 2 27.833607 53.185170 5.416468 4.252362
32.000000 2 27.833532 53.710083 5.416515 4.250241
32.100000 2 27.833456 54.240174 5.416561 4.248120
32.200000 2 27.833382 54.775497 5.416608 4.246000
32.300000 2 27.833307 55.316101 5.416655 4.243879
32.400000 2 27.833233 55.862040 5.416702 4.241758
32.500000 2 27.833160 56.413366 5.416749 4.239637
32.600000 2 27.833086 56.970131 5.416796 4.237516
32.700000 2 27.833013 57.532391 5.416843 4.235395
32.800000 2 27.832941 58.100198 5.416890 4.233274
32.900000 2 27.832869 58.673608 5.416937 4.231154
33.000000 2 27.832797 59.252676 5.416985 4.229033
33.100000 2 27.832725 59.837458 5.417032 4.226912
33.200000 2 27.832654 60.428010 5.417079 4.224791
33.300000 2 27.832583 61.024389 5.417126 4.222670
33.400000 2 27.832513 61.626653 5.417173 4.220549
33.500000 2 27.832443 62.234859 5.417220 4.218429
33.600000 2 27.832373 62.849067 5.417267 4.216308
33.700000 2 27.832304 63.469335 5.417314 4.214187
33.800000 2 27.832235 64.095723 5.417361 4.212066
33.900000 2 27.832166 64.728293 5.417409 4.209946
34.000000 2 27.832097 65.367104 5.417456 4.207825
34.100000 2 27.832029 66.012218 5.417503 4.205704
34.200000 2 27.831962 66.663698 5.417550 4.203583
34.300000 2 27.831894 67.321606 5.417597 4.201463
34.400000 2 27.831827 67.986005 5.417645 4.199342
34.500000 2 27.831761 68.656961 5.417692 4.197221
34.600000 2 27.831694 69.334537 5.417739 4.195101
34.700000 2 27.831628 70.018799 5.417786 4.192980
34.800000 2 27.831563 70.709813 5.417834 4.190859
34.900000 2 27.831497 71.407645 5.417881 4.188738
35.000000 2 27.831432 72.112362 5.417928 4.186618
35.100000 2 27.831367 72.824034 5.417976 4.184497
35.200000 2 27.831303 73.542727 5.418023 4.182376
35.300000 2 27.831239 74.268513 5.418070 4.180256
35.400000 2 27.831175 75.001459 5.418118 4.178135
35.500000 2 27.831112 75.741638 5.418165 4.176014
35.600000 2 27.831049 76.489121 5.418212 4.173894
35.700000 2 27.830986 77.243979 5.418260 4.171773
35.800000 2 27.830923 78.006285 5.418307 4.169653
35.900000 2 27.830861 78.776113 5.418354 4.167532
36.000000 2 27.830799 79.553538 5.418402 4.165411
36.100000 2 27.830738 80.338633 5.418449 4.163291
36.200000 2 27.830676 81.131475 5.418497 4.161170
36.300000 2 27.830615 81.932141 5.418544 4.159049
36.400000 2 27.830555 82.740707 5.418592 4.156929
36.500000 2 27.830494 83.557251 5.418639 4.154808
36.600000 2 27.830434 84.381852 5.418687 4.152688
36.700000 2 27.830374 85.214590 5.418734 4.150567
36.800000 2 27.830315 86.055545 5.418782 4.148447
36.900000 2 27.830256 86.904798 5.418829 4.146326
37.000000 2 27.830197 87.762430 5.418877 4.144205
37.100000 2 27.830138 88.628525 5.418924 4.142085
37.200000 2 27.830080 89.503166 5.418972 4.139964
37.300000 2 27.830022 90.386438 5.419019 4.137844
37.400000 2 27.829964 91.278425 5.419067 4.135723
37.500000 2 27.829907 92.179214 5.419114 4.133603
37.600000 2 27.829850 93.088891 5.419162 4.131482
37.700000 2 27.829793 94.007544 5.419209 4.129362
37.800000 2 27.829736 94.935261 5.419257 4.127241
37.900000 2 27.829680 95.872133 5.419305 4.125121
38.000000 2 27.829624 96.818249 5.419352 4.123000
38.100000 2 27.829568 97.773701 5.419400 4.120880
38.200000 2 27.829513 98.738581 5.419448 4.118759
38.300000 2 27.829458 99.712981 5.419495 4.116639
38.400000 2 27.829403 100.696996 5.419543 4.114518
38.500000 2 27.829348 101.690721 5.419591 4.112398
38.600000 2 27.829294 102.694252 5.419638 4.110277
38.700000 2 27.829239 103.707684 5.419686 4.108157
38.800000 2 27.829186 104.731117 5.419734 4.106036
38.900000 2 27.829132 105.764648 5.419781 4.103916
39.000000 2 27.829079 106.808377 5.419829 4.101795
39.100000 2 27.829026 107.862405 5.419877 4.099675
39.200000 2 27.828973 108.926834 5.419924 4.097554
39.300000 2 27.828920 110.001765 5.419972 4.095434
39.400000 2 27.828847 111.087084 5.420019 4.093314
39.500000 2 27.828772 112.183100 5.420066 4.091193
39.600000 2 27.828697 113.289918 5.420113 4.089073
39.700000 2 27.828622 114.407643 5.420160 4.086953
39.800000 2 27.828545 115.536385 5.420207 4.084833
39.900000 2 27.828468 116.676249 5.420254 4.082713
40.000000 2 27.828391 117.827347 5.420301 4.080593
40.100000 2 27.828313 118.989789 5.420348 4.078473
40.200000 2 27.828234 120.163685 5.420395 4.076353
40.300000 2 27.828155 121.349149 5.420442 4.074233
40.400000 2 27.828075 122.546294 5.420489 4.072113
40.500000 2 27.827994 123.755236 5.420536 4.069993
40.600000 2 27.827913 124.976090 5.420582 4.067873
40.700000 2 27.827831 126.208973 5.420629 4.065753
40.800000 2 27.827748 127.454003 5.420676 4.063633
40.900000 2 27.827665 128.711301 5.420723 4.061513
41.000000 2 27.827581 129.980986 5.420769 4.059393
41.100000 2 27.827496 131.263180 5.420816 4.057273
41.200000 2 27.827411 132.558006 5.420863 4.055153
41.300000 2 27.827325 133.865588 5.420909 4.053033
41.400000 2 27.827238 135.186052 5.420956 4.050914
41.500000 2 27.827150 136.519524 5.421003 4.048794
41.600000 2 27.827062 137.866132 5.421049 4.046674
41.700000 2 27.826973 139.226005 5.421096 4.044554
41.800000 2 27.826884 140.599273 5.421142 4.042435
41.900000 2 27.826793 141.986069 5.421189 4.040315
42.000000 2 27.826702 143.386524 5.421235 4.038195
42.100000 2 27.826610 144.800773 5.421282 4.036076
42.200000 2 27.826518 146.228951 5.421328 4.033956
42.300000 2 27.826425 147.671196 5.421375 4.031836
42.400000 2 27.826330 149.127645 5.421421 4.029717
42.500000 2 27.826236 150.598438 5.421468 4.027597
42.600000 2 27.826140 152.083716 5.421514 4.025478
42.700000 2 27.826044 153.583621 5.421560 4.023358
42.800000 2 27.825946 155.098296 5.421607 4.021239
42.900000 2 27.825849 156.627887 5.421653 4.019119
43.000000 2 27.825750 158.172540 5.421699 4.017000
43.100000 2 27.825650 159.732402 5.421746 4.014880
43.200000 2 27.825550 161.307624 5.421792 4.012761
43.300000 2 27.825449 162.898356 5.421838 4.010642
43.400000 2 27.825347 164.504750 5.421884 4.008522
43.500000 2 27.825244 166.126960 5.421930 4.006403
43.600000 2 27.825140 167.765142 5.421976 4.004284
43.700000 2 27.825036 169.419451 5.422022 4.002165
43.800000 2 27.824930 171.090046 5.422069 4.000045
43.900000 2 27.824824 172.777087 5.422115 3.997926
44.000000 2 27.824717 174.480735 5.422161 3.995807
44.100000 2 27.824609 176.201154 5.422207 3.993688
44.200000 2 27.824500 177.938507 5.422253 3.991569
44.300000 2 27.824391 179.692961 5.422298 3.989450
44.400000 2 27.824280 181.464683 5.422344 3.987331
44.500000 2 27.824169 183.253844 5.422390 3.985212
44.600000 2 27.824056 185.060613 5.422436 3.983093
44.700000 2 27.823943 186.885165 5.422482 3.980974
44.800000 2 27.823829 188.727672 5.422528 3.978855
44.900000 2 27.823714 190.588311 5.422573 3.976736
45.000000 2 27.823597 192.467260 5.422619 3.974617
45.100000 2 27.823480 194.364698 5.422665 3.972498
45.200000 2 27.823362 196.280807 5.422711 3.970379
45.300000 2 27.823243 198.215770 5.422756 3.968261
45.400000 2 27.823124 200.169771 5.422802 3.966142
45.500000 2 27.823003 202.142997 5.422847 3.964023
45.600000 2 27.822881 204.135637 5.422893 3.961904
45.700000 2 27.822758 206.147880 5.422938 3.959786
45.800000 2 27.822634 208.179919 5.422984 3.957667
45.900000 2 27.822509 210.231948 5.423029 3.955549
46.000000 2 27.822384 212.304162 5.423075 3.953430
46.100000 2 27.822257 214.396760 5.423120 3.951312
46.200000 2 27.822129 216.509940 5.423166 3.949193
46.300000 2 27.822000 218.643906 5.423211 3.947075
46.400000 2 27.821870 220.798859 5.423256 3.944956
46.500000 2 27.821739 222.975006 5.423302 3.942838
46.600000 2 27.821607 225.172554 5.423347 3.940720
46.700000 2 27.821473 227.391714 5.423392 3.938601
46.800000 2 27.821339 229.632695 5.423437 3.936483
46.900000 2 27.821204 231.895713 5.423482 3.934365
47.000000 2 27.821067 234.180982 5.423527 3.932247
47.100000 2 27.820930 236.488721 5.423573 3.930128
47.200000 2 27.820791 238.819149 5.423618 3.928010
47.300000 2 27.820651 241.172489 5.423663 3.925892
47.400000 2 27.820511 243.548965 5.423708 3.923774
47.500000 2 27.820368 245.948802 5.423752 3.921656
47.600000 2 27.820225 248.372231 5.423797 3.919538
47.700000 2 27.820081 250.819481 5.423842 3.917420
47.800000 2 27.819935 253.290785 5.423887 3.915303
47.900000 2 27.819789 255.786379 5.423932 3.913185
48.000000 2 27.819641 258.306500 5.423977 3.911067
48.100000 2 27.819492 260.851389 5.424021 3.908949
48.200000 2 27.819341 263.421287 5.424066 3.906832
48.300000 2 27.819190 266.016438 5.424111 3.904714
48.400000 2 27.819037 268.637091 5.424155 3.902596
48.500000 2 27.818883 271.283494 5.424200 3.900479
48.600000 2 27.818728 273.955898 5.424244 3.898361
48.700000 2 27.818571 276.654558 5.424289 3.896244
48.800000 2 27.818413 279.379731 5.424333 3.894126
48.900000 2 27.818254 282.131675 5.424378 3.892009
49.000000 2 27.818094 284.910652 5.424422 3.889892
49.100000 2 27.817932 287.716927 5.424466 3.887774
49.200000 2 27.817769 290.550765 5.424511 3.885657
49.300000 2 27.817605 293.412436 5.424555 3.883540
49.400000 2 27.817439 296.302212 5.424599 3.881423
49.500000 2 27.817272 299.220368 5.424643 3.879306
49.600000 2 27.817104 302.167180 5.424687 3.877189
49.700000 2 27.816934 305.142928 5.424732 3.875072
49.800000 2 27.816763 308.147895 5.424776 3.872955
49.900000 2 27.816591 311.182365 5.424820 3.870838
50.000000 2 27.816417 314.246628 5.424864 3.868721
50.100000 2 27.816242 317.340973 5.424907 3.866604
50.200000 2 27.816065 320.465693 5.424951 3.864488
50.300000 2 27.815887 323.621087 5.424995 3.862371
50.400000 2 27.815707 326.807452 5.425039 3.860254
50.500000 2 27.815526 330.025090 5.425083 3.858138
50.600000 2 27.815344 333.274308 5.425126 3.856021
50.700000 2 27.815160 336.555411 5.425170 3.853905
50.800000 2 27.814975 339.868713 5.425214 3.851788
50.900000 2 27.814788 343.214526 5.425257 3.849672
51.000000 2 27.814599 346.593167 5.425301 3.847556
51.100000 2 27.814409 350.004956 5.425344 3.845440
51.200000 2 27.814218 353.450217 5.425388 3.843323
51.300000 2 27.814025 356.929275 5.425431 3.841207
51.400000 2 27.813830 360.442460 5.425474 3.839091
51.500000 2 27.813634 363.990104 5.425518 3.836975
51.600000 2 27.813436 367.572543 5.425561 3.834859
51.700000 2 27.813237 371.190116 5.425604 3.832743
51.800000 2 27.813036 374.843164 5.425647 3.830628
51.900000 2 27.812833 378.532034 5.425690 3.828512
52.000000 2 27.812629 382.257073 5.425733 3.826396
52.100000 2 27.812423 386.018635 5.425776 3.824280
52.200000 2 27.812215 389.817073 5.425819 3.822165
52.300000 2 27.812006 393.652748 5.425862 3.820049
52.400000 2 27.811795 397.526022 5.425905 3.817934
52.500000 2 27.811582 401.437259 5.425948 3.815819
52.600000 2 27.811368 405.386830 5.425990 3.813703
52.700000 2 27.811152 409.375107 5.426033 3.811588
52.800000 2 27.810934 413.402466 5.426076 3.809473
52.900000 2 27.810714 417.469288 5.426118 3.807358
53.000000 2 27.810493 421.575956 5.426161 3.805243
53.100000 2 27.810269 425.722857 5.426203 3.803128
53.200000 2 27.810044 429.910382 5.426246 3.801013
53.300000 2 27.809817 434.138926 5.426288 3.798898
53.400000 2 27.809589 438.408888 5.426330 3.796783
53.500000 2 27.809358 442.720669 5.426372 3.794669
53.600000 2 27.809126 447.074676 5.426415 3.792554
53.700000 2 27.808892 451.471319 5.426457 3.790440
53.800000 2 27.808655 455.911011 5.426499 3.788325
53.900000 2 27.808417 460.394171 5.426541 3.786211
54.000000 2 27.808177 464.921220 5.426583 3.784097
54.100000 2 27.807935 469.492584 5.426625 3.781982
54.200000 2 27.807691 474.108694 5.426667 3.779868
54.300000 2 27.807445 478.769982 5.426708 3.777754
54.400000 2 27.807198 483.476888 5.426750 3.775640
54.500000 2 27.806948 488.229853 5.426792 3.773526
54.600000 2 27.806696 493.029325 5.426833 3.771412
54.700000 2 27.806442 497.875753 5.426875 3.769299
54.800000 2 27.806186 502.769593 5.426916 3.767185
54.900000 2 27.805928 507.711304 5.426958 3.765072
55.000000 2 27.805668 512.701350 5.426999 3.762958
55.100000 2 27.805405 517.740200 5.427040 3.760845
55.200000 2 27.805141 522.828325 5.427081 3.758731
55.300000 2 27.804874 527.966203 5.427123 3.756618
55.400000 2 27.804606 533.154315 5.427164 3.754505
55.500000 2 27.804335 538.393148 5.427205 3.752392
55.600000 2 27.804062 543.683192 5.427246 3.750279
55.700000 2 27.803787 549.024943 5.427286 3.748166
55.800000 2 27.803509 554.418900 5.427327 3.746053
55.900000 2 27.803230 559.865570 5.427368 3.743941
56.000000 2 27.802948 565.365461 5.427409 3.741828
56.100000 2 27.802663 570.919087 5.427449 3.739716
56.200000 2 27.802377 576.526969 5.427490 3.737603
56.300000 2 27.802088 582.189630 5.427530 3.735491
56.400000 2 27.801797 587.907600 5.427571 3.733379
56.500000 2 27.801503 593.681412 5.427611 3.731267
56.600000 2 27.801207 599.511607 5.427651 3.729155
56.700000 2 27.800909 605.398727 5.427692 3.727043
56.800000 2 27.800608 611.343323 5.427732 3.724931
56.900000 2 27.800305 617.345950 5.427772 3.722819
57.000000 2 27.800000 623.407167 5.427812 3.720708
57.100000 2 27.799692 629.527538 5.427852 3.718596
57.200000 2 27.799381 635.707636 5.427891 3.716485
57.300000 2 27.799068 641.948035 5.427931 3.714373
57.400000 2 27.798752 648.249317 5.427971 3.712262
57.500000 2 27.798434 654.612068 5.428010 3.710151
57.600000 2 27.798114 661.036881 5.428050 3.708040
57.700000 2 27.797790 667.524353 5.428089 3.705929
57.800000 2 27.797464 674.075087 5.428129 3.703819
57.900000 2 27.797136 680.689694 5.428168 3.701708
58.000000 2 27.796805 687.368787 5.428207 3.699597
58.100000 2 27.796471 694.112987 5.428246 3.697487
58.200000 2 27.796134 700.922920 5.428285 3.695377
58.300000 2 27.795795 707.799218 5.428324 3.693267
58.400000 2 27.795453 714.742520 5.428363 3.691157
58.500000 2 27.795108 721.753470 5.428402 3.689047
58.600000 2 27.794761 728.832717 5.428441 3.686937
58.700000 2 27.794411 735.980919 5.428479 3.684827
58.800000 2 27.794058 743.198736 5.428518 3.682718
58.900000 2 27.793702 750.486838 5.428556 3.680608
59.000000 2 27.793343 757.845899 5.428594 3.678499
59.100000 2 27.792981 765.276600 5.428633 3.676390
59.200000 2 27.792616 772.779629 5.428671 3.674280
59.300000 2 27.792249 780.355680 5.428709 3.672172
59.400000 2 27.791878 788.005451 5.428747 3.670063
59.500000 2 27.791504 795.729651 5.428785 3.667954
59.600000 2 27.791128 803.528993 5.428823 3.665845
59.700000 2 27.790748 811.404195 5.428861 3.663737
59.800000 2 27.790366 819.355986 5.428898 3.661629
59.900000 2 27.789980 827.385098 5.428936 3.659521
60.000000 2 27.789591 835.492271 5.428973 3.657413
60.100000 2 27.789199 843.678252 5.429011 3.655305
60.200000 2 27.788804 851.943796 5.429048 3.653197
60.300000 2 27.788406 860.289663 5.429085 3.651089
60.400000 2 27.788004 868.716620 5.429122 3.648982
60.500000 2 27.787599 877.225444 5.429159 3.646875
60.600000 2 27.787191 885.816916 5.429196 3.644768
60.700000 2 27.786780 894.491825 5.429233 3.642661
60.800000 2 27.786365 903.250968 5.429269 3.640554
60.900000 2 27.785947 912.095150 5.429306 3.638447
61.000000 2 27.785526 921.025181 5.429343 3.636340
61.100000 2 27.785101 930.041881 5.429379 3.634234
61.200000 2 27.784673 939.146075 5.429415 3.632128
61.300000 2 27.784242 948.338598 5.429451 3.630022
61.400000 2 27.783806 957.620292 5.429487 3.627916
61.500000 2 27.783368 966.992006 5.429523 3.625810
61.600000 2 27.782926 976.454597 5.429559 3.623704
61.700000 2 27.782517 985.220921 5.429592 3.621772
61.800000 2 27.782208 991.846748 5.429617 3.620322
61.900000 2 27.781975 996.845046 5.429635 3.619236
62.000000 2 27.781624 1004.389375 5.429663 3.617605
62.100000 4 27.781270 1012.048424 5.429701 3.615965
62.200000 4 27.781119 1019.053814 5.429702 3.614468
62.300000 4 27.781085 1024.922500 5.429702 3.613221
62.400000 4 27.781051 1033.441136 5.429703 3.611423
62.500000 4 27.781017 1045.159369 5.429703 3.608975
62.600000 4 27.780982 1060.675652 5.429703 3.605775
62.700000 4 27.780947 1080.655444 5.429703 3.601723
62.800000 4 27.780912 1105.853810 5.429704 3.596718
62.900000 4 27.780875 1133.106702 5.429704 3.591431
63.000000 4 27.778507 1133.171966 5.429719 3.591422
63.100000 4 27.626905 1137.361404 5.430700 3.590866
63.200000 4 27.474557 1141.587728 5.431681 3.590306
63.300000 4 27.321457 1145.851493 5.432662 3.589742
63.400000 4 27.167601 1150.153262 5.433643 3.589173
63.500000 4 27.012985 1154.493606 5.434624 3.588601
63.600000 4 26.857603 1158.873108 5.435604 3.588024
63.700000 4 26.701450 1163.292360 5.436585 3.587442
63.800000 4 26.544523 1167.751964 5.437566 3.586857
63.900000 4 26.386816 1172.252531 5.438547 3.586267
64.000000 4 26.228325 1176.794682 5.439528 3.585672
64.100000 4 26.069044 1181.379048 5.440509 3.585073
64.200000 4 25.908968 1186.006270 5.441490 3.584470
64.300000 4 25.748093 1190.676998 5.442471 3.583861
64.400000 4 25.586414 1195.391890 5.443452 3.583248
64.500000 4 25.423925 1200.151615 5.444432 3.582631
64.600000 4 25.260622 1204.956851 5.445413 3.582008
64.700000 4 25.096499 1209.808281 5.446394 3.581381
64.800000 4 24.931551 1214.706601 5.447375 3.580749
64.900000 4 24.765774 1219.652511 5.448356 3.580111
65.000000 4 24.599161 1224.646721 5.449337 3.579469
65.100000 4 24.431708 1229.689945 5.450318 3.578822
65.200000 4 24.263410 1234.782904 5.451299 3.578170
65.300000 4 24.094261 1239.926324 5.452279 3.577512
65.400000 4 23.924256 1245.120936 5.453260 3.576850
65.500000 4 23.753389 1250.367472 5.454241 3.576182
65.600000 4 23.581656 1255.666666 5.455222 3.575509
65.700000 4 23.409051 1261.019256 5.456203 3.574830
65.800000 4 23.235568 1266.425973 5.457184 3.574147
65.900000 4 23.061202 1271.887549 5.458165 3.573457
66.000000 4 22.885948 1277.404710 5.459146 3.572763
66.100000 4 22.709801 1282.978172 5.460126 3.572063
66.200000 4 22.532754 1288.608645 5.461107 3.571357
66.300000 4 22.354804 1294.296821 5.462088 3.570646
66.400000 4 22.175943 1300.043379 5.463069 3.569929
66.500000 4 21.996167 1305.848975 5.464050 3.569207
66.600000 4 21.815471 1311.714241 5.465031 3.568479
66.700000 4 21.633848 1317.639778 5.466012 3.567745
66.800000 4 21.451295 1323.626151 5.466993 3.567006
66.900000 4 21.267805 1329.673885 5.467974 3.566261
67.000000 4 21.083373 1335.783451 5.468954 3.565511
67.100000 4 20.897995 1341.955266 5.469935 3.564755
67.200000 4 20.711665 1348.189677 5.470916 3.563994
67.300000 4 20.524378 1354.486956 5.471897 3.563227
67.400000 4 20.336129 1360.847282 5.472878 3.562455
67.500000 4 20.146914 1367.270730 5.473859 3.561678
67.600000 4 19.956728 1373.757259 5.474840 3.560895
67.700000 4 19.765566 1380.306686 5.475821 3.560108
67.800000 4 19.573424 1386.918673 5.476801 3.559315
67.900000 4 19.380298 1393.592698 5.477782 3.558518
68.000000 4 19.186495 1400.317219 5.478762 3.557718
68.100000 4 18.994630 1406.999704 5.479726 3.556925
68.200000 4 18.804684 1413.638448 5.480676 3.556140
68.300000 4 18.616637 1420.231630 5.481613 3.555364
68.400000 4 18.430471 1426.777314 5.482535 3.554596
68.500000 4 18.246166 1433.273435 5.483443 3.553837
68.600000 4 18.063705 1439.717796 5.484339 3.553087
68.700000 4 17.883068 1446.108053 5.485221 3.552346
68.800000 4 17.704237 1452.441707 5.486091 3.551614
68.900000 4 17.527194 1458.716095 5.486948 3.550892
69.000000 4 17.351923 1464.928373 5.487793 3.550181
69.100000 4 17.178403 1471.075501 5.488626 3.549480
69.200000 4 17.006619 1477.154236 5.489447 3.548789
69.300000 4 16.836553 1483.161103 5.490257 3.548111
69.400000 4 16.668188 1489.092386 5.491055 3.547444
69.500000 4 16.501506 1494.944099 5.491843 3.546789
69.600000 4 16.336491 1500.711968 5.492619 3.546147
69.700000 4 16.173126 1506.391401 5.493385 3.545518
69.800000 4 16.011394 1511.977459 5.494140 3.544903
69.900000 4 15.851281 1517.464822 5.494886 3.544303
70.000000 4 15.692768 1522.847752 5.495621 3.543718
70.100000 4 15.535840 1528.120049 5.496346 3.543148
70.200000 4 15.380482 1533.275002 5.497062 3.542596
70.300000 4 15.226677 1538.305336 5.497768 3.542061
70.400000 4 15.074410 1539.074071 5.498466 3.542127
70.500000 4 14.923666 1539.074071 5.499155 3.542300
70.600000 4 14.774429 1539.074071 5.499838 3.542470
70.700000 4 14.626685 1539.074071 5.500514 3.542639
70.800000 4 14.480418 1539.074071 5.501182 3.542806
70.900000 4 14.335614 1539.074071 5.501844 3.542972
71.000000 4 14.192258 1539.074071 5.502499 3.543135
71.100000 4 14.050335 1539.074071 5.503147 3.543298
71.200000 4 13.909832 1539.074071 5.503788 3.543458
71.300000 4 13.770734 1539.074071 5.504423 3.543617
71.400000 4 13.633026 1539.074071 5.505052 3.543774
71.500000 4 13.496696 1539.074071 5.505674 3.543929
71.600000 4 13.361729 1539.074071 5.506290 3.544083
71.700000 4 13.228112 1539.074071 5.506899 3.544236
71.800000 4 13.095831 1539.074071 5.507502 3.544386
71.900000 4 12.964872 1539.074071 5.508100 3.544536
72.000000 4 12.835224 1539.074071 5.508691 3.544684
72.100000 4 12.706871 1539.074071 5.509276 3.544830
72.200000 4 12.579803 1539.074071 5.509855 3.544975
72.300000 4 12.454005 1539.074071 5.510429 3.545118
72.400000 4 12.329465 1539.074071 5.510997 3.545260
72.500000 4 12.206170 1539.074071 5.511559 3.545400
72.600000 4 12.084108 1539.074071 5.512115 3.545540
72.700000 4 11.963267 1539.074071 5.512666 3.545677
72.800000 4 11.843634 1539.074071 5.513211 3.545814
72.900000 4 11.725198 1539.074071 5.513751 3.545948
73.000000 4 11.607946 1539.074071 5.514285 3.546082
73.100000 4 11.491867 1537.234891 5.514813 3.546474
73.200000 4 11.434407 1528.465149 5.515075 3.547782
73.300000 4 11.377235 1518.237786 5.515336 3.549305
73.400000 4 11.320349 1506.128424 5.515597 3.551109
73.500000 4 11.263748 1491.479959 5.515858 3.553296
73.600000 4 11.235589 1482.899306 5.515989 3.554582
73.700000 4 11.207502 1473.226117 5.516119 3.556036
73.800000 4 11.179485 1462.187715 5.516249 3.557701
73.900000 4 11.151538 1449.402815 5.516379 3.559641
74.000000 4 11.137600 1442.196260 5.516444 3.560739
74.100000 4 11.123680 1434.330234 5.516509 3.561943
74.200000 4 11.109778 1425.694117 5.516574 3.563271
74.300000 4 11.095893 1416.150981 5.516638 3.564745
74.400000 4 11.082026 1405.529736 5.516702 3.566396
74.500000 4 11.068177 1393.614478 5.516766 3.568261
74.600000 4 11.054345 1380.129905 5.516829 3.570388
74.700000 4 11.047439 1372.692876 5.516861 3.571569
74.800000 4 11.040536 1364.722787 5.516892 3.572841
74.900000 4 11.033639 1356.158184 5.516923 3.574216
75.000000 4 11.026746 1346.928493 5.516954 3.575707
75.100000 4 11.019857 1336.952424 5.516985 3.577329
75.200000 4 11.012973 1326.136060 5.517015 3.579100
75.300000 4 11.006094 1314.370565 5.517045 3.581043
75.400000 4 10.999220 1301.529444 5.517074 3.583182
75.500000 4 10.995785 1294.659999 5.517089 3.584335
75.600000 4 10.992351 1287.464386 5.517103 3.585549
75.700000 4 10.988919 1279.920227 5.517117 3.586828
75.800000 4 10.985488 1272.003296 5.517131 3.588179
75.900000 4 10.982058 1263.687346 5.517145 3.589607
76.000000 4 10.978629 1254.943930 5.517158 3.591118
76.100000 4 10.975202 1245.742197 5.517172 3.592719
76.200000 4 10.971775 1236.048675 5.517185 3.594419
76.300000 4 10.968350 1225.827035 5.517197 3.596225
76.400000 4 10.964927 1215.037833 5.517209 3.598148
76.500000 4 10.961504 1203.638238 5.517221 3.600198
76.600000 4 10.959792 1197.686469 5.517227 3.601276
76.700000 4 10.958082 1191.571945 5.517233 3.602389
76.800000 4 10.956372 1185.280524 5.517239 3.603540
76.900000 4 10.954662 1178.805483 5.517244 3.604731
77.000000 4 10.952953 1172.139819 5.517249 3.605963
77.100000 4 10.951244 1165.276237 5.517255 3.607240
77.200000 4 10.949536 1158.207136 5.517260 3.608562
77.300000 4 10.947828 1150.924600 5.517265 3.609933
77.400000 4 10.946120 1143.420391 5.517269 3.611355
77.500000 4 10.944413 1135.685928 5.517274 3.612830
77.600000 4 10.942706 1127.712286 5.517278 3.614361
77.700000 4 10.940999 1119.490180 5.517283 3.615951
77.800000 4 10.939293 1111.009954 5.517287 3.617603
77.900000 4 10.937587 1102.261574 5.517291 3.619321
78.000000 4 10.935882 1093.234619 5.517294 3.621107
78.100000 4 10.934177 1083.918268 5.517297 3.622967
78.200000 4 10.932472 1074.301298 5.517300 3.624903
78.300000 4 10.930768 1064.372077 5.517303 3.626920
78.400000 4 10.929064 1054.118558 5.517306 3.629022
78.500000 4 10.928212 1048.865283 5.517307 3.630107
78.600000 4 10.927358 1043.512598 5.517308 3.631219
78.700000 4 10.926505 1038.071745 5.517309 3.632354
78.800000 4 10.925651 1032.541040 5.517310 3.633514
78.900000 4 10.924797 1026.918776 5.517311 3.634700
79.000000 4 10.923944 1021.203215 5.517311 3.635912
79.100000 4 10.923091 1015.392594 5.517312 3.637152
79.200000 4 10.922237 1009.485125 5.517313 3.638419
79.300000 4 10.921384 1003.478992 5.517313 3.639715
79.400000 4 10.920531 997.372357 5.517313 3.641040
79.500000 4 10.919677 991.163353 5.517313 3.642396
79.600000 4 10.918824 984.850094 5.517314 3.643784
79.700000 4 10.917971 978.430667 5.517314 3.645204
79.800000 4 10.917118 971.903138 5.517313 3.646657
79.900000 4 10.916265 965.265552 5.517313 3.648145
80.000000 4 10.915413 958.515935 5.517313 3.649669
80.100000 4 10.914560 951.652293 5.517312 3.651229
80.200000 4 10.913707 944.672614 5.517312 3.652828
80.300000 4 10.912855 937.574873 5.517311 3.654465
80.400000 4 10.912002 930.357029 5.517310 3.656143
80.500000 4 10.911149 923.017030 5.517309 3.657863
80.600000 4 10.910297 915.552815 5.517307 3.659626
80.700000 4 10.909445 907.962315 5.517306 3.661433
80.800000 4 10.908592 900.243457 5.517304 3.663287
80.900000 4 10.907740 892.394167 5.517302 3.665188
81.000000 4 10.906888 884.412371 5.517300 3.667138
81.100000 4 10.906036 876.296003 5.517298 3.669140
81.200000 4 10.905184 868.043004 5.517296 3.671194
81.300000 4 10.904332 859.651328 5.517293 3.673303
81.400000 4 10.903480 851.118948 5.517290 3.675468
81.500000 4 10.903054 846.798138 5.517289 3.676573
81.600000 4 10.902628 842.441360 5.517287 3.677693
81.700000 4 10.902202 838.048365 5.517286 3.678827
81.800000 4 10.901776 833.618908 5.517284 3.679978
81.900000 4 10.901351 829.152746 5.517282 3.681144
82.000000 4 10.900925 824.649637 5.517280 3.682326
82.100000 4 10.900499 820.109344 5.517278 3.683524
82.200000 4 10.900073 815.531632 5.517276 3.684739
82.300000 4 10.899647 810.916267 5.517274 3.685971
82.400000 4 10.899222 806.263022 5.517272 3.687220
