t Ka M R logL logTeff
0.377824 1 7.999741 3.473679 3.430395 4.348344
0.755679 1 7.999394 3.490686 3.432242 4.347746
1.133566 1 7.999045 3.507786 3.434133 4.347157
1.511486 1 7.998693 3.524984 3.436069 4.346579
1.889437 1 7.998339 3.542287 3.438049 4.346011
2.267422 1 7.997980 3.559699 3.440074 4.345452
2.645439 1 7.997619 3.577228 3.442143 4.344903
3.023490 1 7.997254 3.594879 3.444256 4.344362
3.401574 1 7.996886 3.612659 3.446413 4.343830
3.779692 1 7.996514 3.630573 3.448615 4.343307
4.157844 1 7.996139 3.648629 3.450861 4.342791
4.536031 1 7.995759 3.666832 3.453151 4.342283
4.914252 1 7.995376 3.685190 3.455485 4.341782
5.292510 1 7.994988 3.703710 3.457863 4.341288
5.670802 1 7.994596 3.722397 3.460286 4.340801
6.049131 1 7.994200 3.741260 3.462752 4.340320
6.427497 1 7.993798 3.760306 3.465263 4.339845
6.805899 1 7.993393 3.779541 3.467817 4.339375
7.184339 1 7.992982 3.798974 3.470416 4.338911
7.562817 1 7.992566 3.818612 3.473058 4.338452
7.941332 1 7.992145 3.838462 3.475745 4.337998
8.319887 1 7.991719 3.858533 3.478475 4.337548
8.698481 1 7.991287 3.878832 3.481250 4.337102
9.077115 1 7.990849 3.899369 3.484068 4.336660
9.455790 1 7.990406 3.920150 3.486930 4.336222
9.834505 1 7.989956 3.941185 3.489835 4.335786
10.213262 1 7.989500 3.962482 3.492785 4.335353
10.592061 1 7.989037 3.984051 3.495778 4.334923
10.970903 1 7.988568 4.005900 3.498815 4.334494
11.349788 1 7.988092 4.028038 3.501895 4.334068
11.728717 1 7.987609 4.050476 3.505019 4.333642
12.107690 1 7.987118 4.073223 3.508186 4.333218
12.486709 1 7.986620 4.096288 3.511397 4.332795
12.865774 1 7.986114 4.119683 3.514652 4.332372
13.244886 1 7.985601 4.143418 3.517950 4.331949
13.624045 1 7.985078 4.167503 3.521291 4.331525
14.003253 1 7.984548 4.191951 3.524675 4.331101
14.382509 1 7.984008 4.216771 3.528103 4.330676
14.761816 1 7.983460 4.241978 3.531574 4.330250
15.141173 1 7.982902 4.267582 3.535088 4.329822
15.520582 1 7.982335 4.293597 3.538645 4.329391
15.900044 1 7.981758 4.320037 3.542245 4.328958
16.279559 1 7.981170 4.346915 3.545888 4.328522
16.659128 1 7.980572 4.374246 3.549574 4.328082
17.038753 1 7.979964 4.402047 3.553303 4.327639
17.418434 1 7.979344 4.430333 3.557074 4.327191
17.798173 1 7.978712 4.459121 3.560889 4.326738
18.177970 1 7.978069 4.488431 3.564746 4.326280
18.557827 1 7.977414 4.518281 3.568645 4.325815
18.937745 1 7.976746 4.548693 3.572587 4.325344
19.317725 1 7.976065 4.579688 3.576572 4.324866
19.697768 1 7.975371 4.611291 3.580599 4.324379
20.077875 1 7.974663 4.643528 3.584668 4.323884
20.458048 1 7.973941 4.676426 3.588779 4.323378
20.838289 1 7.973204 4.710015 3.592933 4.322863
21.218597 1 7.972453 4.744329 3.597128 4.322335
21.598976 1 7.971686 4.779402 3.601365 4.321795
21.979426 1 7.970903 4.815274 3.605645 4.321241
22.359949 1 7.970103 4.851987 3.609966 4.320672
22.740546 1 7.969287 4.889588 3.614328 4.320086
23.121219 1 7.968453 4.928127 3.618732 4.319483
23.501970 1 7.967602 4.967660 3.623178 4.318859
23.882800 1 7.966732 5.008249 3.627665 4.318214
24.263712 1 7.965843 5.049962 3.632193 4.317545
24.644706 1 7.964934 5.092872 3.636762 4.316850
25.025785 1 7.964005 5.137064 3.641373 4.316126
25.406951 1 7.963056 5.182627 3.646024 4.315372
25.788205 1 7.962085 5.229663 3.650716 4.314583
26.169550 1 7.961092 5.278283 3.655448 4.313756
26.550988 1 7.960077 5.328611 3.660221 4.312889
26.932520 1 7.959039 5.380784 3.665035 4.311976
27.123335 1 7.958508 5.407608 3.667456 4.311502
27.314175 1 7.957970 5.434951 3.669887 4.311015
27.505040 1 7.957427 5.462836 3.672328 4.310514
27.695930 1 7.956878 5.491285 3.674780 4.309999
27.886846 1 7.956322 5.520321 3.677241 4.309469
28.077788 1 7.955759 5.549971 3.679712 4.308923
28.268756 1 7.955191 5.580261 3.682194 4.308362
28.459751 1 7.954615 5.611220 3.684685 4.307783
28.650773 1 7.954033 5.642876 3.687186 4.307187
28.841822 1 7.953444 5.675262 3.689697 4.306572
29.032899 1 7.952849 5.708410 3.692218 4.305937
29.224004 1 7.952246 5.742356 3.694749 4.305283
29.415137 1 7.951637 5.777136 3.697289 4.304607
29.606298 1 7.951021 5.812789 3.699840 4.303908
29.797489 1 7.950397 5.849357 3.702400 4.303186
29.988708 1 7.949766 5.886883 3.704970 4.302440
30.179958 1 7.949128 5.925413 3.707550 4.301669
30.371237 1 7.948483 5.964995 3.710139 4.300870
30.562547 1 7.947830 6.005681 3.712739 4.300044
30.753887 1 7.947169 6.047525 3.715348 4.299189
30.945258 1 7.946501 6.090585 3.717967 4.298303
31.136661 1 7.945825 6.134921 3.720595 4.297385
31.328096 1 7.945142 6.180598 3.723234 4.296434
31.519562 1 7.944450 6.227683 3.725882 4.295448
31.711061 1 7.943751 6.276250 3.728539 4.294425
31.902594 1 7.943044 6.326374 3.731206 4.293365
32.094159 1 7.942329 6.378136 3.733883 4.292264
32.285758 1 7.941606 6.431624 3.736570 4.291123
32.477391 1 7.940874 6.486926 3.739266 4.289938
32.669059 1 7.940135 6.544142 3.741972 4.288707
32.860761 1 7.939387 6.603372 3.744687 4.287429
33.052499 1 7.938631 6.664727 3.747412 4.286102
33.244272 1 7.937867 6.728323 3.750146 4.284724
33.436082 1 7.937095 6.794283 3.752890 4.283291
33.536082 1 7.936704 6.828190 3.754265 4.282554
33.636082 1 7.936312 6.862738 3.755643 4.281803
33.736082 1 7.935917 6.897944 3.757023 4.281037
33.836082 1 7.935520 6.933828 3.758406 4.280256
33.936082 1 7.935121 6.970407 3.759791 4.279459
34.036082 1 7.934720 7.007702 3.761178 4.278647
34.136082 1 7.934317 7.045732 3.762568 4.277819
34.236082 1 7.933912 7.084519 3.763960 4.276975
34.336082 1 7.933505 7.124084 3.765354 4.276115
34.436082 1 7.933096 7.164449 3.766751 4.275237
34.536082 1 7.932684 7.205638 3.768150 4.274342
34.636082 1 7.932271 7.247673 3.769552 4.273429
34.736082 1 7.931855 7.290579 3.770956 4.272499
34.836082 1 7.931437 7.334383 3.772362 4.271549
34.936082 1 7.931017 7.379109 3.773771 4.270581
35.036082 1 7.930595 7.424786 3.775182 4.269594
35.136082 1 7.930172 7.471441 3.776596 4.268587
35.236082 1 7.929745 7.519103 3.778012 4.267560
35.336082 1 7.929317 7.567802 3.779430 4.266513
35.436082 1 7.928887 7.617569 3.780851 4.265445
35.536082 1 7.928455 7.668437 3.782274 4.264356
35.636082 1 7.928021 7.720439 3.783699 4.263244
35.736082 1 7.927584 7.773609 3.785127 4.262111
35.836082 1 7.927146 7.827983 3.786557 4.260955
35.936082 1 7.926705 7.883598 3.787990 4.259776
36.036082 1 7.926263 7.940492 3.789425 4.258573
36.136082 1 7.925818 7.998706 3.790862 4.257346
36.236082 1 7.925372 8.058279 3.792302 4.256095
36.336082 1 7.924924 8.119256 3.793744 4.254819
36.436082 1 7.924473 8.181680 3.795189 4.253517
36.536082 1 7.924021 8.245598 3.796636 4.252188
36.636082 1 7.923567 8.311056 3.798085 4.250834
36.736082 1 7.923110 8.378105 3.799537 4.249452
36.836082 1 7.922652 8.446796 3.800991 4.248042
36.936082 1 7.922192 8.517183 3.802448 4.246605
37.036082 1 7.921730 8.589320 3.803907 4.245138
37.136082 1 7.921267 8.663265 3.805369 4.243642
37.236082 1 7.920801 8.739078 3.806833 4.242116
37.336082 1 7.920334 8.816822 3.808299 4.240559
37.436082 1 7.919865 8.896561 3.809768 4.238971
37.536082 1 7.919394 8.978362 3.811239 4.237352
37.636082 1 7.918921 9.062295 3.812713 4.235700
37.736082 1 7.918447 9.148433 3.814189 4.234014
37.836082 1 7.917970 9.236851 3.815667 4.232295
38.028834 1 7.917015 9.160505 3.838534 4.239814
38.128834 1 7.916878 9.075103 3.844188 4.243262
38.228834 1 7.916816 9.029798 3.846857 4.245016
38.328834 1 7.916757 8.982709 3.849468 4.246804
38.428834 1 7.916700 8.934389 3.852010 4.248611
38.528834 1 7.916646 8.885329 3.854476 4.250423
38.628834 1 7.916595 8.835965 3.856862 4.252229
38.728834 1 7.916546 8.786674 3.859163 4.254019
38.828834 1 7.916499 8.737780 3.861376 4.255784
38.928834 1 7.916455 8.689558 3.863501 4.257517
39.028834 1 7.916412 8.642235 3.865537 4.259212
39.128834 1 7.916372 8.595998 3.867484 4.260863
39.228834 1 7.916334 8.550997 3.869343 4.262468
39.328834 1 7.916297 8.507350 3.871116 4.264022
39.428834 1 7.916263 8.465144 3.872804 4.265524
39.528834 1 7.916197 8.382648 3.876037 4.268459
39.628834 1 7.916138 8.306865 3.878938 4.271157
39.728834 1 7.916086 8.237803 3.881533 4.273618
39.828834 1 7.916039 8.175273 3.883846 4.275851
39.928834 1 7.915997 8.118957 3.885902 4.277866
40.028834 1 7.915960 8.068461 3.887726 4.279677
40.128834 1 7.915927 8.023346 3.889341 4.281298
40.228834 1 7.915898 7.983163 3.890769 4.282745
40.328834 1 7.915847 7.911263 3.893301 4.285343
40.428834 1 7.915807 7.856028 3.895228 4.287346
40.528834 1 7.915777 7.813873 3.896688 4.288879
40.628834 1 7.915732 7.749477 3.898903 4.291230
40.728834 2 7.915685 7.683701 3.901148 4.293642
40.828834 2 7.915682 7.757281 3.900398 4.291385
40.928834 2 7.915679 7.810739 3.899857 4.289759
41.028834 2 7.915677 7.864565 3.899317 4.288132
41.128834 2 7.915674 7.918762 3.898776 4.286506
41.228834 2 7.915671 7.973332 3.898235 4.284879
41.328834 2 7.915669 8.028279 3.897695 4.283253
41.428834 2 7.915666 8.083604 3.897154 4.281627
41.528834 2 7.915664 8.139311 3.896613 4.280000
41.628834 2 7.915661 8.195401 3.896073 4.278374
41.728834 2 7.915659 8.251878 3.895532 4.276747
41.828834 2 7.915657 8.308744 3.894992 4.275121
41.928834 2 7.915654 8.366002 3.894451 4.273494
42.028834 2 7.915652 8.423655 3.893910 4.271868
42.128834 2 7.915649 8.481705 3.893370 4.270241
42.228834 2 7.915647 8.540155 3.892829 4.268615
42.328834 2 7.915645 8.599008 3.892289 4.266989
42.428834 2 7.915642 8.658266 3.891748 4.265362
42.528834 2 7.915640 8.717933 3.891207 4.263736
42.628834 2 7.915638 8.778010 3.890667 4.262109
42.728834 2 7.915635 8.838502 3.890126 4.260483
42.828834 2 7.915633 8.899411 3.889586 4.258856
42.928834 2 7.915631 8.960739 3.889045 4.257230
43.028834 2 7.915628 9.022490 3.888504 4.255603
43.128834 2 7.915626 9.084667 3.887964 4.253977
43.228834 2 7.915624 9.147272 3.887423 4.252351
43.328834 2 7.915622 9.210309 3.886883 4.250724
43.428834 2 7.915620 9.273780 3.886342 4.249098
43.528834 2 7.915617 9.337688 3.885802 4.247471
43.628834 2 7.915615 9.402037 3.885261 4.245845
43.728834 2 7.915613 9.466829 3.884720 4.244218
43.828834 2 7.915611 9.532067 3.884180 4.242592
43.928834 2 7.915609 9.597755 3.883639 4.240966
44.028834 2 7.915607 9.663896 3.883099 4.239339
44.128834 2 7.915605 9.730493 3.882558 4.237713
44.228834 2 7.915603 9.797549 3.882018 4.236086
44.328834 2 7.915601 9.865066 3.881477 4.234460
44.428834 2 7.915598 9.933049 3.880937 4.232833
44.528834 2 7.915596 10.001501 3.880396 4.231207
44.628834 2 7.915594 10.070424 3.879855 4.229581
44.728834 2 7.915592 10.139822 3.879315 4.227954
44.828834 2 7.915590 10.209698 3.878774 4.226328
44.928834 2 7.915588 10.280056 3.878234 4.224701
45.028834 2 7.915586 10.350899 3.877693 4.223075
45.128834 2 7.915585 10.422230 3.877153 4.221448
45.228834 2 7.915583 10.494053 3.876612 4.219822
45.328834 2 7.915581 10.566370 3.876072 4.218196
45.428834 2 7.915579 10.639186 3.875531 4.216569
45.528834 2 7.915577 10.712503 3.874991 4.214943
45.628834 2 7.915575 10.786326 3.874450 4.213316
45.728834 2 7.915573 10.860658 3.873910 4.211690
45.828834 2 7.915571 10.935502 3.873369 4.210064
45.928834 2 7.915569 11.010861 3.872829 4.208437
46.028834 2 7.915568 11.086740 3.872288 4.206811
46.128834 2 7.915566 11.163142 3.871748 4.205184
46.228834 2 7.915564 11.240070 3.871207 4.203558
46.328834 2 7.915562 11.317529 3.870667 4.201931
46.428834 2 7.915560 11.395521 3.870126 4.200305
46.528834 2 7.915559 11.474051 3.869586 4.198679
46.628834 2 7.915557 11.553121 3.869045 4.197052
46.728834 2 7.915555 11.632737 3.868505 4.195426
46.828834 2 7.915553 11.712901 3.867964 4.193799
46.928834 2 7.915552 11.793618 3.867424 4.192173
47.028834 2 7.915550 11.874891 3.866883 4.190547
47.128834 2 7.915548 11.956725 3.866343 4.188920
47.228834 2 7.915546 12.039122 3.865802 4.187294
47.328834 2 7.915545 12.122086 3.865262 4.185667
47.428834 2 7.915543 12.205623 3.864721 4.184041
47.528834 2 7.915541 12.289735 3.864181 4.182415
47.628834 2 7.915540 12.374427 3.863640 4.180788
47.728834 2 7.915538 12.459703 3.863100 4.179162
47.828834 2 7.915536 12.545566 3.862560 4.177535
47.928834 2 7.915535 12.632021 3.862019 4.175909
48.028834 2 7.915533 12.719072 3.861479 4.174283
48.128834 2 7.915532 12.806722 3.860938 4.172656
48.228834 2 7.915530 12.894977 3.860398 4.171030
48.328834 2 7.915529 12.983840 3.859857 4.169403
48.428834 2 7.915527 13.073315 3.859317 4.167777
48.528834 2 7.915525 13.163407 3.858776 4.166150
48.628834 2 7.915524 13.254119 3.858236 4.164524
48.728834 2 7.915522 13.345457 3.857695 4.162898
48.828834 2 7.915521 13.437424 3.857155 4.161271
48.928834 2 7.915519 13.530025 3.856615 4.159645
49.028834 2 7.915518 13.623264 3.856074 4.158019
49.128834 2 7.915516 13.717146 3.855534 4.156392
49.228834 2 7.915515 13.811674 3.854993 4.154766
49.328834 2 7.915513 13.906854 3.854453 4.153139
49.428834 2 7.915512 14.002690 3.853912 4.151513
49.528834 2 7.915510 14.099186 3.853372 4.149887
49.628834 2 7.915509 14.196348 3.852832 4.148260
49.728834 2 7.915508 14.294179 3.852291 4.146634
49.828834 2 7.915506 14.392684 3.851751 4.145007
49.928834 2 7.915505 14.491867 3.851210 4.143381
50.028834 2 7.915503 14.591735 3.850670 4.141755
50.128834 2 7.915502 14.692290 3.850129 4.140128
50.228834 2 7.915501 14.793539 3.849589 4.138502
50.328834 2 7.915499 14.895485 3.849049 4.136875
50.428834 2 7.915498 14.998134 3.848508 4.135249
50.528834 2 7.915496 15.101490 3.847968 4.133623
50.628834 2 7.915495 15.205559 3.847427 4.131996
50.728834 2 7.915494 15.310344 3.846887 4.130370
50.828834 2 7.915492 15.415852 3.846347 4.128743
50.928834 2 7.915491 15.522087 3.845806 4.127117
51.028834 2 7.915490 15.629054 3.845266 4.125491
51.128834 2 7.915488 15.736758 3.844725 4.123864
51.228834 2 7.915487 15.845204 3.844185 4.122238
51.328834 2 7.915486 15.954397 3.843644 4.120611
51.428834 2 7.915485 16.064343 3.843104 4.118985
51.528834 2 7.915483 16.175047 3.842564 4.117359
51.628834 2 7.915482 16.286514 3.842023 4.115732
51.728834 2 7.915481 16.398748 3.841483 4.114106
51.828834 2 7.915480 16.511757 3.840943 4.112480
51.928834 2 7.915478 16.625544 3.840402 4.110853
52.028834 2 7.915477 16.740115 3.839862 4.109227
52.128834 2 7.915476 16.855475 3.839321 4.107600
52.228834 2 7.915475 16.971631 3.838781 4.105974
52.328834 2 7.915474 17.088587 3.838241 4.104348
52.428834 2 7.915472 17.206349 3.837700 4.102721
52.528834 2 7.915471 17.324923 3.837160 4.101095
52.628834 2 7.915470 17.444313 3.836619 4.099468
52.728834 2 7.915469 17.564527 3.836079 4.097842
52.828834 2 7.915468 17.685569 3.835539 4.096216
52.928834 2 7.915466 17.807443 3.834998 4.094589
53.028834 2 7.915464 17.930157 3.834458 4.092963
53.128834 2 7.915462 18.053716 3.833917 4.091337
53.228834 2 7.915460 18.178127 3.833377 4.089710
53.328834 2 7.915458 18.303396 3.832836 4.088084
53.428834 2 7.915456 18.429527 3.832296 4.086457
53.528834 2 7.915454 18.556528 3.831755 4.084831
53.628834 2 7.915452 18.684403 3.831215 4.083205
53.728834 2 7.915450 18.813160 3.830674 4.081578
53.828834 2 7.915448 18.942805 3.830133 4.079952
53.928834 2 7.915446 19.073342 3.829593 4.078325
54.028834 2 7.915444 19.204779 3.829052 4.076699
54.128834 2 7.915442 19.337122 3.828512 4.075073
54.228834 2 7.915440 19.470376 3.827971 4.073446
54.328834 2 7.915438 19.604549 3.827431 4.071820
54.428834 2 7.915436 19.739647 3.826890 4.070193
54.528834 2 7.915434 19.875675 3.826350 4.068567
54.628834 2 7.915432 20.012640 3.825809 4.066941
54.728834 2 7.915430 20.150550 3.825269 4.065314
54.828834 2 7.915427 20.289410 3.824728 4.063688
54.928834 2 7.915425 20.429226 3.824187 4.062061
55.028834 2 7.915423 20.570006 3.823647 4.060435
55.128834 2 7.915421 20.711756 3.823106 4.058809
55.228834 2 7.915419 20.854483 3.822566 4.057182
55.328834 2 7.915417 20.998193 3.822025 4.055556
55.428834 2 7.915415 21.142894 3.821485 4.053930
55.528834 2 7.915413 21.288591 3.820944 4.052303
55.628834 2 7.915410 21.435293 3.820404 4.050677
55.728834 2 7.915408 21.583005 3.819863 4.049050
55.828834 2 7.915406 21.731735 3.819322 4.047424
55.928834 2 7.915404 21.881491 3.818782 4.045798
56.028834 2 7.915402 22.032278 3.818241 4.044171
56.128834 2 7.915400 22.184104 3.817701 4.042545
56.228834 2 7.915397 22.336976 3.817160 4.040918
56.328834 2 7.915395 22.490901 3.816620 4.039292
56.428834 2 7.915393 22.645888 3.816079 4.037666
56.528834 2 7.915391 22.801942 3.815539 4.036039
56.628834 2 7.915388 22.959071 3.814998 4.034413
56.728834 2 7.915386 23.117283 3.814457 4.032787
56.828834 2 7.915384 23.276586 3.813917 4.031160
56.928834 2 7.915382 23.436986 3.813376 4.029534
57.028834 2 7.915379 23.598491 3.812836 4.027907
57.128834 2 7.915377 23.761109 3.812295 4.026281
57.228834 2 7.915375 23.924848 3.811754 4.024655
57.328834 2 7.915372 24.089715 3.811214 4.023028
57.428834 2 7.915370 24.255718 3.810673 4.021402
57.528834 2 7.915368 24.422864 3.810133 4.019775
57.628834 2 7.915365 24.591163 3.809592 4.018149
57.728834 2 7.915363 24.760621 3.809052 4.016523
57.828834 2 7.915361 24.931247 3.808511 4.014896
57.928834 2 7.915358 25.103048 3.807970 4.013270
58.028834 2 7.915356 25.276034 3.807430 4.011644
58.128834 2 7.915354 25.450211 3.806889 4.010017
58.228834 2 7.915351 25.625588 3.806349 4.008391
58.328834 2 7.915349 25.802174 3.805808 4.006764
58.428834 2 7.915346 25.979977 3.805267 4.005138
58.528834 2 7.915344 26.159005 3.804727 4.003512
58.628834 2 7.915342 26.339266 3.804186 4.001885
58.728834 2 7.915339 26.520770 3.803645 4.000259
58.828834 2 7.915337 26.703524 3.803105 3.998632
58.928834 2 7.915334 26.887537 3.802564 3.997006
59.028834 2 7.915332 27.072818 3.802024 3.995380
59.128834 2 7.915329 27.259376 3.801483 3.993753
59.228834 2 7.915327 27.447220 3.800942 3.992127
59.328834 2 7.915324 27.636357 3.800402 3.990501
59.428834 2 7.915322 27.826798 3.799861 3.988874
59.528834 2 7.915319 28.018551 3.799321 3.987248
59.628834 2 7.915317 28.211626 3.798780 3.985621
59.728834 2 7.915314 28.406031 3.798239 3.983995
59.828834 2 7.915312 28.601775 3.797699 3.982369
59.928834 2 7.915309 28.798868 3.797158 3.980742
60.028834 2 7.915306 28.997319 3.796617 3.979116
60.128834 2 7.915304 29.197138 3.796077 3.977490
60.228834 2 7.915301 29.398333 3.795536 3.975863
60.328834 2 7.915299 29.600915 3.794995 3.974237
60.428834 2 7.915296 29.804892 3.794455 3.972610
60.528834 2 7.915293 30.010275 3.793914 3.970984
60.628834 2 7.915291 30.217073 3.793374 3.969358
60.728834 2 7.915288 30.425296 3.792833 3.967731
60.828834 2 7.915285 30.634954 3.792292 3.966105
60.928834 2 7.915283 30.846056 3.791752 3.964479
61.028834 2 7.915280 31.058613 3.791211 3.962852
61.128834 2 7.915277 31.272635 3.790670 3.961226
61.228834 2 7.915275 31.488131 3.790130 3.959600
61.328834 2 7.915272 31.705112 3.789589 3.957973
61.428834 2 7.915269 31.923588 3.789048 3.956347
61.528834 2 7.915267 32.143569 3.788508 3.954720
61.628834 2 7.915264 32.365067 3.787967 3.953094
61.728834 2 7.915261 32.588090 3.787426 3.951468
61.828834 2 7.915258 32.812650 3.786886 3.949841
61.928834 2 7.915256 33.038757 3.786345 3.948215
62.028834 2 7.915253 33.266422 3.785804 3.946589
62.128834 2 7.915250 33.495656 3.785264 3.944962
62.228834 2 7.915247 33.726469 3.784723 3.943336
62.328834 2 7.915244 33.958873 3.784182 3.941709
62.428834 2 7.915241 34.192878 3.783642 3.940083
62.528834 2 7.915239 34.428495 3.783101 3.938457
62.628834 2 7.915236 34.665736 3.782560 3.936830
62.728834 2 7.915233 34.904612 3.782020 3.935204
62.828834 2 7.915230 35.145133 3.781479 3.933578
62.928834 2 7.915227 35.387311 3.780938 3.931951
63.028834 2 7.915224 35.631159 3.780397 3.930325
63.128834 2 7.915221 35.876686 3.779857 3.928699
63.228834 2 7.915218 36.123905 3.779316 3.927072
63.328834 2 7.915215 36.372827 3.778775 3.925446
63.428834 2 7.915212 36.623465 3.778235 3.923820
63.528834 2 7.915210 36.875829 3.777694 3.922193
63.628834 2 7.915207 37.129932 3.777153 3.920567
63.728834 2 7.915204 37.385786 3.776613 3.918940
63.828834 2 7.915201 37.643403 3.776072 3.917314
63.928834 2 7.915198 37.902795 3.775531 3.915688
64.028834 2 7.915195 38.163974 3.774990 3.914061
64.128834 2 7.915192 38.426953 3.774450 3.912435
64.228834 2 7.915188 38.691744 3.773909 3.910809
64.328834 2 7.915185 38.958359 3.773368 3.909182
64.428834 2 7.915182 39.226811 3.772827 3.907556
64.528834 2 7.915179 39.497112 3.772287 3.905930
64.628834 2 7.915176 39.769276 3.771746 3.904303
64.728834 2 7.915173 40.043315 3.771205 3.902677
64.828834 2 7.915170 40.319243 3.770665 3.901051
64.928834 2 7.915167 40.597071 3.770124 3.899424
65.028834 2 7.915164 40.876814 3.769583 3.897798
65.128834 2 7.915160 41.158484 3.769042 3.896171
65.228834 2 7.915157 41.442095 3.768502 3.894545
65.328834 2 7.915154 41.727660 3.767961 3.892919
65.428834 2 7.915151 42.015192 3.767420 3.891292
65.528834 2 7.915148 42.304706 3.766879 3.889666
65.628834 2 7.915144 42.596214 3.766339 3.888040
65.728834 2 7.915141 42.889731 3.765798 3.886413
65.828834 2 7.915138 43.185270 3.765257 3.884787
65.928834 2 7.915135 43.482845 3.764716 3.883161
66.028834 2 7.915131 43.782471 3.764176 3.881534
66.128834 2 7.915128 44.084161 3.763635 3.879908
66.228834 2 7.915125 44.387929 3.763094 3.878282
66.328834 2 7.915122 44.693790 3.762553 3.876655
66.428834 2 7.915118 45.001759 3.762013 3.875029
66.528834 2 7.915115 45.311850 3.761472 3.873403
66.628834 2 7.915112 45.624077 3.760931 3.871776
66.728834 2 7.915108 45.938455 3.760390 3.870150
66.828834 2 7.915105 46.255000 3.759849 3.868524
66.928834 2 7.915101 46.573725 3.759309 3.866897
67.028834 2 7.915098 46.894646 3.758768 3.865271
67.128834 2 7.915095 47.217778 3.758227 3.863645
67.228834 2 7.915091 47.543137 3.757686 3.862018
67.328834 2 7.915088 47.870737 3.757145 3.860392
67.428834 2 7.915084 48.200594 3.756605 3.858766
67.528834 2 7.915081 48.532724 3.756064 3.857139
67.628834 2 7.915077 48.867143 3.755523 3.855513
67.728834 2 7.915074 49.203865 3.754982 3.853887
67.828834 2 7.915070 49.542907 3.754441 3.852260
67.928834 2 7.915067 49.884285 3.753901 3.850634
68.028834 2 7.915063 50.228015 3.753360 3.849008
68.128834 2 7.915060 50.574113 3.752819 3.847381
68.228834 2 7.915056 50.922596 3.752278 3.845755
68.328834 2 7.915052 51.273480 3.751737 3.844129
68.428834 2 7.915049 51.626781 3.751197 3.842502
68.528834 2 7.915045 51.982516 3.750656 3.840876
68.628834 2 7.915042 52.340703 3.750115 3.839250
68.728834 2 7.915038 52.701357 3.749574 3.837623
68.828834 2 7.915034 53.064495 3.749033 3.835997
68.928834 2 7.915031 53.430136 3.748492 3.834371
69.028834 2 7.915027 53.798296 3.747952 3.832744
69.128834 2 7.915023 54.168992 3.747411 3.831118
69.228834 2 7.915019 54.542242 3.746870 3.829492
69.328834 2 7.915016 54.918064 3.746329 3.827865
69.428834 2 7.915012 55.296475 3.745788 3.826239
69.528834 2 7.915008 55.677493 3.745247 3.824613
69.628834 2 7.915004 56.061136 3.744707 3.822986
69.728834 2 7.915001 56.447422 3.744166 3.821360
69.828834 2 7.914997 56.836369 3.743625 3.819734
69.928834 2 7.914993 57.227996 3.743084 3.818107
70.028834 2 7.914989 57.622322 3.742543 3.816481
70.128834 2 7.914985 58.019364 3.742002 3.814855
70.228834 2 7.914981 58.419141 3.741461 3.813228
70.328834 2 7.914977 58.821672 3.740920 3.811602
70.428834 2 7.914974 59.226977 3.740380 3.809976
70.528834 2 7.914970 59.635074 3.739839 3.808349
70.628834 2 7.914966 60.045983 3.739298 3.806723
70.728834 2 7.914962 60.459722 3.738757 3.805097
70.828834 2 7.914958 60.876312 3.738216 3.803470
70.928834 2 7.914954 61.295773 3.737675 3.801844
71.028834 2 7.914950 61.718122 3.737134 3.800218
71.128834 2 7.914946 62.143382 3.736593 3.798591
71.228834 2 7.914942 62.571571 3.736053 3.796965
71.328834 2 7.914938 63.002710 3.735512 3.795339
71.428834 2 7.914934 63.436820 3.734971 3.793713
71.528834 2 7.914929 63.873920 3.734430 3.792086
71.628834 2 7.914925 64.314032 3.733889 3.790460
71.728834 2 7.914921 64.757175 3.733348 3.788834
71.828834 2 7.914917 65.203372 3.732807 3.787207
71.928834 2 7.914913 65.652642 3.732266 3.785581
72.028834 2 7.914909 66.105008 3.731725 3.783955
72.128834 2 7.914905 66.560490 3.731184 3.782328
72.228834 2 7.914900 67.019110 3.730643 3.780702
72.328834 2 7.914896 67.480890 3.730102 3.779076
72.428834 2 7.914892 67.945851 3.729562 3.777449
72.528834 2 7.914888 68.414015 3.729021 3.775823
72.628834 2 7.914883 68.885404 3.728480 3.774197
72.728834 2 7.914879 69.360041 3.727939 3.772571
72.828834 2 7.914875 69.837947 3.727398 3.770944
72.928834 2 7.914871 70.319146 3.726857 3.769318
73.028834 2 7.914866 70.803660 3.726316 3.767692
73.128834 2 7.914862 71.291512 3.725775 3.766065
73.228834 2 7.914857 71.782725 3.725234 3.764439
73.328834 2 7.914853 72.277322 3.724693 3.762813
73.428834 2 7.914849 72.775326 3.724152 3.761186
73.528834 2 7.914844 73.276760 3.723611 3.759560
73.628834 2 7.914840 73.781650 3.723070 3.757934
73.728834 2 7.914835 74.290017 3.722529 3.756308
73.828834 2 7.914831 74.801887 3.721988 3.754681
73.928834 2 7.914826 75.317283 3.721447 3.753055
74.028834 2 7.914822 75.836229 3.720906 3.751429
74.128834 2 7.914817 76.358750 3.720365 3.749802
74.228834 2 7.914813 76.884871 3.719824 3.748176
74.328834 2 7.914808 77.414617 3.719283 3.746550
74.428834 2 7.914804 77.948012 3.718742 3.744924
74.528834 2 7.914799 78.485081 3.718201 3.743297
74.628834 2 7.914794 79.025850 3.717660 3.741671
74.728834 2 7.914790 79.570345 3.717119 3.740045
74.828834 2 7.914785 80.118590 3.716578 3.738418
74.928834 2 7.914780 80.670612 3.716037 3.736792
75.028834 2 7.914776 81.226437 3.715496 3.735166
75.128834 2 7.914771 81.786091 3.714955 3.733540
75.228834 2 7.914766 82.349601 3.714414 3.731913
75.328834 2 7.914761 82.916992 3.713873 3.730287
75.428834 2 7.914757 83.488292 3.713332 3.728661
75.528834 2 7.914752 84.063527 3.712791 3.727035
75.628834 2 7.914747 84.642726 3.712250 3.725408
75.728834 2 7.914742 85.225914 3.711709 3.723782
75.828834 2 7.914737 85.813119 3.711168 3.722156
75.928834 2 7.914732 86.404370 3.710627 3.720529
76.028834 2 7.914728 86.999693 3.710086 3.718903
76.128834 2 7.914723 87.599118 3.709545 3.717277
76.228834 2 7.914718 88.202671 3.709004 3.715651
76.328834 2 7.914713 88.810383 3.708463 3.714024
76.428834 2 7.914708 89.422281 3.707922 3.712398
76.528834 2 7.914703 90.038393 3.707380 3.710772
76.628834 2 7.914698 90.658750 3.706839 3.709146
76.728834 2 7.914693 91.283381 3.706298 3.707519
76.828834 2 7.914688 91.912314 3.705757 3.705893
76.928834 2 7.914683 92.545580 3.705216 3.704267
77.028834 2 7.914677 93.183208 3.704675 3.702641
77.128834 2 7.914672 93.825228 3.704134 3.701014
77.228834 2 7.914667 94.471671 3.703593 3.699388
77.328834 2 7.914662 95.122567 3.703052 3.697762
77.428834 2 7.914657 95.777946 3.702511 3.696135
77.528834 2 7.914652 96.437840 3.701970 3.694509
77.628834 2 7.914646 97.102280 3.701428 3.692883
77.728834 2 7.914641 97.771297 3.700887 3.691257
77.828834 2 7.914636 98.444922 3.700346 3.689630
77.928834 2 7.914631 99.123187 3.699805 3.688004
78.028834 2 7.914625 99.806125 3.699264 3.686378
78.128834 2 7.914620 100.493767 3.698723 3.684752
78.228834 2 7.914615 101.186145 3.698182 3.683125
78.328834 2 7.914609 101.883293 3.697641 3.681499
78.428834 2 7.914604 102.585243 3.697099 3.679873
78.528834 2 7.914599 103.292028 3.696558 3.678247
78.628834 2 7.914593 104.003682 3.696017 3.676620
78.728834 2 7.914588 104.720238 3.695476 3.674994
78.828834 2 7.914582 105.441730 3.694935 3.673368
78.928834 2 7.914577 106.168191 3.694394 3.671742
79.028834 2 7.914571 106.899657 3.693853 3.670116
79.128834 2 7.914566 107.636161 3.693311 3.668489
79.228834 2 7.914560 108.377738 3.692770 3.666863
79.328834 2 7.914554 109.124423 3.692229 3.665237
79.428834 2 7.914549 109.876252 3.691688 3.663611
79.528834 2 7.914543 110.633259 3.691147 3.661984
79.628834 2 7.914538 111.395480 3.690605 3.660358
79.728834 2 7.914532 112.162952 3.690064 3.658732
79.828834 2 7.914526 112.935710 3.689523 3.657106
79.928834 2 7.914520 113.713791 3.688982 3.655479
80.028834 2 7.914515 114.497232 3.688441 3.653853
80.128834 2 7.914509 115.286069 3.687899 3.652227
80.228834 2 7.914503 116.080339 3.687358 3.650601
80.328834 2 7.914497 116.880080 3.686817 3.648975
80.428834 2 7.914492 117.607032 3.686328 3.647506
80.528834 2 7.914484 118.705943 3.685595 3.645303
80.628834 3 7.914476 119.815121 3.684862 3.643100
80.728834 3 7.914468 120.719210 3.689487 3.642624
80.828834 3 7.914458 121.794626 3.694943 3.642062
80.928834 3 7.914448 122.879835 3.700399 3.641500
81.028834 3 7.914438 123.974929 3.705855 3.640937
81.128834 3 7.914428 125.079999 3.711311 3.640374
81.228834 3 7.914417 126.195136 3.716767 3.639811
81.328834 3 7.914407 127.320433 3.722223 3.639247
81.428834 3 7.914396 128.455984 3.727679 3.638683
81.528834 3 7.914386 129.601883 3.733135 3.638119
81.628834 3 7.914375 130.758226 3.738591 3.637554
81.728834 3 7.914364 131.925108 3.744047 3.636989
81.828834 3 7.914352 133.102628 3.749503 3.636423
81.928834 3 7.914341 134.290883 3.754959 3.635857
82.028834 3 7.914330 135.489973 3.760415 3.635291
82.128834 3 7.914318 136.699996 3.765871 3.634724
82.228834 3 7.914306 137.921054 3.771327 3.634157
82.328834 3 7.914294 139.153248 3.776783 3.633590
82.428834 3 7.914282 140.396682 3.782239 3.633022
82.528834 3 7.914270 141.651459 3.787696 3.632454
82.628834 3 7.914258 142.917683 3.793152 3.631885
82.728834 3 7.914245 144.195460 3.798608 3.631317
82.828834 3 7.914233 145.484897 3.804064 3.630747
82.928834 3 7.914220 146.786101 3.809520 3.630178
83.028834 3 7.914207 148.099181 3.814976 3.629608
83.128834 3 7.914193 149.424246 3.820432 3.629038
83.228834 3 7.914180 150.761407 3.825888 3.628467
83.328834 3 7.914167 152.110776 3.831344 3.627896
83.428834 3 7.914153 153.472464 3.836800 3.627325
83.528834 3 7.914139 154.846586 3.842256 3.626754
83.628834 3 7.914125 156.233257 3.847712 3.626182
83.728834 3 7.914111 157.632592 3.853168 3.625609
83.828834 3 7.914096 159.044707 3.858624 3.625037
83.928834 3 7.914082 160.469722 3.864080 3.624464
84.028834 3 7.914067 161.907755 3.869536 3.623891
84.128834 3 7.914052 163.358927 3.874992 3.623317
84.228834 3 7.914037 164.823358 3.880448 3.622743
84.328834 3 7.914021 166.301170 3.885904 3.622169
84.428834 3 7.914006 167.792488 3.891360 3.621594
84.528834 3 7.913990 169.297436 3.896816 3.621019
84.628834 3 7.913974 170.816141 3.902272 3.620444
84.728834 3 7.913958 172.348728 3.907728 3.619868
84.828834 3 7.913942 173.895326 3.913184 3.619293
84.928834 3 7.913925 175.456064 3.918640 3.618716
85.028834 3 7.913908 177.031074 3.924096 3.618140
85.128834 3 7.913891 178.620486 3.929552 3.617563
85.228834 3 7.913874 180.224435 3.935008 3.616986
85.328834 3 7.913857 181.843053 3.940464 3.616408
85.428834 3 7.913839 183.476477 3.945920 3.615830
85.528834 3 7.913821 185.124843 3.951376 3.615252
85.628834 3 7.913803 186.788289 3.956832 3.614674
85.728834 3 7.913785 188.466955 3.962288 3.614095
85.828834 3 7.913766 190.160981 3.967744 3.613516
85.928834 3 7.913747 191.870510 3.973200 3.612936
86.028834 3 7.913728 193.595683 3.978656 3.612357
86.128834 3 7.913709 195.336647 3.984112 3.611777
86.228834 3 7.913689 197.093546 3.989568 3.611196
86.328834 3 7.913669 198.866528 3.995024 3.610616
86.428834 3 7.913649 200.655741 4.000480 3.610035
86.528834 3 7.913629 202.461336 4.005936 3.609453
86.628834 3 7.913608 204.283464 4.011392 3.608872
86.728834 3 7.913587 206.122278 4.016848 3.608290
86.828834 3 7.913566 207.977932 4.022304 3.607708
86.928834 3 7.913545 209.850581 4.027760 3.607125
87.028834 3 7.913523 211.740383 4.033216 3.606543
87.128834 3 7.913501 213.647496 4.038672 3.605960
87.228834 3 7.913479 215.572081 4.044128 3.605376
87.328834 3 7.913456 217.514298 4.049584 3.604793
87.428834 3 7.913434 219.474311 4.055040 3.604209
87.528834 3 7.913410 221.452284 4.060496 3.603624
87.628834 3 7.913387 223.448384 4.065952 3.603040
87.728834 3 7.913363 225.462777 4.071408 3.602455
87.828834 3 7.913339 227.495633 4.076864 3.601870
87.928834 3 7.913315 229.547124 4.082320 3.601285
88.028834 3 7.913290 231.617420 4.087776 3.600699
88.128834 3 7.913265 233.706696 4.093232 3.600113
88.228834 3 7.913240 235.815128 4.098688 3.599527
88.328834 3 7.913214 237.942893 4.104144 3.598940
88.428834 3 7.913188 240.090169 4.109600 3.598353
88.528834 4 7.913179 240.835856 4.111483 3.598151
88.628834 4 7.913152 240.803596 4.111401 3.598159
88.728834 4 7.913130 240.776831 4.111333 3.598166
88.828834 4 7.911779 239.174200 4.107238 3.598593
88.928834 4 7.910451 237.607416 4.103207 3.599012
89.028834 4 7.909146 236.075715 4.099240 3.599425
89.128834 4 7.907861 234.578351 4.095338 3.599831
89.228834 4 7.906598 233.114600 4.091498 3.600230
89.328834 4 7.905355 231.683754 4.087720 3.600623
89.428834 4 7.904131 230.285123 4.084005 3.601009
89.528834 4 7.902926 228.918037 4.080351 3.601388
89.628834 4 7.901739 227.581840 4.076758 3.601761
89.728834 4 7.900570 226.275895 4.073226 3.602128
89.828834 4 7.899418 224.999579 4.069754 3.602488
89.928834 4 7.898283 223.752285 4.066341 3.602842
90.028834 4 7.897164 222.533422 4.062987 3.603190
90.128834 4 7.896060 221.342413 4.059692 3.603531
90.228834 4 7.894972 220.178694 4.056454 3.603866
90.328834 4 7.893898 219.041716 4.053274 3.604196
90.428834 4 7.892838 217.930943 4.050151 3.604519
90.528834 4 7.890746 215.786068 4.044073 3.605147
90.628834 4 7.888707 213.739885 4.038216 3.605752
90.728834 4 7.886717 211.788544 4.032577 3.606334
90.828834 4 7.884773 209.928374 4.027151 3.606893
90.928834 4 7.882873 208.155869 4.021934 3.607430
91.028834 4 7.881014 206.467684 4.016922 3.607945
91.128834 4 7.879194 204.860616 4.012111 3.608439
91.228834 4 7.877409 203.331605 4.007496 3.608912
91.328834 4 7.875659 201.877720 4.003075 3.609365
91.428834 4 7.873941 200.496153 3.998842 3.609798
91.528834 4 7.872253 199.184212 3.994793 3.610211
91.628834 4 7.870593 197.939313 3.990924 3.610606
91.728834 4 7.868959 196.758975 3.987232 3.610981
91.828834 4 7.867351 195.640811 3.983712 3.611339
91.928834 4 7.865767 194.582526 3.980360 3.611679
92.028834 4 7.864204 193.581909 3.977172 3.612001
92.128834 4 7.861120 191.745402 3.971271 3.612596
92.228834 4 7.858111 190.114894 3.965976 3.613126
92.328834 4 7.855167 188.675239 3.961255 3.613597
92.428834 4 7.852281 187.412202 3.957074 3.614010
92.528834 4 7.849445 186.312342 3.953401 3.614370
92.628834 4 7.846652 185.362901 3.950202 3.614680
92.728834 4 7.843896 184.551715 3.947446 3.614943
92.828834 4 7.841172 183.867117 3.945099 3.615163
92.928834 4 7.838474 183.297870 3.943128 3.615344
93.028834 4 7.835798 182.833088 3.941500 3.615488
93.128834 4 7.833140 182.462177 3.940183 3.615600
93.228834 4 7.830496 182.174781 3.939143 3.615682
93.328834 4 7.827864 181.960726 3.938349 3.615739
93.428834 4 7.825240 181.809983 3.937766 3.615773
93.528834 4 7.822623 181.712627 3.937362 3.615789
93.628834 4 7.820010 181.658805 3.937105 3.615788
93.728834 4 7.817400 181.638709 3.936960 3.615776
93.828834 4 7.814791 181.642558 3.936897 3.615756
93.928834 4 7.812183 181.660578 3.936881 3.615730
94.028834 4 7.810878 180.439850 3.945246 3.619286
94.128834 4 7.810712 178.964899 3.948372 3.621850
94.228834 4 7.810546 177.507477 3.950567 3.624174
94.328834 4 7.810380 176.067339 3.952330 3.626384
94.428834 4 7.810214 174.644243 3.953834 3.628522
94.528834 4 7.810048 173.237955 3.955161 3.630609
94.628834 4 7.809883 171.848242 3.956357 3.632657
94.728834 4 7.809718 170.474876 3.957452 3.634673
94.828834 4 7.809554 169.117633 3.958465 3.636662
94.928834 4 7.809390 167.776293 3.959412 3.638628
95.028834 4 7.809227 166.450639 3.960303 3.640574
95.128834 4 7.809065 165.140456 3.961146 3.642500
95.228834 4 7.808903 163.845534 3.961947 3.644410
95.328834 4 7.808742 162.565667 3.962711 3.646304
95.428834 4 7.808581 161.300649 3.963442 3.648183
95.528834 4 7.808422 160.050281 3.964145 3.650049
95.628834 4 7.808263 158.814365 3.964822 3.651901
95.728834 4 7.808104 157.592707 3.965474 3.653741
95.828834 4 7.807947 156.385114 3.966106 3.655569
95.928834 4 7.807790 155.191398 3.966717 3.657386
96.028834 4 7.807634 154.011374 3.967310 3.659192
96.128834 4 7.807478 152.844858 3.967886 3.660987
96.228834 4 7.807323 151.691670 3.968447 3.662771
96.328834 4 7.807169 150.551634 3.968993 3.664546
96.428834 4 7.807016 149.424573 3.969526 3.666311
96.528834 4 7.806863 148.310318 3.970045 3.668066
96.628834 4 7.806711 147.208697 3.970553 3.669812
96.728834 4 7.806560 146.119544 3.971050 3.671549
96.828834 4 7.806409 145.042695 3.971536 3.673277
96.928834 4 7.806259 143.977988 3.972012 3.674995
97.028834 4 7.806110 142.925264 3.972478 3.676706
97.128834 4 7.805961 141.884366 3.972936 3.678407
97.228834 4 7.805813 140.855138 3.973385 3.680100
97.328834 4 7.805666 139.837430 3.973826 3.681785
97.428834 4 7.805519 138.831090 3.974259 3.683462
97.528834 4 7.805374 137.835971 3.974684 3.685130
97.628834 4 7.805228 136.851927 3.975103 3.686791
97.728834 4 7.805084 135.878815 3.975515 3.688443
97.828834 4 7.804940 134.916494 3.975920 3.690088
97.928834 4 7.804797 133.964824 3.976319 3.691725
98.028834 4 7.804654 133.023668 3.976713 3.693354
98.128834 4 7.804512 132.092892 3.977100 3.694976
98.228834 4 7.804371 131.172361 3.977482 3.696590
98.328834 4 7.804231 130.261946 3.977859 3.698196
98.428834 4 7.804091 129.361516 3.978230 3.699796
98.528834 4 7.803951 128.470944 3.978597 3.701387
98.628834 4 7.803813 127.590106 3.978958 3.702972
98.728834 4 7.803675 126.718876 3.979316 3.704549
98.828834 4 7.803537 125.857134 3.979668 3.706119
98.928834 4 7.803400 125.004760 3.980017 3.707681
99.028834 4 7.803264 124.161635 3.980361 3.709237
99.128834 4 7.803129 123.327642 3.980701 3.710786
99.228834 4 7.802994 122.502667 3.981037 3.712327
99.328834 4 7.802859 121.686597 3.981370 3.713862
99.428834 4 7.802725 120.879320 3.981699 3.715389
99.528834 4 7.802592 120.080725 3.982024 3.716910
99.628834 4 7.802460 119.290705 3.982346 3.718424
99.728834 4 7.802328 118.509154 3.982664 3.719931
99.828834 4 7.802196 117.735964 3.982979 3.721431
99.928834 4 7.802065 116.971034 3.983291 3.722924
100.028834 4 7.801935 116.214260 3.983600 3.724411
100.128834 4 7.801805 115.465541 3.983905 3.725891
100.228834 4 7.801676 114.724780 3.984208 3.727364
100.328834 4 7.801548 113.991876 3.984508 3.728831
100.428834 4 7.801420 113.266734 3.984805 3.730291
100.528834 4 7.801292 112.549259 3.985100 3.731744
100.628834 4 7.801165 111.839357 3.985391 3.733191
100.728834 4 7.801039 111.136935 3.985680 3.734631
100.828834 4 7.800913 110.441903 3.985967 3.736065
100.928834 4 7.800788 109.754169 3.986251 3.737493
101.028834 4 7.800663 109.073646 3.986533 3.738914
101.128834 4 7.800539 108.400246 3.986812 3.740328
101.228834 4 7.800415 107.733884 3.987089 3.741737
101.328834 4 7.800292 107.074473 3.987363 3.743138
101.428834 4 7.800169 106.421931 3.987636 3.744534
101.528834 4 7.800047 105.776174 3.987906 3.745923
101.628834 4 7.799925 105.137122 3.988174 3.747306
101.728834 4 7.799804 104.504693 3.988440 3.748683
101.828834 4 7.799684 103.878810 3.988704 3.750053
101.928834 4 7.799563 103.259393 3.988966 3.751417
102.028834 4 7.799444 102.646366 3.989226 3.752775
102.128834 4 7.799325 102.039652 3.989484 3.754127
102.228834 4 7.799206 101.439178 3.989741 3.755473
102.328834 4 7.799088 100.844868 3.989995 3.756812
102.428834 4 7.798970 100.256651 3.990247 3.758146
102.528834 4 7.798853 99.674454 3.990498 3.759473
102.628834 4 7.798736 99.098207 3.990747 3.760794
102.728834 4 7.798620 98.527839 3.990995 3.762110
102.828834 4 7.798504 97.963282 3.991240 3.763419
102.928834 4 7.798388 97.404468 3.991484 3.764722
103.028834 4 7.798273 96.851329 3.991726 3.766019
103.128834 4 7.798159 96.303800 3.991967 3.767311
103.228834 4 7.798045 95.761815 3.992206 3.768596
103.328834 4 7.797931 95.225311 3.992444 3.769875
103.428834 4 7.797818 94.694223 3.992680 3.771149
103.528834 4 7.797705 94.168489 3.992915 3.772416
103.628834 4 7.797593 93.648047 3.993148 3.773678
103.728834 4 7.797481 93.132836 3.993380 3.774934
103.828834 4 7.797369 92.622796 3.993610 3.776184
103.928834 4 7.797258 92.117868 3.993839 3.777428
104.028834 4 7.797148 91.617994 3.994067 3.778667
104.128834 4 7.797038 91.123115 3.994293 3.779899
104.228834 4 7.796928 90.633174 3.994518 3.781126
104.328834 4 7.796818 90.148117 3.994741 3.782348
104.428834 4 7.796709 89.667886 3.994963 3.783563
104.528834 4 7.796601 89.192427 3.995184 3.784773
104.628834 4 7.796493 88.721687 3.995404 3.785977
104.728834 4 7.796385 88.255612 3.995623 3.787175
104.828834 4 7.796277 87.794149 3.995840 3.788368
104.928834 4 7.796170 87.337248 3.996056 3.789555
105.028834 4 7.796064 86.884855 3.996271 3.790736
105.128834 4 7.795958 86.436922 3.996485 3.791912
105.228834 4 7.795852 85.993398 3.996698 3.793082
105.328834 4 7.795746 85.554234 3.996909 3.794247
105.428834 4 7.795641 85.119381 3.997119 3.795406
105.528834 4 7.795536 84.688792 3.997329 3.796560
105.628834 4 7.795432 84.262420 3.997537 3.797708
105.728834 4 7.795224 83.422139 3.997950 3.799987
105.828834 4 7.795017 82.598172 3.998359 3.802245
105.928834 4 7.794812 81.790163 3.998764 3.804481
106.028834 4 7.794609 80.997763 3.999166 3.806695
106.128834 4 7.794406 80.220634 3.999563 3.808888
106.228834 4 7.794205 79.458448 3.999956 3.811060
106.328834 4 7.794005 78.710881 4.000346 3.813210
106.428834 4 7.793807 77.977623 4.000733 3.815339
106.528834 4 7.793610 77.258366 4.001115 3.817447
106.628834 4 7.793414 76.552815 4.001495 3.819534
106.728834 4 7.793219 75.860678 4.001871 3.821600
106.828834 4 7.793026 75.181674 4.002244 3.823646
106.928834 4 7.792834 74.515526 4.002614 3.825671
107.028834 4 7.792643 73.861966 4.002980 3.827675
107.128834 4 7.792453 73.220732 4.003344 3.829660
107.228834 4 7.792264 72.591569 4.003705 3.831624
107.328834 4 7.792076 71.974226 4.004062 3.833568
107.428834 4 7.791890 71.368462 4.004417 3.835492
107.528834 4 7.791704 70.774038 4.004770 3.837396
107.628834 4 7.791520 70.190724 4.005119 3.839280
107.728834 4 7.791337 69.618294 4.005466 3.841145
107.828834 4 7.791155 69.056527 4.005810 3.842991
107.928834 4 7.790973 68.505209 4.006152 3.844817
108.028834 4 7.790793 67.964131 4.006491 3.846623
108.128834 4 7.790614 67.433087 4.006827 3.848411
108.228834 4 7.790435 66.911878 4.007161 3.850179
108.328834 4 7.790258 66.400308 4.007493 3.851929
108.428834 4 7.790082 65.898189 4.007823 3.853660
108.528834 4 7.789906 65.405333 4.008150 3.855372
108.628834 4 7.789731 64.921559 4.008475 3.857065
108.728834 4 7.789558 64.446691 4.008798 3.858740
108.828834 4 7.789385 63.980556 4.009119 3.860396
108.928834 4 7.789213 63.522984 4.009437 3.862034
109.028834 4 7.789042 63.073810 4.009754 3.863654
109.128834 4 7.788871 62.632875 4.010068 3.865256
109.228834 4 7.788702 62.200019 4.010380 3.866840
109.328834 4 7.788533 61.775090 4.010691 3.868407
109.428834 4 7.788365 61.357937 4.010999 3.869955
109.528834 4 7.788198 60.948414 4.011306 3.871486
109.628834 4 7.788032 60.546377 4.011611 3.872999
109.728834 4 7.787866 60.151686 4.011913 3.874495
109.828834 4 7.787701 59.764204 4.012214 3.875974
109.928834 4 7.787537 59.383798 4.012514 3.877435
110.028834 4 7.787373 59.010336 4.012811 3.878879
110.128834 4 7.787211 58.643691 4.013107 3.880307
110.228834 4 7.787048 58.283738 4.013401 3.881717
110.328834 4 7.786887 57.930354 4.013693 3.883111
110.428834 4 7.786726 57.583421 4.013984 3.884488
110.528834 4 7.786566 57.242820 4.014273 3.885848
110.628834 4 7.786407 56.908439 4.014560 3.887192
110.728834 4 7.786248 56.580165 4.014846 3.888520
110.828834 4 7.786090 56.257889 4.015130 3.889831
110.928834 4 7.785932 55.941504 4.015413 3.891127
111.028834 4 7.785775 55.630905 4.015694 3.892406
111.128834 4 7.785618 55.325990 4.015974 3.893669
111.228834 4 7.785462 55.026660 4.016252 3.894917
111.328834 4 7.785307 54.732815 4.016529 3.896149
111.428834 4 7.785152 54.444361 4.016804 3.897365
111.528834 4 7.784998 54.161203 4.017078 3.898566
111.628834 4 7.784844 53.883249 4.017351 3.899751
111.728834 4 7.784691 53.610410 4.017622 3.900921
111.828834 4 7.784386 53.079727 4.018160 3.903216
111.928834 4 7.784082 52.568471 4.018693 3.905451
112.028834 4 7.783781 52.075986 4.019221 3.907627
112.128834 4 7.783481 51.601646 4.019743 3.909745
112.228834 4 7.783183 51.144848 4.020261 3.911805
112.328834 4 7.782887 50.705014 4.020774 3.913809
112.428834 4 7.782593 50.281590 4.021283 3.915757
112.528834 4 7.782300 49.874042 4.021787 3.917650
112.628834 4 7.782008 49.481858 4.022286 3.919489
112.728834 4 7.781718 49.104544 4.022781 3.921275
112.828834 4 7.781429 48.741627 4.023272 3.923009
112.928834 4 7.781142 48.392649 4.023759 3.924691
113.028834 4 7.780856 48.057173 4.024241 3.926322
113.128834 4 7.780571 47.734774 4.024720 3.927903
113.228834 4 7.780288 47.425044 4.025195 3.929435
113.328834 4 7.780005 47.127591 4.025666 3.930919
113.428834 4 7.779724 46.842035 4.026133 3.932356
113.528834 4 7.779443 46.568010 4.026597 3.933746
113.628834 4 7.779164 46.305161 4.027057 3.935090
113.728834 4 7.778885 46.053148 4.027513 3.936389
113.828834 4 7.778607 45.811638 4.027966 3.937644
113.928834 4 7.778053 45.358867 4.028863 3.940025
114.028834 4 7.777503 44.944407 4.029746 3.942239
114.128834 4 7.776955 44.565968 4.030617 3.944293
114.228834 4 7.776409 44.221391 4.031476 3.946193
114.328834 4 7.775865 43.908641 4.032323 3.947946
114.428834 4 7.775324 43.625786 4.033159 3.949559
114.528834 4 7.774783 43.370992 4.033985 3.951037
114.628834 4 7.773706 42.938675 4.035605 3.953618
114.728834 4 7.772631 42.598567 4.037186 3.955740
114.828834 4 7.771559 42.338513 4.038731 3.957456
114.928834 4 7.770488 42.147096 4.040241 3.958817
115.028834 4 7.769416 42.013448 4.041719 3.959876
115.128834 4 7.768342 41.927096 4.043167 3.960685
115.228834 4 7.767266 41.877834 4.044585 3.961295
115.328834 4 7.766186 41.855620 4.045976 3.961758
115.428834 4 7.765103 41.850500 4.047341 3.962125
115.528834 4 7.764015 41.852626 4.048681 3.962449
115.628834 4 7.762923 41.858756 4.049997 3.962747
115.728834 4 7.761827 41.877557 4.051291 3.962973
115.828834 4 7.760727 41.918973 4.052563 3.963076
115.928834 4 7.759621 41.993013 4.053814 3.963006
116.028834 4 7.758511 42.109822 4.055046 3.962710
116.128834 4 7.757393 42.279767 4.056259 3.962139
116.228834 4 7.756269 42.513558 4.057453 3.961240
116.328834 4 7.755135 42.822386 4.058630 3.959963
116.428834 4 7.753991 43.218101 4.059791 3.958255
116.528834 4 7.753413 43.452479 4.060365 3.957224
116.628834 4 7.752831 43.713429 4.060935 3.956067
116.728834 4 7.752245 44.002716 4.061501 3.954776
116.828834 4 7.751656 44.322194 4.062063 3.953346
116.928834 4 7.751062 44.673814 4.062622 3.951769
117.028834 4 7.750463 45.059637 4.063176 3.950041
117.128834 4 7.749859 45.481846 4.063728 3.948153
117.228834 4 7.749555 45.707317 4.064002 3.947148
117.328834 4 7.749248 45.942765 4.064275 3.946101
117.428834 4 7.748941 46.188504 4.064548 3.945011
117.528834 4 7.748631 46.444857 4.064819 3.943877
117.628834 4 7.748321 46.712161 4.065090 3.942698
117.728834 4 7.748008 46.990761 4.065360 3.941474
117.828834 4 7.747694 47.281015 4.065629 3.940204
117.928834 4 7.747378 47.583295 4.065897 3.938888
118.028834 4 7.747060 47.897986 4.066165 3.937523
118.128834 4 7.746740 48.225486 4.066431 3.936110
118.228834 4 7.746418 48.566209 4.066697 3.934648
118.328834 4 7.746094 48.920584 4.066962 3.933135
118.428834 4 7.745767 49.289058 4.067226 3.931572
118.528834 4 7.745439 49.672092 4.067489 3.929957
118.628834 4 7.745108 50.070169 4.067752 3.928289
118.728834 4 7.744775 50.483788 4.068014 3.926568
118.828834 4 7.744439 50.913469 4.068275 3.924793
118.928834 4 7.744101 51.359754 4.068535 3.922963
119.028834 4 7.743760 51.823207 4.068794 3.921077
119.128834 4 7.743417 52.304414 4.069053 3.919135
119.228834 4 7.743070 52.803987 4.069311 3.917135
119.328834 4 7.742721 53.322563 4.069568 3.915077
119.428834 4 7.742545 53.589184 4.069696 3.914026
119.528834 4 7.742368 53.860808 4.069824 3.912960
119.628834 4 7.742190 54.137522 4.069952 3.911879
119.728834 4 7.742012 54.419414 4.070080 3.910784
119.828834 4 7.741832 54.706577 4.070207 3.909673
119.928834 4 7.741652 54.999104 4.070335 3.908546
120.028834 4 7.741471 55.297089 4.070462 3.907405
120.128834 4 7.741289 55.600631 4.070589 3.906248
120.228834 4 7.741106 55.909830 4.070716 3.905075
120.328834 4 7.740923 56.224786 4.070843 3.903887
120.428834 4 7.740738 56.545603 4.070969 3.902683
120.528834 4 7.740553 56.872389 4.071095 3.901464
120.628834 4 7.740366 57.205252 4.071221 3.900228
120.728834 4 7.740179 57.544302 4.071347 3.898976
120.828834 4 7.739990 57.889654 4.071473 3.897708
120.928834 4 7.739801 58.241423 4.071599 3.896424
121.028834 4 7.739611 58.599729 4.071724 3.895124
121.128834 4 7.739419 58.964693 4.071849 3.893807
121.228834 4 7.739227 59.336439 4.071974 3.892473
121.328834 4 7.739034 59.715095 4.072099 3.891123
121.428834 4 7.738839 60.100789 4.072224 3.889756
121.528834 4 7.738644 60.493656 4.072348 3.888373
121.628834 4 7.738447 60.893832 4.072473 3.886972
121.728834 4 7.738249 61.301455 4.072597 3.885554
121.828834 4 7.738050 61.716669 4.072721 3.884120
121.928834 4 7.737850 62.139618 4.072845 3.882667
122.028834 4 7.737649 62.570453 4.072969 3.881198
122.128834 4 7.737446 63.009326 4.073092 3.879711
122.228834 4 7.737243 63.456394 4.073215 3.878207
122.328834 4 7.737038 63.911816 4.073339 3.876685
122.428834 4 7.736831 64.375757 4.073462 3.875145
122.528834 4 7.736624 64.848385 4.073584 3.873587
122.628834 4 7.736415 65.329871 4.073707 3.872011
122.728834 4 7.736205 65.820391 4.073830 3.870418
122.828834 4 7.735993 66.320126 4.073952 3.868806
122.928834 4 7.735781 66.829260 4.074074 3.867176
123.028834 4 7.735566 67.347982 4.074196 3.865527
123.128834 4 7.735351 67.876486 4.074318 3.863860
123.228834 4 7.735134 68.414971 4.074440 3.862175
123.328834 4 7.734915 68.963640 4.074561 3.860471
123.428834 4 7.734695 69.522702 4.074683 3.858748
123.528834 4 7.734473 70.092369 4.074804 3.857006
123.628834 4 7.734250 70.672860 4.074925 3.855245
123.728834 4 7.734025 71.264401 4.075046 3.853466
123.828834 4 7.733799 71.867220 4.075167 3.851667
123.928834 4 7.733571 72.481554 4.075287 3.849849
124.028834 4 7.733342 73.107644 4.075408 3.848011
124.128834 4 7.733110 73.745737 4.075528 3.846154
124.228834 4 7.732877 74.396088 4.075648 3.844278
124.328834 4 7.732643 75.058957 4.075768 3.842381
124.428834 4 7.732406 75.734611 4.075888 3.840465
124.528834 4 7.732168 76.423323 4.076008 3.838529
124.628834 4 7.731928 77.125375 4.076127 3.836574
124.728834 4 7.731686 77.841055 4.076246 3.834598
124.828834 4 7.731442 78.570659 4.076366 3.832602
124.928834 4 7.731196 79.314488 4.076485 3.830585
125.028834 4 7.730948 80.072856 4.076603 3.828549
125.128834 4 7.730698 80.846080 4.076722 3.826492
125.228834 4 7.730446 81.634489 4.076841 3.824414
125.328834 4 7.730192 82.438418 4.076959 3.822316
125.428834 4 7.729936 83.258212 4.077078 3.820196
125.528834 4 7.729807 83.674171 4.077137 3.819129
125.628834 4 7.729678 84.094229 4.077196 3.818056
125.728834 4 7.729547 84.518434 4.077255 3.816979
125.828834 4 7.729417 84.946830 4.077314 3.815895
125.928834 4 7.729285 85.379465 4.077373 3.814807
126.028834 4 7.729154 85.816387 4.077431 3.813713
126.128834 4 7.729021 86.257643 4.077490 3.812614
126.228834 4 7.728888 86.703283 4.077549 3.811510
126.328834 4 7.728755 87.153357 4.077608 3.810400
126.428834 4 7.728620 87.607913 4.077667 3.809286
126.528834 4 7.728486 88.067004 4.077725 3.808165
126.628834 4 7.728350 88.530680 4.077784 3.807040
126.728834 4 7.728214 88.998994 4.077843 3.805909
126.828834 4 7.728078 89.471999 4.077901 3.804772
126.928834 4 7.727941 89.949748 4.077960 3.803631
127.028834 4 7.727803 90.432297 4.078018 3.802483
127.128834 4 7.727665 90.919698 4.078077 3.801331
127.228834 4 7.727526 91.412010 4.078135 3.800173
127.328834 4 7.727386 91.909287 4.078194 3.799009
127.428834 4 7.727246 92.411589 4.078252 3.797840
127.528834 4 7.727105 92.918971 4.078311 3.796666
127.628834 4 7.726963 93.431495 4.078369 3.795486
127.728834 4 7.726821 93.949219 4.078427 3.794301
127.828834 4 7.726678 94.472203 4.078485 3.793110
127.928834 4 7.726534 95.000510 4.078544 3.791913
128.028834 4 7.726390 95.534201 4.078602 3.790712
128.128834 4 7.726245 96.073340 4.078660 3.789504
128.228834 4 7.726100 96.617990 4.078718 3.788291
128.328834 4 7.725953 97.168216 4.078776 3.787072
128.428834 4 7.725806 97.724084 4.078834 3.785848
128.528834 4 7.725659 98.285661 4.078892 3.784618
128.628834 4 7.725510 98.853014 4.078950 3.783383
128.728834 4 7.725361 99.426211 4.079008 3.782142
128.828834 4 7.725211 100.005322 4.079066 3.780895
128.928834 4 7.725061 100.590417 4.079124 3.779643
129.028834 4 7.724909 101.181568 4.079181 3.778385
129.128834 4 7.724757 101.778847 4.079239 3.777122
129.228834 4 7.724604 102.382328 4.079297 3.775852
129.328834 4 7.724451 102.992084 4.079355 3.774577
129.428834 4 7.724297 103.608192 4.079412 3.773297
129.528834 4 7.724141 104.230727 4.079470 3.772010
129.628834 4 7.723986 104.859767 4.079528 3.770718
129.728834 4 7.723829 105.495392 4.079585 3.769420
129.828834 4 7.723671 106.137680 4.079643 3.768116
129.928834 4 7.723513 106.786713 4.079700 3.766807
130.028834 4 7.723354 107.442573 4.079758 3.765492
130.128834 4 7.723194 108.105342 4.079815 3.764171
130.228834 4 7.723033 108.775106 4.079873 3.762844
130.328834 4 7.722872 109.451950 4.079930 3.761511
130.428834 4 7.722709 110.135961 4.079987 3.760173
130.528834 4 7.722546 110.827226 4.080045 3.758828
130.628834 4 7.722382 111.525835 4.080102 3.757478
130.728834 4 7.722217 112.231880 4.080159 3.756122
130.828834 4 7.722051 112.945450 4.080216 3.754760
130.928834 4 7.721885 113.666641 4.080273 3.753392
131.028834 4 7.721717 114.395546 4.080330 3.752019
131.128834 4 7.721548 115.132262 4.080388 3.750639
131.228834 4 7.721379 115.876885 4.080445 3.749253
131.328834 4 7.721209 116.629514 4.080502 3.747862
131.428834 4 7.721037 117.390250 4.080559 3.746464
131.528834 4 7.720865 118.159194 4.080616 3.745061
131.628834 4 7.720692 118.936450 4.080672 3.743651
131.728834 4 7.720518 119.722121 4.080729 3.742236
131.828834 4 7.720343 120.516314 4.080786 3.740814
131.928834 4 7.720167 121.319137 4.080843 3.739387
132.028834 4 7.719990 122.130698 4.080900 3.737953
132.128834 4 7.719812 122.951109 4.080957 3.736513
132.228834 4 7.719633 123.780483 4.081013 3.735068
132.328834 4 7.719453 124.618932 4.081070 3.733616
132.428834 4 7.719272 125.466574 4.081127 3.732158
132.528834 4 7.719090 126.323525 4.081183 3.730694
132.628834 4 7.718907 127.189905 4.081240 3.729224
132.728834 4 7.718723 128.065834 4.081296 3.727748
132.828834 4 7.718538 128.951437 4.081353 3.726266
132.928834 4 7.718352 129.846836 4.081409 3.724777
133.028834 4 7.718164 130.752160 4.081466 3.723283
133.128834 4 7.717976 131.667535 4.081522 3.721782
133.228834 4 7.717787 132.593093 4.081579 3.720275
133.328834 4 7.717596 133.528966 4.081635 3.718762
133.428834 4 7.717404 134.475288 4.081691 3.717242
133.528834 4 7.717212 135.432195 4.081748 3.715716
133.628834 4 7.717018 136.399825 4.081804 3.714185
133.728834 4 7.716823 137.378319 4.081860 3.712646
133.828834 4 7.716626 138.367819 4.081916 3.711102
133.928834 4 7.716429 139.368471 4.081972 3.709551
134.028834 4 7.716230 140.380420 4.082029 3.707994
134.128834 4 7.716030 141.403816 4.082085 3.706431
134.228834 4 7.715829 142.438810 4.082141 3.704862
134.328834 4 7.715627 143.485556 4.082197 3.703286
134.428834 4 7.715423 144.544209 4.082253 3.701703
134.528834 4 7.715219 145.614929 4.082309 3.700115
134.628834 4 7.715013 146.697876 4.082365 3.698520
134.728834 4 7.714805 147.793213 4.082420 3.696918
134.828834 4 7.714597 148.901105 4.082476 3.695311
134.928834 4 7.714387 150.021722 4.082532 3.693697
135.028834 4 7.714176 151.155233 4.082588 3.692076
135.128834 4 7.713963 152.301813 4.082644 3.690449
135.228834 4 7.713749 153.461638 4.082699 3.688816
135.328834 4 7.713534 154.634886 4.082755 3.687176
135.428834 4 7.713318 155.821740 4.082811 3.685529
135.528834 4 7.713100 157.022383 4.082866 3.683876
135.628834 4 7.712880 158.237003 4.082922 3.682217
135.728834 4 7.712660 159.465791 4.082978 3.680551
135.828834 4 7.712438 160.708939 4.083033 3.678879
135.928834 4 7.712214 161.966644 4.083089 3.677200
136.028834 4 7.711989 163.239106 4.083144 3.675515
136.128834 4 7.711762 164.526526 4.083200 3.673823
136.228834 4 7.711534 165.829110 4.083255 3.672124
136.328834 4 7.711305 167.147068 4.083310 3.670419
136.428834 4 7.711074 168.480611 4.083366 3.668707
136.528834 4 7.710841 169.829955 4.083421 3.666989
136.628834 4 7.710607 171.195319 4.083476 3.665264
136.728834 4 7.710372 172.576926 4.083532 3.663532
136.828834 4 7.710135 173.975000 4.083587 3.661794
136.928834 4 7.709896 175.389772 4.083642 3.660049
137.028834 4 7.709655 176.821476 4.083697 3.658297
137.128834 4 7.709413 178.270347 4.083752 3.656539
137.228834 4 7.709170 179.736626 4.083807 3.654774
137.328834 4 7.708924 181.220559 4.083863 3.653002
137.428834 4 7.708677 182.722393 4.083918 3.651224
137.528834 4 7.708429 184.242380 4.083973 3.649439
137.628834 4 7.708178 185.780779 4.084028 3.647647
137.728834 4 7.707926 187.337848 4.084083 3.645848
137.828834 4 7.707672 188.913853 4.084137 3.644043
137.928834 4 7.707416 190.509063 4.084192 3.642231
138.028834 4 7.707159 192.123751 4.084247 3.640412
138.128834 4 7.706900 193.758196 4.084302 3.638586
138.228834 4 7.706639 195.412680 4.084357 3.636753
138.328834 4 7.706378 197.072156 4.084411 3.634931
138.428834 4 7.706132 198.646294 4.084462 3.633216
138.528834 4 7.705900 200.138417 4.084510 3.631603
138.628834 4 7.705681 201.551849 4.084554 3.630086
138.728834 4 7.705475 202.889896 4.084596 3.628659
138.828834 4 7.705280 204.155826 4.084635 3.627319
138.928834 4 7.705097 205.352858 4.084672 3.626058
139.028834 4 7.704924 206.484147 4.084706 3.624874
139.128834 4 7.704761 207.552777 4.084739 3.623761
139.228834 4 7.704455 209.577674 4.084799 3.621668
139.328834 4 7.704184 211.372463 4.084852 3.619829
139.428834 4 7.703946 212.960766 4.084898 3.618215
139.528834 4 7.703737 214.364378 4.084939 3.616799
139.628834 4 7.703552 215.603255 4.084974 3.615556
139.728834 4 7.703390 216.695556 4.085005 3.614467
139.828834 4 7.703105 218.625880 4.085059 3.612555
139.928834 4 7.702890 220.089508 4.085100 3.611116
140.028834 4 7.702727 221.196264 4.085130 3.610034
140.128834 4 7.702483 222.871067 4.085176 3.608408
