t Ka M R logL logTeff
500.000000 0 0.400084 0.366233 -1.552529 3.591130
1000.000000 0 0.400084 0.367013 -1.549779 3.591355
1500.000000 0 0.400084 0.367795 -1.546955 3.591599
2000.000000 0 0.400084 0.368579 -1.544056 3.591861
2500.000000 0 0.400084 0.369365 -1.541082 3.592142
3000.000000 0 0.400084 0.370153 -1.538033 3.592442
3500.000000 0 0.400084 0.370943 -1.534909 3.592760
4000.000000 0 0.400084 0.371735 -1.531711 3.593096
4500.000000 0 0.400084 0.372529 -1.528437 3.593451
5000.000000 0 0.400084 0.373326 -1.525089 3.593825
5500.000000 0 0.400084 0.374125 -1.521665 3.594216
6000.000000 0 0.400084 0.374926 -1.518167 3.594626
6500.000000 0 0.400084 0.375730 -1.514594 3.595054
7000.000000 0 0.400084 0.376536 -1.510946 3.595501
7500.000000 0 0.400084 0.377346 -1.507223 3.595965
8000.000000 0 0.400084 0.378158 -1.503425 3.596448
8500.000000 0 0.400084 0.378973 -1.499552 3.596949
9000.000000 0 0.400084 0.379790 -1.495604 3.597467
9500.000000 0 0.400084 0.380611 -1.491582 3.598004
10000.000000 0 0.400084 0.381435 -1.487484 3.598559
10500.000000 0 0.400084 0.382262 -1.483312 3.599132
11000.000000 0 0.400084 0.383092 -1.479065 3.599723
11500.000000 0 0.400084 0.383926 -1.474742 3.600331
12000.000000 0 0.400084 0.384763 -1.470345 3.600958
12500.000000 0 0.400084 0.385604 -1.465873 3.601602
13000.000000 0 0.400084 0.386448 -1.461326 3.602264
13500.000000 0 0.400084 0.387296 -1.456704 3.602943
14000.000000 0 0.400084 0.388147 -1.452007 3.603641
14500.000000 0 0.400084 0.389003 -1.447235 3.604356
15000.000000 0 0.400084 0.389862 -1.442387 3.605088
15500.000000 0 0.400084 0.390725 -1.437465 3.605838
16000.000000 0 0.400084 0.391593 -1.432467 3.606606
16500.000000 0 0.400084 0.392465 -1.427395 3.607392
17000.000000 0 0.400084 0.393341 -1.422246 3.608194
17500.000000 0 0.400084 0.394222 -1.417022 3.609015
18000.000000 0 0.400084 0.395107 -1.411723 3.609853
18500.000000 0 0.400084 0.395997 -1.406347 3.610708
19000.000000 0 0.400084 0.396891 -1.400895 3.611581
19500.000000 0 0.400084 0.397791 -1.395367 3.612471
20000.000000 0 0.400084 0.398696 -1.389761 3.613379
20500.000000 0 0.400084 0.399606 -1.384078 3.614305
21000.000000 0 0.400084 0.400522 -1.378317 3.615248
21500.000000 0 0.400084 0.401443 -1.372478 3.616209
22000.000000 0 0.400084 0.402370 -1.366559 3.617188
22500.000000 0 0.400084 0.403303 -1.360560 3.618185
23000.000000 0 0.400084 0.404242 -1.354480 3.619200
23500.000000 0 0.400084 0.405188 -1.348317 3.620233
24000.000000 0 0.400084 0.406141 -1.342070 3.621285
24500.000000 0 0.400084 0.407101 -1.335737 3.622355
25000.000000 0 0.400084 0.408068 -1.329317 3.623445
25500.000000 0 0.400084 0.409044 -1.322807 3.624554
26000.000000 0 0.400084 0.410028 -1.316205 3.625683
26500.000000 0 0.400084 0.411021 -1.309507 3.626832
27000.000000 0 0.400084 0.412023 -1.302711 3.628002
27500.000000 0 0.400084 0.413036 -1.295812 3.629194
28000.000000 0 0.400084 0.414059 -1.288806 3.630408
28500.000000 0 0.400084 0.415095 -1.281688 3.631645
29000.000000 0 0.400084 0.416143 -1.274453 3.632906
29500.000000 0 0.400084 0.417204 -1.267094 3.634193
30000.000000 0 0.400084 0.418281 -1.259604 3.635506
30500.000000 0 0.400084 0.419373 -1.251975 3.636846
31000.000000 0 0.400084 0.420483 -1.244198 3.638217
31500.000000 0 0.400084 0.421613 -1.236262 3.639618
32000.000000 0 0.400084 0.422763 -1.228157 3.641053
32500.000000 0 0.400084 0.423936 -1.219870 3.642523
33000.000000 0 0.400084 0.425134 -1.211386 3.644031
33500.000000 0 0.400084 0.426359 -1.202689 3.645580
34000.000000 0 0.400084 0.427615 -1.193763 3.647173
34500.000000 0 0.400084 0.428905 -1.184587 3.648813
35000.000000 0 0.400084 0.430231 -1.175140 3.650505
35500.000000 0 0.400084 0.431597 -1.165398 3.652252
36000.000000 0 0.400084 0.433009 -1.155335 3.654059
36500.000000 0 0.400084 0.434469 -1.144921 3.655931
37000.000000 0 0.400084 0.435985 -1.134124 3.657874
37500.000000 0 0.400084 0.437560 -1.122909 3.659894
38000.000000 0 0.400084 0.439202 -1.111237 3.661999
38500.000000 0 0.400084 0.440918 -1.099065 3.664195
39000.000000 0 0.400084 0.442715 -1.086347 3.666492
39500.000000 0 0.400084 0.444603 -1.073030 3.668897
40000.000000 0 0.400084 0.446591 -1.059060 3.671421
40500.000000 0 0.400084 0.448690 -1.044374 3.674074
41000.000000 0 0.400084 0.450915 -1.028906 3.676867
41500.000000 0 0.400084 0.453279 -1.012583 3.679812
42000.000000 0 0.400084 0.455801 -0.995326 3.682921
42500.000000 0 0.400084 0.458503 -0.977047 3.686208
43000.000000 0 0.400084 0.461412 -0.957653 3.689683
43500.000000 0 0.400084 0.464563 -0.937043 3.693358
44000.000000 0 0.400084 0.468000 -0.915105 3.697241
44500.000000 0 0.400084 0.471787 -0.891719 3.701338
45000.000000 0 0.400084 0.476007 -0.866756 3.705645
45500.000000 0 0.400084 0.478315 -0.853639 3.707874
46000.000000 0 0.400084 0.480780 -0.840075 3.710148
46500.000000 0 0.400084 0.483426 -0.826043 3.712465
47000.000000 0 0.400084 0.486279 -0.811524 3.714817
47500.000000 0 0.400084 0.489375 -0.796497 3.717195
48000.000000 0 0.400084 0.492754 -0.780940 3.719590
48500.000000 0 0.400084 0.496468 -0.764831 3.721987
49000.000000 0 0.400084 0.500577 -0.748146 3.724369
49500.000000 0 0.400084 0.505158 -0.730860 3.726712
49863.554770 0 0.400084 0.507654 -0.721985 3.727861
50227.109540 0 0.400084 0.510303 -0.712950 3.728989
50590.664310 0 0.400084 0.513123 -0.703752 3.730092
50954.219080 0 0.400084 0.516128 -0.694388 3.731165
51317.773850 0 0.400084 0.519339 -0.684854 3.732202
51681.328620 0 0.400084 0.522776 -0.675147 3.733196
52044.883389 0 0.400084 0.526462 -0.665264 3.734141
52408.438159 0 0.400084 0.530423 -0.655200 3.735030
52771.992929 0 0.400084 0.534689 -0.644952 3.735852
53135.547699 0 0.400084 0.539292 -0.634517 3.736599
53499.102469 0 0.400084 0.544270 -0.623889 3.737261
53862.657239 0 0.400084 0.549664 -0.613067 3.737825
54044.434624 0 0.400084 0.552532 -0.607581 3.738067
54226.212009 0 0.400084 0.555521 -0.602045 3.738279
54407.989394 0 0.400084 0.558640 -0.596458 3.738460
54589.766779 0 0.400084 0.561894 -0.590820 3.738608
54771.544164 0 0.400084 0.565293 -0.585130 3.738721
54953.321549 0 0.400084 0.568843 -0.579387 3.738797
55135.098934 0 0.400084 0.572555 -0.573592 3.738834
55316.876319 0 0.400084 0.576436 -0.567743 3.738829
55498.653704 0 0.400084 0.580498 -0.561840 3.738780
55680.431089 0 0.400084 0.584751 -0.555883 3.738685
55862.208474 0 0.400084 0.589206 -0.549870 3.738539
56043.985859 0 0.400084 0.593876 -0.543802 3.738342
56225.763244 0 0.400084 0.598773 -0.537678 3.738090
56384.818455 0 0.400084 0.603256 -0.532272 3.737822
56523.991766 0 0.400084 0.607339 -0.527507 3.737548
56645.768412 0 0.400084 0.611039 -0.523309 3.737279
56752.322978 0 0.400084 0.614378 -0.519615 3.737019
56938.793468 0 0.400084 0.620464 -0.513102 3.736507
57078.646336 0 0.400084 0.625239 -0.508176 3.736073
57183.535986 0 0.400084 0.628945 -0.504459 3.735719
57340.870462 0 0.400084 0.634714 -0.498846 3.735140
57498.204938 2 0.400084 0.640749 -0.493188 3.734500
57534.833042 2 0.400080 0.642003 -0.492400 3.734272
57537.754748 2 0.400080 0.642104 -0.492337 3.734254
57574.383761 2 0.400076 0.643361 -0.491549 3.734026
57611.013619 2 0.400072 0.644621 -0.490762 3.733798
57647.644326 2 0.400069 0.645883 -0.489974 3.733570
57684.275885 2 0.400065 0.647147 -0.489187 3.733342
57720.908299 2 0.400061 0.648413 -0.488400 3.733115
57757.541572 2 0.400057 0.649682 -0.487613 3.732887
57794.175707 2 0.400053 0.650953 -0.486826 3.732659
57830.810706 2 0.400049 0.652227 -0.486040 3.732431
57867.446575 2 0.400045 0.653503 -0.485254 3.732203
57904.083315 2 0.400041 0.654781 -0.484468 3.731976
57940.720930 2 0.400038 0.656061 -0.483682 3.731748
57977.359423 2 0.400034 0.657344 -0.482896 3.731520
58013.998799 2 0.400030 0.658629 -0.482110 3.731292
58050.639059 2 0.400026 0.659917 -0.481325 3.731065
58087.280209 2 0.400022 0.661206 -0.480540 3.730837
58123.922250 2 0.400018 0.662499 -0.479755 3.730609
58160.565187 2 0.400014 0.663793 -0.478970 3.730382
58197.209022 2 0.400010 0.665090 -0.478185 3.730154
58233.853760 2 0.400006 0.666389 -0.477401 3.729926
58270.499404 2 0.400001 0.667691 -0.476617 3.729699
58307.145956 2 0.399997 0.668995 -0.475833 3.729471
58343.793422 2 0.399993 0.670301 -0.475049 3.729244
58380.441804 2 0.399989 0.671609 -0.474265 3.729016
58417.091105 2 0.399985 0.672920 -0.473482 3.728788
58453.741329 2 0.399981 0.674234 -0.472698 3.728561
58490.392481 2 0.399977 0.675549 -0.471915 3.728333
58527.044562 2 0.399973 0.676867 -0.471132 3.728106
58563.697578 2 0.399968 0.678188 -0.470350 3.727878
58600.351530 2 0.399964 0.679511 -0.469567 3.727651
58637.006424 2 0.399960 0.680836 -0.468785 3.727423
58673.662262 2 0.399956 0.682164 -0.468003 3.727196
58710.319049 2 0.399951 0.683494 -0.467221 3.726968
58746.976787 2 0.399947 0.684826 -0.466439 3.726741
58783.635481 2 0.399943 0.686161 -0.465658 3.726513
58820.295134 2 0.399939 0.687498 -0.464877 3.726286
58856.955749 2 0.399934 0.688837 -0.464096 3.726058
58893.617331 2 0.399930 0.690179 -0.463315 3.725831
58930.279883 2 0.399926 0.691524 -0.462534 3.725603
58966.943409 2 0.399921 0.692871 -0.461754 3.725376
59003.607913 2 0.399917 0.694220 -0.460973 3.725149
59040.273398 2 0.399912 0.695571 -0.460193 3.724921
59076.939867 2 0.399908 0.696925 -0.459414 3.724694
59113.607326 2 0.399904 0.698282 -0.458634 3.724467
59150.275777 2 0.399899 0.699641 -0.457855 3.724239
59186.945224 2 0.399895 0.701002 -0.457076 3.724012
59223.615672 2 0.399890 0.702366 -0.456297 3.723785
59260.287124 2 0.399886 0.703732 -0.455518 3.723557
59296.959583 2 0.399881 0.705100 -0.454740 3.723330
59333.633054 2 0.399877 0.706471 -0.453961 3.723103
59370.307540 2 0.399872 0.707845 -0.453183 3.722876
59406.983046 2 0.399867 0.709221 -0.452406 3.722649
59443.659575 2 0.399863 0.710599 -0.451628 3.722421
59480.337131 2 0.399858 0.711980 -0.450851 3.722194
59517.015718 2 0.399854 0.713363 -0.450074 3.721967
59553.695340 2 0.399849 0.714748 -0.449297 3.721740
59590.376000 2 0.399844 0.716137 -0.448520 3.721513
59627.057704 2 0.399840 0.717527 -0.447744 3.721286
59663.740455 2 0.399835 0.718920 -0.446967 3.721058
59700.424256 2 0.399830 0.720316 -0.446191 3.720831
59737.109112 2 0.399825 0.721713 -0.445416 3.720604
59773.795027 2 0.399821 0.723114 -0.444640 3.720377
59810.482005 2 0.399816 0.724517 -0.443865 3.720150
59847.170050 2 0.399811 0.725922 -0.443090 3.719923
59883.859165 2 0.399806 0.727330 -0.442315 3.719696
59920.549356 2 0.399802 0.728740 -0.441541 3.719469
59957.240626 2 0.399797 0.730153 -0.440766 3.719242
59993.932979 2 0.399792 0.731568 -0.439992 3.719015
60030.626419 2 0.399787 0.732986 -0.439219 3.718788
60067.320951 2 0.399782 0.734406 -0.438445 3.718561
60104.016578 2 0.399777 0.735829 -0.437672 3.718334
60140.713305 2 0.399772 0.737254 -0.436899 3.718107
60177.411136 2 0.399767 0.738682 -0.436126 3.717880
60214.110075 2 0.399762 0.740112 -0.435353 3.717654
60250.810127 2 0.399757 0.741544 -0.434581 3.717427
60287.511295 2 0.399752 0.742980 -0.433809 3.717200
60324.213583 2 0.399747 0.744417 -0.433037 3.716973
60360.916997 2 0.399742 0.745857 -0.432265 3.716746
60397.621540 2 0.399737 0.747300 -0.431494 3.716520
60434.327217 2 0.399732 0.748745 -0.430723 3.716293
60471.034032 2 0.399727 0.750193 -0.429952 3.716066
60507.741989 2 0.399722 0.751643 -0.429182 3.715839
60544.451092 2 0.399717 0.753096 -0.428412 3.715613
60581.161346 2 0.399712 0.754551 -0.427642 3.715386
60617.872756 2 0.399706 0.756009 -0.426872 3.715159
60654.585325 2 0.399701 0.757469 -0.426102 3.714932
60691.299058 2 0.399696 0.758932 -0.425333 3.714706
60728.013959 2 0.399691 0.760397 -0.424564 3.714479
60764.730034 2 0.399686 0.761865 -0.423796 3.714253
60801.447285 2 0.399680 0.763336 -0.423027 3.714026
60838.165719 2 0.399675 0.764808 -0.422259 3.713799
60874.885339 2 0.399670 0.766284 -0.421491 3.713573
60911.606149 2 0.399664 0.767762 -0.420724 3.713346
60948.328154 2 0.399659 0.769242 -0.419956 3.713120
60985.051360 2 0.399654 0.770726 -0.419189 3.712893
61021.775769 2 0.399648 0.772211 -0.418423 3.712667
61058.501387 2 0.399643 0.773699 -0.417656 3.712440
61095.228219 2 0.399637 0.775190 -0.416890 3.712214
61131.956269 2 0.399632 0.776683 -0.416124 3.711988
61165.755832 3 0.399627 0.778085 -0.415394 3.711779
61202.494844 3 0.399621 0.783115 -0.410310 3.711650
61206.302162 3 0.399621 0.783641 -0.409781 3.711637
61243.744294 3 0.399615 0.788861 -0.404543 3.711505
61280.812005 3 0.399609 0.794117 -0.399305 3.711372
61317.509039 3 0.399603 0.799408 -0.394067 3.711240
61353.839103 3 0.399598 0.804735 -0.388830 3.711107
61389.805866 3 0.399592 0.810098 -0.383592 3.710974
61425.412961 3 0.399586 0.815497 -0.378354 3.710841
61460.663985 3 0.399580 0.820933 -0.373116 3.710708
61495.562499 3 0.399574 0.826405 -0.367879 3.710574
61530.112028 3 0.399567 0.831915 -0.362641 3.710441
61564.316062 3 0.399561 0.837462 -0.357403 3.710307
61598.178055 3 0.399555 0.843046 -0.352165 3.710174
61631.701429 3 0.399549 0.848668 -0.346927 3.710040
61664.889569 3 0.399542 0.854328 -0.341690 3.709906
61697.745827 3 0.399536 0.860027 -0.336452 3.709772
61730.273523 3 0.399530 0.865764 -0.331214 3.709637
61762.475941 3 0.399523 0.871540 -0.325976 3.709503
61794.356336 3 0.399517 0.877355 -0.320739 3.709368
61825.917926 3 0.399510 0.883210 -0.315501 3.709233
61857.163901 3 0.399503 0.889104 -0.310263 3.709098
61888.097416 3 0.399496 0.895038 -0.305025 3.708963
61918.721596 3 0.399490 0.901013 -0.299788 3.708828
61949.039534 3 0.399483 0.907028 -0.294550 3.708693
61979.054293 3 0.399476 0.913084 -0.289312 3.708557
62008.768904 3 0.399469 0.919181 -0.284074 3.708422
62038.186369 3 0.399462 0.925319 -0.278837 3.708286
62067.309659 3 0.399455 0.931499 -0.273599 3.708150
62096.141716 3 0.399448 0.937721 -0.268361 3.708014
62124.685453 3 0.399440 0.943985 -0.263123 3.707877
62152.943752 3 0.399433 0.950291 -0.257885 3.707741
62180.919469 3 0.399426 0.956641 -0.252648 3.707604
62208.615428 3 0.399418 0.963034 -0.247410 3.707467
62236.034428 3 0.399411 0.969470 -0.242172 3.707330
62263.179238 3 0.399403 0.975949 -0.236934 3.707193
62290.052599 3 0.399396 0.982473 -0.231697 3.707056
62316.657227 3 0.399388 0.989041 -0.226459 3.706919
62342.995809 3 0.399380 0.995654 -0.221221 3.706781
62369.071005 3 0.399372 1.002312 -0.215983 3.706643
62394.885449 3 0.399365 1.009015 -0.210746 3.706505
62420.441748 3 0.399357 1.015764 -0.205508 3.706367
62445.742485 3 0.399349 1.022558 -0.200270 3.706229
62470.790214 3 0.399341 1.029399 -0.195032 3.706091
62495.587466 3 0.399332 1.036287 -0.189794 3.705952
62520.136745 3 0.399324 1.043221 -0.184557 3.705813
62544.440531 3 0.399316 1.050203 -0.179319 3.705674
62568.501280 3 0.399307 1.057232 -0.174081 3.705535
62592.321421 3 0.399299 1.064309 -0.168843 3.705396
62615.903361 3 0.399290 1.071434 -0.163606 3.705256
62639.249481 3 0.399282 1.078608 -0.158368 3.705117
62662.362140 3 0.399273 1.085831 -0.153130 3.704977
62685.243673 3 0.399264 1.093103 -0.147892 3.704837
62707.896390 3 0.399256 1.100424 -0.142655 3.704697
62730.322580 3 0.399247 1.107796 -0.137417 3.704557
62752.524508 3 0.399238 1.115217 -0.132179 3.704416
62774.504417 3 0.399229 1.122690 -0.126941 3.704275
62796.264527 3 0.399220 1.130213 -0.121704 3.704134
62817.807036 3 0.399210 1.137788 -0.116466 3.703993
62839.134119 3 0.399201 1.145415 -0.111228 3.703852
62860.247932 3 0.399192 1.153093 -0.105990 3.703711
62881.150607 3 0.399182 1.160824 -0.100752 3.703569
62901.844255 3 0.399173 1.168608 -0.095515 3.703427
62922.330966 3 0.399163 1.176445 -0.090277 3.703285
62942.612811 3 0.399153 1.184336 -0.085039 3.703143
62962.691836 3 0.399144 1.192280 -0.079801 3.703001
62982.570072 3 0.399134 1.200279 -0.074564 3.702858
63002.249525 3 0.399124 1.208333 -0.069326 3.702716
63021.732184 3 0.399114 1.216442 -0.064088 3.702573
63041.020016 3 0.399103 1.224606 -0.058850 3.702430
63060.114970 3 0.399093 1.232826 -0.053613 3.702286
63079.018974 3 0.399083 1.241103 -0.048375 3.702143
63097.733938 3 0.399073 1.249436 -0.043137 3.701999
63116.261753 3 0.399062 1.257826 -0.037899 3.701855
63134.604289 3 0.399051 1.266274 -0.032661 3.701711
63152.763400 3 0.399041 1.274779 -0.027424 3.701567
63170.740920 3 0.399030 1.283343 -0.022186 3.701423
63188.538665 3 0.399019 1.291965 -0.016948 3.701278
63206.158433 3 0.399008 1.300647 -0.011710 3.701133
63223.602002 3 0.398997 1.309388 -0.006473 3.700988
63240.871136 3 0.398986 1.318190 -0.001235 3.700843
63257.967579 3 0.398975 1.327051 0.004003 3.700697
63274.893057 3 0.398963 1.335974 0.009241 3.700552
63291.649280 3 0.398952 1.344957 0.014478 3.700406
63308.237941 3 0.398940 1.354002 0.019716 3.700260
63324.660716 3 0.398929 1.363110 0.024954 3.700114
63340.919263 3 0.398917 1.372280 0.030192 3.699967
63357.015224 3 0.398905 1.381513 0.035429 3.699820
63372.950226 3 0.398893 1.390810 0.040667 3.699674
63388.725878 3 0.398881 1.400170 0.045905 3.699526
63404.343773 3 0.398869 1.409595 0.051143 3.699379
63419.805489 3 0.398856 1.419084 0.056381 3.699232
63435.112588 3 0.398844 1.428639 0.061618 3.699084
63450.266616 3 0.398831 1.438260 0.066856 3.698936
63465.269104 3 0.398819 1.447947 0.072094 3.698788
63480.121567 3 0.398806 1.457700 0.077332 3.698639
63494.825505 3 0.398793 1.467521 0.082569 3.698491
63509.382404 3 0.398780 1.477410 0.087807 3.698342
63523.793734 3 0.398767 1.487366 0.093045 3.698193
63538.060951 3 0.398754 1.497391 0.098283 3.698044
63552.185495 3 0.398741 1.507486 0.103520 3.697894
63566.168794 3 0.398727 1.517649 0.108758 3.697744
63580.012260 3 0.398714 1.527883 0.113996 3.697594
63593.717292 3 0.398700 1.538188 0.119234 3.697444
63607.285273 3 0.398686 1.548564 0.124472 3.697294
63620.717574 3 0.398672 1.559011 0.129709 3.697143
63634.015552 3 0.398658 1.569530 0.134947 3.696992
63647.180551 3 0.398644 1.580123 0.140185 3.696841
63660.213899 3 0.398630 1.590788 0.145423 3.696690
63673.116914 3 0.398616 1.601527 0.150660 3.696539
63685.890899 3 0.398601 1.612340 0.155898 3.696387
63698.537144 3 0.398586 1.623228 0.161136 3.696235
63711.056926 3 0.398572 1.634191 0.166374 3.696083
63723.451511 3 0.398557 1.645230 0.171611 3.695930
63735.722150 3 0.398542 1.656346 0.176849 3.695777
63747.870082 3 0.398527 1.667538 0.182087 3.695624
63759.896535 3 0.398511 1.678808 0.187325 3.695471
63771.802724 3 0.398496 1.690156 0.192562 3.695318
63783.589851 3 0.398480 1.701582 0.197800 3.695164
63795.259106 3 0.398465 1.713088 0.203038 3.695010
63806.811669 3 0.398449 1.724673 0.208276 3.694856
63818.248706 3 0.398433 1.736339 0.213514 3.694702
63829.571373 3 0.398417 1.748086 0.218751 3.694547
63840.780814 3 0.398400 1.759914 0.223989 3.694392
63851.878159 3 0.398384 1.771824 0.229227 3.694237
63862.864532 3 0.398367 1.783817 0.234465 3.694082
63873.741040 3 0.398351 1.795893 0.239702 3.693926
63884.508784 3 0.398334 1.808053 0.244940 3.693770
63895.168850 3 0.398317 1.820297 0.250178 3.693614
63905.722316 3 0.398300 1.832627 0.255416 3.693457
63916.170246 3 0.398282 1.845042 0.260653 3.693301
63926.513698 3 0.398265 1.857543 0.265891 3.693144
63936.753715 3 0.398247 1.870132 0.271129 3.692987
63946.891332 3 0.398229 1.882808 0.276367 3.692829
63956.927572 3 0.398211 1.895572 0.281605 3.692672
63966.863451 3 0.398193 1.908425 0.286842 3.692514
63976.699970 3 0.398175 1.921368 0.292080 3.692355
63986.438124 3 0.398157 1.934400 0.297318 3.692197
63996.078897 3 0.398138 1.947524 0.302556 3.692038
64005.623262 3 0.398119 1.960739 0.307793 3.691879
64015.072183 3 0.398100 1.974046 0.313031 3.691720
64024.426616 3 0.398081 1.987445 0.318269 3.691560
64033.687503 3 0.398062 2.000939 0.323507 3.691400
64042.855782 3 0.398043 2.014526 0.328744 3.691240
64051.932378 3 0.398023 2.028208 0.333982 3.691080
64060.918209 3 0.398003 2.041986 0.339220 3.690919
64069.814181 3 0.397983 2.055860 0.344458 3.690758
64078.621193 3 0.397963 2.069831 0.349695 3.690597
64087.340135 3 0.397943 2.083900 0.354933 3.690435
64095.971887 3 0.397923 2.098066 0.360171 3.690274
64104.517322 3 0.397902 2.112332 0.365409 3.690112
64112.977303 3 0.397881 2.126698 0.370647 3.689949
64121.352684 3 0.397860 2.141164 0.375884 3.689787
64129.644311 3 0.397839 2.155732 0.381122 3.689624
64137.853022 3 0.397817 2.170401 0.386360 3.689461
64145.979646 3 0.397796 2.185173 0.391598 3.689297
64154.025003 3 0.397774 2.200049 0.396835 3.689133
64161.989907 3 0.397752 2.215029 0.402073 3.688969
64169.875162 3 0.397730 2.230114 0.407311 3.688805
64177.681565 3 0.397708 2.245305 0.412549 3.688640
64185.409903 3 0.397685 2.260602 0.417786 3.688475
64193.060958 3 0.397662 2.276007 0.423024 3.688310
64200.635502 3 0.397639 2.291519 0.428262 3.688144
64208.134301 3 0.397616 2.307141 0.433500 3.687978
64215.558112 3 0.397593 2.322873 0.438738 3.687812
64222.907685 3 0.397569 2.338715 0.443975 3.687646
64230.183762 3 0.397545 2.354668 0.449213 3.687479
64237.387078 3 0.397521 2.370733 0.454451 3.687312
64244.518362 3 0.397497 2.386912 0.459689 3.687145
64251.578332 3 0.397473 2.403204 0.464926 3.686977
64258.567703 3 0.397448 2.419611 0.470164 3.686809
64265.487180 3 0.397423 2.436134 0.475402 3.686640
64272.337462 3 0.397398 2.452773 0.480640 3.686472
64279.119241 3 0.397373 2.469529 0.485877 3.686303
64285.833203 3 0.397347 2.486403 0.491115 3.686134
64292.480025 3 0.397321 2.503396 0.496353 3.685964
64299.060378 3 0.397295 2.520509 0.501591 3.685794
64305.574928 3 0.397269 2.537743 0.506828 3.685624
64312.024333 3 0.397243 2.555099 0.512066 3.685453
64318.409244 3 0.397216 2.572577 0.517304 3.685282
64324.730305 3 0.397189 2.590178 0.522542 3.685111
64330.988156 3 0.397162 2.607904 0.527780 3.684940
64337.183429 3 0.397134 2.625755 0.533017 3.684768
64343.316748 3 0.397107 2.643732 0.538255 3.684596
64349.388735 3 0.397079 2.661837 0.543493 3.684423
64355.400001 3 0.397051 2.680069 0.548731 3.684250
64361.351155 3 0.397022 2.698431 0.553968 3.684077
64367.242798 3 0.396994 2.716923 0.559206 3.683903
64373.075524 3 0.396965 2.735545 0.564444 3.683730
64378.849922 3 0.396936 2.754300 0.569682 3.683555
64384.566577 3 0.396906 2.773188 0.574919 3.683381
64390.226065 3 0.396876 2.792209 0.580157 3.683206
64395.828959 3 0.396846 2.811366 0.585395 3.683031
64401.375823 3 0.396816 2.830658 0.590633 3.682855
64406.867219 3 0.396786 2.850088 0.595870 3.682679
64412.303701 3 0.396755 2.869655 0.601108 3.682503
64417.685818 3 0.396724 2.889361 0.606346 3.682326
64423.014113 3 0.396692 2.909208 0.611584 3.682149
64428.289126 3 0.396661 2.929196 0.616822 3.681972
64433.511389 3 0.396629 2.949325 0.622059 3.681794
64438.681429 3 0.396597 2.969598 0.627297 3.681616
64443.799769 3 0.396564 2.990016 0.632535 3.681438
64448.866925 3 0.396531 3.010579 0.637773 3.681259
64453.883410 3 0.396498 3.031288 0.643010 3.681080
64458.849730 3 0.396465 3.052145 0.648248 3.680900
64463.766386 3 0.396431 3.073151 0.653486 3.680720
64468.633876 3 0.396397 3.094306 0.658724 3.680540
64473.452692 3 0.396363 3.115612 0.663961 3.680359
64478.223319 3 0.396328 3.137071 0.669199 3.680178
64482.946239 3 0.396293 3.158683 0.674437 3.679997
64487.621931 3 0.396258 3.180449 0.679675 3.679815
64492.250866 3 0.396223 3.202371 0.684913 3.679633
64496.833511 3 0.396187 3.224449 0.690150 3.679450
64501.370330 3 0.396151 3.246686 0.695388 3.679267
64505.861780 3 0.396114 3.269081 0.700626 3.679084
64510.308317 3 0.396077 3.291637 0.705864 3.678900
64514.710387 3 0.396040 3.314355 0.711101 3.678716
64519.068437 3 0.396003 3.337235 0.716339 3.678532
64523.382907 3 0.395965 3.360279 0.721577 3.678347
64527.654232 3 0.395927 3.383489 0.726815 3.678162
64531.882844 3 0.395888 3.406865 0.732052 3.677976
64536.069169 3 0.395849 3.430408 0.737290 3.677790
64540.213631 3 0.395810 3.454121 0.742528 3.677604
64544.316649 3 0.395770 3.478004 0.747766 3.677417
64548.378637 3 0.395730 3.502059 0.753003 3.677230
64552.400004 3 0.395690 3.526287 0.758241 3.677042
64556.381158 3 0.395649 3.550689 0.763479 3.676854
64560.322500 3 0.395608 3.575266 0.768717 3.676666
64564.224429 3 0.395567 3.600021 0.773955 3.676477
64568.087339 3 0.395525 3.624954 0.779192 3.676287
64571.911620 3 0.395483 3.650066 0.784430 3.676098
64575.697657 3 0.395440 3.675360 0.789668 3.675908
64579.445835 3 0.395398 3.700836 0.794906 3.675717
64583.156530 3 0.395354 3.726495 0.800143 3.675526
64586.830119 3 0.395311 3.752340 0.805381 3.675335
64590.466972 3 0.395266 3.778372 0.810619 3.675143
64594.067456 3 0.395222 3.804591 0.815857 3.674951
64597.631936 3 0.395177 3.831001 0.821094 3.674758
64601.160770 3 0.395132 3.857601 0.826332 3.674565
64604.654316 3 0.395086 3.884393 0.831570 3.674371
64608.112927 3 0.395040 3.911380 0.836808 3.674178
64611.536952 3 0.394993 3.938562 0.842046 3.673983
64614.926736 3 0.394946 3.965940 0.847283 3.673788
64618.282623 3 0.394899 3.993518 0.852521 3.673593
64621.604951 3 0.394851 4.021295 0.857759 3.673397
64624.894055 3 0.394803 4.049273 0.862997 3.673201
64628.150269 3 0.394754 4.077455 0.868234 3.673005
64631.373920 3 0.394705 4.105841 0.873472 3.672808
64634.565335 3 0.394655 4.134434 0.878710 3.672610
64637.724835 3 0.394605 4.163234 0.883948 3.672412
64640.852741 3 0.394555 4.192244 0.889185 3.672214
64643.949367 3 0.394504 4.221465 0.894423 3.672015
64647.015028 3 0.394452 4.250899 0.899661 3.671815
64650.050031 3 0.394400 4.280547 0.904899 3.671616
64653.054685 3 0.394348 4.310411 0.910136 3.671415
64656.029292 3 0.394295 4.340492 0.915374 3.671215
64658.974153 3 0.394242 4.370793 0.920612 3.671013
64661.889566 3 0.394188 4.401315 0.925850 3.670812
64664.775824 3 0.394133 4.432060 0.931088 3.670610
64667.633220 3 0.394079 4.463030 0.936325 3.670407
64670.462042 3 0.394023 4.494225 0.941563 3.670204
64673.262575 3 0.393967 4.525649 0.946801 3.670000
64676.035103 3 0.393911 4.557303 0.952039 3.669796
64678.779906 3 0.393854 4.589188 0.957276 3.669592
64681.497261 3 0.393797 4.621307 0.962514 3.669387
64684.187442 3 0.393739 4.653661 0.967752 3.669181
64686.850722 3 0.393680 4.686252 0.972990 3.668975
64689.487369 3 0.393621 4.719082 0.978227 3.668769
64692.097649 3 0.393562 4.752153 0.983465 3.668562
64694.681827 3 0.393502 4.785467 0.988703 3.668354
64697.240162 3 0.393441 4.819025 0.993941 3.668146
64699.772915 3 0.393380 4.852830 0.999179 3.667938
64702.280339 3 0.393318 4.886884 1.004416 3.667729
64704.762690 3 0.393256 4.921188 1.009654 3.667519
64707.220217 3 0.393193 4.955744 1.014892 3.667309
64709.653169 3 0.393130 4.990555 1.020130 3.667099
64712.061791 3 0.393066 5.025623 1.025367 3.666887
64714.446327 3 0.393001 5.060949 1.030605 3.666676
64716.807018 3 0.392936 5.096535 1.035843 3.666464
64719.144102 3 0.392870 5.132384 1.041081 3.666251
64721.457815 3 0.392803 5.168498 1.046318 3.666038
64723.748390 3 0.392736 5.204878 1.051556 3.665824
64726.016060 3 0.392669 5.241528 1.056794 3.665610
64728.261054 3 0.392600 5.278448 1.062032 3.665395
64730.483597 3 0.392531 5.315642 1.067269 3.665180
64732.683915 3 0.392462 5.353111 1.072507 3.664964
64734.862230 3 0.392392 5.390857 1.077745 3.664748
64737.018762 3 0.392321 5.428884 1.082983 3.664531
64739.153728 3 0.392249 5.467192 1.088221 3.664314
64741.267345 3 0.392177 5.505784 1.093458 3.664096
64743.359825 3 0.392104 5.544663 1.098696 3.663877
64745.431381 3 0.392031 5.583831 1.103934 3.663658
64747.482221 3 0.391956 5.623290 1.109172 3.663438
64749.512553 3 0.391882 5.663042 1.114409 3.663218
64751.522581 3 0.391806 5.703091 1.119647 3.662997
64753.512510 3 0.391730 5.743437 1.124885 3.662776
64755.482538 3 0.391653 5.784084 1.130123 3.662554
64757.432867 3 0.391575 5.825033 1.135360 3.662331
64759.363692 3 0.391496 5.866289 1.140598 3.662108
64761.275209 3 0.391417 5.907852 1.145836 3.661885
64763.167611 3 0.391337 5.949725 1.151074 3.661661
64765.041089 3 0.391257 5.991911 1.156312 3.661436
64766.895832 3 0.391175 6.034413 1.161549 3.661210
64768.732028 3 0.391093 6.077232 1.166787 3.660984
64770.549861 3 0.391010 6.120372 1.172025 3.660758
64772.349517 3 0.390926 6.163835 1.177263 3.660531
64774.131176 3 0.390842 6.207623 1.182500 3.660303
64775.895018 3 0.390757 6.251740 1.187738 3.660075
64777.641222 3 0.390670 6.296188 1.192976 3.659846
64779.369963 3 0.390584 6.340970 1.198214 3.659616
64781.081418 3 0.390496 6.386087 1.203451 3.659386
64782.775757 3 0.390407 6.431544 1.208689 3.659155
64784.453154 3 0.390318 6.477343 1.213927 3.658924
64786.113776 3 0.390228 6.523486 1.219165 3.658692
64787.757793 3 0.390137 6.569977 1.224402 3.658459
64789.385369 3 0.390045 6.616818 1.229640 3.658226
64790.996669 3 0.389952 6.664012 1.234878 3.657992
64792.591856 3 0.389858 6.711563 1.240116 3.657758
64794.171092 3 0.389764 6.759472 1.245354 3.657523
64795.734535 3 0.389669 6.807743 1.250591 3.657287
64797.282343 3 0.389572 6.856379 1.255829 3.657050
64798.814674 3 0.389475 6.905382 1.261067 3.656813
64800.331681 3 0.389377 6.954757 1.266305 3.656576
64801.833518 3 0.389278 7.004505 1.271542 3.656337
64803.320337 3 0.389178 7.054630 1.276780 3.656098
64804.792288 3 0.389077 7.105135 1.282018 3.655859
64806.249519 3 0.388975 7.156024 1.287256 3.655619
64807.692177 3 0.388872 7.207299 1.292493 3.655378
64809.120410 3 0.388768 7.258963 1.297731 3.655136
64810.534359 3 0.388664 7.311020 1.302969 3.654894
64811.934170 3 0.388558 7.363473 1.308207 3.654651
64813.319982 3 0.388451 7.416325 1.313445 3.654407
64814.691936 3 0.388343 7.469580 1.318682 3.654163
64816.050171 3 0.388234 7.523241 1.323920 3.653918
64817.394823 3 0.388124 7.577311 1.329158 3.653672
64818.726029 3 0.388014 7.631793 1.334396 3.653426
64820.043923 3 0.387902 7.686692 1.339633 3.653179
64821.348637 3 0.387789 7.742010 1.344871 3.652931
64822.640305 3 0.387674 7.797752 1.350109 3.652683
64823.919056 3 0.387559 7.853919 1.355347 3.652434
64825.185019 3 0.387443 7.910518 1.360584 3.652184
64826.438323 3 0.387326 7.967549 1.365822 3.651934
64827.679094 3 0.387207 8.025018 1.371060 3.651683
64828.907457 3 0.387087 8.082928 1.376298 3.651431
64830.123536 3 0.386967 8.141283 1.381535 3.651178
64831.327455 3 0.386845 8.200087 1.386773 3.650925
64832.519334 3 0.386721 8.259342 1.392011 3.650671
64833.699295 3 0.386597 8.319053 1.397249 3.650416
64834.867456 3 0.386472 8.379225 1.402487 3.650160
64836.023935 3 0.386345 8.439860 1.407724 3.649904
64837.168850 3 0.386217 8.500962 1.412962 3.649647
64838.302315 3 0.386088 8.562536 1.418200 3.649389
64839.424446 3 0.385958 8.624586 1.423438 3.649131
64840.535356 3 0.385826 8.687115 1.428675 3.648872
64841.635156 3 0.385693 8.750128 1.433913 3.648612
64842.723958 3 0.385559 8.813629 1.439151 3.648351
64843.801873 3 0.385423 8.877621 1.444389 3.648089
64844.869008 3 0.385287 8.942109 1.449626 3.647827
64845.925472 3 0.385149 9.007098 1.454864 3.647564
64846.971371 3 0.385009 9.072591 1.460102 3.647300
64848.006811 3 0.384868 9.138593 1.465340 3.647036
64849.031897 3 0.384726 9.205108 1.470577 3.646770
64850.046732 3 0.384583 9.272141 1.475815 3.646504
64851.051419 3 0.384438 9.339695 1.481053 3.646237
64852.046059 3 0.384292 9.407776 1.486291 3.645970
64853.030752 3 0.384144 9.476388 1.491529 3.645701
64854.005599 3 0.383995 9.545535 1.496766 3.645432
64854.970697 3 0.383844 9.615222 1.502004 3.645162
64855.926144 3 0.383692 9.685454 1.507242 3.644891
64856.872036 3 0.383538 9.756235 1.512480 3.644619
64857.808470 3 0.383383 9.827570 1.517717 3.644347
64858.735539 3 0.383227 9.899465 1.522955 3.644073
64859.653338 3 0.383069 9.971923 1.528193 3.643799
64860.561958 3 0.382909 10.044949 1.533431 3.643524
64861.461493 3 0.382748 10.118549 1.538668 3.643249
64862.352032 3 0.382585 10.192727 1.543906 3.642972
64863.233665 3 0.382421 10.267489 1.549144 3.642694
64864.106483 3 0.382255 10.342839 1.554382 3.642416
64864.970572 3 0.382087 10.418783 1.559620 3.642137
64865.826020 3 0.381918 10.495326 1.564857 3.641857
64866.672914 3 0.381747 10.572473 1.570095 3.641576
64867.511339 3 0.381575 10.650229 1.575333 3.641294
64868.341379 3 0.381400 10.728599 1.580571 3.641012
64869.163119 3 0.381224 10.807590 1.585808 3.640728
64869.976642 3 0.381047 10.887206 1.591046 3.640444
64870.782030 3 0.380867 10.967452 1.596284 3.640159
64871.579363 3 0.380686 11.048335 1.601522 3.639873
64872.368724 3 0.380503 11.129861 1.606759 3.639586
64873.150190 3 0.380318 11.212033 1.611997 3.639298
64873.923842 3 0.380131 11.294859 1.617235 3.639009
64874.689758 3 0.379943 11.378345 1.622473 3.638719
64875.448014 3 0.379752 11.462495 1.627710 3.638429
64876.198688 3 0.379560 11.547315 1.632948 3.638137
64876.941855 3 0.379366 11.632813 1.638186 3.637845
64877.677591 3 0.379170 11.718993 1.643424 3.637551
64878.405969 3 0.378972 11.805862 1.648662 3.637257
64879.127063 3 0.378771 11.893426 1.653899 3.636962
64879.840946 3 0.378569 11.981691 1.659137 3.636666
64880.547691 3 0.378365 12.070663 1.664375 3.636369
64881.247368 3 0.378159 12.160349 1.669613 3.636071
64881.940048 3 0.377951 12.250755 1.674850 3.635772
64882.625802 3 0.377741 12.341887 1.680088 3.635472
64883.304698 3 0.377528 12.433752 1.685326 3.635171
64883.976805 3 0.377314 12.526357 1.690564 3.634869
64884.642191 3 0.377097 12.619708 1.695801 3.634566
64885.300923 3 0.376878 12.713811 1.701039 3.634262
64885.953067 3 0.376657 12.808675 1.706277 3.633958
64886.598691 3 0.376434 12.904304 1.711515 3.633652
64887.237858 3 0.376208 13.000707 1.716753 3.633345
64887.870633 3 0.375981 13.097891 1.721990 3.633037
64888.497081 3 0.375751 13.195862 1.727228 3.632729
64889.117264 3 0.375518 13.294627 1.732466 3.632419
64889.731245 3 0.375283 13.394194 1.737704 3.632108
64890.339087 3 0.375046 13.494570 1.742941 3.631796
64890.940850 3 0.374807 13.595763 1.748179 3.631484
64891.536595 3 0.374565 13.697780 1.753417 3.631170
64892.126383 3 0.374320 13.800628 1.758655 3.630855
64892.710273 3 0.374073 13.904315 1.763892 3.630539
64893.288325 3 0.373824 14.008848 1.769130 3.630222
64893.860595 3 0.373571 14.114236 1.774368 3.629904
64894.427143 3 0.373317 14.220487 1.779606 3.629585
64894.988026 3 0.373060 14.327607 1.784843 3.629265
64895.543300 3 0.372800 14.435606 1.790081 3.628943
64896.093021 3 0.372537 14.544491 1.795319 3.628621
64896.637244 3 0.372272 14.654271 1.800557 3.628298
64897.176026 3 0.372004 14.764953 1.805795 3.627973
64897.709420 3 0.371733 14.876547 1.811032 3.627648
64898.237479 3 0.371460 14.989060 1.816270 3.627321
64898.760259 3 0.371183 15.102502 1.821508 3.626993
64899.277810 3 0.370904 15.216880 1.826746 3.626664
64899.790186 3 0.370622 15.332204 1.831983 3.626334
64900.297438 3 0.370337 15.448483 1.837221 3.626003
64900.799618 3 0.370049 15.565725 1.842459 3.625671
64901.296775 3 0.369758 15.683939 1.847697 3.625337
64901.788962 3 0.369464 15.803135 1.852934 3.625003
64902.276226 3 0.369167 15.923321 1.858172 3.624667
64902.758618 3 0.368867 16.044508 1.863410 3.624330
64903.236185 3 0.368563 16.166704 1.868648 3.623992
64903.708977 3 0.368257 16.289919 1.873886 3.623652
64904.177042 3 0.367947 16.414163 1.879123 3.623312
64904.640425 3 0.367634 16.539446 1.884361 3.622970
64905.099175 3 0.367318 16.665777 1.889599 3.622627
64905.553337 3 0.366998 16.793166 1.894837 3.622283
64906.002958 3 0.366675 16.921624 1.900074 3.621938
64906.448082 3 0.366349 17.051161 1.905312 3.621592
64906.888755 3 0.366019 17.181787 1.910550 3.621244
64907.325022 3 0.365686 17.313512 1.915788 3.620895
64907.756925 3 0.365349 17.446347 1.921025 3.620545
64908.184510 3 0.365008 17.580303 1.926263 3.620193
64908.607819 3 0.364664 17.715391 1.931501 3.619840
64909.026895 3 0.364316 17.851622 1.936739 3.619486
64909.441780 3 0.363965 17.989005 1.941976 3.619131
64909.852516 3 0.363610 18.127554 1.947214 3.618775
64910.259145 3 0.363251 18.267279 1.952452 3.618417
64910.661707 3 0.362888 18.408192 1.957690 3.618057
64911.060244 3 0.362521 18.550304 1.962928 3.617697
64911.454796 3 0.362150 18.693627 1.968165 3.617335
64911.845402 3 0.361775 18.838172 1.973403 3.616972
64912.232102 3 0.361397 18.983953 1.978641 3.616607
64912.614935 3 0.361014 19.115177 1.983879 3.616421
64912.993939 3 0.360627 19.238802 1.989116 3.616331
64913.369154 3 0.360237 19.362846 1.994354 3.616244
64913.740616 3 0.359842 19.487287 1.999592 3.616163
64914.108364 3 0.359444 19.612104 2.004830 3.616086
64914.472434 3 0.359043 19.737273 2.010067 3.616014
64914.832864 3 0.358637 19.862770 2.015305 3.615947
64915.189689 3 0.358228 19.988567 2.020543 3.615885
64915.542946 3 0.357814 20.114634 2.025780 3.615830
64915.892671 3 0.357397 20.240940 2.031018 3.615780
64916.238898 3 0.356976 20.367451 2.036256 3.615736
64916.581663 3 0.356551 20.494129 2.041493 3.615699
64916.921001 3 0.356122 20.620935 2.046731 3.615669
64917.256944 3 0.355688 20.747825 2.051969 3.615646
64917.589529 3 0.355251 20.874754 2.057206 3.615631
64917.918788 3 0.354810 21.001669 2.062444 3.615625
64918.244754 3 0.354364 21.128516 2.067682 3.615627
64918.567460 3 0.353914 21.255236 2.072919 3.615637
64918.886940 3 0.353460 21.381763 2.078157 3.615658
64919.203224 3 0.353002 21.508028 2.083395 3.615689
64919.516346 3 0.352540 21.633951 2.088632 3.615731
64919.826336 3 0.352073 21.759450 2.093870 3.615784
64920.133227 3 0.351602 21.884431 2.099107 3.615850
64920.437049 3 0.351127 22.008793 2.104345 3.615929
64920.737832 3 0.350648 22.132424 2.109582 3.616022
64921.035608 3 0.350164 22.255200 2.114820 3.616130
64921.330406 3 0.349676 22.376984 2.120057 3.616254
64921.622256 3 0.349183 22.497624 2.125294 3.616396
64921.911187 3 0.348687 22.616949 2.130532 3.616557
64922.197229 3 0.348185 22.734771 2.135769 3.616738
64922.480411 3 0.347680 22.850874 2.141006 3.616941
64922.760761 3 0.347170 22.965018 2.146243 3.617168
64923.038307 3 0.346656 23.076929 2.151480 3.617422
64923.313078 3 0.346137 23.186293 2.156717 3.617704
64923.585101 3 0.345615 23.292752 2.161954 3.618019
64923.854404 3 0.345087 23.395890 2.167191 3.618368
64924.121014 3 0.344556 23.495224 2.172427 3.618758
64924.384958 3 0.344021 23.590187 2.177664 3.619191
64924.646262 3 0.343481 23.680110 2.182900 3.619674
64924.904954 3 0.342938 23.764193 2.188135 3.620213
64925.161058 3 0.342390 23.841474 2.193371 3.620817
64925.414601 3 0.341839 23.910781 2.198606 3.621495
64925.665609 3 0.341285 23.970669 2.203840 3.622260
64925.914107 3 0.340726 24.019342 2.209074 3.623128
64926.160120 3 0.340165 24.054528 2.214306 3.624119
64926.403673 3 0.339601 24.073319 2.219538 3.625257
64926.644790 3 0.339034 24.071936 2.224768 3.626577
64926.883496 3 0.338465 24.045385 2.229996 3.628124
64927.119815 3 0.337895 23.986959 2.235221 3.629958
64927.353771 3 0.337324 23.887491 2.240442 3.632166
64927.585387 3 0.336754 23.734215 2.245658 3.634868
64927.814687 3 0.336185 23.509032 2.250867 3.638240
64927.928191 3 0.335902 23.362069 2.253461 3.640250
64928.041127 3 0.335620 23.186728 2.256052 3.642534
64928.153498 3 0.335340 22.977907 2.258639 3.645145
64928.253498 3 0.335201 22.859272 2.259929 3.646592
64928.353498 3 0.335063 22.729905 2.261217 3.648146
64928.453498 3 0.334925 22.588836 2.262505 3.649820
64928.553498 3 0.334788 22.434999 2.263790 3.651625
64928.653498 3 0.334652 22.267223 2.265074 3.653576
64928.753498 3 0.334517 22.084223 2.266356 3.655688
64928.853498 3 0.334382 21.884593 2.267635 3.657980
64928.953498 3 0.334249 21.666797 2.268911 3.660471
64929.053498 3 0.334183 21.550756 2.269548 3.661796
64929.153498 3 0.334118 21.429560 2.270184 3.663180
64929.253498 3 0.334052 21.302980 2.270819 3.664625
64929.353498 3 0.333987 21.170779 2.271454 3.666136
64929.453498 3 0.333923 21.032712 2.272087 3.667715
64929.553498 3 0.333859 20.888525 2.272720 3.669367
64929.653498 3 0.333795 20.737955 2.273351 3.671095
64929.753498 3 0.333731 20.580734 2.273981 3.672905
64929.853498 3 0.333669 20.416584 2.274610 3.674802
64929.953498 3 0.333606 20.245221 2.275238 3.676789
64930.053498 3 0.333544 20.066356 2.275864 3.678872
64930.153498 3 0.333483 19.879695 2.276489 3.681058
64930.253498 3 0.333422 19.684939 2.277112 3.683352
64930.353498 3 0.333392 19.584563 2.277423 3.684539
64930.453498 3 0.333362 19.482059 2.277734 3.685757
64930.553498 3 0.333332 19.377389 2.278044 3.687004
64930.653498 3 0.333303 19.270517 2.278353 3.688282
64930.753498 3 0.333273 19.161405 2.278663 3.689593
64930.853498 3 0.333244 19.050016 2.278971 3.690936
64930.953498 3 0.333214 18.936315 2.279279 3.692313
64931.053498 3 0.333185 18.820265 2.279587 3.693724
64931.153498 3 0.333157 18.701831 2.279894 3.695172
64931.253498 3 0.333128 18.580978 2.280201 3.696656
64931.353498 3 0.333099 18.457672 2.280507 3.698179
64931.453498 3 0.333071 18.331878 2.280812 3.699740
64931.553498 3 0.333043 18.203566 2.281117 3.701342
64931.653498 3 0.333015 18.072703 2.281421 3.702984
64931.753498 3 0.332987 17.939259 2.281725 3.704669
64931.853498 3 0.332960 17.803205 2.282028 3.706398
64931.953498 3 0.332933 17.664513 2.282330 3.708172
64932.053498 3 0.332905 17.523158 2.282631 3.709992
64932.153498 3 0.332879 17.379115 2.282932 3.711860
64932.253498 3 0.332852 17.232362 2.283232 3.713776
64932.353498 3 0.332825 17.082878 2.283531 3.715743
64932.453498 3 0.332799 16.930646 2.283829 3.717761
64932.553498 3 0.332773 16.775650 2.284127 3.719833
64932.653498 3 0.332747 16.617876 2.284423 3.721959
64932.753498 3 0.332722 16.457314 2.284719 3.724141
64932.853498 3 0.332697 16.293956 2.285013 3.726381
64932.953498 3 0.332684 16.211318 2.285160 3.727522
64933.053498 3 0.332672 16.127982 2.285307 3.728677
64933.153498 3 0.332659 16.043947 2.285454 3.729848
64933.253498 3 0.332647 15.959216 2.285600 3.731035
64933.353498 3 0.332635 15.873786 2.285746 3.732237
64933.453498 3 0.332622 15.787661 2.285892 3.733455
64933.553498 3 0.332610 15.700839 2.286037 3.734688
64933.653498 3 0.332598 15.613324 2.286182 3.735938
64933.753498 3 0.332586 15.525115 2.286327 3.737205
64933.853498 3 0.332574 15.436214 2.286472 3.738488
64933.953498 3 0.332562 15.346624 2.286616 3.739788
64934.053498 3 0.332551 15.256347 2.286760 3.741105
64934.153498 3 0.332539 15.165385 2.286904 3.742440
64934.253498 3 0.332527 15.073741 2.287047 3.743792
64934.353498 3 0.332516 14.981417 2.287190 3.745162
64934.453498 3 0.332504 14.888418 2.287333 3.746550
64934.553498 3 0.332493 14.794747 2.287476 3.747956
64934.653498 3 0.332481 14.700407 2.287618 3.749380
64934.753498 3 0.332470 14.605403 2.287760 3.750824
64934.853498 3 0.332459 14.509740 2.287901 3.752286
64934.953498 3 0.332448 14.413422 2.288042 3.753768
64935.053498 3 0.332437 14.316455 2.288183 3.755269
64935.153498 3 0.332426 14.218843 2.288324 3.756789
64935.253498 3 0.332415 14.120593 2.288464 3.758330
64935.353498 3 0.332404 14.021712 2.288603 3.759891
64935.453498 3 0.332393 13.922205 2.288743 3.761472
64935.553498 3 0.332382 13.822079 2.288882 3.763074
64935.653498 3 0.332372 13.721341 2.289020 3.764697
64935.753498 3 0.332361 13.620000 2.289159 3.766342
64935.853498 3 0.332351 13.518063 2.289296 3.768007
64935.953498 3 0.332340 13.415538 2.289434 3.769695
64936.053498 3 0.332330 13.312435 2.289571 3.771405
64936.153498 3 0.332320 13.208761 2.289708 3.773136
64936.253498 3 0.332309 13.104526 2.289844 3.774891
64936.353498 3 0.332299 12.999741 2.289980 3.776668
64936.453498 3 0.332289 12.894415 2.290115 3.778468
64936.553498 3 0.332279 12.788559 2.290250 3.780292
64936.653498 3 0.332270 12.682183 2.290384 3.782140
64936.753498 3 0.332260 12.575300 2.290518 3.784011
64936.853498 3 0.332250 12.467920 2.290652 3.785906
64936.953498 3 0.332241 12.360056 2.290785 3.787827
64937.053498 3 0.332231 12.251719 2.290917 3.789771
64937.153498 3 0.332222 12.142924 2.291049 3.791741
64937.253498 3 0.332212 12.033682 2.291181 3.793737
64937.353498 3 0.332203 11.924008 2.291312 3.795757
64937.453498 3 0.332194 11.813915 2.291443 3.797804
64937.553498 3 0.332185 11.703418 2.291573 3.799877
64937.653498 3 0.332176 11.592532 2.291702 3.801977
64937.753498 3 0.332167 11.481270 2.291831 3.804103
64937.853498 3 0.332158 11.369650 2.291959 3.806257
64937.953498 3 0.332149 11.257686 2.292087 3.808438
64938.053498 3 0.332141 11.145395 2.292214 3.810646
64938.153498 3 0.332136 11.089178 2.292278 3.811760
64938.253498 3 0.332132 11.032885 2.292341 3.812881
64938.353498 3 0.332128 10.976519 2.292404 3.814009
64938.453498 3 0.332123 10.920082 2.292467 3.815144
64938.553498 3 0.332119 10.863576 2.292530 3.816287
64938.653498 3 0.332115 10.807003 2.292593 3.817436
64938.753498 3 0.332111 10.750365 2.292655 3.818593
64938.853498 3 0.332107 10.693665 2.292717 3.819757
64938.953498 3 0.332103 10.636905 2.292780 3.820928
64939.053498 3 0.332099 10.580087 2.292842 3.822106
64939.153498 3 0.332095 10.523213 2.292904 3.823292
64939.253498 3 0.332090 10.466285 2.292965 3.824486
64939.353498 3 0.332086 10.409307 2.293027 3.825686
64939.453498 3 0.332082 10.352280 2.293088 3.826895
64939.553498 3 0.332078 10.295206 2.293150 3.828110
64939.653498 3 0.332074 10.238089 2.293211 3.829334
64939.753498 3 0.332071 10.180929 2.293271 3.830565
64939.853498 3 0.332067 10.123731 2.293332 3.831803
64939.953498 3 0.332063 10.066496 2.293393 3.833050
64940.053498 3 0.332059 10.009226 2.293453 3.834304
64940.153498 3 0.332055 9.951924 2.293513 3.835565
64940.253498 3 0.332051 9.894593 2.293573 3.836835
64940.353498 3 0.332047 9.837235 2.293633 3.838112
64940.453498 3 0.332044 9.779853 2.293693 3.839398
64940.553498 3 0.332040 9.722448 2.293753 3.840691
64940.653498 3 0.332036 9.665024 2.293812 3.841992
64940.753498 3 0.332032 9.607584 2.293871 3.843301
64940.853498 3 0.332029 9.550129 2.293930 3.844618
64940.953498 3 0.332025 9.492662 2.293989 3.845944
64941.053498 3 0.332021 9.435186 2.294047 3.847277
64941.153498 3 0.332018 9.377704 2.294106 3.848619
64941.253498 3 0.332014 9.320218 2.294164 3.849969
64941.353498 3 0.332010 9.262730 2.294222 3.851327
64941.453498 3 0.332007 9.205244 2.294280 3.852693
64941.553498 3 0.332003 9.147762 2.294337 3.854067
64941.653498 3 0.332000 9.090287 2.294395 3.855450
64941.753498 3 0.331996 9.032821 2.294452 3.856842
64941.853498 3 0.331993 8.975368 2.294509 3.858242
64941.953498 3 0.331989 8.917929 2.294566 3.859650
64942.053498 3 0.331986 8.860508 2.294623 3.861067
64942.153498 3 0.331983 8.803107 2.294679 3.862492
64942.253498 3 0.331979 8.745729 2.294735 3.863926
64942.353498 3 0.331976 8.688377 2.294791 3.865369
64942.453498 3 0.331972 8.631053 2.294847 3.866820
64942.553498 3 0.331969 8.573761 2.294903 3.868281
64942.653498 3 0.331966 8.516502 2.294958 3.869749
64942.753498 3 0.331963 8.459281 2.295013 3.871227
64942.853498 3 0.331959 8.402099 2.295068 3.872714
64942.953498 3 0.331956 8.344960 2.295123 3.874209
64943.053498 3 0.331953 8.287866 2.295177 3.875714
64943.153498 3 0.331950 8.230819 2.295231 3.877227
64943.253498 3 0.331947 8.173824 2.295285 3.878749
64943.353498 3 0.331943 8.116882 2.295339 3.880281
64943.453498 3 0.331940 8.059997 2.295393 3.881821
64943.553498 3 0.331937 8.003171 2.295446 3.883371
64943.653498 3 0.331934 7.946407 2.295499 3.884930
64943.753498 3 0.331931 7.889709 2.295552 3.886498
64943.853498 3 0.331928 7.833077 2.295605 3.888076
64943.953498 3 0.331925 7.776517 2.295657 3.889662
64944.053498 3 0.331922 7.720030 2.295709 3.891258
64944.153498 3 0.331919 7.663619 2.295761 3.892864
64944.253498 3 0.331916 7.607287 2.295813 3.894479
64944.353498 3 0.331913 7.551037 2.295864 3.896103
64944.453498 3 0.331910 7.494872 2.295915 3.897737
64944.553498 3 0.331907 7.438794 2.295966 3.899381
64944.653498 3 0.331905 7.382807 2.296017 3.901034
64944.753498 3 0.331902 7.326913 2.296067 3.902697
64944.853498 3 0.331899 7.271115 2.296117 3.904369
64944.953498 3 0.331896 7.215416 2.296167 3.906052
64945.053498 3 0.331893 7.159819 2.296216 3.907744
64945.153498 3 0.331891 7.104326 2.296266 3.909446
64945.253498 3 0.331888 7.048940 2.296315 3.911157
64945.353498 3 0.331885 6.993665 2.296363 3.912879
64945.453498 3 0.331882 6.938503 2.296412 3.914611
64945.553498 3 0.331880 6.883456 2.296460 3.916352
64945.653498 3 0.331877 6.828527 2.296508 3.918104
64945.753498 3 0.331874 6.773720 2.296555 3.919866
64945.853498 3 0.331872 6.719037 2.296603 3.921638
64945.953498 3 0.331869 6.664481 2.296650 3.923420
64946.053498 3 0.331867 6.610054 2.296696 3.925212
64946.153498 3 0.331864 6.555759 2.296743 3.927015
64946.253498 3 0.331862 6.501600 2.296789 3.928828
64946.353498 3 0.331859 6.447578 2.296834 3.930651
64946.453498 3 0.331857 6.393697 2.296880 3.932485
64946.553498 3 0.331854 6.339958 2.296925 3.934329
64946.653498 3 0.331852 6.286366 2.296970 3.936183
64946.753498 3 0.331849 6.232922 2.297014 3.938048
64946.853498 3 0.331847 6.179629 2.297059 3.939924
64946.953498 3 0.331845 6.126489 2.297103 3.941810
64947.053498 3 0.331842 6.073507 2.297146 3.943707
64947.153498 3 0.331840 6.020683 2.297189 3.945615
64947.253498 3 0.331838 5.968021 2.297232 3.947533
64947.353498 3 0.331835 5.915523 2.297275 3.949463
64947.453498 3 0.331833 5.863191 2.297317 3.951403
64947.553498 3 0.331831 5.811029 2.297359 3.953354
64947.653498 3 0.331829 5.759039 2.297400 3.955316
64947.753498 3 0.331826 5.707224 2.297442 3.957289
64947.853498 3 0.331824 5.655585 2.297482 3.959272
64947.953498 3 0.331822 5.604125 2.297523 3.961267
64948.053498 3 0.331820 5.552848 2.297563 3.963273
64948.153498 3 0.331818 5.501754 2.297603 3.965291
64948.253498 3 0.331816 5.450847 2.297642 3.967319
64948.353498 3 0.331813 5.400130 2.297681 3.969359
64948.453498 3 0.331811 5.349603 2.297720 3.971410
64948.553498 3 0.331809 5.299271 2.297758 3.973472
64948.653498 3 0.331807 5.249135 2.297796 3.975546
64948.753498 3 0.331805 5.199197 2.297833 3.977631
64948.853498 3 0.331803 5.149460 2.297870 3.979727
64948.953498 3 0.331801 5.099926 2.297907 3.981835
64949.053498 3 0.331799 5.050597 2.297943 3.983955
64949.153498 3 0.331797 5.001476 2.297979 3.986086
64949.253498 3 0.331795 4.952565 2.298014 3.988229
64949.353498 3 0.331794 4.903865 2.298049 3.990384
64949.453498 3 0.331792 4.855379 2.298084 3.992550
64949.553498 3 0.331790 4.807110 2.298118 3.994728
64949.653498 3 0.331788 4.759059 2.298152 3.996918
64949.753498 3 0.331786 4.711228 2.298185 3.999120
64949.853498 3 0.331784 4.663619 2.298218 4.001334
64949.953498 3 0.331783 4.616235 2.298251 4.003559
64950.053498 3 0.331781 4.569078 2.298283 4.005797
64950.153498 3 0.331779 4.522148 2.298314 4.008047
64950.253498 3 0.331777 4.475449 2.298345 4.010309
64950.353498 3 0.331776 4.428982 2.298376 4.012583
64950.453498 3 0.331774 4.382750 2.298406 4.014869
64950.553498 3 0.331772 4.336753 2.298436 4.017167
64950.653498 3 0.331771 4.290993 2.298465 4.019478
64950.753498 3 0.331769 4.245474 2.298494 4.021801
64950.853498 3 0.331767 4.200195 2.298522 4.024136
64950.953498 3 0.331766 4.155160 2.298550 4.026484
64951.053498 3 0.331764 4.110369 2.298577 4.028844
64951.153498 3 0.331763 4.065825 2.298604 4.031217
64951.253498 3 0.331761 4.021529 2.298630 4.033602
64951.353498 3 0.331759 3.977482 2.298655 4.036000
64951.453498 3 0.331758 3.933686 2.298681 4.038411
64951.553498 3 0.331756 3.890144 2.298705 4.040834
64951.653498 3 0.331755 3.846855 2.298729 4.043270
64951.753498 3 0.331753 3.803822 2.298753 4.045719
64951.853498 3 0.331752 3.761046 2.298776 4.048180
64951.953498 3 0.331751 3.718529 2.298799 4.050655
64952.053498 3 0.331749 3.676272 2.298820 4.053142
64952.153498 3 0.331748 3.634276 2.298842 4.055642
64952.253498 3 0.331746 3.592542 2.298863 4.058155
64952.353498 3 0.331745 3.551073 2.298883 4.060681
64952.453498 3 0.331744 3.509868 2.298902 4.063221
64952.553498 3 0.331742 3.468930 2.298922 4.065773
64952.653498 3 0.331741 3.428259 2.298940 4.068339
64952.753498 3 0.331740 3.387857 2.298958 4.070917
64952.853498 3 0.331738 3.347725 2.298975 4.073509
64952.953498 3 0.331737 3.307863 2.298992 4.076115
64953.053498 3 0.331736 3.268273 2.299008 4.078733
64953.153498 3 0.331735 3.228956 2.299023 4.081365
64953.253498 3 0.331733 3.189912 2.299038 4.084011
64953.353498 3 0.331732 3.151144 2.299052 4.086669
64953.453498 3 0.331731 3.112650 2.299065 4.089342
64953.553498 3 0.331730 3.074434 2.299078 4.092027
64953.653498 3 0.331728 3.036494 2.299090 4.094727
64953.753498 3 0.331727 2.998832 2.299101 4.097440
64953.853498 3 0.331727 2.965059 2.299119 4.099904
64953.953498 3 0.331727 2.931474 2.299135 4.102381
64954.053498 3 0.331727 2.898078 2.299151 4.104873
64954.153498 3 0.331727 2.864873 2.299167 4.107380
64954.253498 3 0.331727 2.831860 2.299182 4.109900
64954.353498 3 0.331727 2.799040 2.299196 4.112435
64954.453498 3 0.331727 2.766415 2.299209 4.114984
64954.553498 3 0.331727 2.733986 2.299222 4.117548
64954.653498 3 0.331727 2.701754 2.299234 4.120126
64954.753498 3 0.331727 2.669721 2.299245 4.122719
64954.853498 3 0.331727 2.637888 2.299256 4.125326
64954.953498 3 0.331727 2.606256 2.299266 4.127948
64955.053498 3 0.331727 2.574826 2.299275 4.130585
64955.153498 3 0.331727 2.543601 2.299283 4.133237
64955.253498 3 0.331727 2.512579 2.299291 4.135903
64955.353498 3 0.331726 2.481764 2.299297 4.138585
64955.453498 3 0.331726 2.451156 2.299303 4.141281
64955.553498 3 0.331726 2.420756 2.299309 4.143992
64955.653498 3 0.331726 2.390565 2.299313 4.146719
64955.753498 3 0.331726 2.360584 2.299317 4.149460
64955.853498 3 0.331726 2.330814 2.299319 4.152217
64955.953498 3 0.331726 2.301257 2.299321 4.154988
64956.053498 3 0.331726 2.271912 2.299322 4.157775
64956.153498 3 0.331726 2.242782 2.299323 4.160578
64956.253498 3 0.331726 2.213866 2.299322 4.163395
64956.353498 3 0.331726 2.185167 2.299320 4.166228
64956.453498 3 0.331726 2.156684 2.299318 4.169077
64956.553498 3 0.331726 2.128418 2.299315 4.171941
64956.653498 3 0.331726 2.100370 2.299310 4.174820
64956.753498 3 0.331726 2.072542 2.299305 4.177715
64956.853498 3 0.331726 2.044933 2.299299 4.180626
64956.953498 3 0.331726 2.017544 2.299292 4.183552
64957.053498 3 0.331726 1.990376 2.299284 4.186494
64957.153498 3 0.331725 1.963429 2.299275 4.189452
64957.253498 3 0.331725 1.936705 2.299265 4.192425
64957.353498 3 0.331725 1.910203 2.299254 4.195414
64957.453498 3 0.331725 1.883925 2.299242 4.198419
64957.553498 3 0.331725 1.857870 2.299229 4.201440
64957.653498 3 0.331725 1.832039 2.299215 4.204477
64957.753498 3 0.331725 1.806432 2.299200 4.207530
64957.853498 3 0.331725 1.781051 2.299183 4.210598
64957.953498 3 0.331725 1.755894 2.299166 4.213683
64958.053498 3 0.331725 1.730963 2.299147 4.216783
64958.153498 3 0.331725 1.706258 2.299128 4.219900
64958.253498 3 0.331725 1.681779 2.299107 4.223033
64958.353498 3 0.331725 1.657526 2.299085 4.226182
64958.453498 3 0.331725 1.633500 2.299062 4.229347
64958.553498 3 0.331725 1.609700 2.299038 4.232528
64958.653498 3 0.331724 1.586127 2.299012 4.235725
64958.753498 3 0.331724 1.562780 2.298986 4.238938
64958.853498 3 0.331724 1.539660 2.298958 4.242168
64958.953498 3 0.331724 1.516767 2.298928 4.245413
64959.053498 3 0.331724 1.494101 2.298898 4.248675
64959.153498 3 0.331724 1.471661 2.298866 4.251953
64959.253498 3 0.331724 1.449448 2.298833 4.255248
64959.353498 3 0.331724 1.427461 2.298799 4.258558
64959.453498 3 0.331724 1.405700 2.298763 4.261885
64959.553498 3 0.331724 1.384166 2.298726 4.265228
64959.653498 3 0.331724 1.362857 2.298687 4.268587
64959.753498 3 0.331724 1.341773 2.298647 4.271963
64959.853498 3 0.331724 1.320915 2.298606 4.275355
64959.953498 3 0.331724 1.300282 2.298563 4.278763
64960.053498 3 0.331723 1.279873 2.298519 4.282187
64960.153498 3 0.331723 1.259688 2.298473 4.285627
64960.253498 3 0.331723 1.239727 2.298426 4.289084
64960.353498 3 0.331723 1.219989 2.298377 4.292557
64960.453498 3 0.331723 1.200473 2.298326 4.296046
64960.553498 3 0.331723 1.181179 2.298274 4.299551
64960.653498 3 0.331723 1.162107 2.298221 4.303073
64960.753498 3 0.331723 1.143256 2.298165 4.306610
64960.853498 3 0.331723 1.124625 2.298108 4.310164
64960.953498 3 0.331723 1.106214 2.298050 4.313734
64961.053498 3 0.331723 1.088021 2.297990 4.317319
64961.153498 3 0.331723 1.070046 2.297927 4.320921
64961.253498 3 0.331722 1.052289 2.297864 4.324539
64961.353498 3 0.331722 1.034748 2.297798 4.328173
64961.453498 3 0.331722 1.017423 2.297731 4.331822
64961.553498 3 0.331722 1.000313 2.297661 4.335488
64961.653498 3 0.331722 0.983416 2.297590 4.339169
64961.753498 3 0.331722 0.966733 2.297517 4.342867
64961.853498 3 0.331722 0.950262 2.297442 4.346580
64961.953498 3 0.331722 0.934001 2.297365 4.350308
64962.053498 3 0.331722 0.917951 2.297286 4.354052
64962.153498 3 0.331722 0.902110 2.297205 4.357812
64962.253498 3 0.331722 0.886478 2.297122 4.361587
64962.353498 3 0.331721 0.871055 2.297037 4.365377
64962.453498 3 0.331721 0.855838 2.296950 4.369182
64962.553498 3 0.331721 0.840827 2.296861 4.373002
64962.653498 3 0.331721 0.826021 2.296769 4.376837
64962.753498 3 0.331721 0.811418 2.296676 4.380687
64962.853498 3 0.331721 0.797016 2.296580 4.384552
64962.953498 3 0.331721 0.782816 2.296482 4.388431
64963.053498 3 0.331721 0.768815 2.296381 4.392325
64963.153498 3 0.331721 0.755012 2.296278 4.396233
64963.253498 3 0.331721 0.741406 2.296173 4.400156
64963.353498 3 0.331721 0.728098 2.296067 4.404062
64963.453498 3 0.331721 0.714982 2.295958 4.407983
64963.553498 3 0.331721 0.702055 2.295847 4.411917
64963.653498 3 0.331721 0.689316 2.295734 4.415865
64963.753498 3 0.331721 0.676764 2.295618 4.419826
64963.853498 3 0.331721 0.664397 2.295499 4.423801
64963.953498 3 0.331721 0.652214 2.295378 4.427790
64964.053498 3 0.331721 0.640213 2.295254 4.431792
64964.153498 3 0.331721 0.628393 2.295127 4.435807
64964.253498 3 0.331721 0.616752 2.294998 4.439835
64964.353498 3 0.331721 0.605289 2.294866 4.443875
64964.453498 3 0.331721 0.594002 2.294731 4.447929
64964.553498 3 0.331721 0.582889 2.294593 4.451996
64964.653498 3 0.331721 0.571949 2.294452 4.456075
64964.753498 3 0.331721 0.561180 2.294308 4.460166
64964.853498 3 0.331720 0.550580 2.294161 4.464270
64964.953498 3 0.331720 0.540149 2.294011 4.468387
64965.053498 3 0.331720 0.529884 2.293858 4.472515
64965.153498 3 0.331720 0.519783 2.293702 4.476655
64965.253498 3 0.331720 0.509846 2.293542 4.480807
64965.353498 3 0.331720 0.500070 2.293379 4.484970
64965.453498 3 0.331720 0.490454 2.293213 4.489145
64965.553498 3 0.331720 0.480996 2.293043 4.493330
64965.653498 3 0.331720 0.471695 2.292870 4.497527
64965.753498 3 0.331720 0.462549 2.292694 4.501735
64965.853498 3 0.331720 0.453556 2.292513 4.505953
64965.953498 3 0.331720 0.444715 2.292330 4.510182
64966.053498 3 0.331720 0.436024 2.292142 4.514421
64966.153498 3 0.331720 0.427481 2.291951 4.518670
64966.253498 3 0.331720 0.419085 2.291756 4.522929
64966.353498 3 0.331720 0.410833 2.291556 4.527197
64966.453498 3 0.331720 0.402725 2.291353 4.531475
64966.553498 3 0.331720 0.394758 2.291146 4.535762
64966.653498 3 0.331720 0.386931 2.290935 4.540057
64966.753498 3 0.331720 0.379243 2.290720 4.544362
64966.853498 3 0.331720 0.371691 2.290500 4.548675
64966.953498 3 0.331720 0.364273 2.290276 4.552996
64967.053498 3 0.331720 0.356989 2.290048 4.557325
64967.153498 3 0.331720 0.349836 2.289815 4.561662
64967.253498 3 0.331720 0.342813 2.289578 4.566006
64967.353498 3 0.331720 0.335918 2.289336 4.570358
64967.453498 3 0.331720 0.329150 2.289089 4.574716
64967.553498 3 0.331720 0.322506 2.288838 4.579081
64967.653498 3 0.331720 0.315985 2.288581 4.583452
64967.753498 3 0.331720 0.309586 2.288320 4.587830
64967.853498 3 0.331720 0.303306 2.288053 4.592213
64967.953498 3 0.331720 0.297145 2.287782 4.596602
64968.053498 3 0.331720 0.291100 2.287505 4.600996
64968.153498 3 0.331720 0.285169 2.287223 4.605395
64968.253498 3 0.331720 0.279352 2.286936 4.609798
64968.353498 3 0.331720 0.273647 2.286642 4.614206
64968.453498 3 0.331720 0.268051 2.286344 4.618618
64968.553498 3 0.331720 0.262564 2.286039 4.623033
64968.653498 3 0.331720 0.257183 2.285729 4.627452
64968.753498 3 0.331720 0.251907 2.285413 4.631874
64968.853498 3 0.331720 0.246735 2.285091 4.636298
64968.953498 3 0.331720 0.241665 2.284763 4.640725
64969.053498 3 0.331720 0.236695 2.284428 4.645153
64969.153498 3 0.331720 0.231824 2.284087 4.649584
64969.253498 3 0.331720 0.227050 2.283740 4.654015
64969.353498 3 0.331720 0.222371 2.283386 4.658448
64969.453498 3 0.331719 0.217787 2.283025 4.662881
64969.553498 3 0.331719 0.213295 2.282658 4.667314
64969.653498 3 0.331719 0.208895 2.282283 4.671747
64969.753498 3 0.331719 0.204584 2.281902 4.676180
64969.853498 3 0.331719 0.200361 2.281513 4.680612
64969.953498 3 0.331719 0.196225 2.281117 4.685042
64970.053498 3 0.331719 0.192174 2.280713 4.689471
64970.153498 3 0.331719 0.188207 2.280302 4.693898
64970.253498 3 0.331719 0.184322 2.279882 4.698322
64970.353498 3 0.331719 0.180519 2.279455 4.702744
64970.453498 3 0.331719 0.176794 2.279020 4.707162
64970.553498 3 0.331719 0.173147 2.278577 4.711577
64970.653498 3 0.331719 0.169577 2.278125 4.715988
64970.753498 3 0.331719 0.166083 2.277665 4.720395
64970.853498 3 0.331719 0.162662 2.277196 4.724797
64970.953498 3 0.331719 0.159313 2.276718 4.729194
64971.053498 3 0.331719 0.156036 2.276231 4.733586
64971.153498 3 0.331719 0.152829 2.275735 4.737972
64971.253498 3 0.331719 0.149690 2.275229 4.742351
64971.353498 3 0.331719 0.146619 2.274714 4.746724
64971.453498 3 0.331719 0.143614 2.274189 4.751090
64971.553498 3 0.331719 0.140674 2.273655 4.755448
64971.653498 3 0.331719 0.137797 2.273110 4.759798
64971.753498 3 0.331719 0.134983 2.272554 4.764140
64971.853498 3 0.331719 0.132230 2.271988 4.768473
64971.953498 3 0.331719 0.129537 2.271412 4.772797
64972.053498 3 0.331719 0.126903 2.270824 4.777111
64972.153498 3 0.331719 0.124327 2.270225 4.781415
64972.253498 3 0.331719 0.121807 2.269615 4.785708
64972.353498 3 0.331719 0.119343 2.268993 4.789991
64972.453498 3 0.331719 0.116933 2.268360 4.794262
64972.553498 3 0.331719 0.114577 2.267714 4.798521
64972.653498 3 0.331719 0.112273 2.267056 4.802768
64972.753498 3 0.331719 0.110020 2.266386 4.807002
64972.853498 3 0.331719 0.107817 2.265702 4.811222
64972.953498 3 0.331719 0.105664 2.265006 4.815429
64973.053498 3 0.331719 0.103558 2.264296 4.819622
64973.153498 3 0.331719 0.101500 2.263573 4.823801
64973.253498 3 0.331719 0.099488 2.262836 4.827964
64973.353498 3 0.331719 0.097521 2.262085 4.832112
64973.453498 3 0.331719 0.095599 2.261319 4.836243
64973.553498 3 0.331718 0.093720 2.260539 4.840359
64973.653498 3 0.331718 0.091884 2.259743 4.844457
64973.753498 3 0.331718 0.090089 2.258933 4.848538
64973.853498 3 0.331718 0.088335 2.258107 4.852601
64973.953498 3 0.331718 0.086621 2.257265 4.856646
64974.053498 3 0.331718 0.084946 2.256406 4.860672
64974.153498 3 0.331718 0.083309 2.255532 4.864679
64974.253498 3 0.331718 0.081709 2.254640 4.868666
64974.353498 3 0.331718 0.080146 2.253731 4.872633
64974.453498 3 0.331718 0.078619 2.252805 4.876579
64974.553498 3 0.331718 0.077126 2.251861 4.880504
64974.653498 3 0.331718 0.075668 2.250898 4.884408
64974.753498 3 0.331718 0.074244 2.249917 4.888289
64974.853498 3 0.331718 0.072852 2.248917 4.892148
64974.953498 3 0.331718 0.071493 2.247898 4.895984
64975.053498 3 0.331718 0.070164 2.246858 4.899797
64975.153498 3 0.331718 0.068867 2.245799 4.903585
64975.253498 3 0.331718 0.067599 2.244719 4.907350
64975.353498 3 0.331718 0.066361 2.243618 4.911089
64975.453498 3 0.331718 0.065151 2.242496 4.914803
64975.553498 3 0.331718 0.063970 2.241352 4.918491
64975.653498 3 0.331718 0.062816 2.240186 4.922153
64975.753498 3 0.331718 0.061688 2.238997 4.925788
64975.853498 3 0.331718 0.060587 2.237785 4.929396
64975.953498 3 0.331718 0.059512 2.236549 4.932977
64976.053498 3 0.331718 0.058461 2.235290 4.936529
64976.153498 3 0.331718 0.057435 2.234005 4.940053
64976.253498 3 0.331718 0.056433 2.232696 4.943548
64976.353498 3 0.331718 0.055454 2.231362 4.947013
64976.453498 3 0.331718 0.054499 2.230001 4.950448
64976.553498 3 0.331718 0.053565 2.228614 4.953853
64976.653498 3 0.331718 0.052653 2.227199 4.957228
64976.753498 3 0.331718 0.051763 2.225758 4.960571
64976.853498 3 0.331718 0.050893 2.224288 4.963882
64976.953498 3 0.331718 0.050044 2.222789 4.967161
64977.053498 3 0.331718 0.049215 2.221262 4.970408
64977.153498 3 0.331718 0.048405 2.219704 4.973621
64977.253498 3 0.331718 0.047614 2.218117 4.976801
64977.353498 3 0.331718 0.046842 2.216498 4.979947
64977.453498 3 0.331718 0.046088 2.214848 4.983059
64977.553498 3 0.331718 0.045351 2.213166 4.986137
64977.653498 3 0.331718 0.044632 2.211451 4.989179
64977.753498 3 0.331718 0.043930 2.209703 4.992185
64977.853498 3 0.331718 0.043244 2.207921 4.995156
64977.953498 3 0.331718 0.042575 2.206105 4.998090
64978.053498 3 0.331718 0.041921 2.204254 5.000988
64978.153498 3 0.331718 0.041283 2.202367 5.003848
64978.253498 3 0.331718 0.040659 2.200443 5.006671
64978.353498 3 0.331718 0.040051 2.198482 5.009456
64978.453498 3 0.331718 0.039457 2.196484 5.012202
64978.553498 3 0.331718 0.038876 2.194448 5.014910
64978.653498 3 0.331717 0.038310 2.192372 5.017579
64978.753498 3 0.331717 0.037757 2.190257 5.020208
64978.853498 3 0.331717 0.037217 2.188101 5.022798
64978.953498 3 0.331717 0.036689 2.185905 5.025347
64979.053498 3 0.331717 0.036175 2.183667 5.027856
64979.153498 3 0.331717 0.035672 2.181386 5.030324
64979.253498 3 0.331717 0.035181 2.179063 5.032751
64979.353498 3 0.331717 0.034702 2.176696 5.035136
64979.453498 3 0.331717 0.034234 2.174284 5.037480
64979.553498 3 0.331717 0.033778 2.171828 5.039781
64979.653498 3 0.331717 0.033332 2.169326 5.042040
64979.753498 3 0.331717 0.032897 2.166777 5.044256
64979.853498 3 0.331717 0.032472 2.164182 5.046430
64979.953498 3 0.331717 0.032058 2.161539 5.048560
64980.053498 3 0.331717 0.031653 2.158848 5.050646
64980.153498 3 0.331717 0.031258 2.156107 5.052688
64980.253498 3 0.331717 0.030872 2.153318 5.054687
64980.353498 3 0.331717 0.030496 2.150478 5.056641
64980.453498 3 0.331717 0.030128 2.147587 5.058550
64980.553498 3 0.331717 0.029770 2.144645 5.060415
64980.653498 3 0.331717 0.029420 2.141652 5.062235
64980.753498 3 0.331717 0.029078 2.138606 5.064010
64980.853498 3 0.331717 0.028745 2.135507 5.065739
64980.953498 3 0.331717 0.028419 2.132355 5.067422
64981.053498 3 0.331717 0.028102 2.129149 5.069061
64981.153498 3 0.331717 0.027792 2.125888 5.070653
64981.253498 3 0.331717 0.027490 2.122573 5.072199
64981.353498 3 0.331717 0.027195 2.119203 5.073699
64981.453498 3 0.331717 0.026907 2.115778 5.075153
64981.553498 3 0.331717 0.026626 2.112297 5.076561
64981.653498 3 0.331717 0.026352 2.108760 5.077923
64981.753498 3 0.331717 0.026085 2.105167 5.079238
64981.853498 3 0.331717 0.025824 2.101517 5.080508
64981.953498 3 0.331717 0.025570 2.097812 5.081730
64982.053498 3 0.331717 0.025322 2.094049 5.082907
64982.153498 3 0.331717 0.025080 2.090231 5.084037
64982.253498 3 0.331717 0.024844 2.086356 5.085121
64982.353498 3 0.331717 0.024614 2.082424 5.086159
64982.453498 3 0.331717 0.024389 2.078437 5.087151
64982.553498 3 0.331717 0.024170 2.074394 5.088097
64982.653498 3 0.331717 0.023957 2.070296 5.088998
64982.753498 3 0.331717 0.023749 2.066142 5.089853
64982.853498 3 0.331717 0.023546 2.061934 5.090662
64982.953498 3 0.331717 0.023349 2.057672 5.091427
64983.053498 3 0.331717 0.023156 2.053357 5.092147
64983.153498 3 0.331717 0.022968 2.048989 5.092823
64983.253498 3 0.331717 0.022785 2.044570 5.093454
64983.353498 3 0.331717 0.022607 2.040100 5.094042
64983.453498 3 0.331717 0.022434 2.035580 5.094586
64983.553498 3 0.331717 0.022264 2.031012 5.095088
64983.653498 3 0.331717 0.022100 2.026396 5.095547
64983.753498 3 0.331717 0.021939 2.021735 5.095964
64983.853498 3 0.331717 0.021783 2.017030 5.096340
64983.953498 3 0.331717 0.021631 2.012282 5.096675
64984.053498 3 0.331717 0.021483 2.007492 5.096969
64984.153498 3 0.331717 0.021339 2.002664 5.097224
64984.253498 3 0.331717 0.021198 1.997799 5.097441
64984.353498 3 0.331717 0.021062 1.992898 5.097619
64984.453498 3 0.331717 0.020929 1.987965 5.097759
64984.553498 3 0.331717 0.020800 1.983001 5.097863
64984.653498 3 0.331717 0.020674 1.978008 5.097931
64984.753498 3 0.331717 0.020552 1.972991 5.097964
64984.853498 3 0.331717 0.020433 1.967950 5.097962
64984.953498 3 0.331717 0.020317 1.962890 5.097928
64985.053498 3 0.331717 0.020205 1.957812 5.097861
64985.153498 3 0.331717 0.020096 1.952721 5.097763
64985.253498 3 0.331717 0.019990 1.947618 5.097635
64985.353498 3 0.331717 0.019887 1.942508 5.097478
64985.453498 3 0.331717 0.019691 1.932278 5.097081
64985.553498 3 0.331717 0.019505 1.922059 5.096580
64985.653498 3 0.331717 0.019331 1.911881 5.095986
64985.753498 3 0.331717 0.019167 1.901774 5.095307
64985.853498 3 0.331717 0.019013 1.891769 5.094556
64985.953498 3 0.331717 0.018869 1.881900 5.093740
64986.053498 3 0.331717 0.018734 1.872197 5.092872
