t Ka M R logL logTeff
500.000000 0 0.200084 0.230808 -2.245247 3.518203
1000.000000 0 0.200084 0.231291 -2.243875 3.518092
1500.000000 0 0.200084 0.231777 -2.242554 3.517967
2000.000000 0 0.200084 0.232266 -2.241286 3.517826
2500.000000 0 0.200084 0.232760 -2.240069 3.517669
3000.000000 0 0.200084 0.233259 -2.238904 3.517495
3500.000000 0 0.200084 0.233765 -2.237792 3.517303
4000.000000 0 0.200084 0.234277 -2.236730 3.517093
4500.000000 0 0.200084 0.234798 -2.235721 3.516863
5000.000000 0 0.200084 0.235328 -2.234764 3.516613
5500.000000 0 0.200084 0.235868 -2.233858 3.516341
6000.000000 0 0.200084 0.236419 -2.233005 3.516048
6500.000000 0 0.200084 0.236982 -2.232203 3.515733
7000.000000 0 0.200084 0.237557 -2.231453 3.515393
7500.000000 0 0.200084 0.238146 -2.230755 3.515030
8000.000000 0 0.200084 0.238751 -2.230109 3.514641
8500.000000 0 0.200084 0.239371 -2.229515 3.514226
9000.000000 0 0.200084 0.240008 -2.228972 3.513785
9500.000000 0 0.200084 0.240662 -2.228482 3.513316
10000.000000 0 0.200084 0.241336 -2.228043 3.512819
10500.000000 0 0.200084 0.242029 -2.227656 3.512293
11000.000000 0 0.200084 0.242744 -2.227321 3.511736
11500.000000 0 0.200084 0.243481 -2.227038 3.511149
12000.000000 0 0.200084 0.244240 -2.226806 3.510530
12500.000000 0 0.200084 0.245024 -2.226627 3.509879
13000.000000 0 0.200084 0.245834 -2.226499 3.509195
13500.000000 0 0.200084 0.246670 -2.226423 3.508477
14000.000000 0 0.200084 0.247534 -2.226399 3.507723
14500.000000 0 0.200084 0.248427 -2.226426 3.506935
15000.000000 0 0.200084 0.249350 -2.226505 3.506110
15500.000000 0 0.200084 0.250305 -2.226636 3.505247
16000.000000 0 0.200084 0.251292 -2.226818 3.504347
16500.000000 0 0.200084 0.252313 -2.227052 3.503408
17000.000000 0 0.200084 0.253370 -2.227337 3.502429
17500.000000 0 0.200084 0.254463 -2.227673 3.501410
18000.000000 0 0.200084 0.255595 -2.228060 3.500350
18500.000000 0 0.200084 0.256766 -2.228498 3.499247
19000.000000 0 0.200084 0.257978 -2.228987 3.498102
19500.000000 0 0.200084 0.259233 -2.229525 3.496914
20000.000000 0 0.200084 0.260532 -2.230114 3.495682
20500.000000 0 0.200084 0.261877 -2.230751 3.494404
21000.000000 0 0.200084 0.263269 -2.231438 3.493081
21500.000000 0 0.200084 0.264710 -2.232172 3.491712
22000.000000 0 0.200084 0.266203 -2.232954 3.490296
22500.000000 0 0.200084 0.267748 -2.233783 3.488832
23000.000000 0 0.200084 0.269348 -2.234657 3.487320
23500.000000 0 0.200084 0.271004 -2.235575 3.485759
24000.000000 0 0.200084 0.272720 -2.236535 3.484148
24500.000000 0 0.200084 0.274496 -2.237537 3.482488
25000.000000 0 0.200084 0.276336 -2.238578 3.480778
25500.000000 0 0.200084 0.278241 -2.239655 3.479016
26000.000000 0 0.200084 0.280214 -2.240767 3.477204
26500.000000 0 0.200084 0.282258 -2.241910 3.475340
27000.000000 0 0.200084 0.284375 -2.243081 3.473425
27500.000000 0 0.200084 0.286568 -2.244276 3.471458
28000.000000 0 0.200084 0.288841 -2.245490 3.469439
28500.000000 0 0.200084 0.291195 -2.246719 3.467369
29000.000000 0 0.200084 0.293636 -2.247957 3.465247
29500.000000 0 0.200084 0.296165 -2.249198 3.463074
30000.000000 0 0.200084 0.298788 -2.250433 3.460851
30500.000000 0 0.200084 0.301507 -2.251656 3.458577
31000.000000 0 0.200084 0.304328 -2.252858 3.456255
31500.000000 0 0.200084 0.307255 -2.254026 3.453885
32000.000000 0 0.200084 0.310292 -2.255151 3.451467
32500.000000 0 0.200084 0.311854 -2.255694 3.450242
33000.000000 0 0.200084 0.313445 -2.256220 3.449005
33500.000000 0 0.200084 0.315067 -2.256729 3.447757
34000.000000 0 0.200084 0.316719 -2.257218 3.446499
34500.000000 0 0.200084 0.318404 -2.257685 3.445230
35000.000000 0 0.200084 0.320121 -2.258129 3.443951
35500.000000 0 0.200084 0.321872 -2.258546 3.442663
36000.000000 0 0.200084 0.323656 -2.258935 3.441365
36500.000000 0 0.200084 0.325476 -2.259293 3.440057
37000.000000 0 0.200084 0.327333 -2.259618 3.438742
37500.000000 0 0.200084 0.329226 -2.259905 3.437417
38000.000000 0 0.200084 0.331157 -2.260154 3.436085
38500.000000 0 0.200084 0.333127 -2.260360 3.434746
39000.000000 0 0.200084 0.335137 -2.260520 3.433399
39500.000000 0 0.200084 0.337189 -2.260631 3.432046
40000.000000 0 0.200084 0.339282 -2.260690 3.430687
40500.000000 0 0.200084 0.341420 -2.260692 3.429323
41000.000000 0 0.200084 0.343602 -2.260633 3.427954
41500.000000 0 0.200084 0.345830 -2.260510 3.426582
42000.000000 0 0.200084 0.348106 -2.260318 3.425205
42500.000000 0 0.200084 0.350431 -2.260052 3.423826
43000.000000 0 0.200084 0.352806 -2.259708 3.422445
43500.000000 0 0.200084 0.355234 -2.259281 3.421063
44000.000000 0 0.200084 0.357714 -2.258765 3.419681
44500.000000 0 0.200084 0.360250 -2.258155 3.418300
45000.000000 0 0.200084 0.362843 -2.257445 3.416920
45500.000000 0 0.200084 0.365495 -2.256630 3.415542
46000.000000 0 0.200084 0.368208 -2.255702 3.414169
46500.000000 0 0.200084 0.370983 -2.254655 3.412800
47000.000000 0 0.200084 0.373823 -2.253483 3.411437
47500.000000 0 0.200084 0.376731 -2.252178 3.410081
48000.000000 0 0.200084 0.379707 -2.250732 3.408733
48500.000000 0 0.200084 0.382755 -2.249138 3.407396
49000.000000 0 0.200084 0.385877 -2.247387 3.406069
49500.000000 0 0.200084 0.389076 -2.245471 3.404756
50000.000000 0 0.200084 0.392354 -2.243380 3.403456
50500.000000 0 0.200084 0.395714 -2.241106 3.402173
51000.000000 0 0.200084 0.399159 -2.238639 3.400908
51500.000000 0 0.200084 0.402691 -2.235968 3.399663
52000.000000 0 0.200084 0.406313 -2.233082 3.398439
52500.000000 0 0.200084 0.410029 -2.229972 3.397240
53000.000000 0 0.200084 0.413842 -2.226624 3.396067
53500.000000 0 0.200084 0.417754 -2.223027 3.394924
54000.000000 0 0.200084 0.421768 -2.219168 3.393812
54500.000000 0 0.200084 0.425887 -2.215035 3.392735
55000.000000 0 0.200084 0.430114 -2.210613 3.391696
55500.000000 0 0.200084 0.432268 -2.208289 3.391191
56000.000000 0 0.200084 0.434451 -2.205888 3.390698
56500.000000 0 0.200084 0.436661 -2.203408 3.390216
57000.000000 0 0.200084 0.438900 -2.200846 3.389746
57500.000000 0 0.200084 0.441167 -2.198201 3.389289
58000.000000 0 0.200084 0.443462 -2.195471 3.388844
58500.000000 0 0.200084 0.445786 -2.192654 3.388414
59000.000000 0 0.200084 0.448139 -2.189747 3.387997
59500.000000 0 0.200084 0.450520 -2.186749 3.387596
60000.000000 0 0.200084 0.452930 -2.183658 3.387211
60500.000000 0 0.200084 0.455368 -2.180471 3.386842
61000.000000 0 0.200084 0.457833 -2.177185 3.386491
61500.000000 0 0.200084 0.460326 -2.173800 3.386158
62000.000000 0 0.200084 0.462846 -2.170312 3.385844
62500.000000 0 0.200084 0.465392 -2.166719 3.385551
63000.000000 0 0.200084 0.467964 -2.163018 3.385280
63500.000000 0 0.200084 0.470559 -2.159208 3.385031
64000.000000 0 0.200084 0.473178 -2.155286 3.384807
64500.000000 0 0.200084 0.475819 -2.151248 3.384608
65000.000000 0 0.200084 0.478479 -2.147094 3.384436
65500.000000 0 0.200084 0.481157 -2.142819 3.384292
66000.000000 0 0.200084 0.483851 -2.138421 3.384179
66500.000000 0 0.200084 0.486558 -2.133897 3.384099
67000.000000 0 0.200084 0.489275 -2.129245 3.384053
67500.000000 0 0.200084 0.491999 -2.124462 3.384043
68000.000000 0 0.200084 0.494725 -2.119545 3.384073
68500.000000 0 0.200084 0.497449 -2.114490 3.384144
69000.000000 0 0.200084 0.500165 -2.109296 3.384260
69500.000000 0 0.200084 0.502869 -2.103958 3.384424
70000.000000 0 0.200084 0.505554 -2.098473 3.384639
70500.000000 0 0.200084 0.508212 -2.092839 3.384908
71000.000000 0 0.200084 0.510835 -2.087052 3.385237
71500.000000 0 0.200084 0.513413 -2.081109 3.385630
72000.000000 0 0.200084 0.518396 -2.068740 3.386625
72500.000000 0 0.200084 0.523063 -2.055704 3.387937
73000.000000 0 0.200084 0.527294 -2.041973 3.389621
73500.000000 0 0.200084 0.530941 -2.027517 3.391738
74000.000000 0 0.200084 0.535730 -1.996303 3.397592
74500.000000 0 0.200084 0.535527 -1.961800 3.406300
75000.000000 2 0.200084 0.530549 -1.933594 3.415379
75395.061082 2 0.200082 0.526880 -1.935624 3.416379
75860.755062 2 0.200079 0.522587 -1.938016 3.417557
76326.462305 2 0.200076 0.518329 -1.940409 3.418736
76792.182632 2 0.200073 0.514105 -1.942801 3.419914
77257.915867 2 0.200070 0.509916 -1.945193 3.421093
77723.661835 2 0.200068 0.505761 -1.947585 3.422272
78189.420363 2 0.200065 0.501640 -1.949977 3.423450
78655.191283 2 0.200062 0.497552 -1.952369 3.424629
79120.974427 2 0.200060 0.493497 -1.954761 3.425808
79586.769628 2 0.200057 0.489475 -1.957152 3.426987
80052.576725 2 0.200055 0.485486 -1.959544 3.428166
80518.395557 2 0.200052 0.481529 -1.961935 3.429346
80984.225964 2 0.200050 0.477604 -1.964327 3.430525
81450.067790 2 0.200047 0.473711 -1.966718 3.431704
81915.920882 2 0.200045 0.469850 -1.969109 3.432884
82381.785085 2 0.200043 0.466020 -1.971501 3.434063
82847.660251 2 0.200040 0.462221 -1.973892 3.435243
83313.546230 2 0.200038 0.458453 -1.976283 3.436422
83779.442877 2 0.200036 0.454716 -1.978674 3.437602
84245.350047 2 0.200034 0.451009 -1.981064 3.438782
84711.267598 2 0.200031 0.447332 -1.983455 3.439962
85177.195389 2 0.200029 0.443685 -1.985846 3.441142
85643.133281 2 0.200027 0.440067 -1.988236 3.442322
86109.081139 2 0.200025 0.436480 -1.990627 3.443502
86575.038827 2 0.200023 0.432921 -1.993017 3.444682
87041.006212 2 0.200021 0.429391 -1.995408 3.445862
87506.983162 2 0.200019 0.425890 -1.997798 3.447042
87972.969549 2 0.200017 0.422417 -2.000188 3.448223
88438.965245 2 0.200015 0.418973 -2.002578 3.449403
88904.970123 2 0.200013 0.415556 -2.004968 3.450584
89370.984059 2 0.200011 0.412168 -2.007358 3.451764
89837.006931 2 0.200009 0.408807 -2.009748 3.452945
90303.038617 2 0.200007 0.405473 -2.012138 3.454125
90769.078999 2 0.200005 0.402166 -2.014527 3.455306
91235.127957 2 0.200004 0.398887 -2.016917 3.456487
91701.185378 2 0.200002 0.395634 -2.019306 3.457667
92167.251144 2 0.200000 0.392407 -2.021696 3.458848
92633.325145 2 0.199998 0.389207 -2.024085 3.460029
93099.407267 2 0.199997 0.386032 -2.026474 3.461210
93565.497402 2 0.199995 0.382884 -2.028863 3.462391
94031.595440 2 0.199993 0.379761 -2.031253 3.463572
94497.701274 2 0.199992 0.376664 -2.033642 3.464753
94963.814800 2 0.199990 0.373592 -2.036030 3.465934
95429.935912 2 0.199988 0.370545 -2.038419 3.467115
95896.064507 2 0.199987 0.367522 -2.040808 3.468297
96362.200485 2 0.199985 0.364525 -2.043197 3.469478
96828.343746 2 0.199984 0.361551 -2.045585 3.470659
97294.494190 2 0.199982 0.358602 -2.047974 3.471841
97760.651721 2 0.199981 0.355677 -2.050362 3.473022
98226.816242 2 0.199979 0.352776 -2.052751 3.474203
98692.987658 2 0.199978 0.349898 -2.055139 3.475385
99159.165877 2 0.199976 0.347044 -2.057527 3.476566
99625.350806 2 0.199975 0.344213 -2.059916 3.477748
