t Ka M R logL logTeff
0.261237 1 10.000046 3.394856 3.752347 4.433817
0.522476 1 10.000008 3.410834 3.754232 4.433268
0.783717 1 9.999969 3.426898 3.756168 4.432732
1.044959 1 9.999930 3.443053 3.758155 4.432207
1.306203 1 9.999890 3.459306 3.760193 4.431694
1.567448 1 9.999850 3.475661 3.762283 4.431193
1.828696 1 9.999810 3.492125 3.764424 4.430702
2.089945 1 9.999769 3.508705 3.766616 4.430221
2.351196 1 9.999728 3.525406 3.768860 4.429751
2.612448 1 9.999686 3.542235 3.771154 4.429290
2.873703 1 9.999644 3.559198 3.773500 4.428840
3.134959 1 9.999601 3.576303 3.775898 4.428398
3.396217 1 9.999558 3.593554 3.778346 4.427965
3.657477 1 9.999514 3.610961 3.780846 4.427541
3.918739 1 9.999470 3.628528 3.783397 4.427125
4.180003 1 9.999425 3.646264 3.786000 4.426716
4.441269 1 9.999380 3.664176 3.788653 4.426316
4.702536 1 9.999334 3.682271 3.791358 4.425922
4.963806 1 9.999287 3.700556 3.794114 4.425536
5.225078 1 9.999239 3.719039 3.796922 4.425156
5.486352 1 9.999191 3.737728 3.799780 4.424782
5.747627 1 9.999143 3.756631 3.802690 4.424414
6.008905 1 9.999093 3.775755 3.805651 4.424051
6.270186 1 9.999043 3.795110 3.808664 4.423694
6.531468 1 9.998992 3.814702 3.811727 4.423342
6.792752 1 9.998940 3.834542 3.814842 4.422994
7.054039 1 9.998887 3.854637 3.818008 4.422651
7.315328 1 9.998834 3.874996 3.821225 4.422311
7.576620 1 9.998779 3.895629 3.824494 4.421975
7.837913 1 9.998724 3.916545 3.827814 4.421642
8.099209 1 9.998668 3.937753 3.831185 4.421312
8.360508 1 9.998611 3.959263 3.834607 4.420985
8.621809 1 9.998553 3.981086 3.838080 4.420660
8.883112 1 9.998493 4.003230 3.841605 4.420336
9.144418 1 9.998433 4.025708 3.845180 4.420015
9.405727 1 9.998372 4.048530 3.848807 4.419694
9.667039 1 9.998309 4.071707 3.852485 4.419374
9.928353 1 9.998246 4.095251 3.856215 4.419054
10.189669 1 9.998181 4.119173 3.859995 4.418734
10.450989 1 9.998115 4.143488 3.863827 4.418414
10.712311 1 9.998047 4.168207 3.867710 4.418093
10.973637 1 9.997978 4.193344 3.871644 4.417771
11.234965 1 9.997908 4.218913 3.875629 4.417447
11.496297 1 9.997837 4.244930 3.879665 4.417122
11.757631 1 9.997764 4.271411 3.883752 4.416793
12.018969 1 9.997689 4.298371 3.887891 4.416461
12.280310 1 9.997613 4.325829 3.892081 4.416126
12.541654 1 9.997535 4.353804 3.896321 4.415787
12.803002 1 9.997456 4.382314 3.900613 4.415442
13.064353 1 9.997374 4.411383 3.904956 4.415092
13.325707 1 9.997291 4.441032 3.909350 4.414736
13.587065 1 9.997207 4.471287 3.913796 4.414373
13.848427 1 9.997120 4.502174 3.918292 4.414002
14.109793 1 9.997031 4.533722 3.922839 4.413623
14.371162 1 9.996940 4.565962 3.927438 4.413234
14.632535 1 9.996847 4.598928 3.932087 4.412834
14.893913 1 9.996752 4.632658 3.936788 4.412422
15.155294 1 9.996654 4.667191 3.941539 4.411998
15.416680 1 9.996554 4.702573 3.946342 4.411558
15.678070 1 9.996452 4.738851 3.951195 4.411103
15.939465 1 9.996347 4.776080 3.956100 4.410630
16.200864 1 9.996240 4.814318 3.961055 4.410137
16.462267 1 9.996129 4.853630 3.966062 4.409623
16.723676 1 9.996016 4.894088 3.971119 4.409085
16.985089 1 9.995900 4.935770 3.976228 4.408520
17.246508 1 9.995781 4.978764 3.981387 4.407927
17.507931 1 9.995659 5.023167 3.986597 4.407301
17.769360 1 9.995534 5.069086 3.991859 4.406640
18.030794 1 9.995405 5.116640 3.997171 4.405941
18.292234 1 9.995272 5.165960 4.002534 4.405198
18.553680 1 9.995136 5.217194 4.007947 4.404409
18.684406 1 9.995066 5.243577 4.010673 4.403995
18.815133 1 9.994996 5.270502 4.013412 4.403568
18.945862 1 9.994924 5.297990 4.016163 4.403126
19.076592 1 9.994851 5.326066 4.018927 4.402669
19.207324 1 9.994777 5.354757 4.021704 4.402197
19.338058 1 9.994702 5.384088 4.024493 4.401708
19.468793 1 9.994626 5.414090 4.027295 4.401202
19.599530 1 9.994549 5.444791 4.030110 4.400677
19.730268 1 9.994471 5.476225 4.032938 4.400134
19.861008 1 9.994392 5.508425 4.035778 4.399571
19.991750 1 9.994311 5.541427 4.038631 4.398987
20.122494 1 9.994229 5.575268 4.041496 4.398382
20.253239 1 9.994147 5.609988 4.044374 4.397753
20.383986 1 9.993413 5.645403 4.047178 4.397087
20.514750 1 9.992669 5.681778 4.049992 4.396397
20.645529 1 9.991913 5.719158 4.052818 4.395679
20.776324 1 9.991147 5.757594 4.055656 4.394934
20.907137 1 9.990369 5.797137 4.058504 4.394160
21.037966 1 9.989580 5.837844 4.061364 4.393355
21.168812 1 9.988779 5.879773 4.064236 4.392519
21.299676 1 9.987966 5.922985 4.067118 4.391650
21.430557 1 9.987140 5.967548 4.070012 4.390746
21.561456 1 9.986303 6.013529 4.072916 4.389805
21.692374 1 9.985452 6.061005 4.075832 4.388826
21.823310 1 9.984589 6.110052 4.078759 4.387808
21.954264 1 9.983712 6.160754 4.081697 4.386748
22.085238 1 9.982823 6.213200 4.084646 4.385644
22.216231 1 9.981919 6.267482 4.087606 4.384496
22.347244 1 9.981001 6.323701 4.090577 4.383299
22.478277 1 9.980069 6.381963 4.093559 4.382053
22.609330 1 9.979123 6.442380 4.096551 4.380755
22.740403 1 9.978162 6.505071 4.099555 4.379403
22.840403 1 9.977674 6.537309 4.101061 4.378706
22.940403 1 9.977182 6.570164 4.102569 4.377995
23.040403 1 9.976686 6.603653 4.104080 4.377268
23.140403 1 9.976186 6.637794 4.105593 4.376527
23.240403 1 9.975683 6.672606 4.107110 4.375770
23.340403 1 9.975175 6.708107 4.108629 4.374998
23.440403 1 9.974664 6.744318 4.110150 4.374209
23.540403 1 9.974148 6.781258 4.111674 4.373404
23.640403 1 9.973628 6.818948 4.113201 4.372582
23.740403 1 9.973104 6.857410 4.114731 4.371743
23.840403 1 9.972576 6.896667 4.116263 4.370887
23.940403 1 9.972044 6.936741 4.117798 4.370012
24.040403 1 9.971507 6.977656 4.119335 4.369120
24.140403 1 9.970966 7.019437 4.120876 4.368208
24.240403 1 9.970421 7.062109 4.122418 4.367278
24.340403 1 9.969871 7.105700 4.123964 4.366328
24.440403 1 9.969317 7.150236 4.125512 4.365358
24.540403 1 9.968759 7.195745 4.127062 4.364368
24.640403 1 9.968196 7.242257 4.128615 4.363357
24.740403 1 9.967628 7.289802 4.130171 4.362325
24.840403 1 9.967056 7.338411 4.131729 4.361272
24.940403 1 9.966479 7.388118 4.133290 4.360196
25.040403 1 9.965898 7.438955 4.134854 4.359098
25.140403 1 9.965311 7.490958 4.136420 4.357977
25.240403 1 9.964720 7.544163 4.137988 4.356832
25.340403 1 9.964124 7.598606 4.139559 4.355663
25.440403 1 9.963523 7.654328 4.141133 4.354470
25.540403 1 9.962918 7.711368 4.142709 4.353252
25.640403 1 9.962307 7.769768 4.144288 4.352009
25.740403 1 9.961691 7.829572 4.145869 4.350739
25.840403 1 9.961073 7.890825 4.147453 4.349443
25.940403 1 9.960451 7.953574 4.149040 4.348119
26.040403 1 9.959826 8.017868 4.150630 4.346769
26.140403 1 9.959198 8.083757 4.152222 4.345390
26.240403 1 9.958567 8.151294 4.153817 4.343982
26.340403 1 9.957932 8.220532 4.155415 4.342544
26.440403 1 9.957295 8.291529 4.157016 4.341077
26.540403 1 9.956655 8.364344 4.158620 4.339580
26.640403 1 9.956012 8.439036 4.160226 4.338051
26.740403 1 9.955365 8.515671 4.161835 4.336490
26.840403 1 9.954716 8.594313 4.163447 4.334897
26.940403 1 9.954064 8.675033 4.165062 4.333271
27.040403 1 9.953409 8.757901 4.166680 4.331611
27.140403 1 9.952751 8.842992 4.168300 4.329916
27.240403 1 9.952091 8.930384 4.169924 4.328186
27.340403 1 9.951759 8.974967 4.170736 4.327308
27.440403 1 9.951427 9.020157 4.171550 4.326421
27.540403 1 9.951094 9.065962 4.172364 4.325525
27.640403 1 9.950760 9.112396 4.173179 4.324619
27.740403 1 9.950426 9.159467 4.173994 4.323704
27.872105 1 9.949085 9.244795 4.186344 4.324778
27.972105 1 9.948862 9.192706 4.191032 4.327177
28.072105 1 9.948660 9.119920 4.195780 4.330090
28.172105 1 9.948478 9.032698 4.200429 4.333339
28.272105 1 9.948396 8.987100 4.202607 4.334983
28.372105 1 9.948317 8.940051 4.204730 4.336653
28.472105 1 9.948243 8.892064 4.206791 4.338337
28.572105 1 9.948172 8.843594 4.208785 4.340022
28.672105 1 9.948105 8.795037 4.210709 4.341699
28.772105 1 9.948041 8.746736 4.212560 4.343358
28.872105 1 9.947980 8.698981 4.214338 4.344991
28.972105 1 9.947922 8.652016 4.216041 4.346592
29.072105 1 9.947867 8.606043 4.217671 4.348156
29.172105 1 9.947815 8.561225 4.219227 4.349679
29.272105 1 9.947765 8.517691 4.220711 4.351157
29.372105 1 9.947719 8.475540 4.222124 4.352588
29.472105 1 9.947630 8.393007 4.224831 4.355390
29.572105 1 9.947551 8.317042 4.227262 4.357972
29.672105 1 9.947481 8.247704 4.229436 4.360333
29.772105 1 9.947420 8.184842 4.231374 4.362479
29.872105 1 9.947365 8.128167 4.233098 4.364419
29.972105 1 9.947317 8.077303 4.234627 4.366164
30.072105 1 9.947275 8.031826 4.235981 4.367729
30.172105 1 9.947237 7.991294 4.237178 4.369127
30.272105 1 9.947172 7.918714 4.239302 4.371639
30.372105 1 9.947122 7.862911 4.240917 4.373578
30.472105 1 9.947084 7.820297 4.242142 4.375065
30.572105 1 9.947027 7.755161 4.244001 4.377345
30.672105 2 9.946969 7.688583 4.245884 4.379688
30.772105 2 9.946966 7.752942 4.245538 4.377792
30.872105 2 9.946964 7.813969 4.245213 4.376008
30.972105 2 9.946961 7.875476 4.244887 4.374224
31.072105 2 9.946958 7.937467 4.244562 4.372440
31.172105 2 9.946955 7.999946 4.244237 4.370656
31.272105 2 9.946952 8.062917 4.243911 4.368872
31.372105 2 9.946949 8.126383 4.243586 4.367088
31.472105 2 9.946946 8.190350 4.243260 4.365304
31.572105 2 9.946944 8.254819 4.242935 4.363521
31.672105 2 9.946941 8.319796 4.242610 4.361737
31.772105 2 9.946938 8.385285 4.242284 4.359953
31.872105 2 9.946935 8.451289 4.241959 4.358169
31.972105 2 9.946932 8.517812 4.241633 4.356385
32.072105 2 9.946930 8.584860 4.241308 4.354601
32.172105 2 9.946927 8.652435 4.240983 4.352817
32.272105 2 9.946924 8.720541 4.240657 4.351033
32.372105 2 9.946921 8.789184 4.240332 4.349249
32.472105 2 9.946918 8.858368 4.240007 4.347465
32.572105 2 9.946916 8.928095 4.239681 4.345681
32.672105 2 9.946913 8.998372 4.239356 4.343898
32.772105 2 9.946910 9.069202 4.239030 4.342114
32.872105 2 9.946908 9.140589 4.238705 4.340330
32.972105 2 9.946905 9.212538 4.238380 4.338546
33.072105 2 9.946902 9.285054 4.238054 4.336762
33.172105 2 9.946900 9.358140 4.237729 4.334978
33.272105 2 9.946897 9.431802 4.237404 4.333194
33.372105 2 9.946894 9.506044 4.237078 4.331410
33.472105 2 9.946892 9.580870 4.236753 4.329626
33.572105 2 9.946889 9.656284 4.236428 4.327842
33.672105 2 9.946887 9.732293 4.236102 4.326059
33.772105 2 9.946884 9.808900 4.235777 4.324275
33.872105 2 9.946881 9.886109 4.235451 4.322491
33.972105 2 9.946879 9.963927 4.235126 4.320707
34.072105 2 9.946876 10.042357 4.234801 4.318923
34.172105 2 9.946874 10.121404 4.234475 4.317139
34.272105 2 9.946871 10.201074 4.234150 4.315355
34.372105 2 9.946869 10.281371 4.233825 4.313571
34.472105 2 9.946866 10.362299 4.233499 4.311787
34.572105 2 9.946864 10.443865 4.233174 4.310003
34.672105 2 9.946862 10.526073 4.232849 4.308220
34.772105 2 9.946859 10.608928 4.232523 4.306436
34.872105 2 9.946857 10.692435 4.232198 4.304652
34.972105 2 9.946854 10.776599 4.231873 4.302868
35.072105 2 9.946852 10.861426 4.231547 4.301084
35.172105 2 9.946850 10.946921 4.231222 4.299300
35.272105 2 9.946847 11.033088 4.230897 4.297516
35.372105 2 9.946845 11.119934 4.230571 4.295732
35.472105 2 9.946843 11.207463 4.230246 4.293948
35.572105 2 9.946840 11.295682 4.229921 4.292165
35.672105 2 9.946838 11.384595 4.229596 4.290381
35.772105 2 9.946836 11.474207 4.229270 4.288597
35.872105 2 9.946834 11.564525 4.228945 4.286813
35.972105 2 9.946831 11.655554 4.228620 4.285029
36.072105 2 9.946829 11.747300 4.228294 4.283245
36.172105 2 9.946827 11.839767 4.227969 4.281461
36.272105 2 9.946825 11.932963 4.227644 4.279677
36.372105 2 9.946823 12.026892 4.227318 4.277893
36.472105 2 9.946820 12.121560 4.226993 4.276110
36.572105 2 9.946818 12.216974 4.226668 4.274326
36.672105 2 9.946816 12.313138 4.226342 4.272542
36.772105 2 9.946814 12.410060 4.226017 4.270758
36.872105 2 9.946812 12.507744 4.225692 4.268974
36.972105 2 9.946810 12.606197 4.225367 4.267190
37.072105 2 9.946808 12.705426 4.225041 4.265406
37.172105 2 9.946806 12.805435 4.224716 4.263622
37.272105 2 9.946804 12.906232 4.224391 4.261839
37.372105 2 9.946801 13.007822 4.224065 4.260055
37.472105 2 9.946799 13.110211 4.223740 4.258271
37.572105 2 9.946797 13.213407 4.223415 4.256487
37.672105 2 9.946795 13.317415 4.223090 4.254703
37.772105 2 9.946793 13.422241 4.222764 4.252919
37.872105 2 9.946791 13.527893 4.222439 4.251135
37.972105 2 9.946789 13.634376 4.222114 4.249351
38.072105 2 9.946787 13.741698 4.221789 4.247567
38.172105 2 9.946785 13.849864 4.221463 4.245784
38.272105 2 9.946784 13.958882 4.221138 4.244000
38.372105 2 9.946782 14.068757 4.220813 4.242216
38.472105 2 9.946780 14.179498 4.220487 4.240432
38.572105 2 9.946778 14.291110 4.220162 4.238648
38.672105 2 9.946776 14.403601 4.219837 4.236864
38.772105 2 9.946774 14.516978 4.219512 4.235080
38.872105 2 9.946772 14.631246 4.219186 4.233296
38.972105 2 9.946770 14.746415 4.218861 4.231513
39.072105 2 9.946768 14.862489 4.218536 4.229729
39.172105 2 9.946767 14.979478 4.218211 4.227945
39.272105 2 9.946765 15.097387 4.217885 4.226161
39.372105 2 9.946763 15.216224 4.217560 4.224377
39.472105 2 9.946761 15.335997 4.217235 4.222593
39.572105 2 9.946759 15.456713 4.216910 4.220809
39.672105 2 9.946757 15.578379 4.216584 4.219026
39.772105 2 9.946756 15.701002 4.216259 4.217242
39.872105 2 9.946754 15.824591 4.215934 4.215458
39.972105 2 9.946752 15.949152 4.215609 4.213674
40.072105 2 9.946750 16.074694 4.215283 4.211890
40.172105 2 9.946749 16.201224 4.214958 4.210106
40.272105 2 9.946747 16.328750 4.214633 4.208322
40.372105 2 9.946745 16.457280 4.214308 4.206538
40.472105 2 9.946744 16.586822 4.213982 4.204755
40.572105 2 9.946742 16.717383 4.213657 4.202971
40.672105 2 9.946740 16.848972 4.213332 4.201187
40.772105 2 9.946738 16.981597 4.213007 4.199403
40.872105 2 9.946737 17.115266 4.212681 4.197619
40.972105 2 9.946735 17.249986 4.212356 4.195835
41.072105 2 9.946733 17.385768 4.212031 4.194051
41.172105 2 9.946732 17.522618 4.211706 4.192268
41.272105 2 9.946730 17.660545 4.211381 4.190484
41.372105 2 9.946729 17.799558 4.211055 4.188700
41.472105 2 9.946727 17.939665 4.210730 4.186916
41.572105 2 9.946725 18.080875 4.210405 4.185132
41.672105 2 9.946724 18.223197 4.210080 4.183348
41.772105 2 9.946722 18.366639 4.209754 4.181564
41.872105 2 9.946721 18.511210 4.209429 4.179780
41.972105 2 9.946719 18.656919 4.209104 4.177997
42.072105 2 9.946718 18.803774 4.208779 4.176213
42.172105 2 9.946716 18.951786 4.208453 4.174429
42.272105 2 9.946715 19.100963 4.208128 4.172645
42.372105 2 9.946713 19.251314 4.207803 4.170861
42.472105 2 9.946711 19.402849 4.207478 4.169077
42.572105 2 9.946710 19.555576 4.207153 4.167293
42.672105 2 9.946708 19.709505 4.206827 4.165510
42.772105 2 9.946707 19.864646 4.206502 4.163726
42.872105 2 9.946706 20.021009 4.206177 4.161942
42.972105 2 9.946704 20.178602 4.205852 4.160158
43.072105 2 9.946703 20.337435 4.205527 4.158374
43.172105 2 9.946701 20.497519 4.205201 4.156590
43.272105 2 9.946700 20.658863 4.204876 4.154806
43.372105 2 9.946698 20.821477 4.204551 4.153023
43.472105 2 9.946697 20.985371 4.204226 4.151239
43.572105 2 9.946695 21.150555 4.203901 4.149455
43.672105 2 9.946694 21.317039 4.203575 4.147671
43.772105 2 9.946693 21.484834 4.203250 4.145887
43.872105 2 9.946691 21.653949 4.202925 4.144103
43.972105 2 9.946690 21.824396 4.202600 4.142319
44.072105 2 9.946689 21.996184 4.202275 4.140536
44.172105 2 9.946687 22.169325 4.201949 4.138752
44.272105 2 9.946686 22.343828 4.201624 4.136968
44.372105 2 9.946684 22.519705 4.201299 4.135184
44.472105 2 9.946683 22.696966 4.200974 4.133400
44.572105 2 9.946682 22.875623 4.200649 4.131616
44.672105 2 9.946680 23.055686 4.200323 4.129832
44.772105 2 9.946679 23.237166 4.199998 4.128049
44.872105 2 9.946678 23.420075 4.199673 4.126265
44.972105 2 9.946677 23.604423 4.199348 4.124481
45.072105 2 9.946675 23.790223 4.199023 4.122697
45.172105 2 9.946674 23.977485 4.198698 4.120913
45.272105 2 9.946673 24.166221 4.198372 4.119129
45.372105 2 9.946671 24.356442 4.198047 4.117345
45.472105 2 9.946670 24.548161 4.197722 4.115562
45.572105 2 9.946669 24.741390 4.197397 4.113778
45.672105 2 9.946668 24.936139 4.197072 4.111994
45.772105 2 9.946666 25.132421 4.196746 4.110210
45.872105 2 9.946665 25.330248 4.196421 4.108426
45.972105 2 9.946664 25.529632 4.196096 4.106642
46.072105 2 9.946663 25.730586 4.195771 4.104858
46.172105 2 9.946662 25.933121 4.195446 4.103075
46.272105 2 9.946660 26.137251 4.195121 4.101291
46.372105 2 9.946659 26.342987 4.194795 4.099507
46.472105 2 9.946658 26.550343 4.194470 4.097723
46.572105 2 9.946657 26.759331 4.194145 4.095939
46.672105 2 9.946654 26.969960 4.193820 4.094155
46.772105 2 9.946651 27.182246 4.193494 4.092371
46.872105 2 9.946649 27.396203 4.193169 4.090588
46.972105 2 9.946646 27.611845 4.192844 4.088804
47.072105 2 9.946643 27.829183 4.192518 4.087020
47.172105 2 9.946641 28.048233 4.192193 4.085236
47.272105 2 9.946638 28.269006 4.191867 4.083452
47.372105 2 9.946635 28.491517 4.191542 4.081668
47.472105 2 9.946632 28.715779 4.191217 4.079884
47.572105 2 9.946630 28.941807 4.190891 4.078101
47.672105 2 9.946627 29.169613 4.190566 4.076317
47.772105 2 9.946624 29.399212 4.190240 4.074533
47.872105 2 9.946621 29.630619 4.189915 4.072749
47.972105 2 9.946618 29.863847 4.189590 4.070965
48.072105 2 9.946615 30.098910 4.189264 4.069181
48.172105 2 9.946613 30.335824 4.188939 4.067397
48.272105 2 9.946610 30.574602 4.188613 4.065614
48.372105 2 9.946607 30.815260 4.188288 4.063830
48.472105 2 9.946604 31.057812 4.187963 4.062046
48.572105 2 9.946601 31.302273 4.187637 4.060262
48.672105 2 9.946598 31.548658 4.187312 4.058478
48.772105 2 9.946595 31.796982 4.186986 4.056694
48.872105 2 9.946592 32.047261 4.186661 4.054910
48.972105 2 9.946589 32.299509 4.186336 4.053127
49.072105 2 9.946586 32.553743 4.186010 4.051343
49.172105 2 9.946583 32.809978 4.185685 4.049559
49.272105 2 9.946580 33.068230 4.185359 4.047775
49.372105 2 9.946577 33.328514 4.185034 4.045991
49.472105 2 9.946574 33.590847 4.184708 4.044207
49.572105 2 9.946571 33.855244 4.184383 4.042423
49.672105 2 9.946568 34.121723 4.184058 4.040639
49.772105 2 9.946564 34.390299 4.183732 4.038856
49.872105 2 9.946561 34.660989 4.183407 4.037072
49.972105 2 9.946558 34.933809 4.183081 4.035288
50.072105 2 9.946555 35.208776 4.182756 4.033504
50.172105 2 9.946552 35.485908 4.182430 4.031720
50.272105 2 9.946548 35.765221 4.182105 4.029936
50.372105 2 9.946545 36.046732 4.181779 4.028152
50.472105 2 9.946542 36.330459 4.181454 4.026369
50.572105 2 9.946539 36.616419 4.181129 4.024585
50.672105 2 9.946535 36.904629 4.180803 4.022801
50.772105 2 9.946532 37.195108 4.180478 4.021017
50.872105 2 9.946529 37.487873 4.180152 4.019233
50.972105 2 9.946525 37.782943 4.179827 4.017449
51.072105 2 9.946522 38.080334 4.179501 4.015666
51.172105 2 9.946519 38.380067 4.179176 4.013882
51.272105 2 9.946515 38.682158 4.178850 4.012098
51.372105 2 9.946512 38.986627 4.178525 4.010314
51.472105 2 9.946508 39.293492 4.178199 4.008530
51.572105 2 9.946505 39.602773 4.177874 4.006746
51.672105 2 9.946501 39.914487 4.177548 4.004962
51.772105 2 9.946498 40.228655 4.177223 4.003179
51.872105 2 9.946494 40.545296 4.176897 4.001395
51.972105 2 9.946491 40.864429 4.176572 3.999611
52.072105 2 9.946487 41.186073 4.176246 3.997827
52.172105 2 9.946484 41.510249 4.175921 3.996043
52.272105 2 9.946480 41.836977 4.175595 3.994259
52.372105 2 9.946477 42.166275 4.175270 3.992475
52.472105 2 9.946473 42.498166 4.174944 3.990692
52.572105 2 9.946469 42.832668 4.174619 3.988908
52.672105 2 9.946466 43.169804 4.174293 3.987124
52.772105 2 9.946462 43.509592 4.173968 3.985340
52.872105 2 9.946458 43.852055 4.173642 3.983556
52.972105 2 9.946455 44.197214 4.173317 3.981772
53.072105 2 9.946451 44.545088 4.172991 3.979988
53.172105 2 9.946447 44.895701 4.172666 3.978205
53.272105 2 9.946443 45.249073 4.172340 3.976421
53.372105 2 9.946439 45.605226 4.172015 3.974637
53.472105 2 9.946436 45.964182 4.171689 3.972853
53.572105 2 9.946432 46.325964 4.171364 3.971069
53.672105 2 9.946428 46.690592 4.171038 3.969285
53.772105 2 9.946424 47.058091 4.170713 3.967502
53.872105 2 9.946420 47.428482 4.170387 3.965718
53.972105 2 9.946416 47.801787 4.170062 3.963934
54.072105 2 9.946412 48.178031 4.169736 3.962150
54.172105 2 9.946408 48.557236 4.169410 3.960366
54.272105 2 9.946404 48.939425 4.169085 3.958582
54.372105 2 9.946400 49.324623 4.168759 3.956798
54.472105 2 9.946396 49.712851 4.168434 3.955015
54.572105 2 9.946392 50.104136 4.168108 3.953231
54.672105 2 9.946388 50.498500 4.167783 3.951447
54.772105 2 9.946384 50.895967 4.167457 3.949663
54.872105 2 9.946380 51.296563 4.167131 3.947879
54.972105 2 9.946376 51.700311 4.166806 3.946095
55.072105 2 9.946371 52.107237 4.166480 3.944312
55.172105 2 9.946367 52.517365 4.166155 3.942528
55.272105 2 9.946363 52.930722 4.165829 3.940744
55.372105 2 9.946359 53.347331 4.165504 3.938960
55.472105 2 9.946354 53.767219 4.165178 3.937176
55.572105 2 9.946350 54.190412 4.164852 3.935392
55.672105 2 9.946346 54.616935 4.164527 3.933609
55.772105 2 9.946341 55.046815 4.164201 3.931825
55.872105 2 9.946337 55.480078 4.163875 3.930041
55.972105 2 9.946333 55.916751 4.163550 3.928257
56.072105 2 9.946328 56.356861 4.163224 3.926473
56.172105 2 9.946324 56.800434 4.162899 3.924689
56.272105 2 9.946319 57.247499 4.162573 3.922906
56.372105 2 9.946315 57.698081 4.162247 3.921122
56.472105 2 9.946310 58.152210 4.161922 3.919338
56.572105 2 9.946306 58.609913 4.161596 3.917554
56.672105 2 9.946301 59.071218 4.161271 3.915770
56.772105 2 9.946297 59.536153 4.160945 3.913986
56.872105 2 9.946292 60.004747 4.160619 3.912203
56.972105 2 9.946288 60.477030 4.160294 3.910419
57.072105 2 9.946283 60.953029 4.159968 3.908635
57.172105 2 9.946278 61.432774 4.159642 3.906851
57.272105 2 9.946273 61.916294 4.159317 3.905067
57.372105 2 9.946269 62.403620 4.158991 3.903283
57.472105 2 9.946264 62.894781 4.158665 3.901500
57.572105 2 9.946259 63.389807 4.158340 3.899716
57.672105 2 9.946254 63.888730 4.158014 3.897932
57.772105 2 9.946250 64.391578 4.157688 3.896148
57.872105 2 9.946245 64.898384 4.157363 3.894364
57.972105 2 9.946240 65.409179 4.157037 3.892580
58.072105 2 9.946235 65.923993 4.156711 3.890797
58.172105 2 9.946230 66.442859 4.156386 3.889013
58.272105 2 9.946225 66.965808 4.156060 3.887229
58.372105 2 9.946220 67.492873 4.155734 3.885445
58.472105 2 9.946215 68.024085 4.155408 3.883661
58.572105 2 9.946210 68.559478 4.155083 3.881877
58.672105 2 9.946205 69.099084 4.154757 3.880094
58.772105 2 9.946200 69.642937 4.154431 3.878310
58.872105 2 9.946195 70.191070 4.154106 3.876526
58.972105 2 9.946189 70.743517 4.153780 3.874742
59.072105 2 9.946184 71.300311 4.153454 3.872958
59.172105 2 9.946179 71.861487 4.153128 3.871175
59.272105 2 9.946174 72.427079 4.152803 3.869391
59.372105 2 9.946168 72.997122 4.152477 3.867607
59.472105 2 9.946163 73.571651 4.152151 3.865823
59.572105 2 9.946158 74.150702 4.151825 3.864039
59.672105 2 9.946152 74.734309 4.151500 3.862255
59.772105 2 9.946147 75.322509 4.151174 3.860472
59.872105 2 9.946142 75.915338 4.150848 3.858688
59.972105 2 9.946136 76.512833 4.150522 3.856904
60.072105 2 9.946131 77.115029 4.150197 3.855120
60.172105 2 9.946125 77.721964 4.149871 3.853336
60.272105 2 9.946120 78.333676 4.149545 3.851553
60.372105 2 9.946114 78.950201 4.149219 3.849769
60.472105 2 9.946108 79.571578 4.148894 3.847985
60.572105 2 9.946103 80.197845 4.148568 3.846201
60.672105 2 9.946097 80.829041 4.148242 3.844417
60.772105 2 9.946091 81.465203 4.147916 3.842634
60.872105 2 9.946086 82.106372 4.147590 3.840850
60.972105 2 9.946080 82.752587 4.147265 3.839066
61.072105 2 9.946074 83.403887 4.146939 3.837282
61.172105 2 9.946068 84.060312 4.146613 3.835498
61.272105 2 9.946063 84.721902 4.146287 3.833715
61.372105 2 9.946057 85.388699 4.145961 3.831931
61.472105 2 9.946051 86.060744 4.145636 3.830147
61.572105 2 9.946045 86.738076 4.145310 3.828363
61.672105 2 9.946039 87.420739 4.144984 3.826579
61.772105 2 9.946033 88.108774 4.144658 3.824795
61.872105 2 9.946027 88.802224 4.144332 3.823012
61.972105 2 9.946021 89.501130 4.144006 3.821228
62.072105 2 9.946015 90.205536 4.143680 3.819444
62.172105 2 9.946008 90.915485 4.143355 3.817660
62.272105 2 9.946002 91.631021 4.143029 3.815876
62.372105 2 9.945996 92.352188 4.142703 3.814093
62.472105 2 9.945990 93.079029 4.142377 3.812309
62.572105 2 9.945984 93.811591 4.142051 3.810525
62.672105 2 9.945977 94.549917 4.141725 3.808741
62.772105 2 9.945971 95.294052 4.141399 3.806958
62.872105 2 9.945965 96.044044 4.141073 3.805174
62.972105 2 9.945958 96.799937 4.140748 3.803390
63.072105 2 9.945952 97.561779 4.140422 3.801606
63.172105 2 9.945945 98.329615 4.140096 3.799822
63.272105 2 9.945939 99.103494 4.139770 3.798039
63.372105 2 9.945932 99.883462 4.139444 3.796255
63.472105 2 9.945925 100.669567 4.139118 3.794471
63.572105 2 9.945919 101.461859 4.138792 3.792687
63.672105 2 9.945912 102.260385 4.138466 3.790903
63.772105 2 9.945906 103.065195 4.138140 3.789120
63.872105 2 9.945899 103.876337 4.137814 3.787336
63.972105 2 9.945892 104.693863 4.137488 3.785552
64.072105 2 9.945885 105.517821 4.137162 3.783768
64.172105 2 9.945878 106.348263 4.136836 3.781984
64.272105 2 9.945871 107.185240 4.136510 3.780201
64.372105 2 9.945865 108.028803 4.136185 3.778417
64.472105 2 9.945858 108.879003 4.135859 3.776633
64.572105 2 9.945851 109.735894 4.135533 3.774849
64.672105 2 9.945844 110.599527 4.135207 3.773066
64.772105 2 9.945836 111.469956 4.134881 3.771282
64.872105 2 9.945829 112.347234 4.134555 3.769498
64.972105 2 9.945822 113.231415 4.134229 3.767714
65.072105 2 9.945815 114.122554 4.133903 3.765930
65.172105 2 9.945808 115.020704 4.133577 3.764147
65.272105 2 9.945801 115.925922 4.133251 3.762363
65.372105 2 9.945793 116.838263 4.132925 3.760579
65.472105 2 9.945786 117.757783 4.132599 3.758795
65.572105 2 9.945779 118.684537 4.132272 3.757012
65.672105 2 9.945771 119.618585 4.131946 3.755228
65.772105 2 9.945764 120.559981 4.131620 3.753444
65.872105 2 9.945756 121.508785 4.131294 3.751660
65.972105 2 9.945749 122.465055 4.130968 3.749877
66.072105 2 9.945741 123.428849 4.130642 3.748093
66.172105 2 9.945733 124.400227 4.130316 3.746309
66.272105 2 9.945726 125.379248 4.129990 3.744525
66.372105 2 9.945718 126.365972 4.129664 3.742741
66.472105 2 9.945710 127.360461 4.129338 3.740958
66.572105 2 9.945702 128.362774 4.129012 3.739174
66.672105 2 9.945695 129.372974 4.128686 3.737390
66.772105 2 9.945687 130.391122 4.128360 3.735606
66.872105 2 9.945679 131.417282 4.128034 3.733823
66.972105 2 9.945671 132.451516 4.127707 3.732039
67.072105 2 9.945663 133.493887 4.127381 3.730255
67.172105 2 9.945655 134.544460 4.127055 3.728471
67.272105 2 9.945647 135.603299 4.126729 3.726688
67.372105 2 9.945639 136.670469 4.126403 3.724904
67.472105 2 9.945630 137.746036 4.126077 3.723120
67.572105 2 9.945622 138.830066 4.125751 3.721336
67.672105 2 9.945614 139.922625 4.125424 3.719553
67.772105 2 9.945606 141.023780 4.125098 3.717769
67.872105 2 9.945597 142.133599 4.124772 3.715985
67.972105 2 9.945589 143.252151 4.124446 3.714201
68.072105 2 9.945580 144.379503 4.124120 3.712418
68.172105 2 9.945572 145.515725 4.123794 3.710634
68.272105 2 9.945563 146.660888 4.123467 3.708850
68.372105 2 9.945555 147.815060 4.123141 3.707067
68.472105 2 9.945546 148.978313 4.122815 3.705283
68.572105 2 9.945537 150.150718 4.122489 3.703499
68.672105 2 9.945529 151.332348 4.122163 3.701715
68.772105 2 9.945520 152.523275 4.121836 3.699932
68.872105 2 9.945511 153.723572 4.121510 3.698148
68.972105 2 9.945502 154.933312 4.121184 3.696364
69.072105 2 9.945493 156.152571 4.120858 3.694580
69.172105 2 9.945484 157.381422 4.120531 3.692797
69.272105 2 9.945475 158.619942 4.120205 3.691013
69.372105 2 9.945466 159.868206 4.119879 3.689229
69.472105 2 9.945457 161.126291 4.119552 3.687445
69.572105 2 9.945448 162.394274 4.119226 3.685662
69.672105 2 9.945439 163.672233 4.118900 3.683878
69.772105 2 9.945429 164.960247 4.118574 3.682094
69.872105 2 9.945420 166.258394 4.118247 3.680311
69.972105 2 9.945411 167.566754 4.117921 3.678527
70.072105 2 9.945401 168.885408 4.117595 3.676743
70.172105 2 9.945392 170.214436 4.117268 3.674959
70.272105 2 9.945382 171.553921 4.116942 3.673176
70.372105 2 9.945373 172.882544 4.116621 3.671420
70.472105 2 9.945366 173.885758 4.116380 3.670104
70.572105 2 9.945355 175.401502 4.116019 3.668129
70.672105 3 9.945344 176.930890 4.115659 3.666153
70.772105 3 9.945337 178.534953 4.121115 3.665558
70.872105 3 9.945334 179.189490 4.123326 3.665316
70.972105 3 9.945326 180.814682 4.128782 3.664719
71.072105 3 9.945318 182.455081 4.134239 3.664122
71.172105 3 9.945311 184.110832 4.139695 3.663525
71.272105 3 9.945303 185.782081 4.145151 3.662926
71.372105 3 9.945295 187.468976 4.150607 3.662327
71.472105 3 9.945287 189.171667 4.156063 3.661728
71.572105 3 9.945278 190.890305 4.161519 3.661128
71.672105 3 9.945270 192.625041 4.166975 3.660528
71.772105 3 9.945262 194.376030 4.172431 3.659927
71.872105 3 9.945253 196.143426 4.177887 3.659325
71.972105 3 9.945245 197.927387 4.183343 3.658723
72.072105 3 9.945236 199.728071 4.188799 3.658121
72.172105 3 9.945227 201.545636 4.194255 3.657518
72.272105 3 9.945218 203.380246 4.199711 3.656914
72.372105 3 9.945209 205.232062 4.205167 3.656310
72.472105 3 9.945200 207.101249 4.210623 3.655705
72.572105 3 9.945191 208.987973 4.216079 3.655100
72.672105 3 9.945181 210.892402 4.221535 3.654494
72.772105 3 9.945172 212.814704 4.226991 3.653887
72.872105 3 9.945162 214.755052 4.232447 3.653281
72.972105 3 9.945152 216.713616 4.237903 3.652673
73.072105 3 9.945142 218.690573 4.243359 3.652065
73.172105 3 9.945132 220.686096 4.248815 3.651457
73.272105 3 9.945122 222.700365 4.254271 3.650848
73.372105 3 9.945112 224.733558 4.259727 3.650238
73.472105 3 9.945101 226.785857 4.265183 3.649628
73.572105 3 9.945091 228.857443 4.270639 3.649018
73.672105 3 9.945080 230.948503 4.276095 3.648407
73.772105 3 9.945069 233.059221 4.281551 3.647795
73.872105 3 9.945058 235.189787 4.287007 3.647183
73.972105 3 9.945047 237.340390 4.292463 3.646570
74.072105 3 9.945035 239.511222 4.297919 3.645957
74.172105 3 9.945024 241.702477 4.303375 3.645344
74.272105 3 9.945012 243.914350 4.308831 3.644730
74.372105 3 9.945001 246.147039 4.314287 3.644115
74.472105 3 9.944989 248.400743 4.319743 3.643500
74.572105 3 9.944977 250.675663 4.325199 3.642884
74.672105 3 9.944965 252.972003 4.330655 3.642268
74.772105 3 9.944952 255.289968 4.336111 3.641651
74.872105 3 9.944940 257.629765 4.341567 3.641034
74.972105 3 9.944927 259.991603 4.347023 3.640417
75.072105 3 9.944914 262.375693 4.352479 3.639798
75.172105 3 9.944901 264.782249 4.357935 3.639180
75.272105 3 9.944888 267.211486 4.363391 3.638561
75.372105 3 9.944875 269.663621 4.368847 3.637941
75.472105 3 9.944861 272.138874 4.374303 3.637321
75.572105 3 9.944847 274.637467 4.379759 3.636700
75.672105 3 9.944833 277.159623 4.385215 3.636079
75.772105 3 9.944819 279.705569 4.390671 3.635458
75.872105 4 9.944809 281.536044 4.394562 3.635014
75.972105 4 9.944794 281.534524 4.394559 3.635014
76.072105 4 9.944780 281.533019 4.394555 3.635015
76.172105 4 9.944775 281.532559 4.394554 3.635015
76.272105 4 9.939929 281.046798 4.393395 3.635100
76.372105 4 9.935105 280.589249 4.392295 3.635179
76.472105 4 9.930303 280.159072 4.391252 3.635251
76.572105 4 9.925522 279.755440 4.390265 3.635317
76.672105 4 9.920760 279.377538 4.389332 3.635378
76.772105 4 9.916017 279.024558 4.388451 3.635432
76.872105 4 9.911290 278.695707 4.387622 3.635481
76.972105 4 9.906580 278.390200 4.386842 3.635524
77.072105 4 9.901884 278.107258 4.386110 3.635562
77.172105 4 9.897203 277.846114 4.385424 3.635594
77.272105 4 9.892535 277.606006 4.384784 3.635622
77.372105 4 9.887879 277.386181 4.384187 3.635645
77.472105 4 9.883234 277.185892 4.383632 3.635663
77.572105 4 9.878599 277.004397 4.383117 3.635676
77.672105 4 9.873974 276.840960 4.382641 3.635686
77.772105 4 9.869358 276.694851 4.382202 3.635691
77.872105 4 9.864750 276.565344 4.381800 3.635692
77.972105 4 9.860150 276.451715 4.381431 3.635689
78.072105 4 9.855556 276.353248 4.381096 3.635682
78.172105 4 9.850968 276.269226 4.380791 3.635672
78.272105 4 9.846386 276.198938 4.380517 3.635659
78.372105 4 9.841808 276.141673 4.380270 3.635642
78.472105 4 9.837235 276.096725 4.380050 3.635622
78.572105 4 9.832666 276.063388 4.379856 3.635600
78.672105 4 9.828100 276.040958 4.379684 3.635575
78.772105 4 9.823536 276.028732 4.379535 3.635547
78.872105 4 9.818976 276.026008 4.379407 3.635517
78.972105 4 9.814417 276.032085 4.379297 3.635485
79.072105 4 9.809860 276.046264 4.379206 3.635451
79.172105 4 9.805305 276.067843 4.379130 3.635415
79.272105 4 9.800750 276.096122 4.379068 3.635377
79.372105 4 9.796196 276.130401 4.379020 3.635338
79.472105 4 9.791643 276.169980 4.378982 3.635298
79.572105 4 9.787090 276.214158 4.378955 3.635256
79.672105 4 9.782537 276.262233 4.378936 3.635214
79.772105 4 9.777984 276.313503 4.378924 3.635171
79.872105 4 9.773431 276.367266 4.378917 3.635127
79.972105 4 9.768877 276.422816 4.378914 3.635082
80.072105 4 9.764324 276.479451 4.378913 3.635037
80.172105 4 9.762046 275.029691 4.383766 3.637392
80.272105 4 9.761903 273.259914 4.385575 3.639246
80.372105 4 9.761759 271.505194 4.386845 3.640963
80.472105 4 9.761616 269.765379 4.387866 3.642614
80.572105 4 9.761473 268.040322 4.388737 3.644225
80.672105 4 9.761330 266.329878 4.389505 3.645807
80.772105 4 9.761187 264.633904 4.390198 3.647367
80.872105 4 9.761046 262.952258 4.390832 3.648910
80.972105 4 9.760904 261.284801 4.391419 3.650438
81.072105 4 9.760763 259.631393 4.391968 3.651954
81.172105 4 9.760623 257.991899 4.392484 3.653458
81.272105 4 9.760483 256.366182 4.392972 3.654953
81.372105 4 9.760344 254.754109 4.393436 3.656439
81.472105 4 9.760205 253.155548 4.393878 3.657916
81.572105 4 9.760067 251.570368 4.394302 3.659386
81.672105 4 9.759929 249.998439 4.394709 3.660849
81.772105 4 9.759792 248.439633 4.395101 3.662305
81.872105 4 9.759655 246.893825 4.395479 3.663755
81.972105 4 9.759519 245.360888 4.395845 3.665199
82.072105 4 9.759383 243.840698 4.396199 3.666637
82.172105 4 9.759248 242.333133 4.396542 3.668070
82.272105 4 9.759114 240.838073 4.396876 3.669497
82.372105 4 9.758980 239.355396 4.397201 3.670919
82.472105 4 9.758846 237.884984 4.397517 3.672336
82.572105 4 9.758714 236.426721 4.397826 3.673749
82.672105 4 9.758581 234.980490 4.398127 3.675156
82.772105 4 9.758449 233.546175 4.398421 3.676559
82.872105 4 9.758318 232.123664 4.398709 3.677958
82.972105 4 9.758188 230.712844 4.398990 3.679352
83.072105 4 9.758057 229.313605 4.399266 3.680742
83.172105 4 9.757928 227.925835 4.399536 3.682128
83.272105 4 9.757799 226.549426 4.399801 3.683509
83.372105 4 9.757670 225.184271 4.400061 3.684887
83.472105 4 9.757542 223.830263 4.400317 3.686260
83.572105 4 9.757415 222.487296 4.400567 3.687630
83.672105 4 9.757288 221.155267 4.400814 3.688995
83.772105 4 9.757161 219.834072 4.401057 3.690357
83.872105 4 9.757035 218.523609 4.401295 3.691715
83.972105 4 9.756910 217.223778 4.401530 3.693069
84.072105 4 9.756785 215.934477 4.401761 3.694420
84.172105 4 9.756661 214.655610 4.401989 3.695767
84.272105 4 9.756537 213.387077 4.402213 3.697110
84.372105 4 9.756414 212.128782 4.402435 3.698449
84.472105 4 9.756291 210.880629 4.402653 3.699785
84.572105 4 9.756169 209.642524 4.402868 3.701118
84.672105 4 9.756047 208.414372 4.403080 3.702447
84.772105 4 9.755926 207.196081 4.403290 3.703772
84.872105 4 9.755805 205.987560 4.403497 3.705094
84.972105 4 9.755685 204.788717 4.403701 3.706413
85.072105 4 9.755565 203.599462 4.403903 3.707728
85.172105 4 9.755445 202.419707 4.404102 3.709040
85.272105 4 9.755327 201.249363 4.404299 3.710348
85.372105 4 9.755208 200.088344 4.404494 3.711653
85.472105 4 9.755091 198.936564 4.404687 3.712955
85.572105 4 9.754973 197.793936 4.404877 3.714253
85.672105 4 9.754856 196.660377 4.405066 3.715549
85.772105 4 9.754740 195.535803 4.405252 3.716840
85.872105 4 9.754624 194.420132 4.405436 3.718129
85.972105 4 9.754509 193.313281 4.405619 3.719414
86.072105 4 9.754394 192.215170 4.405800 3.720697
86.172105 4 9.754279 191.125719 4.405979 3.721976
86.272105 4 9.754165 190.044848 4.406156 3.723251
86.372105 4 9.754052 188.972480 4.406331 3.724524
86.472105 4 9.753939 187.908535 4.406505 3.725793
86.572105 4 9.753826 186.852938 4.406677 3.727060
86.672105 4 9.753714 185.805613 4.406847 3.728323
86.772105 4 9.753602 184.766484 4.407016 3.729583
86.872105 4 9.753491 183.735476 4.407184 3.730840
86.972105 4 9.753380 182.712516 4.407350 3.732094
87.072105 4 9.753270 181.697532 4.407514 3.733345
87.172105 4 9.753160 180.690450 4.407677 3.734592
87.272105 4 9.753051 179.691199 4.407839 3.735837
87.372105 4 9.752942 178.699709 4.408000 3.737079
87.472105 4 9.752833 177.715909 4.408159 3.738317
87.572105 4 9.752725 176.739730 4.408317 3.739553
87.672105 4 9.752617 175.771104 4.408473 3.740785
87.772105 4 9.752510 174.809963 4.408628 3.742015
87.872105 4 9.752403 173.856239 4.408783 3.743241
87.972105 4 9.752297 172.909866 4.408935 3.744465
88.072105 4 9.752191 171.970778 4.409087 3.745685
88.172105 4 9.752085 171.038909 4.409238 3.746903
88.272105 4 9.751980 170.114196 4.409387 3.748117
88.372105 4 9.751875 169.196575 4.409536 3.749329
88.472105 4 9.751771 168.285981 4.409683 3.750537
88.572105 4 9.751667 167.382353 4.409829 3.751743
88.672105 4 9.751563 166.485629 4.409975 3.752946
88.772105 4 9.751460 165.595747 4.410119 3.754146
88.872105 4 9.751358 164.712646 4.410262 3.755343
88.972105 4 9.751255 163.836267 4.410405 3.756537
89.072105 4 9.751153 162.966550 4.410546 3.757728
89.172105 4 9.751052 162.103435 4.410686 3.758916
89.272105 4 9.750951 161.246866 4.410826 3.760101
89.372105 4 9.750850 160.396783 4.410964 3.761284
89.472105 4 9.750750 159.553130 4.411102 3.762463
89.572105 4 9.750650 158.715850 4.411239 3.763640
89.672105 4 9.750550 157.884887 4.411375 3.764814
89.772105 4 9.750451 157.060186 4.411510 3.765985
89.872105 4 9.750352 156.241692 4.411644 3.767153
89.972105 4 9.750254 155.429350 4.411777 3.768318
90.072105 4 9.750156 154.623107 4.411910 3.769481
90.172105 4 9.750058 153.822909 4.412042 3.770641
90.272105 4 9.749961 153.028704 4.412173 3.771797
90.372105 4 9.749864 152.240438 4.412303 3.772951
90.472105 4 9.749768 151.458062 4.412433 3.774103
90.572105 4 9.749672 150.681522 4.412561 3.775251
90.672105 4 9.749576 149.910770 4.412689 3.776397
90.772105 4 9.749480 149.145753 4.412817 3.777539
90.872105 4 9.749385 148.386424 4.412943 3.778679
90.972105 4 9.749291 147.632732 4.413069 3.779817
91.072105 4 9.749196 146.884628 4.413194 3.780951
91.172105 4 9.749102 146.142065 4.413319 3.782083
91.272105 4 9.749008 145.404995 4.413443 3.783212
91.372105 4 9.748915 144.673371 4.413566 3.784338
91.472105 4 9.748822 143.947144 4.413689 3.785461
91.572105 4 9.748637 142.510705 4.413932 3.787700
91.672105 4 9.748453 141.095308 4.414172 3.789927
91.772105 4 9.748271 139.700596 4.414410 3.792144
91.872105 4 9.748089 138.326217 4.414646 3.794350
91.972105 4 9.747910 136.971827 4.414880 3.796545
92.072105 4 9.747731 135.637086 4.415111 3.798729
92.172105 4 9.747554 134.321663 4.415340 3.800903
92.272105 4 9.747378 133.025234 4.415567 3.803065
92.372105 4 9.747203 131.747478 4.415792 3.805217
92.472105 4 9.747030 130.488083 4.416015 3.807359
92.572105 4 9.746858 129.246742 4.416235 3.809490
92.672105 4 9.746687 128.023154 4.416454 3.811610
92.772105 4 9.746517 126.817024 4.416671 3.813720
92.872105 4 9.746348 125.628061 4.416886 3.815819
92.972105 4 9.746181 124.455981 4.417100 3.817908
93.072105 4 9.746015 123.300505 4.417311 3.819986
93.172105 4 9.745850 122.161360 4.417521 3.822054
93.272105 4 9.745686 121.038278 4.417729 3.824111
93.372105 4 9.745523 119.930994 4.417935 3.826159
93.472105 4 9.745361 118.839251 4.418140 3.828196
93.572105 4 9.745200 117.762794 4.418343 3.830222
93.672105 4 9.745041 116.701375 4.418545 3.832239
93.772105 4 9.744882 115.654749 4.418745 3.834245
93.872105 4 9.744725 114.622677 4.418944 3.836241
93.972105 4 9.744569 113.604923 4.419141 3.838227
94.072105 4 9.744413 112.601256 4.419337 3.840203
94.172105 4 9.744259 111.611451 4.419531 3.842169
94.272105 4 9.744106 110.635283 4.419724 3.844125
94.372105 4 9.743954 109.672536 4.419916 3.846071
94.472105 4 9.743802 108.722994 4.420106 3.848006
94.572105 4 9.743652 107.786447 4.420295 3.849932
94.672105 4 9.743503 106.862689 4.420482 3.851848
94.772105 4 9.743354 105.951516 4.420669 3.853754
94.872105 4 9.743207 105.052730 4.420854 3.855650
94.972105 4 9.743061 104.166135 4.421038 3.857537
95.072105 4 9.742915 103.291539 4.421221 3.859413
95.172105 4 9.742770 102.428755 4.421402 3.861280
95.272105 4 9.742627 101.577595 4.421582 3.863137
95.372105 4 9.742484 100.737880 4.421762 3.864985
95.472105 4 9.742342 99.909431 4.421940 3.866822
95.572105 4 9.742201 99.092071 4.422117 3.868650
95.672105 4 9.742061 98.285630 4.422293 3.870469
95.772105 4 9.741921 97.489939 4.422468 3.872278
95.872105 4 9.741783 96.704830 4.422642 3.874077
95.972105 4 9.741645 95.930142 4.422814 3.875867
96.072105 4 9.741508 95.165714 4.422986 3.877647
96.172105 4 9.741372 94.411389 4.423157 3.879418
96.272105 4 9.741237 93.667012 4.423327 3.881179
96.372105 4 9.741103 92.932432 4.423496 3.882931
96.472105 4 9.740969 92.207500 4.423664 3.884673
96.572105 4 9.740836 91.492068 4.423831 3.886406
96.672105 4 9.740704 90.785994 4.423997 3.888130
96.772105 4 9.740573 90.089136 4.424162 3.889845
96.872105 4 9.740442 89.401354 4.424326 3.891550
96.972105 4 9.740313 88.722514 4.424489 3.893246
97.072105 4 9.740183 88.052480 4.424652 3.894933
97.172105 4 9.740055 87.391120 4.424813 3.896610
97.272105 4 9.739928 86.738306 4.424974 3.898279
97.372105 4 9.739801 86.093910 4.425134 3.899938
97.472105 4 9.739674 85.457807 4.425293 3.901588
97.572105 4 9.739549 84.829875 4.425451 3.903229
97.672105 4 9.739424 84.209991 4.425609 3.904861
97.772105 4 9.739300 83.598039 4.425765 3.906484
97.872105 4 9.739177 82.993901 4.425921 3.908098
97.972105 4 9.739054 82.397463 4.426077 3.909703
98.072105 4 9.738932 81.808612 4.426231 3.911299
98.172105 4 9.738810 81.227237 4.426384 3.912886
98.272105 4 9.738689 80.653230 4.426537 3.914464
98.372105 4 9.738569 80.086483 4.426689 3.916033
98.472105 4 9.738450 79.526891 4.426841 3.917594
98.572105 4 9.738331 78.974351 4.426992 3.919145
98.672105 4 9.738213 78.428761 4.427142 3.920688
98.772105 4 9.738095 77.890022 4.427291 3.922222
98.872105 4 9.737978 77.358034 4.427440 3.923748
98.972105 4 9.737861 76.832702 4.427587 3.925264
99.072105 4 9.737745 76.313931 4.427735 3.926772
99.172105 4 9.737630 75.801626 4.427881 3.928272
99.272105 4 9.737515 75.295696 4.428027 3.929762
99.372105 4 9.737401 74.796051 4.428173 3.931244
99.472105 4 9.737288 74.302602 4.428317 3.932718
99.572105 4 9.737175 73.815262 4.428461 3.934183
99.672105 4 9.737062 73.333944 4.428605 3.935639
99.772105 4 9.736950 72.858565 4.428747 3.937087
99.872105 4 9.736839 72.389041 4.428890 3.938527
99.972105 4 9.736728 71.925290 4.429031 3.939958
100.072105 4 9.736618 71.467232 4.429172 3.941380
100.172105 4 9.736508 71.014789 4.429312 3.942794
100.272105 4 9.736399 70.567881 4.429452 3.944200
100.372105 4 9.736290 70.126434 4.429591 3.945598
100.472105 4 9.736182 69.690370 4.429730 3.946987
100.572105 4 9.736074 69.259618 4.429868 3.948368
100.672105 4 9.735967 68.834102 4.430006 3.949740
100.772105 4 9.735860 68.413753 4.430143 3.951105
100.872105 4 9.735754 67.998500 4.430279 3.952461
100.972105 4 9.735648 67.588272 4.430415 3.953809
101.072105 4 9.735543 67.183002 4.430550 3.955148
101.172105 4 9.735438 66.782623 4.430685 3.956480
101.272105 4 9.735334 66.387069 4.430819 3.957804
101.372105 4 9.735230 65.996275 4.430953 3.959119
101.472105 4 9.735126 65.610176 4.431086 3.960427
101.572105 4 9.735023 65.228710 4.431219 3.961726
101.672105 4 9.734921 64.851814 4.431351 3.963017
101.772105 4 9.734819 64.479429 4.431483 3.964301
101.872105 4 9.734717 64.111493 4.431614 3.965576
101.972105 4 9.734616 63.747948 4.431745 3.966844
102.072105 4 9.734515 63.388736 4.431875 3.968103
102.172105 4 9.734415 63.033799 4.432005 3.969355
102.272105 4 9.734315 62.683082 4.432135 3.970599
102.372105 4 9.734215 62.336528 4.432263 3.971835
102.472105 4 9.734116 61.994083 4.432392 3.973063
102.572105 4 9.734017 61.655694 4.432520 3.974284
102.672105 4 9.733919 61.321307 4.432647 3.975497
102.772105 4 9.733821 60.990871 4.432774 3.976702
102.872105 4 9.733724 60.664334 4.432901 3.977899
102.972105 4 9.733626 60.341646 4.433027 3.979089
103.072105 4 9.733530 60.022757 4.433153 3.980271
103.172105 4 9.733433 59.707619 4.433278 3.981445
103.272105 4 9.733337 59.396182 4.433403 3.982612
103.372105 4 9.733242 59.088401 4.433527 3.983771
103.472105 4 9.733146 58.784227 4.433651 3.984923
103.572105 4 9.733051 58.483616 4.433775 3.986067
103.672105 4 9.732957 58.186521 4.433898 3.987204
103.772105 4 9.732863 57.892898 4.434020 3.988333
103.872105 4 9.732675 57.315896 4.434265 3.990569
103.972105 4 9.732489 56.752264 4.434507 3.992776
104.072105 4 9.732304 56.201670 4.434748 3.994953
104.172105 4 9.732120 55.663791 4.434988 3.997101
104.272105 4 9.731938 55.138313 4.435226 3.999220
104.372105 4 9.731757 54.624932 4.435462 4.001311
104.472105 4 9.731577 54.123354 4.435697 4.003373
104.572105 4 9.731398 53.633291 4.435931 4.005406
104.672105 4 9.731221 53.154465 4.436163 4.007411
104.772105 4 9.731045 52.686608 4.436394 4.009389
104.872105 4 9.730870 52.229455 4.436623 4.011339
104.972105 4 9.730696 51.782754 4.436851 4.013261
105.072105 4 9.730523 51.346256 4.437078 4.015156
105.172105 4 9.730351 50.919721 4.437303 4.017023
105.272105 4 9.730181 50.502917 4.437527 4.018864
105.372105 4 9.730011 50.095616 4.437750 4.020678
105.472105 4 9.729842 49.697598 4.437971 4.022466
105.572105 4 9.729674 49.308649 4.438191 4.024227
105.672105 4 9.729508 48.928560 4.438410 4.025962
105.772105 4 9.729342 48.557131 4.438628 4.027671
105.872105 4 9.729177 48.194163 4.438845 4.029355
105.972105 4 9.729013 47.839466 4.439060 4.031012
106.072105 4 9.728850 47.492854 4.439275 4.032645
106.172105 4 9.728687 47.154145 4.439488 4.034253
106.272105 4 9.728526 46.823164 4.439700 4.035835
106.372105 4 9.728365 46.499740 4.439911 4.037393
106.472105 4 9.728206 46.183706 4.440121 4.038926
106.572105 4 9.728047 45.874900 4.440330 4.040435
106.672105 4 9.727888 45.573164 4.440537 4.041920
106.772105 4 9.727731 45.278345 4.440744 4.043381
106.872105 4 9.727574 44.990293 4.440950 4.044819
106.972105 4 9.727418 44.708863 4.441154 4.046232
107.072105 4 9.727263 44.433912 4.441358 4.047623
107.172105 4 9.727108 44.165303 4.441561 4.048990
107.272105 4 9.726954 43.902901 4.441762 4.050335
107.372105 4 9.726801 43.646576 4.441963 4.051656
107.472105 4 9.726648 43.396199 4.442163 4.052955
107.572105 4 9.726496 43.151646 4.442362 4.054232
107.672105 4 9.726344 42.912796 4.442559 4.055487
107.772105 4 9.726194 42.679530 4.442756 4.056720
107.872105 4 9.726043 42.451734 4.442952 4.057931
107.972105 4 9.725894 42.229294 4.443148 4.059121
108.072105 4 9.725744 42.012102 4.443342 4.060289
108.172105 4 9.725447 41.593035 4.443728 4.062562
108.272105 4 9.725152 41.193707 4.444110 4.064753
108.372105 4 9.724859 40.813332 4.444489 4.066862
108.472105 4 9.724567 40.451162 4.444865 4.068891
108.572105 4 9.724278 40.106483 4.445238 4.070843
108.672105 4 9.723990 39.778612 4.445608 4.072718
108.772105 4 9.723704 39.466899 4.445974 4.074518
108.872105 4 9.723419 39.170721 4.446338 4.076244
108.972105 4 9.723136 38.889482 4.446699 4.077899
109.072105 4 9.722854 38.622611 4.447056 4.079484
109.172105 4 9.722573 38.369562 4.447411 4.081000
109.272105 4 9.722294 38.129811 4.447764 4.082449
109.372105 4 9.722015 37.902853 4.448113 4.083833
109.472105 4 9.721738 37.688204 4.448460 4.085153
109.572105 4 9.721462 37.485399 4.448805 4.086411
109.672105 4 9.720911 37.113540 4.449486 4.088746
109.772105 4 9.720364 36.783872 4.450157 4.090851
109.872105 4 9.719820 36.493215 4.450819 4.092739
109.972105 4 9.719278 36.238586 4.451473 4.094423
110.072105 4 9.718738 36.017173 4.452117 4.095915
110.172105 4 9.717662 35.663454 4.453381 4.098374
110.272105 4 9.716964 35.411681 4.454614 4.100221
110.372105 4 9.716259 35.243826 4.455817 4.101553
110.472105 4 9.715547 35.142393 4.456992 4.102473
110.572105 4 9.714828 35.090521 4.458142 4.103081
110.672105 4 9.714105 35.071708 4.459267 4.103479
110.772105 4 9.713376 35.069618 4.460369 4.103767
110.872105 4 9.712643 35.072971 4.461449 4.104017
110.972105 4 9.711905 35.092182 4.462508 4.104162
111.072105 4 9.711163 35.143584 4.463548 4.104104
111.172105 4 9.710417 35.243677 4.464569 4.103742
111.272105 4 9.709668 35.409307 4.465571 4.102975
111.372105 4 9.708916 35.657943 4.466557 4.101702
111.472105 4 9.708163 36.008034 4.467526 4.099822
111.572105 4 9.707786 36.227267 4.468005 4.098624
111.672105 4 9.707410 36.479459 4.468480 4.097236
111.772105 4 9.707033 36.767412 4.468951 4.095647
111.872105 4 9.706459 37.094346 4.469419 4.093841
111.972105 4 9.705881 37.463187 4.469882 4.091809
112.072105 4 9.705588 37.664374 4.470113 4.090703
112.172105 4 9.705295 37.877328 4.470343 4.089537
112.272105 4 9.705000 38.102512 4.470572 4.088307
112.372105 4 9.704703 38.340409 4.470800 4.087012
112.472105 4 9.704404 38.591519 4.471027 4.085651
112.572105 4 9.704104 38.856364 4.471253 4.084223
112.672105 4 9.703802 39.135488 4.471479 4.082725
112.772105 4 9.703498 39.429458 4.471704 4.081156
112.872105 4 9.703192 39.738867 4.471927 4.079515
112.972105 4 9.702884 40.064332 4.472151 4.077799
113.072105 4 9.702573 40.406503 4.472373 4.076008
113.172105 4 9.702260 40.766055 4.472594 4.074140
113.272105 4 9.701945 41.143699 4.472815 4.072193
113.372105 4 9.701627 41.540179 4.473035 4.070165
113.472105 4 9.701467 41.745725 4.473145 4.069121
113.572105 4 9.701306 41.956276 4.473254 4.068056
113.672105 4 9.701144 42.171935 4.473363 4.066970
113.772105 4 9.700982 42.392808 4.473473 4.065863
113.872105 4 9.700819 42.619005 4.473581 4.064734
113.972105 4 9.700655 42.850636 4.473690 4.063584
114.072105 4 9.700490 43.087817 4.473799 4.062413
114.172105 4 9.700325 43.330665 4.473907 4.061220
114.272105 4 9.700159 43.579301 4.474015 4.060004
114.372105 4 9.699992 43.833847 4.474123 4.058767
114.472105 4 9.699824 44.094431 4.474231 4.057506
114.572105 4 9.699655 44.361183 4.474339 4.056224
114.672105 4 9.699485 44.634236 4.474446 4.054918
114.772105 4 9.699315 44.913728 4.474553 4.053589
114.872105 4 9.699144 45.199799 4.474660 4.052237
114.972105 4 9.698971 45.492594 4.474767 4.050862
115.072105 4 9.698798 45.792261 4.474874 4.049463
115.172105 4 9.698623 46.098953 4.474981 4.048040
115.272105 4 9.698448 46.412826 4.475087 4.046593
115.372105 4 9.698272 46.734042 4.475193 4.045122
115.472105 4 9.698094 47.062765 4.475299 4.043627
115.572105 4 9.697916 47.399165 4.475405 4.042106
115.672105 4 9.697736 47.743418 4.475511 4.040561
115.772105 4 9.697556 48.095703 4.475616 4.038991
115.872105 4 9.697374 48.456204 4.475722 4.037396
115.972105 4 9.697191 48.825112 4.475827 4.035776
116.072105 4 9.697007 49.202621 4.475932 4.034129
116.172105 4 9.696822 49.588932 4.476037 4.032457
116.272105 4 9.696635 49.984252 4.476141 4.030759
116.372105 4 9.696447 50.388793 4.476246 4.029035
116.472105 4 9.696258 50.802775 4.476350 4.027284
116.572105 4 9.696068 51.226421 4.476454 4.025507
116.672105 4 9.695876 51.659964 4.476558 4.023703
116.772105 4 9.695683 52.103642 4.476662 4.021872
116.872105 4 9.695488 52.557701 4.476766 4.020014
116.972105 4 9.695293 53.022392 4.476869 4.018128
117.072105 4 9.695095 53.497977 4.476972 4.016215
117.172105 4 9.694896 53.984723 4.477075 4.014274
117.272105 4 9.694696 54.482906 4.477178 4.012305
117.372105 4 9.694494 54.992811 4.477281 4.010308
117.472105 4 9.694290 55.514730 4.477384 4.008282
117.572105 4 9.694085 56.048965 4.477486 4.006228
117.672105 4 9.693878 56.595827 4.477589 4.004146
117.772105 4 9.693670 57.155638 4.477691 4.002034
117.872105 4 9.693565 57.440502 4.477742 4.000967
117.972105 4 9.693459 57.728727 4.477793 3.999893
118.072105 4 9.693353 58.020357 4.477844 3.998811
118.172105 4 9.693247 58.315436 4.477895 3.997723
118.272105 4 9.693140 58.614006 4.477946 3.996626
118.372105 4 9.693032 58.916114 4.477997 3.995523
118.472105 4 9.692924 59.221805 4.478047 3.994412
118.572105 4 9.692816 59.531125 4.478098 3.993293
118.672105 4 9.692707 59.844121 4.478149 3.992167
118.772105 4 9.692598 60.160842 4.478200 3.991033
118.872105 4 9.692488 60.481335 4.478250 3.989892
118.972105 4 9.692378 60.805650 4.478301 3.988744
119.072105 4 9.692267 61.133836 4.478351 3.987588
119.172105 4 9.692156 61.465946 4.478402 3.986424
119.272105 4 9.692044 61.802030 4.478452 3.985252
119.372105 4 9.691932 62.142141 4.478503 3.984073
119.472105 4 9.691819 62.486332 4.478553 3.982886
119.572105 4 9.691706 62.834657 4.478604 3.981692
119.672105 4 9.691592 63.187172 4.478654 3.980490
119.772105 4 9.691478 63.543932 4.478704 3.979280
119.872105 4 9.691363 63.904994 4.478754 3.978062
119.972105 4 9.691248 64.270416 4.478805 3.976836
120.072105 4 9.691132 64.640256 4.478855 3.975603
120.172105 4 9.691015 65.014574 4.478905 3.974361
120.272105 4 9.690898 65.393430 4.478955 3.973112
120.372105 4 9.690780 65.776886 4.479005 3.971855
120.472105 4 9.690662 66.165004 4.479055 3.970590
120.572105 4 9.690543 66.557849 4.479105 3.969317
120.672105 4 9.690424 66.955483 4.479155 3.968036
120.772105 4 9.690304 67.357973 4.479205 3.966747
120.872105 4 9.690183 67.765386 4.479255 3.965450
120.972105 4 9.690062 68.177789 4.479305 3.964145
121.072105 4 9.689940 68.595251 4.479355 3.962832
121.172105 4 9.689818 69.017842 4.479404 3.961511
121.272105 4 9.689695 69.445633 4.479454 3.960182
121.372105 4 9.689571 69.878696 4.479504 3.958844
121.472105 4 9.689447 70.317106 4.479554 3.957498
121.572105 4 9.689322 70.760936 4.479603 3.956145
121.672105 4 9.689196 71.210262 4.479653 3.954782
121.772105 4 9.689070 71.665162 4.479702 3.953412
121.872105 4 9.688943 72.125714 4.479752 3.952033
121.972105 4 9.688815 72.591998 4.479801 3.950647
122.072105 4 9.688687 73.064095 4.479851 3.949251
122.172105 4 9.688557 73.542087 4.479900 3.947848
122.272105 4 9.688428 74.026059 4.479949 3.946436
122.372105 4 9.688297 74.516095 4.479999 3.945015
122.472105 4 9.688166 75.012283 4.480048 3.943586
122.572105 4 9.688034 75.514709 4.480097 3.942149
122.672105 4 9.687902 76.023465 4.480147 3.940703
122.772105 4 9.687768 76.538641 4.480196 3.939249
122.872105 4 9.687634 77.060330 4.480245 3.937786
122.972105 4 9.687499 77.588627 4.480294 3.936315
123.072105 4 9.687363 78.123626 4.480343 3.934835
123.172105 4 9.687227 78.665426 4.480392 3.933347
123.272105 4 9.687090 79.214126 4.480441 3.931850
123.372105 4 9.686952 79.769826 4.480490 3.930344
123.472105 4 9.686813 80.332630 4.480539 3.928829
123.572105 4 9.686673 80.902642 4.480588 3.927306
123.672105 4 9.686533 81.479968 4.480637 3.925774
123.772105 4 9.686392 82.064715 4.480686 3.924234
123.872105 4 9.686250 82.656995 4.480735 3.922684
123.972105 4 9.686107 83.256919 4.480783 3.921126
124.072105 4 9.685963 83.864600 4.480832 3.919559
124.172105 4 9.685818 84.480154 4.480881 3.917983
124.272105 4 9.685672 85.103700 4.480929 3.916399
124.372105 4 9.685526 85.735356 4.480978 3.914805
124.472105 4 9.685379 86.375246 4.481027 3.913203
124.572105 4 9.685230 87.023492 4.481075 3.911591
124.672105 4 9.685081 87.680222 4.481124 3.909971
124.772105 4 9.684931 88.345563 4.481172 3.908341
124.872105 4 9.684780 89.019647 4.481221 3.906703
124.972105 4 9.684628 89.702607 4.481269 3.905055
125.072105 4 9.684475 90.394578 4.481317 3.903399
125.172105 4 9.684321 91.095698 4.481366 3.901733
125.272105 4 9.684166 91.806107 4.481414 3.900058
125.372105 4 9.684010 92.525949 4.481462 3.898374
125.472105 4 9.683853 93.255368 4.481511 3.896681
125.572105 4 9.683695 93.994512 4.481559 3.894979
125.672105 4 9.683536 94.743533 4.481607 3.893268
125.772105 4 9.683376 95.502584 4.481655 3.891547
125.872105 4 9.683215 96.271821 4.481703 3.889817
125.972105 4 9.683053 97.051402 4.481751 3.888077
126.072105 4 9.682889 97.841490 4.481799 3.886329
126.172105 4 9.682725 98.642250 4.481847 3.884571
126.272105 4 9.682559 99.453849 4.481895 3.882804
126.372105 4 9.682393 100.276459 4.481943 3.881027
126.472105 4 9.682225 101.110252 4.481991 3.879241
126.572105 4 9.682056 101.955408 4.482039 3.877445
126.672105 4 9.681886 102.812105 4.482087 3.875640
126.772105 4 9.681715 103.680528 4.482135 3.873826
126.872105 4 9.681542 104.560863 4.482183 3.872002
126.972105 4 9.681369 105.453303 4.482230 3.870168
127.072105 4 9.681194 106.358040 4.482278 3.868325
127.172105 4 9.681018 107.275272 4.482326 3.866472
127.272105 4 9.680840 108.205201 4.482373 3.864610
127.372105 4 9.680662 109.148033 4.482421 3.862738
127.472105 4 9.680482 110.103975 4.482468 3.860856
127.572105 4 9.680301 111.073241 4.482516 3.858965
127.672105 4 9.680118 112.056049 4.482564 3.857064
127.772105 4 9.679934 113.052618 4.482611 3.855153
127.872105 4 9.679749 114.063175 4.482658 3.853232
127.972105 4 9.679562 115.087948 4.482706 3.851302
128.072105 4 9.679374 116.127171 4.482753 3.849362
128.172105 4 9.679185 117.181083 4.482801 3.847412
128.272105 4 9.678994 118.249926 4.482848 3.845452
128.372105 4 9.678802 119.333948 4.482895 3.843482
128.472105 4 9.678608 120.433400 4.482942 3.841503
128.572105 4 9.678413 121.548540 4.482990 3.839513
128.672105 4 9.678217 122.679629 4.483037 3.837514
128.772105 4 9.678018 123.826934 4.483084 3.835504
128.872105 4 9.677819 124.990728 4.483131 3.833484
128.972105 4 9.677618 126.171286 4.483178 3.831455
129.072105 4 9.677415 127.368892 4.483225 3.829415
129.172105 4 9.677211 128.583834 4.483272 3.827365
129.272105 4 9.677005 129.816406 4.483319 3.825306
129.372105 4 9.676797 131.066906 4.483366 3.823236
129.472105 4 9.676588 132.335640 4.483413 3.821155
129.572105 4 9.676377 133.622919 4.483460 3.819065
129.672105 4 9.676164 134.929060 4.483507 3.816965
129.772105 4 9.675950 136.254387 4.483554 3.814854
129.872105 4 9.675734 137.599228 4.483601 3.812733
129.972105 4 9.675516 138.963922 4.483647 3.810601
130.072105 4 9.675297 140.348810 4.483694 3.808460
130.172105 4 9.675186 141.048937 4.483718 3.807385
130.272105 4 9.675075 141.754244 4.483741 3.806308
130.372105 4 9.674963 142.464777 4.483764 3.805228
130.472105 4 9.674851 143.180580 4.483788 3.804145
130.572105 4 9.674739 143.901698 4.483811 3.803060
130.672105 4 9.674626 144.628179 4.483834 3.801973
130.772105 4 9.674512 145.360069 4.483858 3.800882
130.872105 4 9.674398 146.097415 4.483881 3.799790
130.972105 4 9.674284 146.840263 4.483904 3.798694
131.072105 4 9.674169 147.588663 4.483927 3.797596
131.172105 4 9.674054 148.342663 4.483951 3.796495
131.272105 4 9.673938 149.102311 4.483974 3.795392
131.372105 4 9.673822 149.867658 4.483997 3.794286
131.472105 4 9.673705 150.638753 4.484021 3.793177
131.572105 4 9.673587 151.415646 4.484044 3.792066
131.672105 4 9.673470 152.198388 4.484067 3.790952
131.772105 4 9.673351 152.987032 4.484090 3.789836
131.872105 4 9.673233 153.781628 4.484113 3.788717
131.972105 4 9.673113 154.582230 4.484137 3.787595
132.072105 4 9.672993 155.388890 4.484160 3.786471
132.172105 4 9.672873 156.201661 4.484183 3.785344
132.272105 4 9.672752 157.020599 4.484206 3.784214
132.372105 4 9.672631 157.845758 4.484230 3.783081
132.472105 4 9.672509 158.677192 4.484253 3.781946
132.572105 4 9.672386 159.514958 4.484276 3.780809
132.672105 4 9.672264 160.359112 4.484299 3.779669
132.772105 4 9.672140 161.209710 4.484322 3.778526
132.872105 4 9.672016 162.066810 4.484345 3.777380
132.972105 4 9.671891 162.930471 4.484368 3.776232
133.072105 4 9.671766 163.800751 4.484392 3.775081
133.172105 4 9.671641 164.677708 4.484415 3.773927
133.272105 4 9.671514 165.561404 4.484438 3.772770
133.372105 4 9.671388 166.451897 4.484461 3.771611
133.472105 4 9.671260 167.349250 4.484484 3.770450
133.572105 4 9.671132 168.253524 4.484507 3.769285
133.672105 4 9.671004 169.164781 4.484530 3.768118
133.772105 4 9.670875 170.083085 4.484553 3.766948
133.872105 4 9.670745 171.008498 4.484576 3.765776
133.972105 4 9.670615 171.941085 4.484600 3.764601
134.072105 4 9.670484 172.880912 4.484623 3.763423
134.172105 4 9.670353 173.828042 4.484646 3.762242
134.272105 4 9.670221 174.782544 4.484669 3.761059
134.372105 4 9.670088 175.744483 4.484692 3.759873
134.472105 4 9.669955 176.713927 4.484715 3.758684
134.572105 4 9.669821 177.690945 4.484738 3.757492
134.672105 4 9.669687 178.675605 4.484761 3.756298
134.772105 4 9.669552 179.667978 4.484784 3.755101
134.872105 4 9.669416 180.668133 4.484807 3.753901
134.972105 4 9.669280 181.676142 4.484830 3.752699
135.072105 4 9.669143 182.692077 4.484853 3.751494
135.172105 4 9.669006 183.716011 4.484876 3.750286
135.272105 4 9.668868 184.748016 4.484899 3.749075
135.372105 4 9.668729 185.788167 4.484922 3.747862
135.472105 4 9.668590 186.836540 4.484945 3.746646
135.572105 4 9.668450 187.893209 4.484968 3.745427
135.672105 4 9.668309 188.958251 4.484991 3.744205
135.772105 4 9.668168 190.031744 4.485013 3.742981
135.872105 4 9.668026 191.113765 4.485036 3.741754
135.972105 4 9.667883 192.204394 4.485059 3.740524
136.072105 4 9.667740 193.303711 4.485082 3.739291
136.172105 4 9.667596 194.411795 4.485105 3.738056
136.272105 4 9.667451 195.528730 4.485128 3.736817
136.372105 4 9.667306 196.654595 4.485151 3.735576
136.472105 4 9.667160 197.789476 4.485174 3.734332
136.572105 4 9.667013 198.933456 4.485197 3.733086
136.672105 4 9.666866 200.086620 4.485220 3.731836
136.772105 4 9.666717 201.249054 4.485242 3.730584
136.872105 4 9.666569 202.420844 4.485265 3.729329
136.972105 4 9.666419 203.602079 4.485288 3.728071
137.072105 4 9.666269 204.792846 4.485311 3.726811
137.172105 4 9.666118 205.993236 4.485334 3.725548
137.272105 4 9.665966 207.203339 4.485357 3.724281
137.372105 4 9.665814 208.423246 4.485379 3.723012
137.472105 4 9.665661 209.653050 4.485402 3.721741
137.572105 4 9.665507 210.892844 4.485425 3.720466
137.672105 4 9.665352 212.142722 4.485448 3.719188
137.772105 4 9.665197 213.402781 4.485471 3.717908
137.872105 4 9.665040 214.673116 4.485493 3.716625
137.972105 4 9.664883 215.953825 4.485516 3.715339
138.072105 4 9.664726 217.245007 4.485539 3.714050
138.172105 4 9.664567 218.546761 4.485562 3.712759
138.272105 4 9.664408 219.859187 4.485584 3.711464
138.372105 4 9.664248 221.182387 4.485607 3.710167
138.472105 4 9.664087 222.516465 4.485630 3.708867
138.572105 4 9.663926 223.861524 4.485653 3.707564
138.672105 4 9.663763 225.217669 4.485675 3.706258
138.772105 4 9.663600 226.585006 4.485698 3.704949
138.872105 4 9.663436 227.963643 4.485721 3.703638
138.972105 4 9.663271 229.353689 4.485743 3.702324
139.072105 4 9.663105 230.755251 4.485766 3.701006
139.172105 4 9.662939 232.168443 4.485789 3.699686
139.272105 4 9.662772 233.593375 4.485812 3.698363
139.372105 4 9.662603 235.030162 4.485834 3.697037
139.472105 4 9.662434 236.478916 4.485857 3.695709
139.572105 4 9.662264 237.939755 4.485880 3.694377
139.672105 4 9.662094 239.412795 4.485902 3.693042
139.772105 4 9.661922 240.898155 4.485925 3.691705
139.872105 4 9.661750 242.395953 4.485947 3.690365
139.972105 4 9.661576 243.906312 4.485970 3.689022
140.072105 4 9.661402 245.429353 4.485993 3.687675
140.172105 4 9.661227 246.965199 4.486015 3.686327
140.272105 4 9.661051 248.513976 4.486038 3.684975
140.372105 4 9.660874 250.075810 4.486061 3.683620
140.472105 4 9.660696 251.650829 4.486083 3.682262
140.572105 4 9.660517 253.239161 4.486106 3.680902
140.672105 4 9.660337 254.840937 4.486128 3.679538
140.772105 4 9.660157 256.456290 4.486151 3.678172
140.872105 4 9.659975 258.085351 4.486173 3.676802
140.972105 4 9.659793 259.728257 4.486196 3.675430
141.072105 4 9.659609 261.385144 4.486218 3.674055
141.172105 4 9.659425 263.056149 4.486241 3.672677
141.272105 4 9.659241 264.729626 4.486263 3.671305
141.372105 4 9.659061 266.364345 4.486285 3.669974
141.472105 4 9.658887 267.960805 4.486306 3.668681
141.572105 4 9.658717 269.519524 4.486326 3.667427
141.672105 4 9.658552 271.041036 4.486346 3.666210
141.772105 4 9.658391 272.525890 4.486365 3.665028
141.872105 4 9.658234 273.974647 4.486384 3.663881
141.972105 4 9.658082 275.387880 4.486402 3.662769
142.072105 4 9.657933 276.766173 4.486419 3.661689
142.172105 4 9.657645 279.462697 4.486452 3.659592
142.272105 4 9.657372 282.022329 4.486484 3.657620
142.372105 4 9.657115 284.450183 4.486513 3.655766
142.472105 4 9.656872 286.751407 4.486541 3.654023
142.572105 4 9.656642 288.931147 4.486567 3.652385
142.672105 4 9.656426 290.994520 4.486591 3.650846
142.772105 4 9.656222 292.946582 4.486614 3.649400
142.872105 4 9.656030 294.792311 4.486635 3.648041
142.972105 4 9.655848 296.536588 4.486655 3.646765
143.072105 4 9.655678 298.184179 4.486674 3.645567
143.172105 4 9.655517 299.739726 4.486691 3.644441
143.272105 4 9.655214 302.685174 4.486724 3.642326
143.372105 4 9.654947 305.293632 4.486753 3.640470
143.472105 4 9.654711 307.600228 4.486778 3.638842
143.572105 4 9.654504 309.637235 4.486800 3.637414
143.672105 4 9.654322 311.434107 4.486819 3.636162
143.772105 4 9.654162 313.017561 4.486836 3.635065
143.872105 4 9.653880 315.813981 4.486865 3.633141
143.972105 4 9.653667 317.932721 4.486888 3.631695
144.072105 4 9.653507 319.533952 4.486904 3.630608
144.172105 4 9.653265 321.955550 4.486929 3.628975
