t Ka M R logL logTeff
3.626501 1 3.000070 1.989002 1.904845 4.088034
7.253046 1 3.000056 1.998891 1.906674 4.087415
10.879636 1 3.000042 2.008837 1.908533 4.086801
14.506270 1 3.000028 2.018844 1.910420 4.086194
18.132950 1 3.000013 2.028915 1.912337 4.085593
21.759675 1 2.999999 2.039054 1.914283 4.084997
25.386447 1 2.999984 2.049267 1.916258 4.084406
29.013265 1 2.999969 2.059558 1.918262 4.083819
32.640130 1 2.999954 2.069930 1.920295 4.083236
36.267043 1 2.999939 2.080389 1.922357 4.082658
39.894004 1 2.999923 2.090939 1.924448 4.082082
43.521013 1 2.999908 2.101585 1.926568 4.081509
47.148072 1 2.999892 2.112331 1.928718 4.080939
50.775179 1 2.999877 2.123182 1.930896 4.080371
54.402337 1 2.999861 2.134144 1.933104 4.079805
58.029545 1 2.999844 2.145221 1.935340 4.079239
61.656804 1 2.999828 2.156419 1.937606 4.078675
65.284115 1 2.999812 2.167743 1.939900 4.078112
68.911478 1 2.999795 2.179198 1.942224 4.077548
72.538894 1 2.999778 2.190790 1.944576 4.076984
76.166363 1 2.999761 2.202524 1.946958 4.076420
79.793885 1 2.999744 2.214406 1.949369 4.075854
83.421463 1 2.999727 2.226441 1.951809 4.075287
87.049095 1 2.999709 2.238636 1.954277 4.074718
90.676783 1 2.999691 2.250997 1.956775 4.074147
94.304528 1 2.999673 2.263530 1.959302 4.073573
97.932329 1 2.999655 2.276241 1.961858 4.072996
101.560189 1 2.999636 2.289136 1.964443 4.072415
105.188106 1 2.999618 2.302223 1.967057 4.071831
108.816083 1 2.999599 2.315507 1.969700 4.071242
112.444120 1 2.999580 2.328996 1.972372 4.070649
116.072217 1 2.999560 2.342698 1.975073 4.070051
119.700375 1 2.999541 2.356618 1.977803 4.069447
123.328596 1 2.999521 2.370765 1.980562 4.068837
126.956879 1 2.999501 2.385145 1.983350 4.068221
130.585227 1 2.999480 2.399768 1.986167 4.067598
134.213638 1 2.999460 2.414641 1.989013 4.066967
137.842115 1 2.999439 2.429772 1.991888 4.066330
141.470659 1 2.999418 2.445171 1.994791 4.065684
145.099269 1 2.999396 2.460845 1.997724 4.065030
148.727947 1 2.999374 2.476804 2.000686 4.064366
152.356695 1 2.999352 2.493057 2.003677 4.063694
155.985512 1 2.999330 2.509615 2.006697 4.063011
159.614400 1 2.999307 2.526487 2.009746 4.062318
163.243360 1 2.999284 2.543685 2.012823 4.061615
166.872393 1 2.999261 2.561219 2.015930 4.060900
170.501500 1 2.999237 2.579101 2.019066 4.060173
174.130682 1 2.999213 2.597343 2.022230 4.059433
177.759940 1 2.999189 2.615959 2.025424 4.058681
181.389275 1 2.999164 2.634962 2.028646 4.057915
185.018689 1 2.999139 2.654365 2.031897 4.057135
188.648183 1 2.999113 2.674186 2.035178 4.056339
192.277757 1 2.999087 2.694439 2.038487 4.055528
195.907414 1 2.999061 2.715141 2.041825 4.054701
199.537154 1 2.999034 2.736312 2.045192 4.053856
203.166978 1 2.999007 2.757971 2.048587 4.052993
206.796889 1 2.998980 2.780139 2.052012 4.052110
210.426887 1 2.998951 2.802839 2.055466 4.051208
214.056975 1 2.998923 2.826095 2.058948 4.050284
217.687152 1 2.998894 2.849933 2.062459 4.049338
221.317422 1 2.998864 2.874382 2.065999 4.048368
224.947785 1 2.998834 2.899474 2.069568 4.047373
228.578244 1 2.998804 2.925242 2.073166 4.046351
232.208799 1 2.998773 2.951722 2.076792 4.045301
235.839452 1 2.998741 2.978955 2.080448 4.044221
239.470206 1 2.998709 3.006984 2.084132 4.043108
243.101062 1 2.998676 3.035857 2.087845 4.041961
246.732022 1 2.998643 3.065627 2.091587 4.040778
248.547555 1 2.998626 3.080866 2.093468 4.040171
250.363115 1 2.998608 3.096351 2.095357 4.039555
252.178702 1 2.998591 3.112090 2.097253 4.038928
253.994317 1 2.998574 3.128092 2.099156 4.038290
255.809959 1 2.998556 3.144366 2.101066 4.037641
257.625629 1 2.998538 3.160920 2.102984 4.036980
259.441328 1 2.998520 3.177765 2.104908 4.036307
261.257055 1 2.998502 3.194910 2.106840 4.035621
263.072811 1 2.998484 3.212368 2.108779 4.034923
264.888597 1 2.998465 3.230148 2.110726 4.034211
266.704411 1 2.998446 3.248263 2.112679 4.033485
268.520256 1 2.998427 3.266726 2.114639 4.032744
270.336130 1 2.998408 3.285549 2.116607 4.031988
272.152035 1 2.998389 3.304746 2.118582 4.031217
273.967970 1 2.998369 3.324332 2.120564 4.030429
275.783936 1 2.998349 3.344322 2.122553 4.029625
277.599934 1 2.998330 3.364732 2.124549 4.028803
279.415963 1 2.998309 3.385580 2.126553 4.027962
281.232025 1 2.998289 3.406882 2.128564 4.027103
283.048118 1 2.998268 3.428657 2.130581 4.026224
284.864245 1 2.998248 3.450926 2.132606 4.025324
286.680404 1 2.998226 3.473708 2.134638 4.024403
288.496597 1 2.998205 3.497027 2.136678 4.023460
290.312823 1 2.998184 3.520904 2.138724 4.022494
292.129084 1 2.998162 3.545365 2.140777 4.021504
293.945379 1 2.998140 3.570435 2.142838 4.020489
295.761709 1 2.998118 3.596140 2.144906 4.019449
297.578075 1 2.998095 3.622510 2.146980 4.018381
299.394476 1 2.998072 3.649574 2.149062 4.017285
301.210913 1 2.998049 3.677365 2.151151 4.016160
303.027387 1 2.998026 3.705916 2.153248 4.015005
304.843899 1 2.998002 3.735261 2.155351 4.013818
306.660447 1 2.997978 3.765440 2.157461 4.012598
308.477034 1 2.997954 3.796491 2.159579 4.011344
310.293660 1 2.997929 3.828456 2.161703 4.010055
312.110324 1 2.997904 3.861380 2.163835 4.008728
313.927028 1 2.997879 3.895309 2.165974 4.007363
315.743772 1 2.997853 3.930292 2.168119 4.005958
317.560556 1 2.997828 3.966384 2.170272 4.004511
319.377381 1 2.997801 4.003639 2.172432 4.003021
321.194249 1 2.997775 4.042115 2.174599 4.001486
323.011158 1 2.997748 4.081877 2.176773 3.999904
323.919634 1 2.997734 4.102260 2.177863 3.999095
324.828121 1 2.997720 4.122990 2.178954 3.998273
325.736619 1 2.997706 4.144075 2.180048 3.997439
326.645128 1 2.997692 4.165524 2.181142 3.996591
327.553648 1 2.997678 4.187348 2.182239 3.995731
328.462179 1 2.997664 4.209555 2.183338 3.994857
329.370722 1 2.997650 4.232156 2.184438 3.993969
330.279276 1 2.997635 4.255162 2.185540 3.993067
331.187841 1 2.997621 4.278583 2.186643 3.992151
332.096418 1 2.997606 4.302429 2.187749 3.991221
333.005006 1 2.997591 4.326714 2.188856 3.990275
333.913606 1 2.997577 4.351448 2.189965 3.989315
334.822218 1 2.997562 4.376643 2.191076 3.988339
335.730842 1 2.997546 4.402312 2.192188 3.987347
336.639478 1 2.997531 4.428468 2.193302 3.986339
337.548126 1 2.997516 4.455125 2.194418 3.985315
338.456786 1 2.997500 4.482296 2.195536 3.984274
339.365458 1 2.997485 4.509995 2.196655 3.983216
340.274143 1 2.997469 4.538237 2.197776 3.982141
341.182840 1 2.997453 4.567037 2.198899 3.981048
342.091550 1 2.997437 4.596412 2.200024 3.979937
343.000272 1 2.997421 4.626376 2.201150 3.978808
343.909007 1 2.997405 4.656948 2.202278 3.977659
344.817755 1 2.997389 4.688144 2.203408 3.976492
345.726516 1 2.997372 4.719982 2.204540 3.975305
346.635291 1 2.997355 4.752481 2.205673 3.974099
347.544078 1 2.997339 4.785660 2.206808 3.972872
348.452879 1 2.997322 4.819539 2.207945 3.971624
349.361693 1 2.997304 4.854138 2.209083 3.970355
350.270521 1 2.997287 4.889478 2.210224 3.969065
351.179363 1 2.997270 4.925582 2.211365 3.967753
352.088218 1 2.997252 4.962472 2.212509 3.966419
352.997088 1 2.997234 5.000172 2.213655 3.965062
353.905971 1 2.997216 5.038706 2.214802 3.963681
354.814869 1 2.997198 5.078099 2.215950 3.962278
355.723781 1 2.997180 5.118378 2.217101 3.960850
356.632708 1 2.997162 5.159570 2.218253 3.959397
357.541649 1 2.997143 5.201703 2.219407 3.957920
361.177474 1 2.997068 5.232314 2.252811 3.964996
361.404728 1 2.997062 5.182115 2.260743 3.969073
361.504728 1 2.997060 5.155648 2.264497 3.971123
361.604728 1 2.997058 5.128218 2.268171 3.973200
361.704728 1 2.997056 5.100136 2.271754 3.975288
361.804728 1 2.997054 5.071679 2.275233 3.977373
361.904728 1 2.997052 5.043090 2.278602 3.979443
362.004728 1 2.997050 5.014583 2.281852 3.981486
362.104728 1 2.997049 4.986337 2.284982 3.983495
362.204728 1 2.997047 4.958506 2.287988 3.985462
362.304728 1 2.997046 4.931218 2.290870 3.987381
362.404728 1 2.997044 4.904576 2.293627 3.989247
362.504728 1 2.997043 4.878663 2.296260 3.991055
362.604728 1 2.997042 4.853544 2.298773 3.992804
362.704728 1 2.997041 4.829267 2.301165 3.994491
362.804728 1 2.997039 4.781847 2.305751 3.997780
362.904728 1 2.997037 4.738319 2.309868 4.000795
363.004728 1 2.997035 4.698676 2.313552 4.003541
363.104728 1 2.997034 4.662800 2.316837 4.006026
363.204728 1 2.997032 4.630503 2.319758 4.008266
363.304728 1 2.997031 4.601554 2.322351 4.010276
363.404728 1 2.997030 4.575698 2.324647 4.012074
363.504728 1 2.997030 4.552674 2.326678 4.013677
363.604728 1 2.997028 4.511489 2.330279 4.016550
363.704728 1 2.997027 4.479861 2.333020 4.018763
363.804728 1 2.997026 4.455727 2.335098 4.020456
363.904728 1 2.997025 4.418870 2.338251 4.023048
364.004728 2 2.997024 4.381234 2.341447 4.025704
364.104728 2 2.997023 4.414368 2.339851 4.023669
364.204728 2 2.997022 4.440712 2.338591 4.022062
364.304728 2 2.997021 4.467214 2.337331 4.020455
364.404728 2 2.997020 4.493873 2.336071 4.018848
364.504728 2 2.997020 4.520692 2.334811 4.017241
364.604728 2 2.997019 4.547671 2.333551 4.015634
364.704728 2 2.997018 4.574811 2.332291 4.014027
364.804728 2 2.997018 4.602113 2.331031 4.012420
364.904728 2 2.997017 4.629577 2.329771 4.010813
365.004728 2 2.997016 4.657206 2.328511 4.009206
365.104728 2 2.997015 4.684999 2.327251 4.007599
365.204728 2 2.997015 4.712959 2.325991 4.005992
365.304728 2 2.997014 4.741085 2.324731 4.004385
365.404728 2 2.997013 4.769379 2.323471 4.002778
365.504728 2 2.997012 4.797842 2.322211 4.001170
365.604728 2 2.997012 4.826474 2.320951 3.999563
365.704728 2 2.997011 4.855278 2.319691 3.997956
365.804728 2 2.997010 4.884253 2.318431 3.996349
365.904728 2 2.997009 4.913401 2.317171 3.994742
366.004728 2 2.997009 4.942723 2.315911 3.993135
366.104728 2 2.997008 4.972221 2.314651 3.991528
366.204728 2 2.997007 5.001894 2.313391 3.989921
366.304728 2 2.997006 5.031744 2.312131 3.988314
366.404728 2 2.997006 5.061772 2.310871 3.986707
366.504728 2 2.997005 5.091980 2.309611 3.985100
366.604728 2 2.997004 5.122367 2.308351 3.983493
366.704728 2 2.997003 5.152936 2.307091 3.981886
366.804728 2 2.997002 5.183688 2.305831 3.980279
366.904728 2 2.997002 5.214623 2.304571 3.978672
367.004728 2 2.997001 5.245742 2.303311 3.977065
367.104728 2 2.997000 5.277048 2.302051 3.975458
367.204728 2 2.996999 5.308540 2.300791 3.973851
367.304728 2 2.996999 5.340219 2.299531 3.972244
367.404728 2 2.996998 5.372088 2.298271 3.970637
367.504728 2 2.996997 5.404148 2.297011 3.969030
367.604728 2 2.996996 5.436398 2.295751 3.967423
367.704728 2 2.996995 5.468841 2.294491 3.965816
367.804728 2 2.996995 5.501477 2.293231 3.964209
367.904728 2 2.996994 5.534308 2.291971 3.962602
368.004728 2 2.996993 5.567335 2.290711 3.960995
368.104728 2 2.996992 5.600559 2.289451 3.959388
368.204728 2 2.996991 5.633982 2.288191 3.957781
368.304728 2 2.996991 5.667604 2.286931 3.956174
368.404728 2 2.996990 5.701426 2.285671 3.954567
368.504728 2 2.996989 5.735450 2.284411 3.952960
368.604728 2 2.996988 5.769677 2.283151 3.951352
368.704728 2 2.996987 5.804109 2.281891 3.949745
368.804728 2 2.996986 5.838746 2.280631 3.948138
368.904728 2 2.996986 5.873589 2.279371 3.946531
369.004728 2 2.996985 5.908641 2.278111 3.944924
369.104728 2 2.996984 5.943901 2.276850 3.943317
369.204728 2 2.996983 5.979372 2.275590 3.941710
369.304728 2 2.996982 6.015055 2.274330 3.940103
369.404728 2 2.996981 6.050950 2.273070 3.938496
369.504728 2 2.996981 6.087060 2.271810 3.936889
369.604728 2 2.996980 6.123385 2.270550 3.935282
369.704728 2 2.996979 6.159927 2.269290 3.933675
369.804728 2 2.996978 6.196687 2.268030 3.932068
369.904728 2 2.996977 6.233666 2.266770 3.930461
370.004728 2 2.996976 6.270866 2.265510 3.928854
370.104728 2 2.996975 6.308288 2.264250 3.927247
370.204728 2 2.996975 6.345933 2.262990 3.925640
370.304728 2 2.996974 6.383803 2.261730 3.924033
370.404728 2 2.996973 6.421899 2.260470 3.922426
370.504728 2 2.996972 6.460222 2.259209 3.920819
370.604728 2 2.996971 6.498773 2.257949 3.919212
370.704728 2 2.996970 6.537555 2.256689 3.917605
370.804728 2 2.996969 6.576568 2.255429 3.915998
370.904728 2 2.996968 6.615814 2.254169 3.914391
371.004728 2 2.996968 6.655294 2.252909 3.912784
371.104728 2 2.996967 6.695009 2.251649 3.911177
371.204728 2 2.996966 6.734962 2.250389 3.909570
371.304728 2 2.996965 6.775153 2.249129 3.907963
371.404728 2 2.996964 6.815583 2.247869 3.906356
371.504728 2 2.996963 6.856255 2.246609 3.904749
371.604728 2 2.996962 6.897170 2.245348 3.903142
371.704728 2 2.996961 6.938329 2.244088 3.901535
371.804728 2 2.996960 6.979733 2.242828 3.899928
371.904728 2 2.996959 7.021384 2.241568 3.898321
372.004728 2 2.996959 7.063284 2.240308 3.896714
372.104728 2 2.996958 7.105434 2.239048 3.895107
372.204728 2 2.996957 7.147835 2.237788 3.893500
372.304728 2 2.996956 7.190489 2.236528 3.891893
372.404728 2 2.996955 7.233398 2.235268 3.890286
372.504728 2 2.996954 7.276563 2.234007 3.888679
372.604728 2 2.996953 7.319985 2.232747 3.887072
372.704728 2 2.996952 7.363667 2.231487 3.885465
372.804728 2 2.996951 7.407609 2.230227 3.883858
372.904728 2 2.996950 7.451813 2.228967 3.882251
373.004728 2 2.996949 7.496281 2.227707 3.880644
373.104728 2 2.996948 7.541014 2.226447 3.879037
373.204728 2 2.996947 7.586014 2.225187 3.877430
373.304728 2 2.996946 7.631283 2.223926 3.875823
373.404728 2 2.996946 7.676821 2.222666 3.874216
373.504728 2 2.996945 7.722632 2.221406 3.872609
373.604728 2 2.996944 7.768715 2.220146 3.871002
373.704728 2 2.996943 7.815074 2.218886 3.869395
373.804728 2 2.996942 7.861709 2.217626 3.867789
373.904728 2 2.996941 7.908622 2.216366 3.866182
374.004728 2 2.996940 7.955816 2.215105 3.864575
374.104728 2 2.996939 8.003291 2.213845 3.862968
374.204728 2 2.996938 8.051049 2.212585 3.861361
374.304728 2 2.996937 8.099092 2.211325 3.859754
374.404728 2 2.996936 8.147421 2.210065 3.858147
374.504728 2 2.996935 8.196040 2.208805 3.856540
374.604728 2 2.996934 8.244948 2.207545 3.854933
374.704728 2 2.996933 8.294147 2.206284 3.853326
374.804728 2 2.996932 8.343641 2.205024 3.851719
374.904728 2 2.996931 8.393430 2.203764 3.850112
375.004728 2 2.996930 8.443515 2.202504 3.848505
375.104728 2 2.996929 8.493900 2.201244 3.846898
375.204728 2 2.996928 8.544585 2.199983 3.845291
375.304728 2 2.996927 8.595573 2.198723 3.843684
375.404728 2 2.996926 8.646864 2.197463 3.842077
375.504728 2 2.996925 8.698462 2.196203 3.840470
375.604728 2 2.996924 8.750368 2.194943 3.838863
375.704728 2 2.996923 8.802583 2.193683 3.837256
375.804728 2 2.996922 8.855109 2.192422 3.835649
375.904728 2 2.996921 8.907950 2.191162 3.834042
376.004728 2 2.996920 8.961105 2.189902 3.832435
376.104728 2 2.996919 9.014577 2.188642 3.830828
376.204728 2 2.996918 9.068369 2.187382 3.829221
376.304728 2 2.996917 9.122481 2.186121 3.827614
376.404728 2 2.996916 9.176916 2.184861 3.826007
376.504728 2 2.996915 9.231676 2.183601 3.824401
376.604728 2 2.996914 9.286763 2.182341 3.822794
376.704728 2 2.996912 9.342178 2.181081 3.821187
376.804728 2 2.996911 9.397924 2.179820 3.819580
376.904728 2 2.996910 9.454003 2.178560 3.817973
377.004728 2 2.996909 9.510416 2.177300 3.816366
377.104728 2 2.996908 9.567165 2.176040 3.814759
377.204728 2 2.996907 9.624253 2.174780 3.813152
377.304728 2 2.996906 9.681682 2.173519 3.811545
377.404728 2 2.996905 9.739453 2.172259 3.809938
377.504728 2 2.996904 9.797569 2.170999 3.808331
377.604728 2 2.996903 9.856032 2.169739 3.806724
377.704728 2 2.996902 9.914843 2.168478 3.805117
377.804728 2 2.996901 9.974006 2.167218 3.803510
377.904728 2 2.996900 10.033521 2.165958 3.801903
378.004728 2 2.996899 10.093391 2.164698 3.800296
378.104728 2 2.996897 10.153619 2.163438 3.798690
378.204728 2 2.996896 10.214205 2.162177 3.797083
378.304728 2 2.996895 10.275154 2.160917 3.795476
378.404728 2 2.996894 10.336465 2.159657 3.793869
378.504728 2 2.996893 10.398143 2.158397 3.792262
378.604728 2 2.996892 10.460188 2.157136 3.790655
378.704728 2 2.996891 10.522604 2.155876 3.789048
378.804728 2 2.996890 10.585392 2.154616 3.787441
378.904728 2 2.996889 10.648554 2.153356 3.785834
379.004728 2 2.996887 10.712094 2.152095 3.784227
379.104728 2 2.996886 10.776012 2.150835 3.782620
379.204728 2 2.996885 10.840311 2.149575 3.781013
379.304728 2 2.996884 10.904995 2.148315 3.779406
379.404728 2 2.996883 10.970064 2.147054 3.777800
379.504728 2 2.996882 11.035521 2.145794 3.776193
379.604728 2 2.996881 11.101369 2.144534 3.774586
379.704728 2 2.996879 11.167609 2.143273 3.772979
379.804728 2 2.996878 11.234245 2.142013 3.771372
379.904728 2 2.996877 11.301278 2.140753 3.769765
380.004728 2 2.996876 11.368711 2.139493 3.768158
380.104728 2 2.996875 11.436547 2.138232 3.766551
380.204728 2 2.996874 11.504787 2.136972 3.764944
380.304728 2 2.996872 11.573434 2.135712 3.763337
380.404728 2 2.996871 11.642490 2.134451 3.761730
380.504728 2 2.996870 11.711959 2.133191 3.760124
380.604728 2 2.996869 11.781842 2.131931 3.758517
380.704728 2 2.996868 11.852141 2.130671 3.756910
380.804728 2 2.996867 11.922860 2.129410 3.755303
380.904728 2 2.996865 11.994001 2.128150 3.753696
381.004728 2 2.996864 12.065567 2.126890 3.752089
381.104728 2 2.996863 12.137559 2.125629 3.750482
381.204728 2 2.996862 12.209981 2.124369 3.748875
381.304728 2 2.996860 12.282834 2.123109 3.747268
381.404728 2 2.996859 12.356123 2.121848 3.745662
381.504728 2 2.996858 12.429848 2.120588 3.744055
381.604728 2 2.996857 12.504013 2.119328 3.742448
381.704728 2 2.996856 12.578621 2.118067 3.740841
381.804728 2 2.996854 12.653674 2.116807 3.739234
381.904728 2 2.996853 12.729174 2.115547 3.737627
382.004728 2 2.996852 12.805125 2.114286 3.736020
382.104728 2 2.996851 12.881529 2.113026 3.734413
382.204728 2 2.996849 12.958388 2.111766 3.732807
382.304728 2 2.996848 13.035706 2.110505 3.731200
382.404728 2 2.996847 13.113486 2.109245 3.729593
382.504728 2 2.996846 13.191729 2.107985 3.727986
382.604728 2 2.996844 13.270439 2.106724 3.726379
382.704728 2 2.996843 13.349618 2.105464 3.724772
382.804728 2 2.996842 13.429270 2.104204 3.723165
382.904728 2 2.996841 13.509396 2.102943 3.721558
383.004728 2 2.996839 13.590001 2.101683 3.719952
383.104728 2 2.996838 13.671087 2.100423 3.718345
383.204728 2 2.996837 13.752656 2.099162 3.716738
383.304728 2 2.996836 13.834712 2.097902 3.715131
383.404728 2 2.996834 13.917257 2.096641 3.713524
383.504728 2 2.996833 14.000294 2.095381 3.711917
383.604728 2 2.996832 14.083827 2.094121 3.710310
383.704728 2 2.996830 14.167858 2.092860 3.708704
383.804728 2 2.996829 14.252391 2.091600 3.707097
383.904728 2 2.996828 14.326079 2.090507 3.705704
384.004728 3 2.996827 14.400149 2.089415 3.704311
384.104728 3 2.996825 14.455418 2.092028 3.704132
384.204728 3 2.996822 14.571528 2.097484 3.703759
384.304728 3 2.996818 14.688635 2.102940 3.703385
384.404728 3 2.996814 14.806747 2.108396 3.703010
384.504728 3 2.996811 14.925873 2.113852 3.702634
384.604728 3 2.996807 15.046023 2.119308 3.702257
384.704728 3 2.996803 15.167205 2.124764 3.701879
384.804728 3 2.996800 15.289429 2.130220 3.701500
384.904728 3 2.996796 15.412703 2.135676 3.701120
385.004728 3 2.996792 15.537038 2.141132 3.700740
385.104728 3 2.996788 15.662443 2.146588 3.700358
385.204728 3 2.996784 15.788928 2.152044 3.699975
385.304728 3 2.996780 15.916501 2.157500 3.699592
385.404728 3 2.996776 16.045173 2.162956 3.699207
385.504728 3 2.996772 16.174954 2.168412 3.698822
385.604728 3 2.996768 16.305853 2.173868 3.698436
385.704728 3 2.996764 16.437881 2.179324 3.698049
385.804728 3 2.996760 16.571048 2.184780 3.697661
385.904728 3 2.996756 16.705364 2.190236 3.697272
386.004728 3 2.996752 16.840838 2.195692 3.696882
386.104728 3 2.996747 16.977482 2.201148 3.696491
386.204728 3 2.996743 17.115306 2.206604 3.696099
386.304728 3 2.996739 17.254321 2.212060 3.695707
386.404728 3 2.996734 17.394537 2.217516 3.695313
386.504728 3 2.996730 17.535965 2.222972 3.694919
386.604728 3 2.996725 17.678615 2.228428 3.694524
386.704728 3 2.996720 17.822500 2.233884 3.694127
386.804728 3 2.996716 17.967629 2.239340 3.693730
386.904728 3 2.996711 18.114015 2.244796 3.693332
387.004728 3 2.996706 18.261667 2.250252 3.692933
387.104728 3 2.996702 18.410599 2.255708 3.692534
387.204728 3 2.996697 18.560820 2.261164 3.692133
387.304728 3 2.996692 18.712343 2.266621 3.691732
387.404728 3 2.996687 18.865179 2.272077 3.691329
387.504728 3 2.996682 19.019341 2.277533 3.690926
387.604728 3 2.996677 19.174840 2.282989 3.690522
387.704728 3 2.996672 19.331687 2.288445 3.690117
387.804728 3 2.996667 19.489896 2.293901 3.689711
387.904728 3 2.996662 19.649479 2.299357 3.689304
388.004728 3 2.996656 19.810447 2.304813 3.688897
388.104728 3 2.996651 19.972813 2.310269 3.688488
388.204728 3 2.996646 20.136590 2.315725 3.688079
388.304728 3 2.996640 20.301790 2.321181 3.687669
388.404728 3 2.996635 20.468427 2.326637 3.687257
388.504728 3 2.996629 20.636513 2.332093 3.686846
388.604728 3 2.996624 20.806061 2.337549 3.686433
388.704728 3 2.996618 20.977084 2.343005 3.686019
388.804728 3 2.996612 21.149596 2.348461 3.685605
388.904728 3 2.996606 21.323609 2.353917 3.685189
389.004728 3 2.996601 21.499139 2.359373 3.684773
389.104728 3 2.996595 21.676197 2.364829 3.684356
389.204728 3 2.996589 21.854798 2.370285 3.683938
389.304728 3 2.996583 22.034956 2.375741 3.683520
389.404728 3 2.996577 22.216685 2.381197 3.683100
389.504728 3 2.996570 22.399999 2.386653 3.682680
389.604728 3 2.996564 22.584912 2.392109 3.682259
389.704728 3 2.996558 22.771438 2.397565 3.681836
389.804728 3 2.996551 22.959593 2.403021 3.681414
389.904728 3 2.996545 23.149391 2.408477 3.680990
390.004728 3 2.996539 23.340846 2.413933 3.680565
390.104728 3 2.996532 23.533973 2.419389 3.680140
390.204728 3 2.996525 23.728789 2.424845 3.679714
390.304728 3 2.996519 23.925307 2.430301 3.679287
390.404728 3 2.996512 24.123543 2.435757 3.678859
390.504728 3 2.996505 24.323514 2.441213 3.678431
390.604728 3 2.996498 24.525233 2.446669 3.678001
390.704728 3 2.996491 24.728718 2.452125 3.677571
390.804728 3 2.996484 24.933983 2.457581 3.677140
390.904728 3 2.996477 25.141046 2.463037 3.676708
391.004728 3 2.996469 25.349922 2.468493 3.676275
391.104728 3 2.996462 25.560628 2.473949 3.675842
391.204728 3 2.996455 25.773180 2.479405 3.675408
391.304728 3 2.996447 25.987595 2.484861 3.674973
391.404728 3 2.996440 26.203890 2.490317 3.674537
391.504728 3 2.996432 26.422081 2.495773 3.674100
391.604728 3 2.996424 26.642187 2.501229 3.673663
391.704728 3 2.996416 26.864223 2.506685 3.673225
391.804728 3 2.996408 27.088208 2.512141 3.672786
391.904728 3 2.996400 27.314159 2.517597 3.672346
392.004728 3 2.996392 27.542094 2.523053 3.671905
392.104728 3 2.996384 27.772031 2.528509 3.671464
392.204728 3 2.996376 28.003988 2.533965 3.671022
392.304728 3 2.996368 28.237984 2.539421 3.670579
392.404728 3 2.996359 28.474036 2.544877 3.670135
392.504728 3 2.996351 28.712163 2.550333 3.669691
392.604728 3 2.996342 28.952384 2.555789 3.669246
392.704728 3 2.996333 29.194719 2.561245 3.668800
392.804728 3 2.996325 29.439185 2.566701 3.668353
392.904728 3 2.996316 29.685803 2.572157 3.667905
393.004728 3 2.996307 29.934592 2.577613 3.667457
393.104728 3 2.996298 30.185572 2.583069 3.667008
393.204728 3 2.996288 30.438761 2.588525 3.666558
393.304728 3 2.996279 30.694182 2.593981 3.666108
393.404728 3 2.996270 30.951853 2.599437 3.665656
393.504728 3 2.996260 31.211794 2.604893 3.665204
393.604728 3 2.996250 31.474028 2.610349 3.664752
393.704728 3 2.996241 31.738574 2.615805 3.664298
393.804728 3 2.996231 32.005453 2.621261 3.663844
393.904728 3 2.996221 32.274686 2.626717 3.663389
394.004728 3 2.996211 32.546296 2.632173 3.662933
394.104728 3 2.996201 32.820302 2.637629 3.662477
394.204728 3 2.996191 33.096728 2.643085 3.662019
394.304728 3 2.996180 33.375595 2.648541 3.661561
394.404728 3 2.996170 33.656924 2.653997 3.661103
394.504728 3 2.996159 33.940740 2.659453 3.660643
394.604728 3 2.996148 34.227063 2.664909 3.660183
394.704728 3 2.996138 34.515917 2.670365 3.659722
394.804728 3 2.996127 34.807325 2.675821 3.659260
394.904728 3 2.996116 35.101309 2.681277 3.658798
395.004728 3 2.996104 35.397894 2.686733 3.658335
395.104728 3 2.996093 35.697103 2.692189 3.657871
395.204728 3 2.996082 35.998959 2.697645 3.657407
395.304728 3 2.996070 36.303488 2.703101 3.656942
395.404728 3 2.996058 36.610712 2.708557 3.656476
395.504728 3 2.996046 36.920657 2.714013 3.656009
395.604728 3 2.996035 37.233347 2.719469 3.655542
395.704728 3 2.996022 37.548807 2.724925 3.655074
395.804728 3 2.996010 37.867062 2.730381 3.654605
395.904728 3 2.995998 38.188139 2.735837 3.654136
396.004728 3 2.995985 38.512061 2.741293 3.653665
396.104728 3 2.995973 38.838856 2.746749 3.653195
396.204728 3 2.995960 39.168549 2.752205 3.652723
396.304728 3 2.995947 39.501167 2.757661 3.652251
396.404728 3 2.995934 39.836736 2.763117 3.651778
396.504728 3 2.995921 40.175283 2.768573 3.651304
396.604728 3 2.995907 40.516835 2.774029 3.650830
396.704728 3 2.995894 40.861420 2.779485 3.650355
396.804728 3 2.995880 41.209065 2.784941 3.649879
396.904728 3 2.995867 41.559798 2.790397 3.649403
397.004728 3 2.995853 41.913647 2.795853 3.648926
397.104728 3 2.995838 42.270640 2.801309 3.648448
397.204728 4 2.995830 42.480426 2.804493 3.648169
397.304728 4 2.995816 42.422084 2.803608 3.648247
397.404728 4 2.995804 42.376752 2.802919 3.648307
397.504728 4 2.995707 41.991604 2.797037 3.648819
397.604728 4 2.995613 41.612472 2.791192 3.649327
397.704728 4 2.995520 41.239248 2.785384 3.649831
397.804728 4 2.995430 40.871824 2.779612 3.650331
397.904728 4 2.995341 40.510095 2.773876 3.650828
398.004728 4 2.995254 40.153959 2.768177 3.651321
398.104728 4 2.995170 39.803316 2.762514 3.651809
398.204728 4 2.995087 39.458066 2.756887 3.652294
398.304728 4 2.995005 39.118115 2.751296 3.652776
398.404728 4 2.994926 38.783366 2.745741 3.653253
398.504728 4 2.994848 38.453730 2.740222 3.653727
398.604728 4 2.994772 38.129113 2.734738 3.654197
398.704728 4 2.994698 37.809429 2.729290 3.654663
398.804728 4 2.994625 37.494591 2.723877 3.655126
398.904728 4 2.994553 37.184513 2.718500 3.655584
399.004728 4 2.994483 36.879112 2.713157 3.656040
399.104728 4 2.994415 36.578307 2.707850 3.656491
399.204728 4 2.994347 36.282018 2.702578 3.656939
399.304728 4 2.994282 35.990167 2.697340 3.657384
399.404728 4 2.994217 35.702677 2.692137 3.657825
399.504728 4 2.994154 35.419473 2.686969 3.658262
399.604728 4 2.994092 35.140481 2.681836 3.658696
399.704728 4 2.994031 34.865629 2.676736 3.659126
399.804728 4 2.993971 34.594847 2.671671 3.659553
399.904728 4 2.993913 34.328065 2.666640 3.659976
400.004728 4 2.993855 34.065216 2.661643 3.660396
400.104728 4 2.993799 33.806233 2.656680 3.660812
400.204728 4 2.993744 33.551051 2.651751 3.661225
400.304728 4 2.993690 33.299606 2.646855 3.661635
400.404728 4 2.993636 33.051835 2.641993 3.662041
400.504728 4 2.993584 32.807678 2.637165 3.662444
400.604728 4 2.993533 32.567073 2.632369 3.662844
400.704728 4 2.993483 32.329962 2.627607 3.663240
400.804728 4 2.993433 32.096287 2.622878 3.663633
400.904728 4 2.993385 31.865991 2.618182 3.664022
401.004728 4 2.993337 31.639019 2.613519 3.664409
401.104728 4 2.993290 31.415316 2.608889 3.664792
401.204728 4 2.993244 31.194830 2.604291 3.665172
401.304728 4 2.993199 30.977506 2.599726 3.665549
401.404728 4 2.993155 30.763294 2.595193 3.665922
401.504728 4 2.993111 30.552144 2.590692 3.666293
401.604728 4 2.993068 30.344007 2.586224 3.666660
401.704728 4 2.993026 30.138832 2.581788 3.667024
401.804728 4 2.992985 29.936574 2.577383 3.667385
401.904728 4 2.992944 29.737185 2.573011 3.667743
402.004728 4 2.992904 29.540620 2.568670 3.668098
402.104728 4 2.992864 29.346834 2.564361 3.668450
402.204728 4 2.992826 29.155782 2.560083 3.668799
402.304728 4 2.992788 28.967422 2.555836 3.669145
402.404728 4 2.992750 28.781711 2.551621 3.669488
402.504728 4 2.992713 28.598607 2.547437 3.669827
402.604728 4 2.992677 28.418070 2.543284 3.670164
402.704728 4 2.992641 28.240060 2.539162 3.670498
402.804728 4 2.992606 28.064536 2.535071 3.670829
402.904728 4 2.992571 27.891462 2.531010 3.671157
403.004728 4 2.992537 27.720799 2.526980 3.671483
403.104728 4 2.992503 27.552509 2.522980 3.671805
403.204728 4 2.992470 27.386556 2.519011 3.672125
403.304728 4 2.992438 27.222905 2.515072 3.672441
403.404728 4 2.992406 27.061520 2.511162 3.672755
403.504728 4 2.992374 26.902367 2.507283 3.673066
403.604728 4 2.992343 26.745412 2.503434 3.673374
403.704728 4 2.992312 26.590622 2.499615 3.673680
403.804728 4 2.992282 26.437964 2.495825 3.673983
403.904728 4 2.992252 26.287405 2.492065 3.674283
404.004728 4 2.992223 26.138916 2.488334 3.674580
404.104728 4 2.992194 25.992464 2.484632 3.674875
404.204728 4 2.992165 25.848019 2.480960 3.675167
404.304728 4 2.992137 25.705552 2.477316 3.675456
404.404728 4 2.992109 25.565033 2.473702 3.675743
404.504728 4 2.992082 25.426433 2.470116 3.676027
404.604728 4 2.992055 25.289725 2.466559 3.676308
404.704728 4 2.992028 25.154881 2.463031 3.676587
404.804728 4 2.992002 25.021873 2.459531 3.676863
404.904728 4 2.991976 24.890674 2.456059 3.677137
405.004728 4 2.991950 24.761259 2.452616 3.677408
405.104728 4 2.991925 24.633601 2.449201 3.677677
405.204728 4 2.991900 24.507676 2.445814 3.677943
405.304728 4 2.991875 24.383458 2.442455 3.678207
405.404728 4 2.991851 24.260922 2.439123 3.678468
405.512541 4 2.991803 24.020805 2.432543 3.678983
405.620354 4 2.991756 23.787136 2.426073 3.679488
405.728167 4 2.991710 23.559734 2.419712 3.679983
405.835979 4 2.991665 23.338424 2.413458 3.680469
405.943792 4 2.991622 23.123037 2.407312 3.680946
406.051605 4 2.991579 22.913410 2.401271 3.681414
406.159418 4 2.991538 22.709386 2.395336 3.681872
406.267231 4 2.991497 22.510812 2.389505 3.682321
406.375044 4 2.991457 22.317540 2.383777 3.682762
406.482857 4 2.991418 22.129429 2.378152 3.683193
406.590670 4 2.991380 21.946339 2.372628 3.683616
406.698483 4 2.991343 21.768139 2.367204 3.684031
406.806296 4 2.991306 21.594699 2.361881 3.684437
406.914109 4 2.991270 21.425894 2.356655 3.684835
407.021921 4 2.991235 21.261604 2.351528 3.685225
407.129734 4 2.991201 21.101711 2.346498 3.685606
407.237547 4 2.991167 20.946103 2.341563 3.685980
407.345360 4 2.991134 20.794668 2.336723 3.686345
407.453173 4 2.991101 20.647303 2.331978 3.686703
407.560986 4 2.991069 20.503902 2.327325 3.687054
407.668799 4 2.991038 20.364368 2.322765 3.687396
407.776612 4 2.991007 20.228602 2.318296 3.687732
407.884425 4 2.990977 20.096512 2.313917 3.688060
407.992238 4 2.990947 19.968006 2.309628 3.688380
408.100050 4 2.990918 19.842996 2.305428 3.688694
408.207863 4 2.990889 19.721397 2.301315 3.689000
408.315676 4 2.990860 19.603126 2.297288 3.689300
408.423489 4 2.990832 19.488102 2.293348 3.689593
408.531302 4 2.990805 19.376248 2.289492 3.689879
408.639115 4 2.990777 19.267486 2.285720 3.690158
408.746928 4 2.990751 19.161744 2.282032 3.690431
408.854741 4 2.990724 19.058950 2.278425 3.690697
408.962554 4 2.990698 18.959034 2.274899 3.690957
409.070367 4 2.990672 18.861929 2.271454 3.691211
409.285992 4 2.990621 18.675890 2.264800 3.691700
409.501618 4 2.990572 18.500327 2.258456 3.692165
409.717244 4 2.990524 18.334765 2.252414 3.692606
409.932870 4 2.990476 18.178749 2.246667 3.693025
410.148496 4 2.990430 18.031850 2.241208 3.693423
410.364121 4 2.990385 17.893661 2.236030 3.693798
410.579747 4 2.990340 17.763794 2.231124 3.694154
410.795373 4 2.990297 17.641879 2.226483 3.694489
411.010999 4 2.990254 17.527565 2.222101 3.694805
411.226625 4 2.990212 17.420516 2.217969 3.695102
411.442250 4 2.990170 17.320410 2.214081 3.695382
411.657876 4 2.990129 17.226939 2.210429 3.695644
412.089128 4 2.990049 17.058738 2.203802 3.696118
412.520379 4 2.989970 16.913684 2.198031 3.696529
412.951631 4 2.989893 16.789710 2.193056 3.696883
413.382883 4 2.989817 16.684885 2.188818 3.697183
414.245386 4 2.989669 16.525495 2.182316 3.697642
415.107889 4 2.989524 16.421973 2.178053 3.697941
415.970392 4 2.989381 16.361788 2.175557 3.698114
416.832896 4 2.989239 16.333028 2.174354 3.698196
417.695399 4 2.989099 16.324113 2.173973 3.698219
418.557902 4 2.988958 16.323641 2.173950 3.698220
419.420405 4 2.988817 16.323966 2.174103 3.698253
420.282908 4 2.988677 16.324431 2.174425 3.698328
421.145412 4 2.988536 16.325143 2.174905 3.698438
422.007915 4 2.988395 16.326214 2.175535 3.698582
422.870418 4 2.988254 16.327753 2.176311 3.698755
423.732921 4 2.988112 16.329871 2.177229 3.698956
424.595425 4 2.987970 16.332676 2.178286 3.699183
425.457928 4 2.987828 16.336280 2.179480 3.699434
426.320431 4 2.987686 16.340793 2.180809 3.699706
427.182934 4 2.987543 16.346325 2.182270 3.699998
428.045437 4 2.987399 16.352988 2.183863 3.700308
428.907941 4 2.987255 16.360892 2.185586 3.700634
429.770444 4 2.987110 16.370151 2.187438 3.700974
430.632947 4 2.986964 16.380876 2.189417 3.701326
431.495450 4 2.986818 16.393180 2.191522 3.701689
432.357954 4 2.986671 16.407177 2.193752 3.702062
433.220457 4 2.986523 16.422983 2.196107 3.702441
434.082960 4 2.986374 16.440712 2.198586 3.702827
434.945463 4 2.986224 16.460483 2.201187 3.703216
435.807966 4 2.986073 16.482412 2.203909 3.703608
436.670470 4 2.985921 16.506620 2.206753 3.704000
437.532973 4 2.985767 16.533227 2.209718 3.704391
438.395476 4 2.985612 16.562357 2.212802 3.704780
439.257979 4 2.985456 16.594134 2.216005 3.705164
440.120483 4 2.985298 16.628686 2.219326 3.705543
440.982986 4 2.985139 16.666141 2.222765 3.705914
441.845489 4 2.984978 16.706631 2.226322 3.706277
442.707992 4 2.984816 16.750291 2.229996 3.706628
443.570495 4 2.984651 16.797258 2.233785 3.706968
444.432999 4 2.984485 16.847671 2.237691 3.707293
445.295502 4 2.984317 16.901677 2.241711 3.707603
446.158005 4 2.984146 16.959421 2.245847 3.707897
447.020508 4 2.983974 17.021055 2.250096 3.708171
447.883012 4 2.983799 17.086736 2.254460 3.708426
448.745515 4 2.983621 17.156625 2.258937 3.708659
449.608018 4 2.983441 17.230885 2.263527 3.708868
450.470521 4 2.983258 17.309689 2.268229 3.709053
451.333024 4 2.983073 17.393212 2.273044 3.709212
452.195528 4 2.982884 17.481638 2.277970 3.709342
453.058031 4 2.982692 17.575154 2.283008 3.709443
453.920534 4 2.982497 17.673957 2.288157 3.709513
454.783037 4 2.982299 17.778250 2.293417 3.709550
455.645541 4 2.982097 17.888243 2.298787 3.709553
456.508044 4 2.981891 18.004157 2.304266 3.709521
457.370547 4 2.981681 18.126218 2.309856 3.709451
458.233050 4 2.981467 18.254666 2.315554 3.709342
459.095553 4 2.981248 18.389746 2.321361 3.709193
459.958057 4 2.981025 18.531718 2.327277 3.709002
460.820560 4 2.980798 18.680852 2.333301 3.708768
461.683063 4 2.980565 18.837429 2.339433 3.708488
462.545566 4 2.980327 19.001745 2.345673 3.708162
463.408070 4 2.980083 19.174106 2.352020 3.707788
464.270573 4 2.979833 19.354837 2.358473 3.707364
465.133076 4 2.979577 19.544276 2.365034 3.706889
465.564328 4 2.979446 19.642373 2.368354 3.706632
465.995579 4 2.979313 19.742782 2.371700 3.706361
466.426831 4 2.979179 19.845549 2.375073 3.706077
466.858082 4 2.979043 19.950723 2.378472 3.705779
467.289334 4 2.978905 20.058353 2.381898 3.705467
467.720586 4 2.978765 20.168490 2.385350 3.705141
468.151837 4 2.978623 20.281186 2.388829 3.704801
468.583089 4 2.978479 20.396495 2.392334 3.704446
469.014341 4 2.978333 20.514470 2.395865 3.704077
469.445592 4 2.978185 20.635168 2.399422 3.703692
469.876844 4 2.978036 20.758647 2.403005 3.703292
470.308095 4 2.977884 20.884965 2.406615 3.702877
470.739347 4 2.977729 21.014183 2.410250 3.702447
471.170599 4 2.977573 21.146363 2.413911 3.702001
471.601850 4 2.977414 21.281569 2.417599 3.701538
472.033102 4 2.977253 21.419866 2.421312 3.701060
472.464353 4 2.977089 21.561322 2.425052 3.700566
472.895605 4 2.976923 21.706004 2.428817 3.700055
473.326857 4 2.976754 21.853985 2.432608 3.699527
473.758108 4 2.976582 22.005337 2.436424 3.698983
474.189360 4 2.976408 22.160134 2.440267 3.698421
474.620611 4 2.976231 22.318453 2.444135 3.697842
475.051863 4 2.976051 22.480373 2.448028 3.697246
475.483115 4 2.975869 22.645976 2.451948 3.696632
475.914366 4 2.975683 22.815343 2.455892 3.696000
476.345618 4 2.975494 22.988562 2.459863 3.695350
476.776870 4 2.975302 23.165719 2.463858 3.694682
477.208121 4 2.975106 23.346906 2.467879 3.693996
477.639373 4 2.974908 23.532214 2.471926 3.693291
478.070624 4 2.974705 23.721740 2.475997 3.692567
478.501876 4 2.974499 23.915583 2.480094 3.691824
478.933128 4 2.974290 24.113842 2.484216 3.691061
479.364379 4 2.974077 24.316623 2.488363 3.690280
479.795631 4 2.973860 24.524032 2.492535 3.689478
480.226882 4 2.973639 24.736180 2.496733 3.688657
480.658134 4 2.973413 24.953179 2.500955 3.687816
481.089386 4 2.973184 25.175146 2.505202 3.686955
481.520637 4 2.972950 25.402201 2.509473 3.686073
481.951889 4 2.972712 25.634469 2.513770 3.685171
482.383140 4 2.972469 25.872076 2.518091 3.684248
482.814392 4 2.972222 26.115153 2.522437 3.683304
483.245644 4 2.971969 26.363835 2.526808 3.682338
483.676895 4 2.971712 26.618261 2.531203 3.681351
484.108147 4 2.971450 26.878574 2.535622 3.680343
484.539399 4 2.971182 27.144923 2.540066 3.679313
484.755024 4 2.971045 27.280409 2.542297 3.678789
484.970650 4 2.970907 27.417462 2.544534 3.678260
485.186276 4 2.970768 27.556100 2.546777 3.677726
485.401902 4 2.970627 27.696345 2.549026 3.677186
485.617528 4 2.970484 27.838215 2.551281 3.676640
485.833153 4 2.970341 27.981733 2.553543 3.676089
486.048779 4 2.970195 28.126918 2.555810 3.675532
486.264405 4 2.970048 28.273792 2.558083 3.674969
486.480031 4 2.969900 28.422377 2.560362 3.674401
486.692065 4 2.969753 28.570176 2.562609 3.673836
487.010116 4 2.969529 28.795061 2.565991 3.672979
