t Ka M R logL logTeff
0.100000 1 49.993065 8.002568 5.534319 4.693106
0.200000 1 49.985972 8.030214 5.536210 4.692829
0.300000 1 49.978805 8.058007 5.538131 4.692560
0.400000 1 49.971562 8.085976 5.540084 4.692295
0.500000 1 49.964239 8.114152 5.542067 4.692036
0.600000 1 49.956837 8.142564 5.544080 4.691780
0.700000 1 49.949352 8.171242 5.546124 4.691528
0.800000 1 49.941783 8.200217 5.548199 4.691278
0.900000 1 49.934128 8.229521 5.550305 4.691029
1.000000 1 49.926384 8.259184 5.552441 4.690782
1.100000 1 49.918549 8.289240 5.554607 4.690535
1.200000 1 49.910621 8.319719 5.556804 4.690287
1.300000 1 49.902598 8.350656 5.559031 4.690038
1.400000 1 49.894477 8.382083 5.561288 4.689787
1.500000 1 49.886255 8.414035 5.563576 4.689532
1.600000 1 49.877931 8.446546 5.565894 4.689275
1.700000 1 49.869501 8.479651 5.568243 4.689012
1.800000 1 49.860963 8.513386 5.570621 4.688745
1.900000 1 49.852313 8.547785 5.573030 4.688471
2.000000 1 49.843550 8.582888 5.575468 4.688191
2.100000 1 49.834670 8.618730 5.577937 4.687903
2.200000 1 49.825669 8.655349 5.580436 4.687607
2.300000 1 49.816546 8.692785 5.582964 4.687302
2.400000 1 49.807295 8.731077 5.585522 4.686987
2.500000 1 49.797915 8.770264 5.588111 4.686662
2.600000 1 49.788402 8.810389 5.590728 4.686325
2.700000 1 49.778751 8.851493 5.593376 4.685976
2.800000 1 49.768960 8.893618 5.596053 4.685615
2.900000 1 49.759025 8.936808 5.598760 4.685239
3.000000 1 49.748941 8.981109 5.601496 4.684849
3.100000 1 49.738705 9.026565 5.604261 4.684445
3.200000 1 49.728313 9.073225 5.607056 4.684024
3.300000 1 49.717760 9.121135 5.609880 4.683586
3.400000 1 49.707042 9.170346 5.612733 4.683131
3.500000 1 49.696154 9.220908 5.615615 4.682658
3.600000 1 49.685092 9.272875 5.618526 4.682165
3.700000 1 49.673851 9.326299 5.621466 4.681653
3.800000 1 49.662426 9.381237 5.624435 4.681119
3.900000 1 49.650811 9.437746 5.627433 4.680565
4.000000 1 49.639003 9.495887 5.630459 4.679988
4.100000 1 49.626995 9.555721 5.633514 4.679387
4.200000 1 49.614782 9.617313 5.636597 4.678763
4.300000 1 49.602358 9.680730 5.639709 4.678114
4.400000 1 49.589717 9.746043 5.642849 4.677439
4.500000 1 49.576854 9.813324 5.646017 4.676737
4.600000 1 49.563761 9.882652 5.649213 4.676007
4.700000 1 49.550434 9.954105 5.652437 4.675249
4.800000 1 49.536865 10.027771 5.655689 4.674461
4.900000 1 49.523048 10.103738 5.658968 4.673642
5.000000 1 49.508975 10.182102 5.662275 4.672791
5.100000 1 49.494641 10.262964 5.665609 4.671906
5.200000 1 49.480037 10.346431 5.668971 4.670988
5.300000 1 49.465156 10.432617 5.672360 4.670034
5.400000 1 49.449992 10.521646 5.675775 4.669043
5.500000 1 49.434535 10.613648 5.679218 4.668013
5.600000 1 49.418779 10.708764 5.682688 4.666943
5.700000 1 49.402714 10.807146 5.686184 4.665831
5.800000 1 49.386334 10.908958 5.689706 4.664676
5.900000 1 49.369629 11.014376 5.693255 4.663474
6.000000 1 49.352592 11.123594 5.696830 4.662226
6.100000 1 49.343903 11.179687 5.698627 4.661582
6.200000 1 49.335126 11.236809 5.700430 4.660926
6.300000 1 49.326262 11.294990 5.702239 4.660257
6.400000 1 49.317308 11.354260 5.704055 4.659575
6.500000 1 49.308264 11.414649 5.705877 4.658879
6.600000 1 49.299128 11.476193 5.707706 4.658168
6.700000 1 49.289900 11.538925 5.709541 4.657443
6.800000 1 49.280579 11.602882 5.711382 4.656703
6.900000 1 49.271162 11.668101 5.713230 4.655948
7.000000 1 49.261650 11.734623 5.715084 4.655177
7.100000 1 49.252041 11.802489 5.716944 4.654390
7.200000 1 49.242333 11.871743 5.718811 4.653586
7.300000 1 49.232527 11.942431 5.720683 4.652765
7.400000 1 49.222620 12.014600 5.722562 4.651927
7.500000 1 49.212611 12.088303 5.724448 4.651070
7.600000 1 49.202500 12.163591 5.726339 4.650194
7.700000 1 49.192285 12.240521 5.728237 4.649300
7.800000 1 49.181966 12.319150 5.730140 4.648385
7.900000 1 49.171541 12.399542 5.732050 4.647450
8.000000 1 49.161009 12.481760 5.733966 4.646494
8.100000 1 49.150369 12.565873 5.735888 4.645516
8.200000 1 49.139620 12.651953 5.737816 4.644516
8.300000 1 49.128761 12.740075 5.739751 4.643492
8.400000 1 49.117792 12.830319 5.741691 4.642445
8.500000 1 49.106711 12.922769 5.743637 4.641372
8.600000 1 49.095517 13.017514 5.745589 4.640274
8.700000 1 49.084211 13.114646 5.747547 4.639149
8.800000 1 49.072790 13.214265 5.749512 4.637997
8.900000 1 49.061254 13.316474 5.751482 4.636816
9.000000 1 49.049603 13.421383 5.753458 4.635606
9.100000 1 49.037836 13.529108 5.755440 4.634366
9.200000 1 49.025952 13.639771 5.757428 4.633094
9.300000 1 49.013952 13.753502 5.759421 4.631789
9.400000 1 49.001834 13.870438 5.761421 4.630451
9.500000 1 48.989598 13.990723 5.763427 4.629077
9.600000 1 48.977245 14.114511 5.765438 4.627667
9.700000 1 48.964775 14.241964 5.767456 4.626220
9.800000 1 48.952187 14.373253 5.769479 4.624733
9.900000 1 48.939482 14.508561 5.771508 4.623205
10.000000 1 48.926660 14.648081 5.773543 4.621636
10.100000 1 48.913722 14.792017 5.775584 4.620023
10.200000 1 48.907196 14.865706 5.776607 4.619200
10.300000 1 48.900640 14.940581 5.777631 4.618365
10.400000 1 48.894057 15.016672 5.778656 4.617518
10.500000 1 48.887445 15.094010 5.779683 4.616659
10.600000 1 48.880805 15.172624 5.780712 4.615788
10.700000 1 48.874137 15.252547 5.781742 4.614905
10.800000 1 48.867441 15.333812 5.782773 4.614009
10.900000 1 48.860718 15.416454 5.783806 4.613100
11.000000 1 48.853967 15.500507 5.784841 4.612178
11.100000 1 48.847189 15.586007 5.785877 4.611242
11.200000 1 48.840385 15.672992 5.786914 4.610293
11.300000 1 48.833554 15.761501 5.787953 4.609330
11.400000 1 48.826697 15.851573 5.788994 4.608353
11.500000 1 48.819814 15.943249 5.790036 4.607361
11.600000 1 48.812906 16.036571 5.791079 4.606355
11.700000 1 48.805973 16.131584 5.792124 4.605333
11.800000 1 48.799015 16.228333 5.793171 4.604296
11.900000 1 48.792033 16.326864 5.794219 4.603244
12.000000 1 48.785027 16.427225 5.795269 4.602176
12.100000 1 48.777998 16.529466 5.796321 4.601091
12.200000 1 48.770946 16.633639 5.797374 4.599990
12.300000 1 48.763872 16.739796 5.798428 4.598873
12.400000 1 48.756776 16.847992 5.799484 4.597738
12.500000 1 48.749660 16.958285 5.800542 4.596585
12.600000 1 48.742523 17.070733 5.801602 4.595415
12.700000 1 48.735366 17.185396 5.802663 4.594226
12.800000 1 48.728190 17.302338 5.803726 4.593020
12.900000 1 48.720996 17.421622 5.804790 4.591794
13.000000 1 48.713784 17.543317 5.805856 4.590549
13.100000 1 48.706556 17.667491 5.806924 4.589284
13.200000 1 48.699312 17.794217 5.807993 4.587999
13.300000 1 48.692053 17.923568 5.809064 4.586694
13.400000 1 48.684780 18.055623 5.810137 4.585369
13.500000 1 48.677494 18.190460 5.811212 4.584022
13.600000 1 48.670197 18.328162 5.812288 4.582653
13.700000 1 48.662888 18.468815 5.813367 4.581263
13.800000 1 48.655569 18.612507 5.814447 4.579850
13.900000 1 48.648242 18.759330 5.815529 4.578414
14.000000 1 48.640907 18.909380 5.816612 4.576955
14.100000 1 48.633567 19.062755 5.817698 4.575472
14.200000 1 48.626221 19.219558 5.818786 4.573965
14.300000 1 48.618872 19.379894 5.819875 4.572434
14.400000 1 48.611521 19.543874 5.820966 4.570877
14.500000 1 48.604170 19.711612 5.822060 4.569294
14.600000 1 48.596819 19.883228 5.823155 4.567686
14.700000 1 48.589471 20.058843 5.824252 4.566051
14.800000 1 48.582127 20.238586 5.825352 4.564388
14.900000 1 48.574789 20.422590 5.826454 4.562699
15.000000 1 48.567459 20.610992 5.827557 4.560980
15.100000 1 48.560139 20.803937 5.828663 4.559234
15.200000 1 48.552830 21.001572 5.829771 4.557457
15.300000 1 48.545534 21.204054 5.830881 4.555651
15.400000 1 48.538254 21.411543 5.831994 4.553815
15.500000 1 48.530991 21.624207 5.833109 4.551948
15.600000 1 48.527370 21.732535 5.833667 4.551002
15.700000 1 48.523754 21.842222 5.834226 4.550049
15.800000 1 48.520143 21.953292 5.834785 4.549087
15.900000 1 48.516539 22.065768 5.835345 4.548117
16.000000 1 48.512940 22.179674 5.835906 4.547140
16.100000 1 48.509348 22.295034 5.836467 4.546153
16.200000 1 48.505763 22.411873 5.837029 4.545159
16.300000 1 48.502185 22.530216 5.837592 4.544156
16.400000 1 48.498614 22.650090 5.838155 4.543144
16.500000 1 48.495051 22.771520 5.838719 4.542124
16.600000 1 48.491497 22.894534 5.839283 4.541095
16.700000 1 48.487950 23.019159 5.839848 4.540058
16.800000 1 48.484412 23.145423 5.840414 4.539012
16.900000 1 48.480883 23.273355 5.840981 4.537956
17.000000 1 48.477363 23.402984 5.841548 4.536892
17.100000 1 48.473853 23.534341 5.842115 4.535818
17.200000 1 48.470353 23.667455 5.842684 4.534736
17.300000 1 48.466864 23.802357 5.843253 4.533644
17.400000 1 48.463385 23.939081 5.843823 4.532542
17.500000 1 48.459917 24.077657 5.844393 4.531432
17.600000 1 48.456460 24.218120 5.844964 4.530311
17.700000 1 48.453015 24.360503 5.845536 4.529181
17.800000 1 48.449582 24.504842 5.846109 4.528042
17.900000 1 48.446162 24.651171 5.846682 4.526892
18.000000 1 48.442754 24.799526 5.847256 4.525733
18.100000 1 48.439360 24.949945 5.847831 4.524563
18.200000 1 48.435979 25.102466 5.848406 4.523384
18.300000 1 48.432612 25.257127 5.848982 4.522194
18.400000 1 48.429259 25.413967 5.849559 4.520994
18.500000 1 48.425921 25.573028 5.850137 4.519784
18.600000 1 48.422598 25.734350 5.850716 4.518563
18.700000 1 48.419291 25.897975 5.851295 4.517331
18.800000 1 48.415999 26.063947 5.851875 4.516089
18.900000 1 48.412724 26.232310 5.852456 4.514836
19.000000 1 48.409465 26.403109 5.853037 4.513572
19.100000 1 48.406223 26.576390 5.853620 4.512298
19.200000 1 48.402999 26.752200 5.854203 4.511012
19.300000 1 48.399793 26.930588 5.854787 4.509714
19.400000 1 48.396604 27.111602 5.855372 4.508406
19.500000 1 48.393434 27.295294 5.855958 4.507086
19.600000 1 48.387133 27.536785 5.858925 4.505915
19.700000 1 48.384753 27.465530 5.860962 4.506987
19.800000 1 48.382633 27.279026 5.863159 4.509016
19.900000 1 48.381682 27.153992 5.864241 4.510284
20.000000 1 48.380778 27.010218 5.865322 4.511707
20.100000 1 48.379917 26.850728 5.866395 4.513261
20.200000 1 48.379097 26.678466 5.867452 4.514923
20.300000 1 48.378316 26.496216 5.868488 4.516671
20.400000 1 48.377572 26.306549 5.869500 4.518484
20.500000 1 48.376862 26.111798 5.870484 4.520343
20.600000 1 48.376185 25.914042 5.871436 4.522232
20.700000 1 48.375540 25.715108 5.872357 4.524136
20.800000 1 48.374926 25.516576 5.873243 4.526040
20.900000 1 48.374340 25.319795 5.874095 4.527934
21.000000 1 48.373783 25.125898 5.874912 4.529808
21.100000 1 48.373252 24.935820 5.875694 4.531652
21.200000 1 48.372748 24.750323 5.876442 4.533461
21.300000 1 48.372268 24.570009 5.877155 4.535227
21.400000 1 48.371812 24.395342 5.877834 4.536946
21.500000 1 48.371379 24.226667 5.878481 4.538614
21.600000 1 48.370968 24.064224 5.879096 4.540229
21.700000 1 48.370578 23.908166 5.879679 4.541787
21.800000 1 48.370209 23.758567 5.880233 4.543289
21.900000 1 48.369859 23.615442 5.880758 4.544732
22.000000 1 48.369528 23.478750 5.881255 4.546117
22.100000 1 48.369214 23.348408 5.881725 4.547443
22.200000 1 48.368917 23.224299 5.882170 4.548712
22.300000 1 48.368637 23.106277 5.882590 4.549923
22.400000 1 48.368106 22.880673 5.883388 4.552253
22.500000 1 48.367636 22.678707 5.884095 4.554355
22.600000 1 48.367218 22.498545 5.884721 4.556244
22.700000 1 48.366848 22.338304 5.885274 4.557934
22.800000 1 48.366522 22.196128 5.885763 4.559443
22.900000 1 48.366233 22.070239 5.886193 4.560785
23.000000 1 48.365979 21.958961 5.886573 4.561978
23.100000 1 48.365530 21.761731 5.887242 4.564104
23.200000 1 48.365190 21.611758 5.887749 4.565733
23.300000 1 48.364932 21.498141 5.888132 4.566973
23.400000 1 48.364543 21.325917 5.888710 4.568864
23.500000 2 48.364150 20.557778 5.889294 4.576976
23.600000 2 48.364148 20.592682 5.889323 4.576615
23.700000 2 48.364138 20.758958 5.889465 4.574904
23.800000 2 48.364128 20.926576 5.889606 4.573193
23.900000 2 48.364118 21.095548 5.889747 4.571482
24.000000 2 48.364108 21.265884 5.889889 4.569771
24.100000 2 48.364099 21.437596 5.890030 4.568060
24.200000 2 48.364089 21.610694 5.890171 4.566349
24.300000 2 48.364079 21.785190 5.890313 4.564638
24.400000 2 48.364070 21.961094 5.890454 4.562927
24.500000 2 48.364060 22.138419 5.890596 4.561216
24.600000 2 48.364051 22.317176 5.890737 4.559505
24.700000 2 48.364041 22.497377 5.890878 4.557794
24.800000 2 48.364032 22.679032 5.891020 4.556083
24.900000 2 48.364023 22.862154 5.891161 4.554372
25.000000 2 48.364014 23.046755 5.891302 4.552661
25.100000 2 48.364004 23.232846 5.891444 4.550950
25.200000 2 48.363995 23.420440 5.891585 4.549239
25.300000 2 48.363986 23.609548 5.891726 4.547528
25.400000 2 48.363977 23.800184 5.891868 4.545817
25.500000 2 48.363969 23.992359 5.892009 4.544106
25.600000 2 48.363960 24.186085 5.892150 4.542395
25.700000 2 48.363951 24.381376 5.892292 4.540684
25.800000 2 48.363942 24.578244 5.892433 4.538973
25.900000 2 48.363934 24.776701 5.892575 4.537262
26.000000 2 48.363925 24.976761 5.892716 4.535551
26.100000 2 48.363917 25.178436 5.892857 4.533841
26.200000 2 48.363909 25.381740 5.892999 4.532130
26.300000 2 48.363900 25.586685 5.893140 4.530419
26.400000 2 48.363892 25.793285 5.893281 4.528708
26.500000 2 48.363884 26.001554 5.893423 4.526997
26.600000 2 48.363876 26.211504 5.893564 4.525286
26.700000 2 48.363868 26.423149 5.893706 4.523575
26.800000 2 48.363860 26.636503 5.893847 4.521864
26.900000 2 48.363852 26.851580 5.893988 4.520153
27.000000 2 48.363844 27.068394 5.894130 4.518442
27.100000 2 48.363837 27.286958 5.894271 4.516731
27.200000 2 48.363829 27.507287 5.894413 4.515020
27.300000 2 48.363822 27.729396 5.894554 4.513309
27.400000 2 48.363814 27.953297 5.894695 4.511598
27.500000 2 48.363807 28.179007 5.894837 4.509887
27.600000 2 48.363800 28.406539 5.894978 4.508176
27.700000 2 48.363792 28.635908 5.895119 4.506465
27.800000 2 48.363785 28.867130 5.895261 4.504754
27.900000 2 48.363778 29.100218 5.895402 4.503043
28.000000 2 48.363771 29.335189 5.895544 4.501332
28.100000 2 48.363764 29.572057 5.895685 4.499621
28.200000 2 48.363758 29.810837 5.895826 4.497910
28.300000 2 48.363751 30.051546 5.895968 4.496199
28.400000 2 48.363744 30.294198 5.896109 4.494488
28.500000 2 48.363738 30.538810 5.896251 4.492777
28.600000 2 48.363731 30.785396 5.896392 4.491066
28.700000 2 48.363725 31.033974 5.896533 4.489355
28.800000 2 48.363718 31.284559 5.896675 4.487644
28.900000 2 48.363712 31.537168 5.896816 4.485933
29.000000 2 48.363706 31.791816 5.896958 4.484222
29.100000 2 48.363700 32.048520 5.897099 4.482511
29.200000 2 48.363694 32.307298 5.897241 4.480800
29.300000 2 48.363688 32.568165 5.897382 4.479089
29.400000 2 48.363682 32.831138 5.897523 4.477378
29.500000 2 48.363676 33.096234 5.897665 4.475667
29.600000 2 48.363671 33.363472 5.897806 4.473957
29.700000 2 48.363665 33.632867 5.897948 4.472246
29.800000 2 48.363660 33.904437 5.898089 4.470535
29.900000 2 48.363654 34.178200 5.898230 4.468824
30.000000 2 48.363649 34.454174 5.898372 4.467113
30.100000 2 48.363643 34.732377 5.898513 4.465402
30.200000 2 48.363638 35.012825 5.898655 4.463691
30.300000 2 48.363633 35.295538 5.898796 4.461980
30.400000 2 48.363628 35.580535 5.898938 4.460269
30.500000 2 48.363623 35.867832 5.899079 4.458558
30.600000 2 48.363618 36.157449 5.899221 4.456847
30.700000 2 48.363613 36.449405 5.899362 4.455136
30.800000 2 48.363608 36.743718 5.899503 4.453425
30.900000 2 48.363604 37.040408 5.899645 4.451714
31.000000 2 48.363599 37.339494 5.899786 4.450003
31.100000 2 48.363595 37.640994 5.899928 4.448292
31.200000 2 48.363590 37.944929 5.900069 4.446581
31.300000 2 48.363586 38.251319 5.900211 4.444870
31.400000 2 48.363581 38.560182 5.900352 4.443159
31.500000 2 48.363577 38.871540 5.900493 4.441448
31.600000 2 48.363573 39.185411 5.900635 4.439737
31.700000 2 48.363569 39.501817 5.900776 4.438026
31.800000 2 48.363565 39.820778 5.900918 4.436315
31.900000 2 48.363561 40.142314 5.901059 4.434604
32.000000 2 48.363557 40.466447 5.901201 4.432893
32.100000 2 48.363552 40.793197 5.901342 4.431182
32.200000 2 48.363548 41.122585 5.901484 4.429471
32.300000 2 48.363544 41.454633 5.901625 4.427760
32.400000 2 48.363540 41.789362 5.901766 4.426049
32.500000 2 48.363536 42.126793 5.901908 4.424338
32.600000 2 48.363532 42.466950 5.902049 4.422627
32.700000 2 48.363528 42.809853 5.902191 4.420916
32.800000 2 48.363524 43.155525 5.902332 4.419205
32.900000 2 48.363519 43.503987 5.902474 4.417494
33.000000 2 48.363515 43.855264 5.902615 4.415783
33.100000 2 48.363511 44.209377 5.902757 4.414073
33.200000 2 48.363507 44.566349 5.902898 4.412362
33.300000 2 48.363503 44.926204 5.903040 4.410651
33.400000 2 48.363499 45.288964 5.903181 4.408940
33.500000 2 48.363495 45.654654 5.903322 4.407229
33.600000 2 48.363490 46.023296 5.903464 4.405518
33.700000 2 48.363486 46.394915 5.903605 4.403807
33.800000 2 48.363482 46.769534 5.903747 4.402096
33.900000 2 48.363478 47.147178 5.903888 4.400385
34.000000 2 48.363474 47.527872 5.904030 4.398674
34.100000 2 48.363470 47.911639 5.904171 4.396963
34.200000 2 48.363432 48.298452 5.904312 4.395252
34.300000 2 48.363395 48.688388 5.904453 4.393541
34.400000 2 48.363357 49.081470 5.904594 4.391830
34.500000 2 48.363320 49.477726 5.904735 4.390119
34.600000 2 48.363282 49.877180 5.904875 4.388408
34.700000 2 48.363245 50.279859 5.905016 4.386698
34.800000 2 48.363207 50.685788 5.905157 4.384987
34.900000 2 48.363169 51.094994 5.905298 4.383276
35.000000 2 48.363132 51.507502 5.905439 4.381565
35.100000 2 48.363094 51.923341 5.905580 4.379854
35.200000 2 48.363056 52.342536 5.905721 4.378143
35.300000 2 48.363018 52.765114 5.905862 4.376433
35.400000 2 48.362981 53.191104 5.906002 4.374722
35.500000 2 48.362943 53.620532 5.906143 4.373011
35.600000 2 48.362905 54.053426 5.906284 4.371300
35.700000 2 48.362867 54.489814 5.906425 4.369589
35.800000 2 48.362829 54.929725 5.906566 4.367878
35.900000 2 48.362791 55.373187 5.906707 4.366167
36.000000 2 48.362753 55.820228 5.906848 4.364457
36.100000 2 48.362715 56.270877 5.906988 4.362746
36.200000 2 48.362677 56.725164 5.907129 4.361035
36.300000 2 48.362639 57.183118 5.907270 4.359324
36.400000 2 48.362601 57.644769 5.907411 4.357613
36.500000 2 48.362563 58.110145 5.907552 4.355903
36.600000 2 48.362525 58.579278 5.907693 4.354192
36.700000 2 48.362487 59.052197 5.907834 4.352481
36.800000 2 48.362449 59.528934 5.907974 4.350770
36.900000 2 48.362411 60.009519 5.908115 4.349059
37.000000 2 48.362373 60.493984 5.908256 4.347349
37.100000 2 48.362335 60.982359 5.908397 4.345638
37.200000 2 48.362297 61.474676 5.908538 4.343927
37.300000 2 48.362260 61.970968 5.908679 4.342216
37.400000 2 48.362223 62.471266 5.908820 4.340505
37.500000 2 48.362185 62.975602 5.908961 4.338795
37.600000 2 48.362148 63.484010 5.909101 4.337084
37.700000 2 48.362111 63.996521 5.909242 4.335373
37.800000 2 48.362074 64.513170 5.909383 4.333662
37.900000 2 48.362038 65.033989 5.909524 4.331951
38.000000 2 48.362001 65.559013 5.909665 4.330241
38.100000 2 48.361964 66.088274 5.909806 4.328530
38.200000 2 48.361928 66.621808 5.909947 4.326819
38.300000 2 48.361892 67.159649 5.910088 4.325108
38.400000 2 48.361856 67.701831 5.910229 4.323398
38.500000 2 48.361820 68.248390 5.910369 4.321687
38.600000 2 48.361784 68.799361 5.910510 4.319976
38.700000 2 48.361748 69.354780 5.910651 4.318265
38.800000 2 48.361713 69.914682 5.910792 4.316554
38.900000 2 48.361677 70.479104 5.910933 4.314844
39.000000 2 48.361642 71.048082 5.911074 4.313133
39.100000 2 48.361606 71.621653 5.911215 4.311422
39.200000 2 48.361571 72.199854 5.911356 4.309711
39.300000 2 48.361536 72.782722 5.911497 4.308001
39.400000 2 48.361501 73.370295 5.911638 4.306290
39.500000 2 48.361467 73.962612 5.911779 4.304579
39.600000 2 48.361432 74.559710 5.911920 4.302868
39.700000 2 48.361398 75.161627 5.912060 4.301158
39.800000 2 48.361363 75.768404 5.912201 4.299447
39.900000 2 48.361329 76.380079 5.912342 4.297736
40.000000 2 48.361295 76.996691 5.912483 4.296025
40.100000 2 48.361261 77.618280 5.912624 4.294315
40.200000 2 48.361227 78.244888 5.912765 4.292604
40.300000 2 48.361193 78.876553 5.912906 4.290893
40.400000 2 48.361159 79.513318 5.913047 4.289182
40.500000 2 48.361126 80.155222 5.913188 4.287472
40.600000 2 48.361092 80.802309 5.913329 4.285761
40.700000 2 48.361059 81.454618 5.913470 4.284050
40.800000 2 48.361026 82.112193 5.913611 4.282339
40.900000 2 48.360993 82.775077 5.913752 4.280629
41.000000 2 48.360960 83.443311 5.913893 4.278918
41.100000 2 48.360927 84.116940 5.914034 4.277207
41.200000 2 48.360894 84.796006 5.914175 4.275497
41.300000 2 48.360862 85.480554 5.914316 4.273786
41.400000 2 48.360829 86.170627 5.914457 4.272075
41.500000 2 48.360797 86.866272 5.914597 4.270364
41.600000 2 48.360764 87.567531 5.914738 4.268654
41.700000 2 48.360732 88.274451 5.914879 4.266943
41.800000 2 48.360700 88.987078 5.915020 4.265232
41.900000 2 48.360668 89.705457 5.915161 4.263521
42.000000 2 48.360636 90.429635 5.915302 4.261811
42.100000 2 48.360605 91.159659 5.915443 4.260100
42.200000 2 48.360573 91.895576 5.915584 4.258389
42.300000 2 48.360542 92.637434 5.915725 4.256679
42.400000 2 48.360510 93.385279 5.915866 4.254968
42.500000 2 48.360479 94.139162 5.916007 4.253257
42.600000 2 48.360448 94.899130 5.916148 4.251547
42.700000 2 48.360417 95.665233 5.916289 4.249836
42.800000 2 48.360386 96.437520 5.916430 4.248125
42.900000 2 48.360355 97.216041 5.916571 4.246414
43.000000 2 48.360324 98.000847 5.916712 4.244704
43.100000 2 48.360293 98.791987 5.916853 4.242993
43.200000 2 48.360263 99.589514 5.916994 4.241282
43.300000 2 48.360232 100.393479 5.917135 4.239572
43.400000 2 48.360202 101.203933 5.917276 4.237861
43.500000 2 48.360172 102.020930 5.917417 4.236150
43.600000 2 48.360142 102.844522 5.917558 4.234440
43.700000 2 48.360112 103.674762 5.917699 4.232729
43.800000 2 48.360082 104.511704 5.917840 4.231018
43.900000 2 48.360052 105.355402 5.917981 4.229307
44.000000 2 48.360022 106.205910 5.918122 4.227597
44.100000 2 48.359993 107.063284 5.918263 4.225886
44.200000 2 48.359963 107.927579 5.918404 4.224175
44.300000 2 48.359934 108.798850 5.918545 4.222465
44.400000 2 48.359905 109.677155 5.918686 4.220754
44.500000 2 48.359876 110.562550 5.918827 4.219043
44.600000 2 48.358243 111.446145 5.918941 4.217343
44.700000 2 48.356611 112.336741 5.919054 4.215643
44.800000 2 48.354978 113.234394 5.919168 4.213943
44.900000 2 48.353345 114.139158 5.919281 4.212243
45.000000 2 48.351713 115.051089 5.919395 4.210544
45.100000 2 48.350080 115.970245 5.919508 4.208844
45.200000 2 48.348447 116.896681 5.919621 4.207145
45.300000 2 48.346814 117.830455 5.919735 4.205446
45.400000 2 48.345181 118.771624 5.919848 4.203746
45.500000 2 48.343548 119.720246 5.919962 4.202047
45.600000 2 48.341915 120.676380 5.920075 4.200348
45.700000 2 48.340282 121.640085 5.920189 4.198649
45.800000 2 48.338649 122.611420 5.920302 4.196951
45.900000 2 48.337015 123.590445 5.920416 4.195252
46.000000 2 48.335382 124.577220 5.920529 4.193553
46.100000 2 48.333748 125.571807 5.920642 4.191855
46.200000 2 48.332115 126.574266 5.920756 4.190157
46.300000 2 48.330481 127.584659 5.920869 4.188459
46.400000 2 48.328848 128.603049 5.920983 4.186761
46.500000 2 48.327214 129.629498 5.921096 4.185063
46.600000 2 48.325580 130.664069 5.921210 4.183365
46.700000 2 48.323946 131.706827 5.921323 4.181667
46.800000 2 48.322312 132.757835 5.921437 4.179970
46.900000 2 48.320678 133.817157 5.921550 4.178272
47.000000 2 48.319044 134.884860 5.921664 4.176575
47.100000 2 48.317410 135.961009 5.921777 4.174878
47.200000 2 48.315776 137.045670 5.921891 4.173181
47.300000 2 48.314141 138.138910 5.922004 4.171484
47.400000 2 48.312507 139.240796 5.922117 4.169787
47.500000 2 48.310873 140.351395 5.922231 4.168090
47.600000 2 48.309238 141.470777 5.922344 4.166393
47.700000 2 48.307604 142.599010 5.922458 4.164697
47.800000 2 48.305969 143.736163 5.922571 4.163000
47.900000 2 48.304334 144.882306 5.922685 4.161304
48.000000 2 48.302699 146.037510 5.922798 4.159608
48.100000 2 48.301065 147.201846 5.922912 4.157912
48.200000 2 48.299430 148.375385 5.923025 4.156216
48.300000 2 48.297795 149.558199 5.923139 4.154520
48.400000 2 48.296160 150.750361 5.923252 4.152824
48.500000 2 48.294525 151.951944 5.923366 4.151129
48.600000 2 48.292889 153.163022 5.923479 4.149433
48.700000 2 48.291254 154.383669 5.923593 4.147738
48.800000 2 48.289619 155.613961 5.923706 4.146043
48.900000 2 48.287983 156.853972 5.923820 4.144348
49.000000 2 48.286348 158.103779 5.923933 4.142653
49.100000 2 48.284712 159.363459 5.924047 4.140958
49.200000 2 48.283077 160.633088 5.924160 4.139263
49.300000 2 48.281441 161.912746 5.924274 4.137568
49.400000 2 48.279805 163.202509 5.924387 4.135874
49.500000 2 48.278169 164.502457 5.924501 4.134180
49.600000 2 48.276534 165.812671 5.924614 4.132485
49.700000 2 48.274898 167.133230 5.924728 4.130791
49.800000 2 48.273262 168.464215 5.924841 4.129097
49.900000 2 48.271626 169.805708 5.924954 4.127403
50.000000 2 48.269989 171.157791 5.925068 4.125709
50.100000 2 48.268353 172.520547 5.925181 4.124016
50.200000 2 48.266717 173.894059 5.925295 4.122322
50.300000 2 48.265080 175.278412 5.925408 4.120628
50.400000 2 48.263444 176.673690 5.925522 4.118935
50.500000 2 48.261807 178.079979 5.925635 4.117242
50.600000 2 48.260171 179.497365 5.925749 4.115549
50.700000 2 48.258534 180.925934 5.925862 4.113856
50.800000 2 48.256898 182.365775 5.925976 4.112163
50.900000 2 48.255261 183.816974 5.926089 4.110470
51.000000 2 48.253624 185.279622 5.926203 4.108777
51.100000 2 48.251987 186.753807 5.926316 4.107085
51.200000 2 48.250350 188.239620 5.926430 4.105393
51.300000 2 48.248713 189.737152 5.926543 4.103700
51.400000 2 48.247076 191.246494 5.926657 4.102008
51.500000 2 48.245439 192.767738 5.926771 4.100316
51.600000 2 48.243801 194.300978 5.926884 4.098624
51.700000 2 48.242164 195.846307 5.926998 4.096932
51.800000 2 48.240527 197.403819 5.927111 4.095241
51.900000 2 48.238889 198.973611 5.927225 4.093549
52.000000 2 48.237251 200.555777 5.927338 4.091857
52.100000 2 48.235614 202.150415 5.927452 4.090166
52.200000 2 48.233976 203.757621 5.927565 4.088475
52.300000 2 48.232338 205.377495 5.927679 4.086784
52.400000 2 48.230701 207.010135 5.927792 4.085093
52.500000 2 48.229063 208.655640 5.927906 4.083402
52.600000 2 48.227425 210.314112 5.928019 4.081711
52.700000 2 48.225787 211.985651 5.928133 4.080020
52.800000 2 48.224149 213.670359 5.928246 4.078330
52.900000 2 48.222510 215.368340 5.928360 4.076640
53.000000 2 48.220872 217.079696 5.928473 4.074949
53.100000 2 48.219234 218.804533 5.928587 4.073259
53.200000 2 48.217595 220.542955 5.928700 4.071569
53.300000 2 48.215957 222.295069 5.928814 4.069879
53.400000 2 48.214318 224.060981 5.928927 4.068189
53.500000 2 48.212680 225.840799 5.929041 4.066500
53.600000 2 48.211041 227.634632 5.929154 4.064810
53.700000 2 48.209402 229.442589 5.929268 4.063121
53.800000 2 48.207764 231.264780 5.929381 4.061431
53.900000 2 48.206125 233.101316 5.929495 4.059742
54.000000 2 48.204486 234.952309 5.929609 4.058053
54.100000 2 48.202847 236.817872 5.929722 4.056364
54.200000 2 48.201208 238.698118 5.929836 4.054675
54.300000 2 48.199568 240.593162 5.929949 4.052986
54.400000 2 48.197929 242.503120 5.930063 4.051298
54.500000 2 48.196290 244.428107 5.930176 4.049609
54.600000 2 48.194651 246.368242 5.930290 4.047921
54.700000 2 48.193011 248.323641 5.930403 4.046232
54.800000 2 48.191372 250.294424 5.930517 4.044544
54.900000 2 48.189732 252.280711 5.930630 4.042856
55.000000 2 48.188092 254.282623 5.930744 4.041168
55.100000 2 48.186453 256.300282 5.930857 4.039480
55.200000 2 48.184813 258.333810 5.930971 4.037793
55.300000 2 48.183173 260.383331 5.931085 4.036105
55.400000 2 48.181533 262.448969 5.931198 4.034418
55.500000 2 48.179893 264.530851 5.931312 4.032730
55.600000 2 48.178253 266.629103 5.931425 4.031043
55.700000 2 48.176613 268.743851 5.931539 4.029356
55.800000 2 48.174973 270.875226 5.931652 4.027669
55.900000 2 48.173332 273.023356 5.931766 4.025982
56.000000 2 48.171692 275.188372 5.931879 4.024295
56.100000 2 48.170052 277.370405 5.931993 4.022609
56.200000 2 48.168411 279.569588 5.932106 4.020922
56.300000 2 48.166771 281.786055 5.932220 4.019236
56.400000 2 48.165130 284.019940 5.932334 4.017550
56.500000 2 48.163489 286.271378 5.932447 4.015863
56.600000 2 48.161848 288.540507 5.932561 4.014177
56.700000 2 48.160208 290.827464 5.932674 4.012491
56.800000 2 48.158567 293.132387 5.932788 4.010806
56.900000 2 48.156926 295.455418 5.932901 4.009120
57.000000 2 48.155285 297.796696 5.933015 4.007434
57.100000 2 48.153644 300.156364 5.933129 4.005749
57.200000 2 48.152002 302.534565 5.933242 4.004064
57.300000 2 48.150361 304.931443 5.933356 4.002378
57.400000 2 48.148720 307.347143 5.933469 4.000693
57.500000 2 48.147078 309.781812 5.933583 3.999008
57.600000 2 48.145437 312.235598 5.933696 3.997323
57.700000 2 48.143795 314.708648 5.933810 3.995639
57.800000 2 48.142154 317.201114 5.933923 3.993954
57.900000 2 48.140512 319.713146 5.934037 3.992270
58.000000 2 48.138870 322.244896 5.934151 3.990585
58.100000 2 48.137228 324.796517 5.934264 3.988901
58.200000 2 48.135587 327.368165 5.934378 3.987217
58.300000 2 48.133945 329.959994 5.934491 3.985533
58.400000 2 48.132303 332.572162 5.934605 3.983849
58.500000 2 48.130660 335.204828 5.934719 3.982165
58.600000 2 48.129018 337.858149 5.934832 3.980481
58.700000 2 48.127376 340.532287 5.934946 3.978798
58.800000 2 48.125734 343.227404 5.935059 3.977114
58.900000 2 48.124091 345.943663 5.935173 3.975431
59.000000 2 48.122449 348.681227 5.935286 3.973748
59.100000 2 48.120806 351.440264 5.935400 3.972065
59.200000 2 48.119164 354.220938 5.935514 3.970382
59.300000 2 48.117521 357.023420 5.935627 3.968699
59.400000 2 48.115878 359.847877 5.935741 3.967016
59.500000 2 48.114236 362.694481 5.935854 3.965334
59.600000 2 48.112593 365.563404 5.935968 3.963651
59.700000 2 48.110950 368.454820 5.936082 3.961969
59.800000 2 48.109307 371.368902 5.936195 3.960287
59.900000 2 48.107664 374.305827 5.936309 3.958604
60.000000 2 48.106021 377.265773 5.936422 3.956922
60.100000 2 48.104377 380.248918 5.936536 3.955241
60.200000 2 48.102734 383.255442 5.936649 3.953559
60.300000 2 48.101091 386.285527 5.936763 3.951877
60.400000 2 48.099447 389.339356 5.936877 3.950196
60.500000 2 48.097804 392.417112 5.936990 3.948514
60.600000 2 48.096160 395.518983 5.937104 3.946833
60.700000 2 48.094516 398.645155 5.937217 3.945152
60.800000 2 48.092873 401.795817 5.937331 3.943471
60.900000 2 48.091229 404.971158 5.937445 3.941790
61.000000 2 48.089585 408.171371 5.937558 3.940109
61.100000 2 48.087941 411.396647 5.937672 3.938428
61.200000 2 48.086297 414.647183 5.937785 3.936748
61.300000 2 48.084653 417.923174 5.937899 3.935067
61.400000 2 48.083009 421.224816 5.938013 3.933387
61.500000 2 48.081365 424.552310 5.938126 3.931707
61.600000 2 48.079720 427.905856 5.938240 3.930026
61.700000 2 48.078076 431.285655 5.938354 3.928346
61.800000 2 48.076432 434.691912 5.938467 3.926667
61.900000 2 48.074787 438.124832 5.938581 3.924987
62.000000 2 48.073143 441.584621 5.938694 3.923307
62.100000 2 48.071498 445.071488 5.938808 3.921628
62.200000 2 48.069853 448.585643 5.938922 3.919948
62.300000 2 48.068208 452.127297 5.939035 3.918269
62.400000 2 48.066564 455.696664 5.939149 3.916590
62.500000 2 48.064919 459.293958 5.939262 3.914911
62.600000 2 48.063274 462.919396 5.939376 3.913232
62.700000 2 48.061629 466.573195 5.939490 3.911553
62.800000 2 48.059983 470.255577 5.939603 3.909874
62.900000 2 48.058338 473.966762 5.939717 3.908196
63.000000 2 48.056693 477.706973 5.939831 3.906517
63.100000 2 48.055048 481.476436 5.939944 3.904839
63.200000 2 48.053402 485.275376 5.940058 3.903161
63.300000 2 48.051844 488.901373 5.940165 3.901571
63.400000 2 48.050674 491.638481 5.940246 3.900379
63.500000 2 48.048921 495.772645 5.940367 3.898591
63.600000 4 48.047167 500.011514 5.940518 3.896780
63.700000 4 48.046819 500.011269 5.940519 3.896780
63.800000 4 47.566351 499.720527 5.940978 3.897021
63.900000 4 47.090688 499.731787 5.941432 3.897130
64.000000 4 46.619782 500.339066 5.941882 3.896979
64.100000 4 46.153584 501.824890 5.942327 3.896446
64.200000 4 45.692049 504.464812 5.942768 3.895417
64.300000 4 45.235129 508.533160 5.943204 3.893782
64.400000 4 45.008953 511.182814 5.943420 3.892708
64.500000 4 44.783909 514.293013 5.943635 3.891444
64.600000 4 44.559990 517.900663 5.943849 3.889980
64.700000 4 44.337190 522.044076 5.944062 3.888302
64.800000 4 44.115504 526.763283 5.944274 3.886401
64.900000 4 44.005215 529.348529 5.944379 3.885364
65.000000 4 43.895203 532.093281 5.944484 3.884268
65.100000 4 43.785465 535.003160 5.944589 3.883110
65.200000 4 43.676001 538.083964 5.944693 3.881889
65.300000 4 43.566811 541.341677 5.944798 3.880604
65.400000 4 43.457894 544.782488 5.944902 3.879254
65.500000 4 43.349250 548.412801 5.945006 3.877838
65.600000 4 43.240877 552.239250 5.945109 3.876354
65.700000 4 43.132775 556.268718 5.945212 3.874801
65.800000 4 43.024943 560.508350 5.945315 3.873178
65.900000 4 42.917380 564.965570 5.945418 3.871484
66.000000 4 42.810087 569.648102 5.945521 3.869717
66.100000 4 42.703062 574.563986 5.945623 3.867877
66.200000 4 42.596304 579.721597 5.945725 3.865962
66.300000 4 42.489814 585.129671 5.945826 3.863971
66.400000 4 42.383589 590.797317 5.945928 3.861903
66.500000 4 42.330610 593.729580 5.945979 3.860841
66.600000 4 42.277697 596.730250 5.946029 3.859759
66.700000 4 42.224850 599.800582 5.946080 3.858657
66.800000 4 42.172069 602.941856 5.946130 3.857535
66.900000 4 42.119354 606.155384 5.946180 3.856394
67.000000 4 42.066704 609.442505 5.946231 3.855232
67.100000 4 42.014121 612.804592 5.946281 3.854050
67.200000 4 41.961604 616.243046 5.946331 3.852847
67.300000 4 41.909152 619.759304 5.946381 3.851624
67.400000 4 41.856765 623.354833 5.946431 3.850381
67.500000 4 41.804444 627.031136 5.946481 3.849116
67.600000 4 41.752189 630.789753 5.946531 3.847831
67.700000 4 41.699999 634.632257 5.946581 3.846525
67.800000 4 41.647874 638.560260 5.946631 3.845197
67.900000 4 41.595814 642.575415 5.946680 3.843849
68.000000 4 41.543819 646.679410 5.946730 3.842479
68.100000 4 41.491889 650.873977 5.946780 3.841087
68.200000 4 41.440025 655.160890 5.946829 3.839674
68.300000 4 41.388225 659.541965 5.946879 3.838239
68.400000 4 41.336489 664.019061 5.946928 3.836782
68.500000 4 41.284819 668.594087 5.946977 3.835304
68.600000 4 41.233213 673.268996 5.947027 3.833803
68.700000 4 41.181671 678.045789 5.947076 3.832280
68.800000 4 41.130194 682.926518 5.947125 3.830735
68.900000 4 41.078782 687.913287 5.947174 3.829167
69.000000 4 41.027433 693.008251 5.947223 3.827577
69.100000 4 40.976149 698.213621 5.947272 3.825964
69.200000 4 40.924929 703.531662 5.947321 3.824329
69.300000 4 40.873773 708.964697 5.947370 3.822671
69.400000 4 40.822681 714.515110 5.947419 3.820990
69.500000 4 40.771652 720.185344 5.947468 3.819285
69.600000 4 40.720688 725.977905 5.947516 3.817558
69.700000 4 40.669787 731.895363 5.947565 3.815807
69.800000 4 40.618950 737.940357 5.947613 3.814033
69.900000 4 40.568176 744.115590 5.947662 3.812236
70.000000 4 40.517466 750.423840 5.947710 3.810415
70.100000 4 40.466819 756.867954 5.947759 3.808570
70.200000 4 40.416236 763.450854 5.947807 3.806702
70.300000 4 40.365716 770.175542 5.947855 3.804810
70.400000 4 40.315258 777.045095 5.947903 3.802893
70.500000 4 40.264864 784.062674 5.947952 3.800953
70.600000 4 40.214533 791.231522 5.948000 3.798989
70.700000 4 40.164265 798.554969 5.948048 3.797000
70.800000 4 40.114060 806.036436 5.948096 3.794987
70.900000 4 40.063917 813.679432 5.948144 3.792950
71.000000 4 40.013838 821.487563 5.948191 3.790888
71.100000 4 39.963820 829.464531 5.948239 3.788801
71.200000 4 39.913866 837.614138 5.948287 3.786690
71.300000 4 39.863973 845.940290 5.948335 3.784554
71.400000 4 39.839058 850.169490 5.948358 3.783477
71.500000 4 39.814159 854.444310 5.948382 3.782394
71.600000 4 39.789275 858.765268 5.948406 3.781305
71.700000 4 39.764407 863.132891 5.948430 3.780209
71.800000 4 39.739554 867.547709 5.948453 3.779107
71.900000 4 39.714717 872.010263 5.948477 3.777999
72.000000 4 39.689895 876.521099 5.948501 3.776885
72.100000 4 39.665089 881.080772 5.948524 3.775764
72.200000 4 39.640299 885.689843 5.948548 3.774637
72.300000 4 39.615523 890.348883 5.948572 3.773503
72.400000 4 39.590764 895.058469 5.948595 3.772364
72.500000 4 39.566019 899.819187 5.948619 3.771218
72.600000 4 39.541291 904.631629 5.948643 3.770065
72.700000 4 39.516577 909.496398 5.948666 3.768907
72.800000 4 39.491880 914.414104 5.948690 3.767742
72.900000 4 39.467197 919.385365 5.948713 3.766570
73.000000 4 39.442530 924.410807 5.948737 3.765392
73.100000 4 39.417879 929.491068 5.948761 3.764208
73.200000 4 39.393243 934.626791 5.948784 3.763017
73.300000 4 39.368622 939.818630 5.948808 3.761820
73.400000 4 39.344016 945.067247 5.948831 3.760617
73.500000 4 39.319426 950.373315 5.948855 3.759407
73.600000 4 39.294852 955.737515 5.948878 3.758191
73.700000 4 39.270293 961.160537 5.948902 3.756968
73.800000 4 39.245749 966.643082 5.948925 3.755739
73.900000 4 39.221220 972.185860 5.948948 3.754503
74.000000 4 39.196707 977.789592 5.948972 3.753261
74.100000 4 39.172209 983.455008 5.948995 3.752012
74.200000 4 39.147726 989.182849 5.949019 3.750757
74.300000 4 39.123259 994.973866 5.949042 3.749495
74.400000 4 39.098807 1000.828821 5.949065 3.748227
74.500000 4 39.074370 1006.748487 5.949089 3.746952
74.600000 4 39.049949 1012.733647 5.949112 3.745671
74.700000 4 39.025543 1018.785095 5.949135 3.744383
74.800000 4 39.001152 1024.903639 5.949159 3.743089
74.900000 4 38.976776 1031.090095 5.949182 3.741788
75.000000 4 38.952416 1037.345292 5.949205 3.740480
75.100000 4 38.928070 1043.670072 5.949228 3.739166
75.200000 4 38.903740 1050.065288 5.949252 3.737845
75.300000 4 38.879426 1056.531805 5.949275 3.736518
75.400000 4 38.855126 1063.070500 5.949298 3.735184
75.500000 4 38.830841 1069.682265 5.949321 3.733843
75.600000 4 38.806572 1076.368001 5.949344 3.732496
75.700000 4 38.782318 1083.128626 5.949368 3.731142
75.800000 4 38.758079 1089.965068 5.949391 3.729782
75.900000 4 38.733855 1096.878271 5.949414 3.728415
76.000000 4 38.709647 1103.869191 5.949437 3.727041
76.100000 4 38.685453 1110.938798 5.949460 3.725661
76.200000 4 38.661275 1118.088076 5.949483 3.724273
76.300000 4 38.637112 1125.318025 5.949506 3.722880
76.400000 4 38.612963 1132.629657 5.949529 3.721479
76.500000 4 38.588830 1140.024001 5.949552 3.720072
76.600000 4 38.564712 1147.502100 5.949575 3.718658
76.700000 4 38.540610 1155.065011 5.949599 3.717237
76.800000 4 38.516522 1162.713809 5.949622 3.715810
76.900000 4 38.492449 1170.449584 5.949645 3.714375
77.000000 4 38.468391 1178.273440 5.949667 3.712934
77.100000 4 38.444348 1186.186500 5.949690 3.711487
77.200000 4 38.420321 1194.189902 5.949713 3.710032
77.300000 4 38.396308 1202.284800 5.949736 3.708571
77.400000 4 38.372310 1210.472368 5.949759 3.707103
77.500000 4 38.348328 1218.753795 5.949782 3.705628
77.600000 4 38.324360 1227.130288 5.949805 3.704146
77.700000 4 38.300407 1235.603071 5.949828 3.702658
77.800000 4 38.276470 1244.173389 5.949851 3.701163
77.900000 4 38.252547 1252.842503 5.949874 3.699661
78.000000 4 38.228639 1261.611693 5.949896 3.698152
78.100000 4 38.204746 1270.482260 5.949919 3.696636
78.200000 4 38.180868 1279.455522 5.949942 3.695113
78.300000 4 38.157005 1288.532818 5.949965 3.693584
78.400000 4 38.133157 1297.715507 5.949988 3.692048
78.500000 4 38.109324 1307.004968 5.950010 3.690505
78.600000 4 38.085506 1316.402602 5.950033 3.688954
78.700000 4 38.061702 1325.909829 5.950056 3.687398
78.800000 4 38.037914 1335.528092 5.950079 3.685834
78.900000 4 38.014140 1345.258856 5.950101 3.684263
79.000000 4 37.990381 1355.103606 5.950124 3.682685
79.100000 4 37.966637 1365.063851 5.950147 3.681101
79.200000 4 37.942908 1375.141125 5.950169 3.679509
79.300000 4 37.919194 1385.336981 5.950192 3.677911
79.400000 4 37.895494 1395.652998 5.950215 3.676306
79.500000 4 37.871810 1406.090779 5.950237 3.674693
79.600000 4 37.848140 1416.651952 5.950260 3.673074
79.700000 4 37.824485 1427.338168 5.950283 3.671448
79.800000 4 37.800844 1438.151104 5.950305 3.669815
79.900000 4 37.777219 1449.092464 5.950328 3.668174
80.000000 4 37.753608 1460.163977 5.950350 3.666527
80.100000 4 37.730012 1471.367399 5.950373 3.664873
80.200000 4 37.706431 1482.704512 5.950395 3.663212
80.300000 4 37.682864 1494.177126 5.950418 3.661544
80.400000 4 37.659313 1505.787079 5.950440 3.659869
80.500000 4 37.635776 1517.536239 5.950463 3.658187
80.600000 4 37.612253 1529.426500 5.950485 3.656498
80.700000 4 37.588746 1541.459787 5.950508 3.654801
80.800000 4 37.565253 1553.638054 5.950530 3.653098
80.900000 4 37.541775 1565.963287 5.950553 3.651388
81.000000 4 37.518311 1578.437502 5.950575 3.649671
81.100000 4 37.494862 1591.062745 5.950597 3.647946
81.200000 4 37.471428 1603.841097 5.950620 3.646215
81.300000 4 37.448008 1616.774668 5.950642 3.644476
81.400000 4 37.424603 1629.865603 5.950664 3.642731
81.500000 4 37.401213 1643.116082 5.950687 3.640978
81.600000 4 37.377837 1656.528315 5.950709 3.639218
81.700000 4 37.354476 1670.104552 5.950731 3.637452
81.800000 4 37.331129 1683.847074 5.950754 3.635678
81.900000 4 37.307798 1697.758200 5.950776 3.633897
82.000000 4 37.284480 1711.840286 5.950798 3.632109
82.100000 4 37.261177 1726.095723 5.950821 3.630313
82.200000 4 37.237889 1740.526944 5.950843 3.628511
82.300000 4 37.214616 1755.136416 5.950865 3.626701
82.400000 4 37.191356 1769.926647 5.950887 3.624885
82.500000 4 37.168112 1784.900186 5.950909 3.623061
82.600000 4 37.144882 1800.059622 5.950932 3.621230
82.700000 4 37.121666 1815.407584 5.950954 3.619392
82.800000 4 37.098465 1830.946744 5.950976 3.617547
82.900000 4 37.075279 1846.679818 5.950998 3.615694
83.000000 4 37.052107 1862.609562 5.951020 3.613835
83.100000 4 37.028949 1878.738780 5.951042 3.611968
83.200000 4 37.005806 1895.070318 5.951064 3.610094
83.300000 4 36.982678 1911.607071 5.951087 3.608213
83.400000 4 36.959563 1928.351977 5.951109 3.606325
83.500000 4 36.936464 1945.308024 5.951131 3.604429
83.600000 4 36.913378 1962.478248 5.951153 3.602526
83.700000 4 36.890308 1979.865733 5.951175 3.600616
83.800000 4 36.867251 1997.473613 5.951197 3.598699
83.900000 4 36.844209 2015.305075 5.951219 3.596775
84.000000 4 36.821182 2033.363355 5.951241 3.594843
84.100000 4 36.798168 2051.651742 5.951263 3.592904
84.200000 4 36.775169 2070.173582 5.951285 3.590958
84.300000 4 36.752185 2088.932271 5.951307 3.589005
84.400000 4 36.729215 2107.931263 5.951329 3.587045
84.500000 4 36.706259 2127.174068 5.951351 3.585077
84.600000 4 36.683318 2146.664255 5.951372 3.583102
84.700000 4 36.660391 2166.405448 5.951394 3.581119
84.800000 4 36.637478 2186.401334 5.951416 3.579130
84.900000 4 36.614580 2206.655659 5.951438 3.577133
85.000000 4 36.591696 2227.172231 5.951460 3.575129
85.100000 4 36.568826 2247.954921 5.951482 3.573117
85.200000 4 36.545970 2269.007665 5.951504 3.571099
85.300000 4 36.180511 2279.336551 5.951853 3.570200
85.400000 4 35.818706 2279.336551 5.952198 3.570286
85.500000 4 35.460520 2279.336551 5.952540 3.570371
85.600000 4 35.105915 2279.336551 5.952879 3.570456
85.700000 4 34.754856 2279.336551 5.953214 3.570540
85.800000 4 34.407308 2279.336551 5.953546 3.570623
85.900000 4 34.063235 2279.336551 5.953875 3.570705
86.000000 4 33.722603 2279.336551 5.954200 3.570786
86.100000 4 33.385378 2279.336551 5.954523 3.570867
86.200000 4 33.051524 2279.336551 5.954841 3.570947
86.300000 4 32.721010 2279.336551 5.955157 3.571026
86.400000 4 32.393800 2279.336551 5.955470 3.571104
86.500000 4 32.069862 2279.336551 5.955779 3.571181
86.600000 4 31.749164 2279.336551 5.956085 3.571258
86.700000 4 31.431673 2279.336551 5.956389 3.571333
86.800000 4 31.117357 2279.336551 5.956689 3.571409
86.900000 4 30.806184 2279.336551 5.956986 3.571483
87.000000 4 30.498122 2279.336551 5.957280 3.571556
87.100000 4 30.193141 2279.336551 5.957572 3.571629
87.200000 4 29.891210 2279.336551 5.957860 3.571701
87.300000 4 29.592299 2279.336551 5.958145 3.571773
87.400000 4 29.296376 2279.336551 5.958428 3.571843
87.500000 4 29.003413 2279.336551 5.958708 3.571913
87.600000 4 28.713379 2279.336551 5.958985 3.571983
87.700000 4 28.426246 2279.336551 5.959259 3.572051
87.800000 4 28.141984 2279.336551 5.959531 3.572119
87.900000 4 27.860564 2279.336551 5.959799 3.572186
88.000000 4 27.581959 2279.336551 5.960066 3.572253
88.100000 4 27.306140 2279.336551 5.960329 3.572319
88.200000 4 27.033079 2279.336551 5.960590 3.572384
88.300000 4 26.762748 2279.336551 5.960848 3.572448
88.400000 4 26.495121 2279.336551 5.961104 3.572512
88.500000 4 26.230171 2279.336551 5.961357 3.572576
88.600000 4 25.967869 2279.336551 5.961607 3.572638
88.700000 4 25.708191 2279.336551 5.961855 3.572700
88.800000 4 25.451110 2279.336551 5.962101 3.572762
88.900000 4 25.196599 2279.336551 5.962344 3.572822
89.000000 4 24.944633 2279.336551 5.962585 3.572882
89.100000 4 24.695187 2279.336551 5.962823 3.572942
89.200000 4 24.448236 2279.336551 5.963059 3.573001
89.300000 4 24.203754 2279.336551 5.963292 3.573059
89.400000 4 23.961717 2279.336551 5.963523 3.573117
89.500000 4 23.722100 2279.336551 5.963752 3.573174
89.600000 4 23.484880 2279.336551 5.963979 3.573231
89.700000 4 23.250031 2279.336551 5.964203 3.573287
89.800000 4 23.017531 2279.336551 5.964425 3.573343
89.900000 4 22.787356 2279.336551 5.964645 3.573398
90.000000 4 22.559483 2279.336551 5.964862 3.573452
90.100000 4 22.333889 2279.336551 5.965078 3.573506
90.200000 4 22.110550 2279.336551 5.965291 3.573559
90.300000 4 21.889445 2279.336551 5.965502 3.573612
90.400000 4 21.670551 2279.336551 5.965711 3.573664
90.500000 4 21.453846 2279.336551 5.965918 3.573716
90.600000 4 21.239308 2279.336551 5.966122 3.573767
90.700000 4 21.026915 2279.336551 5.966324 3.573817
90.800000 4 20.816647 2279.336551 5.966524 3.573867
90.900000 4 20.608481 2279.336551 5.966721 3.573917
91.000000 4 20.402396 2279.336551 5.966914 3.573965
91.100000 4 20.198373 2279.336551 5.967099 3.574011
91.200000 4 19.996389 2279.336551 5.967264 3.574052
91.300000 4 19.796426 2279.336551 5.967322 3.574067
91.400000 4 19.697444 2279.336551 5.967106 3.574013
91.500000 4 19.694366 2268.982548 5.967090 3.574997
91.600000 4 19.692828 2249.831246 5.967082 3.576836
91.700000 4 19.691289 2230.419570 5.967073 3.578716
91.800000 4 19.689751 2210.745387 5.967065 3.580637
91.900000 4 19.688213 2190.806668 5.967056 3.582602
92.000000 4 19.686674 2170.601506 5.967046 3.584612
92.100000 4 19.685136 2150.128119 5.967037 3.586668
92.200000 4 19.683598 2129.384863 5.967027 3.588770
92.300000 4 19.682061 2108.370244 5.967017 3.590921
92.400000 4 19.681292 2097.760959 5.967011 3.592015
92.500000 4 19.680523 2087.083768 5.967006 3.593122
92.600000 4 19.679754 2076.338119 5.967001 3.594242
92.700000 4 19.678986 2065.523885 5.966995 3.595374
92.800000 4 19.678217 2054.640950 5.966990 3.596520
92.900000 4 19.677448 2043.689211 5.966984 3.597679
93.000000 4 19.676680 2032.668578 5.966979 3.598852
93.100000 4 19.675911 2021.578975 5.966973 3.600038
93.200000 4 19.675143 2010.420340 5.966967 3.601239
93.300000 4 19.674374 1999.192623 5.966961 3.602453
93.400000 4 19.673606 1987.895792 5.966955 3.603682
93.500000 4 19.672837 1976.529828 5.966949 3.604926
93.600000 4 19.672069 1965.094729 5.966943 3.606184
93.700000 4 19.671300 1953.590510 5.966936 3.607458
93.800000 4 19.670532 1942.017200 5.966930 3.608746
93.900000 4 19.669764 1930.374849 5.966923 3.610051
94.000000 4 19.668995 1918.663522 5.966917 3.611370
94.100000 4 19.668227 1906.883303 5.966910 3.612706
94.200000 4 19.667459 1895.034297 5.966903 3.614058
94.300000 4 19.666690 1883.116627 5.966896 3.615426
94.400000 4 19.665922 1871.130435 5.966889 3.616811
94.500000 4 19.665154 1859.075885 5.966882 3.618212
94.600000 4 19.664386 1846.953164 5.966874 3.619631
94.700000 4 19.663618 1834.762477 5.966867 3.621067
94.800000 4 19.662850 1822.504055 5.966860 3.622521
94.900000 4 19.662082 1810.178151 5.966852 3.623993
95.000000 4 19.661314 1797.785040 5.966844 3.625483
95.100000 4 19.660546 1785.325025 5.966836 3.626991
95.200000 4 19.659778 1772.798431 5.966828 3.628518
95.300000 4 19.659010 1760.205610 5.966820 3.630064
95.400000 4 19.658242 1747.546939 5.966812 3.631629
95.500000 4 19.657474 1734.822825 5.966803 3.633214
95.600000 4 19.656706 1722.033699 5.966795 3.634818
95.700000 4 19.655938 1709.180024 5.966786 3.636443
95.800000 4 19.655171 1696.262288 5.966777 3.638088
95.900000 4 19.654403 1683.281013 5.966768 3.639754
96.000000 4 19.653635 1670.236748 5.966759 3.641441
96.100000 4 19.652867 1657.130076 5.966750 3.643150
96.200000 4 19.652100 1643.961609 5.966740 3.644880
96.300000 4 19.651332 1630.731994 5.966731 3.646632
96.400000 4 19.650565 1617.441909 5.966721 3.648406
96.500000 4 19.649797 1604.092068 5.966711 3.650204
96.600000 4 19.649029 1590.683219 5.966701 3.652024
