t Ka M R logL logTeff
0.100000 1 19.999621 4.675030 4.613529 4.579631
0.200000 1 19.999154 4.694093 4.615624 4.579271
0.300000 1 19.998683 4.713254 4.617762 4.578921
0.400000 1 19.998207 4.732525 4.619941 4.578579
0.500000 1 19.997726 4.751917 4.622163 4.578247
0.600000 1 19.997240 4.771442 4.624427 4.577923
0.700000 1 19.996749 4.791111 4.626733 4.577606
0.800000 1 19.996253 4.810936 4.629081 4.577296
0.900000 1 19.995752 4.830930 4.631471 4.576993
1.000000 1 19.995245 4.851104 4.633904 4.576696
1.100000 1 19.994732 4.871472 4.636378 4.576405
1.200000 1 19.994213 4.892045 4.638895 4.576119
1.300000 1 19.993688 4.912838 4.641454 4.575838
1.400000 1 19.993157 4.933862 4.644054 4.575561
1.500000 1 19.992619 4.955132 4.646697 4.575287
1.600000 1 19.992074 4.976661 4.649382 4.575017
1.700000 1 19.991523 4.998463 4.652109 4.574750
1.800000 1 19.990964 5.020551 4.654878 4.574484
1.900000 1 19.990398 5.042941 4.657689 4.574221
2.000000 1 19.989824 5.065646 4.660542 4.573959
2.100000 1 19.989243 5.088682 4.663437 4.573697
2.200000 1 19.988653 5.112063 4.666374 4.573436
2.300000 1 19.988055 5.135805 4.669353 4.573174
2.400000 1 19.987449 5.159924 4.672374 4.572912
2.500000 1 19.986833 5.184435 4.675436 4.572649
2.600000 1 19.986209 5.209355 4.678541 4.572384
2.700000 1 19.985576 5.234700 4.681688 4.572117
2.800000 1 19.984932 5.260487 4.684877 4.571847
2.900000 1 19.984279 5.286734 4.688107 4.571574
3.000000 1 19.983616 5.313458 4.691380 4.571297
3.100000 1 19.982943 5.340677 4.694694 4.571016
3.200000 1 19.982258 5.368411 4.698050 4.570730
3.300000 1 19.981563 5.396677 4.701448 4.570439
3.400000 1 19.980856 5.425496 4.704888 4.570143
3.500000 1 19.980138 5.454887 4.708370 4.569840
3.600000 1 19.979408 5.484872 4.711893 4.569531
3.700000 1 19.978665 5.515472 4.715459 4.569214
3.800000 1 19.977910 5.546708 4.719066 4.568889
3.900000 1 19.977142 5.578603 4.722715 4.568557
4.000000 1 19.976360 5.611181 4.726405 4.568215
4.100000 1 19.975565 5.644466 4.730138 4.567864
4.200000 1 19.974755 5.678484 4.733911 4.567502
4.300000 1 19.973931 5.713260 4.737727 4.567130
4.400000 1 19.973092 5.748824 4.741584 4.566747
4.500000 1 19.972238 5.785203 4.745483 4.566352
4.600000 1 19.971368 5.822429 4.749424 4.565944
4.700000 1 19.970482 5.860532 4.753406 4.565524
4.800000 1 19.969580 5.899548 4.757430 4.565089
4.900000 1 19.968660 5.939511 4.761495 4.564639
5.000000 1 19.967723 5.980459 4.765602 4.564174
5.100000 1 19.966767 6.022434 4.769751 4.563692
5.200000 1 19.965794 6.065477 4.773941 4.563193
5.300000 1 19.964801 6.109636 4.778172 4.562676
5.400005 1 19.963789 6.154959 4.782445 4.562139
5.500015 1 19.962757 6.201500 4.786759 4.561582
5.600031 1 19.961705 6.249316 4.791115 4.561003
5.700054 1 19.960632 6.298469 4.795512 4.560401
5.800082 1 19.959537 6.349027 4.799950 4.559775
5.900117 1 19.958420 6.401062 4.804430 4.559122
6.000159 1 19.957281 6.454655 4.808951 4.558442
6.100207 1 19.956119 6.509892 4.813513 4.557732
6.200261 1 19.954933 6.566867 4.818117 4.556991
6.300323 1 19.953723 6.625685 4.822762 4.556216
6.400391 1 19.952488 6.686460 4.827448 4.555404
6.500467 1 19.951229 6.749316 4.832175 4.554555
6.600550 1 19.949943 6.814391 4.836944 4.553663
6.700641 1 19.948631 6.881837 4.841753 4.552727
6.800641 1 19.947962 6.916500 4.844174 4.552241
6.900641 1 19.947286 6.951820 4.846604 4.551742
7.000641 1 19.946603 6.987821 4.849044 4.551231
7.100641 1 19.945914 7.024526 4.851495 4.550706
7.200641 1 19.945217 7.061963 4.853957 4.550167
7.300641 1 19.944513 7.100159 4.856428 4.549614
7.400641 1 19.943803 7.139142 4.858910 4.549045
7.500641 1 19.943085 7.178944 4.861402 4.548461
7.600641 1 19.942360 7.219596 4.863904 4.547860
7.700641 1 19.941628 7.261133 4.866417 4.547242
7.800641 1 19.940889 7.303590 4.868939 4.546607
7.900641 1 19.940143 7.347003 4.871472 4.545954
8.000641 1 19.939389 7.391414 4.874016 4.545281
8.100641 1 19.938629 7.436864 4.876569 4.544588
8.200641 1 19.937860 7.483396 4.879133 4.543875
8.300641 1 19.937085 7.531057 4.881707 4.543139
8.400641 1 19.936302 7.579896 4.884292 4.542382
8.500641 1 19.935512 7.629964 4.886886 4.541601
8.600641 1 19.934715 7.681317 4.889491 4.540796
8.700641 1 19.933911 7.734011 4.892107 4.539965
8.800641 1 19.933099 7.788109 4.894732 4.539108
8.900641 1 19.932280 7.843673 4.897368 4.538223
9.000641 1 19.931454 7.900772 4.900014 4.537309
9.100641 1 19.930621 7.959478 4.902670 4.536366
9.200641 1 19.929781 8.019867 4.905337 4.535391
9.300641 1 19.928933 8.082019 4.908014 4.534384
9.400641 1 19.928079 8.146020 4.910701 4.533343
9.500641 1 19.927219 8.211960 4.913399 4.532267
9.600641 1 19.926351 8.279934 4.916107 4.531154
9.700641 1 19.925477 8.350043 4.918825 4.530002
9.800641 1 19.924597 8.422395 4.921553 4.528811
9.900641 1 19.923711 8.497104 4.924292 4.527578
10.000641 1 19.922818 8.574290 4.927041 4.526302
10.100641 1 19.921920 8.654082 4.929801 4.524980
10.200641 1 19.921017 8.736615 4.932571 4.523612
10.300641 1 19.920108 8.822035 4.935351 4.522194
10.400641 1 19.919651 8.865875 4.936746 4.521466
10.500641 1 19.919193 8.910495 4.938142 4.520725
10.600641 1 19.918733 8.955915 4.939542 4.519971
10.700641 1 19.918273 9.002158 4.940943 4.519203
10.800641 1 19.917812 9.049245 4.942348 4.518421
10.900641 1 19.917349 9.097199 4.943755 4.517626
11.000641 1 19.916886 9.146043 4.945165 4.516815
11.100641 1 19.916421 9.195803 4.946577 4.515990
11.200641 1 19.915956 9.246502 4.947992 4.515150
11.300641 1 19.915490 9.298168 4.949410 4.514294
11.400641 1 19.915023 9.350825 4.950830 4.513423
11.500641 1 19.914556 9.404503 4.952253 4.512536
11.600641 1 19.914088 9.459230 4.953679 4.511632
11.700641 1 19.913619 9.515034 4.955107 4.510712
11.800641 1 19.913150 9.571947 4.956538 4.509775
11.900641 1 19.912680 9.630000 4.957971 4.508820
12.000641 1 19.912210 9.689226 4.959408 4.507848
12.100641 1 19.911740 9.749658 4.960846 4.506857
12.200641 1 19.911269 9.811330 4.962288 4.505849
12.300641 1 19.910798 9.874280 4.963732 4.504821
12.400641 1 19.910327 9.938543 4.965179 4.503774
12.500641 1 19.909857 10.004159 4.966628 4.502707
12.600641 1 19.909386 10.071167 4.968080 4.501621
12.700641 1 19.908916 10.139608 4.969535 4.500514
12.800641 1 19.908445 10.209526 4.970993 4.499386
12.900641 1 19.907975 10.280963 4.972453 4.498237
13.000641 1 19.907506 10.353967 4.973916 4.497066
13.100641 1 19.907037 10.428584 4.975382 4.495873
13.200641 1 19.906569 10.504863 4.976850 4.494658
13.300641 1 19.906102 10.582855 4.978321 4.493419
13.400641 1 19.905635 10.662613 4.979795 4.492157
13.500641 1 19.905170 10.744192 4.981271 4.490872
13.600641 1 19.904706 10.827647 4.982751 4.489561
13.700641 1 19.904242 10.913039 4.984233 4.488226
13.800641 1 19.903781 11.000426 4.985718 4.486865
13.900641 1 19.903320 11.089874 4.987205 4.485479
14.000641 1 19.902862 11.181447 4.988695 4.484065
14.100641 1 19.902405 11.275214 4.990188 4.482625
14.200641 1 19.901950 11.371244 4.991684 4.481158
14.300641 1 19.901496 11.469613 4.993183 4.479662
14.400641 1 19.901046 11.570395 4.994684 4.478138
14.500641 1 19.900597 11.673670 4.996188 4.476584
14.600641 1 19.900151 11.779520 4.997695 4.475001
14.700641 1 19.899707 11.888031 4.999205 4.473387
14.800641 1 19.899266 11.999292 5.000718 4.471742
14.900641 1 19.898828 12.113395 5.002233 4.470066
15.000641 1 19.898393 12.230437 5.003752 4.468357
15.100641 1 19.897961 12.350518 5.005273 4.466616
15.200641 1 19.897533 12.473742 5.006797 4.464841
15.300641 1 19.897320 12.536566 5.007560 4.463941
15.400641 1 19.897109 12.600218 5.008324 4.463032
15.500641 1 19.896898 12.664710 5.009088 4.462115
15.600641 1 19.896688 12.730059 5.009854 4.461189
15.700641 1 19.896479 12.796278 5.010620 4.460254
15.800641 1 19.896272 12.863382 5.011386 4.459310
15.900641 1 19.896065 12.931388 5.012154 4.458356
16.000641 1 19.895859 13.000311 5.012922 4.457394
16.100641 1 19.895655 13.070167 5.013691 4.456423
16.200641 1 19.895451 13.140973 5.014460 4.455442
16.300641 1 19.895249 13.212745 5.015231 4.454452
16.400641 1 19.895047 13.285501 5.016002 4.453452
16.500641 1 19.894847 13.359259 5.016774 4.452443
16.600641 1 19.894051 13.491043 5.026685 4.452789
16.700641 1 19.893920 13.408010 5.030305 4.455035
16.800641 1 19.893800 13.292344 5.033959 4.457829
16.900641 1 19.893745 13.227720 5.035699 4.459323
17.000641 1 19.893693 13.158885 5.037410 4.460884
17.100641 1 19.893643 13.086834 5.039083 4.462494
17.200641 1 19.893594 13.012478 5.040712 4.464139
17.300641 1 19.893548 12.936635 5.042293 4.465803
17.400641 1 19.893504 12.860028 5.043822 4.467475
17.500641 1 19.893461 12.783292 5.045297 4.469143
17.600641 1 19.893420 12.706969 5.046716 4.470798
17.700641 1 19.893381 12.631524 5.048078 4.472432
17.800641 1 19.893343 12.557343 5.049382 4.474037
17.900641 1 19.893307 12.484746 5.050630 4.475608
18.000641 1 19.893273 12.413991 5.051822 4.477140
18.100641 1 19.893240 12.345281 5.052958 4.478630
18.200641 1 19.893209 12.278772 5.054040 4.480073
18.300641 1 19.893179 12.214579 5.055069 4.481469
18.400641 1 19.893151 12.152778 5.056047 4.482814
18.500641 1 19.893097 12.032685 5.057913 4.485438
18.600641 1 19.893048 11.923102 5.059583 4.487842
18.700641 1 19.893004 11.823788 5.061071 4.490030
18.800641 1 19.892964 11.734278 5.062394 4.492011
18.900641 1 19.892929 11.653971 5.063568 4.493796
19.000641 1 19.892897 11.582193 5.064608 4.495397
19.100641 1 19.892869 11.518239 5.065527 4.496829
19.200641 1 19.892820 11.403763 5.067157 4.499406
19.300641 1 19.892781 11.315791 5.068397 4.501397
19.400641 1 19.892752 11.248637 5.069337 4.502925
19.500641 1 19.892707 11.146037 5.070763 4.505271
19.600641 2 19.892661 10.890418 5.072209 4.510670
19.700641 2 19.892660 10.910328 5.072338 4.510306
19.800641 2 19.892657 10.978822 5.072780 4.509058
19.900641 2 19.892654 11.047745 5.073222 4.507809
20.000641 2 19.892651 11.117101 5.073664 4.506561
20.100641 2 19.892648 11.186893 5.074106 4.505312
20.200641 2 19.892646 11.257123 5.074548 4.504064
20.300641 2 19.892643 11.327793 5.074990 4.502815
20.400641 2 19.892640 11.398908 5.075432 4.501567
20.500641 2 19.892637 11.470468 5.075874 4.500318
20.600641 2 19.892634 11.542478 5.076316 4.499070
20.700641 2 19.892631 11.614940 5.076758 4.497822
20.800641 2 19.892629 11.687857 5.077200 4.496573
20.900641 2 19.892626 11.761232 5.077642 4.495325
21.000641 2 19.892623 11.835068 5.078084 4.494076
21.100641 2 19.892620 11.909366 5.078526 4.492828
21.200641 2 19.892618 11.984132 5.078968 4.491579
21.300641 2 19.892615 12.059366 5.079410 4.490331
21.400641 2 19.892612 12.135074 5.079852 4.489082
21.500641 2 19.892610 12.211256 5.080294 4.487834
21.600641 2 19.892607 12.287916 5.080736 4.486586
21.700641 2 19.892605 12.365058 5.081178 4.485337
21.800641 2 19.892602 12.442684 5.081620 4.484089
21.900641 2 19.892599 12.520798 5.082062 4.482840
22.000641 2 19.892597 12.599402 5.082504 4.481592
22.100641 2 19.892594 12.678499 5.082946 4.480343
22.200641 2 19.892592 12.758093 5.083389 4.479095
22.300641 2 19.892589 12.838187 5.083831 4.477846
22.400641 2 19.892587 12.918783 5.084273 4.476598
22.500641 2 19.892585 12.999885 5.084715 4.475349
22.600641 2 19.892582 13.081497 5.085157 4.474101
22.700641 2 19.892580 13.163621 5.085599 4.472853
22.800641 2 19.892577 13.246260 5.086041 4.471604
22.900641 2 19.892575 13.329418 5.086483 4.470356
23.000641 2 19.892573 13.413099 5.086925 4.469107
23.100641 2 19.892570 13.497304 5.087367 4.467859
23.200641 2 19.892568 13.582039 5.087809 4.466610
23.300641 2 19.892566 13.667305 5.088251 4.465362
23.400641 2 19.892564 13.753107 5.088693 4.464113
23.500641 2 19.892561 13.839447 5.089135 4.462865
23.600641 2 19.892559 13.926329 5.089577 4.461617
23.700641 2 19.892557 14.013757 5.090019 4.460368
23.800641 2 19.892555 14.101733 5.090461 4.459120
23.900641 2 19.892553 14.190262 5.090903 4.457871
24.000641 2 19.892551 14.279347 5.091346 4.456623
24.100641 2 19.892548 14.368991 5.091788 4.455374
24.200641 2 19.892546 14.459197 5.092230 4.454126
24.300641 2 19.892544 14.549970 5.092672 4.452877
24.400641 2 19.892542 14.641313 5.093114 4.451629
24.500641 2 19.892540 14.733230 5.093556 4.450381
24.600641 2 19.892538 14.825723 5.093998 4.449132
24.700641 2 19.892536 14.918797 5.094440 4.447884
24.800641 2 19.892534 15.012455 5.094882 4.446635
24.900641 2 19.892532 15.106702 5.095324 4.445387
25.000641 2 19.892530 15.201540 5.095766 4.444138
25.100641 2 19.892528 15.296973 5.096208 4.442890
25.200641 2 19.892527 15.393006 5.096650 4.441641
25.300641 2 19.892525 15.489641 5.097092 4.440393
25.400641 2 19.892523 15.586883 5.097535 4.439145
25.500641 2 19.892521 15.684736 5.097977 4.437896
25.600641 2 19.892519 15.783203 5.098419 4.436648
25.700641 2 19.892517 15.882288 5.098861 4.435399
25.800641 2 19.892515 15.981995 5.099303 4.434151
25.900641 2 19.892514 16.082328 5.099745 4.432902
26.000641 2 19.892512 16.183291 5.100187 4.431654
26.100641 2 19.892510 16.284887 5.100629 4.430405
26.200641 2 19.892508 16.387122 5.101071 4.429157
26.300641 2 19.892506 16.489998 5.101513 4.427909
26.400641 2 19.892504 16.593520 5.101955 4.426660
26.500641 2 19.892502 16.697692 5.102397 4.425412
26.600641 2 19.892501 16.802518 5.102840 4.424163
26.700641 2 19.892499 16.908002 5.103282 4.422915
26.800641 2 19.892497 17.014149 5.103724 4.421666
26.900641 2 19.892495 17.120961 5.104166 4.420418
27.000641 2 19.892493 17.228445 5.104608 4.419169
27.100641 2 19.892491 17.336603 5.105050 4.417921
27.200641 2 19.892489 17.445440 5.105492 4.416673
27.300641 2 19.892487 17.554960 5.105934 4.415424
27.400641 2 19.892485 17.665168 5.106376 4.414176
27.500641 2 19.892484 17.776067 5.106818 4.412927
27.600641 2 19.892482 17.887663 5.107260 4.411679
27.700641 2 19.892480 17.999959 5.107702 4.410430
27.800641 2 19.892478 18.112961 5.108144 4.409182
27.900641 2 19.892476 18.226672 5.108587 4.407934
28.000641 2 19.892474 18.341096 5.109029 4.406685
28.100641 2 19.892472 18.456239 5.109471 4.405437
28.200641 2 19.892470 18.572105 5.109913 4.404188
28.300641 2 19.892468 18.688698 5.110355 4.402940
28.400641 2 19.892466 18.806023 5.110797 4.401691
28.500641 2 19.892464 18.924085 5.111239 4.400443
28.600641 2 19.892462 19.042888 5.111681 4.399194
28.700641 2 19.892460 19.162436 5.112123 4.397946
28.800641 2 19.892458 19.282736 5.112565 4.396698
28.900641 2 19.892441 19.403777 5.113007 4.395449
29.000641 2 19.892423 19.525579 5.113448 4.394201
29.100641 2 19.892405 19.648145 5.113889 4.392952
29.200641 2 19.892387 19.771480 5.114330 4.391704
29.300641 2 19.892370 19.895589 5.114772 4.390455
29.400641 2 19.892352 20.020478 5.115213 4.389207
29.500641 2 19.892334 20.146150 5.115654 4.387958
29.600641 2 19.892316 20.272611 5.116095 4.386710
29.700641 2 19.892298 20.399865 5.116537 4.385461
29.800641 2 19.892280 20.527919 5.116978 4.384213
29.900641 2 19.892262 20.656776 5.117419 4.382964
30.000641 2 19.892244 20.786441 5.117861 4.381716
30.100641 2 19.892226 20.916921 5.118302 4.380467
30.200641 2 19.892208 21.048220 5.118743 4.379219
30.300641 2 19.892190 21.180342 5.119184 4.377970
30.400641 2 19.892171 21.313294 5.119626 4.376722
30.500641 2 19.892153 21.447081 5.120067 4.375473
30.600641 2 19.892135 21.581707 5.120508 4.374225
30.700641 2 19.892116 21.717178 5.120949 4.372976
30.800641 2 19.892098 21.853499 5.121391 4.371728
30.900641 2 19.892079 21.990676 5.121832 4.370479
31.000641 2 19.892061 22.128714 5.122273 4.369231
31.100641 2 19.892042 22.267618 5.122714 4.367982
31.200641 2 19.892024 22.407394 5.123156 4.366734
31.300641 2 19.892005 22.548047 5.123597 4.365485
31.400641 2 19.891987 22.689583 5.124038 4.364237
31.500641 2 19.891968 22.832008 5.124479 4.362988
31.600641 2 19.891949 22.975326 5.124921 4.361740
31.700641 2 19.891930 23.119544 5.125362 4.360491
31.800641 2 19.891912 23.264667 5.125803 4.359243
31.900641 2 19.891893 23.410701 5.126244 4.357994
32.000641 2 19.891874 23.557651 5.126685 4.356746
32.100641 2 19.891855 23.705524 5.127127 4.355497
32.200641 2 19.891836 23.854325 5.127568 4.354249
32.300641 2 19.891817 24.004059 5.128009 4.353001
32.400641 2 19.891798 24.154734 5.128450 4.351752
32.500641 2 19.891779 24.306354 5.128892 4.350504
32.600641 2 19.891760 24.458926 5.129333 4.349255
32.700641 2 19.891741 24.612455 5.129774 4.348007
32.800641 2 19.891721 24.766948 5.130215 4.346758
32.900641 2 19.891702 24.922411 5.130657 4.345510
33.000641 2 19.891683 25.078849 5.131098 4.344261
33.100641 2 19.891664 25.236270 5.131539 4.343013
33.200641 2 19.891645 25.394678 5.131980 4.341764
33.300641 2 19.891626 25.554081 5.132422 4.340516
33.400641 2 19.891607 25.714485 5.132863 4.339267
33.500641 2 19.891589 25.875895 5.133304 4.338019
33.600641 2 19.891570 26.038318 5.133745 4.336770
33.700641 2 19.891551 26.201761 5.134186 4.335522
33.800641 2 19.891532 26.366229 5.134628 4.334273
33.900641 2 19.891513 26.531730 5.135069 4.333025
34.000641 2 19.891494 26.698270 5.135510 4.331777
34.100641 2 19.891475 26.865855 5.135951 4.330528
34.200641 2 19.891456 27.034491 5.136393 4.329280
34.300641 2 19.891438 27.204187 5.136834 4.328031
34.400641 2 19.891419 27.374947 5.137275 4.326783
34.500641 2 19.891400 27.546779 5.137716 4.325534
34.600641 2 19.891381 27.719690 5.138158 4.324286
34.700641 2 19.891362 27.893686 5.138599 4.323037
34.800641 2 19.891344 28.068774 5.139040 4.321789
34.900641 2 19.891325 28.244961 5.139481 4.320540
35.000641 2 19.891306 28.422254 5.139923 4.319292
35.100641 2 19.891288 28.600660 5.140364 4.318044
35.200641 2 19.891269 28.780185 5.140805 4.316795
35.300641 2 19.891250 28.960838 5.141247 4.315547
35.400641 2 19.891232 29.142624 5.141688 4.314298
35.500641 2 19.891213 29.325551 5.142129 4.313050
35.600641 2 19.891194 29.509626 5.142570 4.311801
35.700641 2 19.891176 29.694857 5.143012 4.310553
35.800641 2 19.891157 29.881251 5.143453 4.309304
35.900641 2 19.891139 30.068814 5.143894 4.308056
36.000641 2 19.891120 30.257554 5.144335 4.306808
36.100641 2 19.891102 30.447479 5.144777 4.305559
36.200641 2 19.891083 30.638597 5.145218 4.304311
36.300641 2 19.891065 30.830913 5.145659 4.303062
36.400641 2 19.891046 31.024437 5.146100 4.301814
36.500641 2 19.891028 31.219176 5.146542 4.300565
36.600641 2 19.891009 31.415137 5.146983 4.299317
36.700641 2 19.890991 31.612328 5.147424 4.298068
36.800641 2 19.890972 31.810756 5.147866 4.296820
36.900641 2 19.890954 32.010430 5.148307 4.295572
37.000641 2 19.890935 32.211357 5.148748 4.294323
37.100641 2 19.890917 32.413545 5.149189 4.293075
37.200641 2 19.890899 32.617003 5.149631 4.291826
37.300641 2 19.890880 32.821737 5.150072 4.290578
37.400641 2 19.890862 33.027757 5.150513 4.289329
37.500641 2 19.890844 33.235069 5.150955 4.288081
37.600641 2 19.890825 33.443683 5.151396 4.286832
37.700641 2 19.890807 33.653606 5.151837 4.285584
37.800641 2 19.890789 33.864847 5.152278 4.284336
37.900641 2 19.890770 34.077413 5.152720 4.283087
38.000641 2 19.890752 34.291314 5.153161 4.281839
38.100641 2 19.890734 34.506557 5.153602 4.280590
38.200641 2 19.890716 34.723151 5.154044 4.279342
38.300641 2 19.890698 34.941105 5.154485 4.278093
38.400641 2 19.890679 35.160427 5.154926 4.276845
38.500641 2 19.890661 35.381125 5.155368 4.275597
38.600641 2 19.890643 35.603209 5.155809 4.274348
38.700641 2 19.890625 35.826686 5.156250 4.273100
38.800641 2 19.890607 36.051566 5.156692 4.271851
38.900641 2 19.890589 36.277858 5.157133 4.270603
39.000641 2 19.890571 36.505570 5.157574 4.269355
39.100641 2 19.890552 36.734711 5.158015 4.268106
39.200641 2 19.890534 36.965290 5.158457 4.266858
39.300641 2 19.890516 37.197317 5.158898 4.265609
39.400641 2 19.890498 37.430800 5.159339 4.264361
39.500641 2 19.890480 37.665748 5.159781 4.263112
39.600641 2 19.890465 37.867577 5.160158 4.262046
39.700641 4 19.890450 38.070515 5.160535 4.260980
39.800641 4 19.890444 38.070501 5.160538 4.260981
39.900641 4 19.888404 38.065292 5.161459 4.261241
40.000641 4 19.886353 38.061437 5.162381 4.261493
40.100641 4 19.884291 38.060295 5.163303 4.261730
40.200641 4 19.882217 38.063224 5.164225 4.261944
40.300641 4 19.880132 38.071587 5.165146 4.262127
40.400641 4 19.878037 38.086746 5.166068 4.262271
40.500641 4 19.875930 38.110071 5.166990 4.262368
40.600641 4 19.873813 38.142941 5.167911 4.262411
40.700641 4 19.871685 38.186743 5.168833 4.262393
40.800641 4 19.869547 38.242883 5.169755 4.262304
40.900641 4 19.867399 38.312782 5.170677 4.262138
41.000641 4 19.865241 38.397889 5.171598 4.261886
41.100641 4 19.863075 38.499680 5.172520 4.261542
41.200641 4 19.860899 38.619667 5.173442 4.261097
41.300641 4 19.858716 38.759403 5.174363 4.260543
41.400641 4 19.856525 38.920492 5.175285 4.259873
41.500641 4 19.854327 39.104593 5.176207 4.259078
41.600641 4 19.852122 39.313431 5.177129 4.258152
41.700641 4 19.849912 39.548807 5.178050 4.257086
41.800641 4 19.847698 39.812606 5.178972 4.255873
41.900641 4 19.845479 40.106813 5.179894 4.254505
42.000641 4 19.843256 40.433519 5.180815 4.252974
42.100641 4 19.841032 40.794941 5.181737 4.251272
42.200641 4 19.838806 41.193433 5.182659 4.249391
42.300641 4 19.837692 41.407358 5.183120 4.248382
42.400641 4 19.836579 41.631505 5.183581 4.247325
42.500641 4 19.835466 41.866215 5.184041 4.246219
42.600641 4 19.834354 42.111841 5.184502 4.245064
42.700641 4 19.833241 42.368747 5.184963 4.243859
42.800641 4 19.832130 42.637315 5.185424 4.242602
42.900641 4 19.831019 42.917937 5.185885 4.241292
43.000641 4 19.829909 43.211021 5.186346 4.239930
43.100641 4 19.828800 43.516991 5.186807 4.238513
43.200641 4 19.827692 43.836290 5.187267 4.237041
43.300641 4 19.826586 44.169375 5.187728 4.235512
43.400641 4 19.825481 44.516723 5.188189 4.233926
43.500641 4 19.824378 44.878831 5.188650 4.232282
43.600641 4 19.823277 45.256217 5.189111 4.230579
43.700641 4 19.822177 45.649419 5.189572 4.228816
43.800641 4 19.821080 46.059001 5.190033 4.226991
43.900641 4 19.819985 46.485548 5.190494 4.225105
44.000641 4 19.818892 46.929673 5.190954 4.223155
44.100641 4 19.817802 47.392015 5.191415 4.221142
44.200641 4 19.817258 47.630224 5.191646 4.220111
44.300641 4 19.816715 47.873241 5.191876 4.219063
44.400641 4 19.816173 48.121152 5.192107 4.217999
44.500641 4 19.815632 48.374049 5.192337 4.216919
44.600641 4 19.815091 48.632023 5.192567 4.215821
44.700641 4 19.814551 48.895169 5.192798 4.214707
44.800641 4 19.814012 49.163584 5.193028 4.213576
44.900641 4 19.813474 49.437365 5.193259 4.212428
45.000641 4 19.812937 49.716613 5.193489 4.211262
45.100641 4 19.812401 50.001433 5.193720 4.210079
45.200641 4 19.811865 50.291930 5.193950 4.208879
45.300641 4 19.811331 50.588211 5.194180 4.207661
45.400641 4 19.810797 50.890388 5.194411 4.206425
45.500641 4 19.810265 51.198573 5.194641 4.205172
45.600641 4 19.809733 51.512884 5.194872 4.203901
45.700641 4 19.809202 51.833438 5.195102 4.202611
45.800641 4 19.808673 52.160357 5.195333 4.201303
45.900641 4 19.808144 52.493765 5.195563 4.199977
46.000641 4 19.807617 52.833790 5.195793 4.198633
46.100641 4 19.807091 53.180563 5.196024 4.197270
46.200641 4 19.806566 53.534216 5.196254 4.195888
46.300641 4 19.806042 53.894888 5.196485 4.194488
46.400641 4 19.805519 54.262719 5.196715 4.193069
46.500641 4 19.804997 54.637851 5.196946 4.191630
46.600641 4 19.804477 55.020433 5.197176 4.190173
46.700641 4 19.803958 55.410615 5.197406 4.188696
46.800641 4 19.803440 55.808552 5.197637 4.187199
46.900641 4 19.802923 56.214403 5.197867 4.185684
47.000641 4 19.802408 56.628329 5.198098 4.184148
47.100641 4 19.801894 57.050498 5.198328 4.182593
47.200641 4 19.801381 57.481081 5.198559 4.181018
47.300641 4 19.800870 57.920252 5.198789 4.179423
47.400641 4 19.800360 58.368190 5.199019 4.177807
47.500641 4 19.799852 58.825081 5.199250 4.176172
47.600641 4 19.799345 59.291113 5.199480 4.174516
47.700641 4 19.798839 59.766479 5.199711 4.172839
47.800641 4 19.798335 60.251379 5.199941 4.171142
47.900641 4 19.797832 60.746015 5.200172 4.169425
48.000641 4 19.797331 61.250597 5.200402 4.167686
48.100641 4 19.796832 61.765341 5.200632 4.165926
48.200641 4 19.796334 62.290464 5.200863 4.164145
48.300641 4 19.795837 62.826195 5.201093 4.162344
48.400641 4 19.795343 63.372764 5.201324 4.160520
48.500641 4 19.794849 63.930409 5.201554 4.158675
48.600641 4 19.794358 64.499375 5.201785 4.156809
48.700641 4 19.793868 65.079913 5.202015 4.154921
48.800641 4 19.793380 65.672280 5.202245 4.153011
48.900641 4 19.792893 66.276741 5.202476 4.151079
49.000641 4 19.792409 66.893567 5.202706 4.149125
49.100641 4 19.791926 67.523037 5.202937 4.147149
49.200641 4 19.791444 68.165437 5.203167 4.145150
49.300641 4 19.790965 68.821061 5.203398 4.143129
49.400641 4 19.790487 69.490213 5.203628 4.141086
49.500641 4 19.790011 70.173202 5.203858 4.139020
49.600641 4 19.789537 70.870347 5.204089 4.136930
49.700641 4 19.789301 71.224330 5.204204 4.135877
49.800641 4 19.789066 71.581976 5.204319 4.134819
49.900641 4 19.788831 71.943328 5.204434 4.133754
50.000641 4 19.788596 72.308427 5.204550 4.132684
50.100641 4 19.788362 72.677318 5.204665 4.131607
50.200641 4 19.788128 73.050045 5.204780 4.130525
50.300641 4 19.787895 73.426652 5.204895 4.129438
50.400641 4 19.787662 73.807186 5.205011 4.128344
50.500641 4 19.787430 74.191692 5.205126 4.127244
50.600641 4 19.787198 74.580217 5.205241 4.126139
50.700641 4 19.786967 74.972807 5.205356 4.125028
50.800641 4 19.786736 75.369512 5.205471 4.123911
50.900641 4 19.786506 75.770380 5.205587 4.122787
51.000641 4 19.786276 76.175460 5.205702 4.121658
51.100641 4 19.786047 76.584803 5.205817 4.120524
51.200641 4 19.785818 76.998458 5.205932 4.119383
51.300641 4 19.785590 77.416478 5.206047 4.118236
51.400641 4 19.785362 77.838915 5.206163 4.117083
51.500641 4 19.785135 78.265821 5.206278 4.115924
51.600641 4 19.784908 78.697251 5.206393 4.114759
51.700641 4 19.784682 79.133258 5.206508 4.113588
51.800641 4 19.784456 79.573899 5.206624 4.112411
51.900641 4 19.784231 80.019228 5.206739 4.111228
52.000641 4 19.784007 80.469303 5.206854 4.110039
52.100641 4 19.783782 80.924182 5.206969 4.108844
52.200641 4 19.783559 81.383923 5.207084 4.107642
52.300641 4 19.783336 81.848585 5.207200 4.106435
52.400641 4 19.783113 82.318228 5.207315 4.105221
52.500641 4 19.782891 82.792914 5.207430 4.104001
52.600641 4 19.782670 83.272704 5.207545 4.102776
52.700641 4 19.782449 83.757661 5.207661 4.101543
52.800641 4 19.782228 84.247849 5.207776 4.100305
52.900641 4 19.782008 84.743332 5.207891 4.099061
53.000641 4 19.781789 85.244177 5.208006 4.097810
53.100641 4 19.781570 85.750448 5.208121 4.096553
53.200641 4 19.781029 86.262318 5.208237 4.095289
53.300641 4 19.780485 86.779755 5.208352 4.094019
53.400641 4 19.779938 87.302831 5.208467 4.092743
53.500641 4 19.779388 87.831615 5.208582 4.091461
53.600641 4 19.778836 88.366179 5.208697 4.090172
53.700641 4 19.778280 88.906596 5.208813 4.088877
53.800641 4 19.777722 89.452940 5.208928 4.087575
53.900641 4 19.777161 90.005285 5.209043 4.086267
54.000641 4 19.776596 90.563708 5.209158 4.084953
54.100641 4 19.776029 91.128285 5.209274 4.083632
54.200641 4 19.775458 91.699096 5.209389 4.082305
54.300641 4 19.774885 92.276219 5.209504 4.080972
54.400641 4 19.774308 92.859735 5.209619 4.079632
54.500641 4 19.773729 93.449726 5.209734 4.078285
54.600641 4 19.773146 94.046276 5.209850 4.076932
54.700641 4 19.772560 94.649468 5.209965 4.075573
54.800641 4 19.771970 95.259387 5.210080 4.074207
54.900641 4 19.771378 95.876122 5.210195 4.072834
55.000641 4 19.770782 96.499759 5.210310 4.071455
55.100641 4 19.770182 97.130390 5.210426 4.070069
55.200641 4 19.769580 97.768103 5.210541 4.068677
55.300641 4 19.768974 98.412992 5.210656 4.067278
55.400641 4 19.768364 99.065151 5.210771 4.065873
55.500641 4 19.767751 99.724674 5.210887 4.064461
55.600641 4 19.767135 100.391658 5.211002 4.063042
55.700641 4 19.766515 101.066201 5.211117 4.061617
55.800641 4 19.765891 101.748402 5.211232 4.060185
55.900641 4 19.765264 102.438363 5.211347 4.058746
56.000641 4 19.764633 103.136186 5.211463 4.057301
56.100641 4 19.763999 103.841975 5.211578 4.055849
56.200641 4 19.763361 104.555837 5.211693 4.054390
56.300641 4 19.762719 105.277877 5.211808 4.052924
56.400641 4 19.762073 106.008206 5.211923 4.051452
56.500641 4 19.761423 106.746934 5.212039 4.049973
56.600641 4 19.760770 107.494174 5.212154 4.048487
56.700641 4 19.760113 108.250039 5.212269 4.046994
56.800641 4 19.759451 109.014647 5.212384 4.045494
56.900641 4 19.758786 109.788113 5.212500 4.043988
57.000641 4 19.758117 110.570560 5.212615 4.042474
57.100641 4 19.757443 111.362107 5.212730 4.040954
57.200641 4 19.756766 112.162878 5.212845 4.039427
57.300641 4 19.756084 112.972998 5.212960 4.037893
57.400641 4 19.755398 113.792596 5.213076 4.036352
57.500641 4 19.754708 114.621799 5.213191 4.034805
57.600641 4 19.754013 115.460740 5.213306 4.033250
57.700641 4 19.753314 116.309553 5.213421 4.031688
57.800641 4 19.752611 117.168372 5.213536 4.030119
57.900641 4 19.751903 118.037335 5.213652 4.028544
58.000641 4 19.751191 118.916582 5.213767 4.026961
58.100641 4 19.750475 119.806256 5.213882 4.025371
58.200641 4 19.749753 120.706500 5.213997 4.023775
58.300641 4 19.749028 121.617463 5.214113 4.022171
58.400641 4 19.748297 122.539291 5.214228 4.020560
58.500641 4 19.747562 123.472138 5.214343 4.018942
58.600641 4 19.746822 124.416157 5.214458 4.017317
58.700641 4 19.746077 125.371504 5.214573 4.015684
58.800641 4 19.745327 126.338339 5.214689 4.014045
58.900641 4 19.744573 127.316822 5.214804 4.012399
59.000641 4 19.743813 128.307119 5.214919 4.010745
59.100641 4 19.743048 129.309395 5.215034 4.009084
59.200641 4 19.742279 130.323820 5.215149 4.007416
59.300641 4 19.741504 131.350566 5.215265 4.005741
59.400641 4 19.740724 132.389809 5.215380 4.004058
59.500641 4 19.739939 133.441726 5.215495 4.002369
59.600641 4 19.739148 134.506499 5.215610 4.000672
59.700641 4 19.738352 135.584310 5.215726 3.998967
59.800641 4 19.737551 136.675347 5.215841 3.997256
59.900641 4 19.736744 137.779800 5.215956 3.995537
60.000641 4 19.735931 138.897861 5.216071 3.993811
60.100641 4 19.735113 140.029728 5.216186 3.992077
60.200641 4 19.734290 141.175598 5.216302 3.990336
60.300641 4 19.733460 142.335676 5.216417 3.988588
60.400641 4 19.732625 143.510167 5.216532 3.986832
60.500641 4 19.731784 144.699281 5.216647 3.985069
60.600641 4 19.730937 145.903231 5.216762 3.983299
60.700641 4 19.730084 147.122233 5.216878 3.981521
60.800641 4 19.729225 148.356508 5.216993 3.979735
60.900641 4 19.728360 149.606279 5.217108 3.977943
61.000641 4 19.727489 150.871775 5.217223 3.976142
61.100641 4 19.726612 152.153227 5.217339 3.974335
61.200641 4 19.725728 153.450871 5.217454 3.972519
61.300641 4 19.724838 154.764945 5.217569 3.970697
61.400641 4 19.723941 156.095693 5.217684 3.968866
61.500641 4 19.723038 157.443363 5.217799 3.967028
61.600641 4 19.722128 158.808207 5.217915 3.965183
61.700641 4 19.721211 160.190481 5.218030 3.963330
61.800641 4 19.720288 161.590445 5.218145 3.961469
61.900641 4 19.719358 163.008364 5.218260 3.959601
62.000641 4 19.718421 164.444507 5.218375 3.957725
62.100641 4 19.717477 165.899149 5.218491 3.955841
62.200641 4 19.716526 167.372569 5.218606 3.953950
62.300641 4 19.715568 168.865050 5.218721 3.952051
62.400641 4 19.714603 170.376880 5.218836 3.950144
62.500641 4 19.713630 171.908352 5.218952 3.948230
62.600641 4 19.712650 173.459766 5.219067 3.946308
62.700641 4 19.711663 175.031426 5.219182 3.944378
62.800641 4 19.710667 176.623639 5.219297 3.942440
62.900641 4 19.709665 178.236720 5.219412 3.940495
63.000641 4 19.708654 179.870990 5.219528 3.938542
63.100641 4 19.707636 181.526773 5.219643 3.936581
63.200641 4 19.706610 183.204401 5.219758 3.934612
63.300641 4 19.705576 184.904210 5.219873 3.932635
63.400641 4 19.704533 186.626543 5.219988 3.930651
63.500641 4 19.703483 188.371750 5.220104 3.928659
63.600641 4 19.702424 190.140185 5.220219 3.926658
63.700641 4 19.701357 191.932209 5.220334 3.924650
63.800641 4 19.700281 193.748190 5.220449 3.922634
63.900641 4 19.699197 195.588503 5.220565 3.920610
64.000641 4 19.698104 197.453527 5.220680 3.918578
64.100641 4 19.697002 199.343651 5.220795 3.916538
64.200641 4 19.695891 201.259269 5.220910 3.914490
64.300641 4 19.694772 203.200783 5.221025 3.912434
64.400641 4 19.693643 205.168602 5.221141 3.910370
64.500641 4 19.692505 207.163140 5.221256 3.908298
64.600641 4 19.691358 209.184823 5.221371 3.906218
64.700641 4 19.690201 211.234080 5.221486 3.904130
64.800641 4 19.689035 213.311352 5.221601 3.902034
64.900641 4 19.687859 215.417084 5.221717 3.899930
65.000641 4 19.686673 217.551732 5.221832 3.897817
65.100641 4 19.685478 219.715759 5.221947 3.895697
65.200641 4 19.684272 221.909637 5.222062 3.893568
65.300641 4 19.683665 223.017922 5.222120 3.892501
65.400641 4 19.683054 224.133851 5.222178 3.891431
65.500641 4 19.682441 225.257485 5.222235 3.890360
65.600641 4 19.681826 226.388885 5.222293 3.889286
65.700641 4 19.681207 227.528115 5.222350 3.888211
65.800641 4 19.680587 228.675237 5.222408 3.887133
65.900641 4 19.679963 229.830315 5.222466 3.886053
66.000641 4 19.679337 230.993413 5.222523 3.884972
66.100641 4 19.678709 232.164597 5.222581 3.883888
66.200641 4 19.678077 233.343931 5.222638 3.882802
66.300641 4 19.677443 234.531481 5.222696 3.881714
66.400641 4 19.676806 235.727315 5.222754 3.880624
66.500641 4 19.676167 236.931499 5.222811 3.879532
66.600641 4 19.675524 238.144101 5.222869 3.878438
66.700641 4 19.674879 239.365190 5.222926 3.877342
66.800641 4 19.674232 240.594835 5.222984 3.876243
66.900641 4 19.673581 241.833105 5.223042 3.875143
67.000641 4 19.672927 243.080071 5.223099 3.874041
67.100641 4 19.672271 244.335804 5.223157 3.872936
67.200641 4 19.671612 245.600375 5.223215 3.871830
67.300641 4 19.670950 246.873858 5.223272 3.870721
67.400641 4 19.670285 248.156325 5.223330 3.869610
67.500641 4 19.669617 249.447849 5.223387 3.868498
67.600641 4 19.668947 250.748505 5.223445 3.867383
67.700641 4 19.668273 252.058369 5.223503 3.866266
67.800641 4 19.667596 253.377515 5.223560 3.865147
67.900641 4 19.666917 254.706020 5.223618 3.864025
68.000641 4 19.666234 256.043962 5.223675 3.862902
68.100641 4 19.665549 257.391419 5.223733 3.861777
68.200641 4 19.664860 258.748468 5.223791 3.860649
68.300641 4 19.664168 260.115190 5.223848 3.859520
68.400641 4 19.663474 261.491664 5.223906 3.858388
68.500641 4 19.662776 262.877972 5.223963 3.857254
68.600641 4 19.662075 264.274195 5.224021 3.856118
68.700641 4 19.661371 265.680414 5.224079 3.854980
68.800641 4 19.660664 267.096714 5.224136 3.853840
68.900641 4 19.659953 268.523179 5.224194 3.852698
69.000641 4 19.659240 269.959892 5.224251 3.851554
69.100641 4 19.658523 271.406940 5.224309 3.850407
69.200641 4 19.657803 272.864409 5.224367 3.849259
69.300641 4 19.657080 274.332386 5.224424 3.848108
69.400641 4 19.656353 275.810958 5.224482 3.846955
69.500641 4 19.655624 277.300215 5.224539 3.845800
69.600641 4 19.654891 278.800246 5.224597 3.844643
69.700641 4 19.654154 280.311142 5.224655 3.843484
69.800641 4 19.653414 281.832994 5.224712 3.842323
69.900641 4 19.652671 283.365894 5.224770 3.841159
70.000641 4 19.651925 284.909936 5.224828 3.839994
70.100641 4 19.651175 286.465212 5.224885 3.838826
70.200641 4 19.650422 288.031818 5.224943 3.837656
70.300641 4 19.649665 289.609850 5.225000 3.836484
70.400641 4 19.648905 291.199404 5.225058 3.835310
70.500641 4 19.648141 292.800578 5.225116 3.834133
70.600641 4 19.647373 294.413470 5.225173 3.832955
70.700641 4 19.646603 296.038180 5.225231 3.831774
70.800641 4 19.645828 297.674808 5.225288 3.830592
70.900641 4 19.645050 299.323455 5.225346 3.829407
71.000641 4 19.644269 300.984225 5.225404 3.828220
71.100641 4 19.643483 302.657219 5.225461 3.827030
71.200641 4 19.642694 304.342542 5.225519 3.825839
71.300641 4 19.641902 306.040300 5.225576 3.824645
71.400641 4 19.641105 307.750598 5.225634 3.823450
71.500641 4 19.640305 309.473545 5.225692 3.822252
71.600641 4 19.639502 311.209248 5.225749 3.821052
71.700641 4 19.638694 312.957817 5.225807 3.819849
71.800641 4 19.637883 314.719362 5.225864 3.818645
71.900641 4 19.637068 316.493995 5.225922 3.817438
72.000641 4 19.636249 318.281828 5.225980 3.816230
72.100641 4 19.635426 320.082975 5.226037 3.815019
72.200641 4 19.634599 321.897551 5.226095 3.813805
72.300641 4 19.633768 323.725671 5.226152 3.812590
72.400641 4 19.632933 325.567453 5.226210 3.811373
72.500641 4 19.632095 327.423015 5.226268 3.810153
72.600641 4 19.631252 329.292476 5.226325 3.808931
72.700641 4 19.630405 331.175956 5.226383 3.807707
72.800641 4 19.629555 333.073578 5.226441 3.806481
72.900641 4 19.628700 334.985463 5.226498 3.805252
73.000641 4 19.627841 336.911736 5.226556 3.804021
73.100641 4 19.626978 338.852523 5.226613 3.802789
73.200641 4 19.626111 340.807949 5.226671 3.801553
73.300641 4 19.625239 342.778142 5.226729 3.800316
73.400641 4 19.624364 344.763231 5.226786 3.799077
73.500641 4 19.623484 346.763347 5.226844 3.797835
73.600641 4 19.622600 348.778620 5.226901 3.796591
73.700641 4 19.621711 350.809184 5.226959 3.795345
73.800641 4 19.620818 352.855173 5.227017 3.794096
73.900641 4 19.619921 354.916721 5.227074 3.792846
74.000641 4 19.619020 356.993967 5.227132 3.791593
74.100641 4 19.618114 359.087047 5.227189 3.790338
74.200641 4 19.617203 361.196101 5.227247 3.789081
74.300641 4 19.616288 363.321270 5.227305 3.787821
74.400641 4 19.615369 365.462697 5.227362 3.786560
74.500641 4 19.614445 367.620524 5.227420 3.785296
74.600641 4 19.613517 369.794897 5.227477 3.784029
74.700641 4 19.612584 371.985963 5.227535 3.782761
74.800641 4 19.611646 374.193869 5.227593 3.781490
74.900641 4 19.610704 376.418764 5.227650 3.780217
75.000641 4 19.609757 378.660800 5.227708 3.778942
75.100641 4 19.608805 380.920129 5.227765 3.777665
75.200641 4 19.607849 383.196904 5.227823 3.776385
75.300641 4 19.606887 385.491282 5.227881 3.775103
75.400641 4 19.605921 387.803419 5.227938 3.773819
75.500641 4 19.604950 390.133474 5.227996 3.772533
75.600641 4 19.603975 392.481606 5.228054 3.771244
75.700641 4 19.602994 394.847978 5.228111 3.769953
75.800641 4 19.602008 397.232754 5.228169 3.768660
75.900641 4 19.601018 399.636097 5.228226 3.767365
76.000641 4 19.600022 402.058175 5.228284 3.766067
76.100641 4 19.599022 404.499156 5.228342 3.764767
76.200641 4 19.598016 406.959210 5.228399 3.763465
76.300641 4 19.597005 409.438509 5.228457 3.762160
76.400641 4 19.595989 411.937226 5.228514 3.760854
76.500641 4 19.594968 414.455537 5.228572 3.759545
76.600641 4 19.593942 416.993618 5.228630 3.758233
76.700641 4 19.592910 419.551649 5.228687 3.756920
76.800641 4 19.591873 422.129810 5.228745 3.755604
76.900641 4 19.590831 424.728283 5.228802 3.754286
77.000641 4 19.589783 427.347252 5.228860 3.752965
77.100641 4 19.588730 429.986905 5.228918 3.751642
77.200641 4 19.587672 432.647429 5.228975 3.750317
77.300641 4 19.586608 435.329013 5.229033 3.748990
77.400641 4 19.585539 438.031850 5.229090 3.747660
77.500641 4 19.584464 440.756134 5.229148 3.746328
77.600641 4 19.583383 443.502060 5.229206 3.744994
77.700641 4 19.582297 446.269827 5.229263 3.743658
77.800641 4 19.581205 449.059634 5.229321 3.742319
77.900641 4 19.580108 451.871683 5.229378 3.740978
78.000641 4 19.579005 454.706178 5.229436 3.739634
78.100641 4 19.577896 457.563325 5.229494 3.738288
78.200641 4 19.576781 460.443333 5.229551 3.736940
78.300641 4 19.575660 463.346411 5.229609 3.735590
78.400641 4 19.574534 466.272773 5.229667 3.734237
78.500641 4 19.573401 469.222632 5.229724 3.732882
78.600641 4 19.572263 472.196206 5.229782 3.731525
78.700641 4 19.571119 475.193714 5.229839 3.730165
78.800641 4 19.569968 478.215378 5.229897 3.728803
78.900641 4 19.568811 481.261420 5.229955 3.727439
79.000641 4 19.567649 484.332068 5.230012 3.726072
79.100641 4 19.566480 487.427548 5.230070 3.724703
79.200641 4 19.565304 490.548093 5.230127 3.723332
79.300641 4 19.564123 493.693936 5.230185 3.721958
79.400641 4 19.562935 496.865311 5.230243 3.720582
79.500641 4 19.561741 500.062456 5.230300 3.719203
79.600641 4 19.560541 503.285613 5.230358 3.717823
79.700641 4 19.559334 506.535024 5.230415 3.716440
79.800641 4 19.558120 509.810935 5.230473 3.715054
79.900641 4 19.556900 513.113594 5.230531 3.713666
80.000641 4 19.555673 516.443251 5.230588 3.712276
80.100641 4 19.554440 519.800160 5.230646 3.710884
80.200641 4 19.553200 523.184576 5.230703 3.709489
80.300641 4 19.551954 526.596759 5.230761 3.708092
80.400641 4 19.550700 530.036970 5.230819 3.706692
80.500641 4 19.549440 533.505472 5.230876 3.705290
80.600641 4 19.548173 537.002534 5.230934 3.703886
80.700641 4 19.546899 540.528423 5.230992 3.702479
80.800641 4 19.545618 544.083414 5.231049 3.701070
80.900641 4 19.544330 547.667781 5.231107 3.699659
81.000641 4 19.543035 551.281802 5.231164 3.698245
81.100641 4 19.541732 554.925759 5.231222 3.696829
81.200641 4 19.540423 558.599937 5.231280 3.695410
81.300641 4 19.539106 562.304622 5.231337 3.693989
81.400641 4 19.537783 566.040105 5.231395 3.692566
81.500641 4 19.536451 569.806679 5.231452 3.691140
81.600641 4 19.535113 573.604641 5.231510 3.689712
81.700641 4 19.533767 577.434290 5.231568 3.688281
81.800641 4 19.532413 581.295929 5.231625 3.686848
81.900641 4 19.531052 585.189864 5.231683 3.685413
82.000641 4 19.529684 589.116405 5.231740 3.683975
82.100641 4 19.528307 593.075865 5.231798 3.682535
82.200641 4 19.526923 597.068558 5.231856 3.681092
82.300641 4 19.525532 601.094806 5.231913 3.679647
82.400641 4 19.524132 605.154930 5.231971 3.678200
82.500641 4 19.522725 609.249256 5.232028 3.676750
82.600641 4 19.521309 613.378116 5.232086 3.675298
82.700641 4 19.519886 617.541841 5.232144 3.673843
82.800641 4 19.518455 621.740769 5.232201 3.672386
82.900641 4 19.517015 625.975241 5.232259 3.670927
83.000641 4 19.515568 630.245600 5.232316 3.669465
83.100641 4 19.514112 634.552195 5.232374 3.668000
83.200641 4 19.512648 638.895377 5.232432 3.666534
83.300641 4 19.511175 643.275502 5.232489 3.665064
83.400641 4 19.509695 647.692929 5.232547 3.663593
83.500641 4 19.508205 652.148021 5.232605 3.662119
83.600641 4 19.506707 656.641147 5.232662 3.660642
83.700641 4 19.505201 661.172676 5.232720 3.659163
83.800641 4 19.503686 665.742984 5.232777 3.657682
83.900641 4 19.502162 670.352451 5.232835 3.656198
84.000641 4 19.500630 675.001460 5.232893 3.654711
84.100641 4 19.499088 679.690398 5.232950 3.653223
84.200641 4 19.497538 684.419657 5.233008 3.651731
84.300641 4 19.495979 689.189635 5.233065 3.650238
84.400641 4 19.494411 694.000730 5.233123 3.648741
84.500641 4 19.492833 698.853349 5.233181 3.647243
84.600641 4 19.491247 703.747900 5.233238 3.645742
84.700641 4 19.489651 708.684797 5.233296 3.644238
84.800641 4 19.488046 713.664459 5.233353 3.642732
84.900641 4 19.486432 718.687308 5.233411 3.641223
85.000641 4 19.484808 723.753773 5.233469 3.639712
85.100641 4 19.483174 728.864285 5.233526 3.638199
85.200641 4 19.481531 734.019283 5.233584 3.636683
85.300641 4 19.479879 739.219207 5.233641 3.635164
85.400641 4 19.478216 744.464505 5.233699 3.633643
85.500641 4 19.476544 749.755628 5.233757 3.632120
85.600641 4 19.474862 755.093034 5.233814 3.630594
85.700641 4 19.473170 760.477184 5.233872 3.629065
85.800641 4 19.471468 765.908545 5.233929 3.627534
85.900641 4 19.469756 771.387590 5.233987 3.626001
86.000641 4 19.468034 776.914796 5.234045 3.624465
86.100641 4 19.466301 782.490646 5.234102 3.622927
86.200641 4 19.464558 788.115628 5.234160 3.621386
86.300641 4 19.462805 793.790236 5.234218 3.619842
86.400641 4 19.461041 799.514970 5.234275 3.618296
86.500641 4 19.459267 805.290333 5.234333 3.616748
86.600641 4 19.457482 811.116836 5.234390 3.615196
86.700641 4 19.455687 816.994996 5.234448 3.613643
86.800641 4 19.453880 822.925335 5.234506 3.612087
86.900641 4 19.452063 828.908380 5.234563 3.610528
87.000641 4 19.450234 834.944665 5.234621 3.608967
87.100641 4 19.448395 841.034730 5.234678 3.607403
87.200641 4 19.446545 847.179121 5.234736 3.605837
87.300641 4 19.444683 853.378391 5.234794 3.604268
87.400641 4 19.442810 859.633096 5.234851 3.602697
87.500641 4 19.440925 865.943803 5.234909 3.601123
87.600641 4 19.439029 872.311082 5.234966 3.599546
87.700641 4 19.437122 878.735511 5.235024 3.597967
87.800641 4 19.435203 885.217674 5.235082 3.596386
87.900641 4 19.433272 891.758161 5.235139 3.594802
88.000641 4 19.431329 898.357571 5.235197 3.593215
88.100641 4 19.429375 905.016507 5.235254 3.591626
88.200641 4 19.427408 911.735580 5.235312 3.590034
88.300641 4 19.425429 918.515409 5.235370 3.588440
88.400641 4 19.423438 925.356620 5.235427 3.586843
88.500641 4 19.421435 932.259844 5.235485 3.585243
88.600641 4 19.419419 939.225721 5.235542 3.583641
88.700641 4 19.417391 946.254898 5.235600 3.582037
88.800641 4 19.415350 953.348030 5.235658 3.580429
88.900641 4 19.413297 960.505779 5.235715 3.578819
89.000641 4 19.411231 967.728814 5.235773 3.577207
89.100641 4 19.409152 975.017812 5.235831 3.575592
89.200641 4 19.407059 982.373459 5.235888 3.573974
89.300641 4 19.404954 989.796449 5.235946 3.572354
89.400641 4 19.402836 997.287481 5.236003 3.570731
89.500641 4 19.400704 1004.847265 5.236061 3.569106
89.600641 4 19.398559 1012.476519 5.236119 3.567478
89.700641 4 19.396401 1020.175968 5.236176 3.565847
89.800641 4 19.394229 1027.946347 5.236234 3.564214
89.900641 4 19.359255 1031.547880 5.237155 3.563685
90.000641 4 19.324099 1031.547880 5.238077 3.563915
90.100641 4 19.288862 1031.547880 5.238999 3.564146
90.200641 4 19.253542 1031.547880 5.239921 3.564376
90.300641 4 19.218139 1031.547880 5.240842 3.564606
90.400641 4 19.182653 1031.547880 5.241764 3.564837
90.500641 4 19.147084 1031.547880 5.242686 3.565067
90.600641 4 19.111432 1031.547880 5.243608 3.565298
90.700641 4 19.075697 1031.547880 5.244529 3.565528
90.800641 4 19.039878 1031.547880 5.245451 3.565759
90.900641 4 19.003976 1031.547880 5.246373 3.565989
91.000641 4 18.967990 1031.547880 5.247294 3.566219
91.100641 4 18.931920 1031.547880 5.248216 3.566450
91.200641 4 18.895767 1031.547880 5.249138 3.566680
91.300641 4 18.859529 1031.547880 5.250060 3.566911
91.400641 4 18.823206 1031.547880 5.250981 3.567141
91.500641 4 18.786799 1031.547880 5.251903 3.567372
