t Ka M R logL logTeff
500.000000 0 0.300084 0.298017 -1.830132 3.566487
1000.000000 0 0.300084 0.298707 -1.827939 3.566533
1500.000000 0 0.300084 0.299399 -1.825743 3.566580
2000.000000 0 0.300084 0.300094 -1.823544 3.566626
2500.000000 0 0.300084 0.300791 -1.821342 3.566672
3000.000000 0 0.300084 0.301493 -1.819137 3.566718
3500.000000 0 0.300084 0.302198 -1.816930 3.566762
4000.000000 0 0.300084 0.302907 -1.814719 3.566806
4500.000000 0 0.300084 0.303622 -1.812506 3.566848
5000.000000 0 0.300084 0.304341 -1.810289 3.566888
5500.000000 0 0.300084 0.305066 -1.808070 3.566926
6000.000000 0 0.300084 0.305796 -1.805848 3.566963
6500.000000 0 0.300084 0.306533 -1.803623 3.566996
7000.000000 0 0.300084 0.307277 -1.801395 3.567027
7500.000000 0 0.300084 0.308028 -1.799164 3.567055
8000.000000 0 0.300084 0.308786 -1.796930 3.567079
8500.000000 0 0.300084 0.309553 -1.794694 3.567100
9000.000000 0 0.300084 0.310327 -1.792454 3.567117
9500.000000 0 0.300084 0.311111 -1.790212 3.567130
10000.000000 0 0.300084 0.311904 -1.787966 3.567138
10500.000000 0 0.300084 0.312707 -1.785718 3.567142
11000.000000 0 0.300084 0.313520 -1.783467 3.567141
11500.000000 0 0.300084 0.314344 -1.781212 3.567135
12000.000000 0 0.300084 0.315179 -1.778955 3.567123
12500.000000 0 0.300084 0.316026 -1.776695 3.567105
13000.000000 0 0.300084 0.316885 -1.774432 3.567082
13500.000000 0 0.300084 0.317756 -1.772166 3.567052
14000.000000 0 0.300084 0.318640 -1.769897 3.567016
14500.000000 0 0.300084 0.319538 -1.767625 3.566973
15000.000000 0 0.300084 0.320450 -1.765350 3.566923
15500.000000 0 0.300084 0.321377 -1.763071 3.566865
16000.000000 0 0.300084 0.322319 -1.760789 3.566800
16500.000000 0 0.300084 0.323276 -1.758504 3.566728
17000.000000 0 0.300084 0.324250 -1.756215 3.566647
17500.000000 0 0.300084 0.325240 -1.753922 3.566558
18000.000000 0 0.300084 0.326248 -1.751626 3.566460
18500.000000 0 0.300084 0.327273 -1.749325 3.566354
19000.000000 0 0.300084 0.328317 -1.747019 3.566239
19500.000000 0 0.300084 0.329380 -1.744708 3.566115
20000.000000 0 0.300084 0.330463 -1.742391 3.565981
20500.000000 0 0.300084 0.331566 -1.740069 3.565838
21000.000000 0 0.300084 0.332690 -1.737739 3.565686
21500.000000 0 0.300084 0.333835 -1.735402 3.565524
22000.000000 0 0.300084 0.335003 -1.733056 3.565352
22500.000000 0 0.300084 0.336194 -1.730700 3.565171
23000.000000 0 0.300084 0.337408 -1.728332 3.564980
23500.000000 0 0.300084 0.338647 -1.725952 3.564779
24000.000000 0 0.300084 0.339912 -1.723556 3.564568
24500.000000 0 0.300084 0.341203 -1.721144 3.564348
25000.000000 0 0.300084 0.342521 -1.718712 3.564119
25500.000000 0 0.300084 0.343867 -1.716257 3.563881
26000.000000 0 0.300084 0.345242 -1.713777 3.563635
26500.000000 0 0.300084 0.346647 -1.711267 3.563380
27000.000000 0 0.300084 0.348084 -1.708722 3.563118
27500.000000 0 0.300084 0.349553 -1.706138 3.562850
28000.000000 0 0.300084 0.351056 -1.703510 3.562575
28500.000000 0 0.300084 0.352594 -1.700829 3.562296
29000.000000 0 0.300084 0.354169 -1.698090 3.562013
29500.000000 0 0.300084 0.355782 -1.695284 3.561728
30000.000000 0 0.300084 0.357435 -1.692400 3.561442
30500.000000 0 0.300084 0.359130 -1.689430 3.561157
31000.000000 0 0.300084 0.360870 -1.686360 3.560875
31500.000000 0 0.300084 0.362655 -1.683178 3.560599
32000.000000 0 0.300084 0.364489 -1.679868 3.560332
32500.000000 0 0.300084 0.366374 -1.676413 3.560075
33000.000000 0 0.300084 0.368313 -1.672796 3.559833
33500.000000 0 0.300084 0.370309 -1.668994 3.559610
34000.000000 0 0.300084 0.372366 -1.664986 3.559409
34500.000000 0 0.300084 0.374488 -1.660745 3.559235
35000.000000 0 0.300084 0.376678 -1.656243 3.559095
35500.000000 0 0.300084 0.378940 -1.651448 3.558993
36000.000000 0 0.300084 0.381281 -1.646326 3.558937
36500.000000 0 0.300084 0.383704 -1.640838 3.558933
37000.000000 0 0.300084 0.386217 -1.634943 3.558989
37500.000000 0 0.300084 0.388826 -1.628592 3.559115
38000.000000 0 0.300084 0.391538 -1.621735 3.559320
38500.000000 0 0.300084 0.394361 -1.614317 3.559614
39000.000000 0 0.300084 0.397304 -1.606274 3.560011
39500.000000 0 0.300084 0.400377 -1.597540 3.560521
40000.000000 0 0.300084 0.403590 -1.588041 3.561160
40500.000000 0 0.300084 0.406958 -1.577697 3.561942
41000.000000 0 0.300084 0.410493 -1.566418 3.562883
41500.000000 0 0.300084 0.414213 -1.554110 3.564001
42000.000000 0 0.300084 0.418138 -1.540667 3.565314
42500.000000 0 0.300084 0.422290 -1.525976 3.566841
43000.000000 0 0.300084 0.424460 -1.518125 3.567691
43500.000000 0 0.300084 0.426699 -1.509914 3.568601
44000.000000 0 0.300084 0.429011 -1.501326 3.569575
44500.000000 0 0.300084 0.431402 -1.492345 3.570613
45000.000000 0 0.300084 0.433878 -1.482951 3.571719
45500.000000 0 0.300084 0.436447 -1.473125 3.572894
46000.000000 0 0.300084 0.439116 -1.462846 3.574139
46500.000000 0 0.300084 0.441897 -1.452095 3.575456
47000.000000 0 0.300084 0.444800 -1.440849 3.576846
47500.000000 0 0.300084 0.447841 -1.429085 3.578308
48000.000000 0 0.300084 0.451035 -1.416780 3.579841
48500.000000 0 0.300084 0.454402 -1.403909 3.581443
49000.000000 0 0.300084 0.457967 -1.390448 3.583112
49500.000000 0 0.300084 0.461757 -1.376369 3.584841
50000.000000 0 0.300084 0.465809 -1.361645 3.586625
50500.000000 0 0.300084 0.470165 -1.346248 3.588453
51000.000000 0 0.300084 0.472473 -1.338287 3.589380
51500.000000 0 0.300084 0.474877 -1.330147 3.590313
52000.000000 0 0.300084 0.477385 -1.321824 3.591250
52500.000000 0 0.300084 0.480007 -1.313313 3.592188
53000.000000 0 0.300084 0.482754 -1.304610 3.593125
53500.000000 0 0.300084 0.485635 -1.295712 3.594057
54000.000000 0 0.300084 0.488665 -1.286615 3.594981
54500.000000 0 0.300084 0.491857 -1.277313 3.595893
55000.000000 0 0.300084 0.495226 -1.267803 3.596788
55500.000000 0 0.300084 0.498790 -1.258080 3.597662
56000.000000 0 0.300084 0.502569 -1.248140 3.598508
56500.000000 0 0.300084 0.506584 -1.237978 3.599320
57000.000000 0 0.300084 0.510860 -1.227589 3.600092
57500.000000 0 0.300084 0.515424 -1.216970 3.600816
58000.000000 0 0.300084 0.520305 -1.206114 3.601483
58410.785885 0 0.300084 0.522876 -1.200596 3.601792
58821.571770 0 0.300084 0.525539 -1.195017 3.602084
59232.357655 0 0.300084 0.528301 -1.189376 3.602356
59643.143539 0 0.300084 0.531165 -1.183673 3.602608
60053.929424 0 0.300084 0.534137 -1.177908 3.602837
60464.715309 0 0.300084 0.537225 -1.172079 3.603043
60875.501194 0 0.300084 0.540433 -1.166186 3.603223
61286.287079 0 0.300084 0.543768 -1.160228 3.603377
61697.072964 0 0.300084 0.547238 -1.154205 3.603501
62107.858848 0 0.300084 0.550851 -1.148116 3.603594
62518.644733 0 0.300084 0.554614 -1.141960 3.603655
62929.430618 0 0.300084 0.558537 -1.135736 3.603681
63340.216503 0 0.300084 0.562627 -1.129444 3.603669
63751.002388 0 0.300084 0.566896 -1.123084 3.603618
64161.788273 0 0.300084 0.571354 -1.116654 3.603525
64572.574157 0 0.300084 0.576012 -1.110153 3.603387
64983.360042 0 0.300084 0.580882 -1.103582 3.603201
65394.145927 0 0.300084 0.585977 -1.096939 3.602966
65804.931812 0 0.300084 0.591311 -1.090223 3.602677
66164.369461 0 0.300084 0.596186 -1.084287 3.602378
66478.877404 0 0.300084 0.600619 -1.079047 3.602079
66754.071854 0 0.300084 0.604633 -1.074426 3.601788
66994.866998 0 0.300084 0.608252 -1.070355 3.601510
67205.562749 0 0.300084 0.611505 -1.066771 3.601248
67574.280313 0 0.300084 0.617397 -1.060453 3.600745
67850.818486 0 0.300084 0.621990 -1.055673 3.600331
68058.222116 0 0.300084 0.625537 -1.052066 3.599998
68369.327561 0 0.300084 0.631030 -1.046617 3.599461
68680.433006 2 0.300084 0.636738 -1.041124 3.598879
68782.444482 2 0.300080 0.634894 -1.041855 3.599326
68915.395798 2 0.300075 0.632498 -1.042808 3.599909
69048.351842 2 0.300070 0.630112 -1.043760 3.600492
69181.312587 2 0.300065 0.627733 -1.044713 3.601075
69314.278006 2 0.300060 0.625364 -1.045665 3.601658
69447.248070 2 0.300055 0.623003 -1.046618 3.602241
69580.222754 2 0.300050 0.620651 -1.047571 3.602824
69713.202030 2 0.300045 0.618307 -1.048524 3.603407
69846.185870 2 0.300040 0.615972 -1.049478 3.603991
69979.174249 2 0.300035 0.613646 -1.050431 3.604574
70112.167139 2 0.300030 0.611328 -1.051384 3.605158
70245.164515 2 0.300026 0.609018 -1.052338 3.605741
70378.166349 2 0.300021 0.606717 -1.053291 3.606325
70511.172616 2 0.300016 0.604424 -1.054245 3.606908
70644.183289 2 0.300011 0.602140 -1.055199 3.607492
70777.198343 2 0.300007 0.599864 -1.056153 3.608076
70910.217753 2 0.300002 0.597597 -1.057107 3.608660
71043.241491 2 0.299997 0.595338 -1.058061 3.609244
71176.269534 2 0.299993 0.593087 -1.059015 3.609828
71309.301855 2 0.299988 0.590844 -1.059969 3.610412
71442.338430 2 0.299983 0.588610 -1.060923 3.610996
71575.379233 2 0.299979 0.586383 -1.061878 3.611580
71708.424241 2 0.299974 0.584165 -1.062832 3.612165
71841.473427 2 0.299970 0.581956 -1.063787 3.612749
71974.526767 2 0.299965 0.579754 -1.064741 3.613333
72107.584238 2 0.299961 0.577560 -1.065696 3.613918
72240.645814 2 0.299957 0.575375 -1.066651 3.614502
72373.711472 2 0.299952 0.573197 -1.067606 3.615087
72506.781187 2 0.299948 0.571028 -1.068561 3.615672
72639.854936 2 0.299944 0.568866 -1.069516 3.616256
72772.932695 2 0.299939 0.566713 -1.070471 3.616841
72906.014440 2 0.299935 0.564567 -1.071426 3.617426
73039.100148 2 0.299931 0.562430 -1.072382 3.618011
73172.189795 2 0.299927 0.560300 -1.073337 3.618596
73305.283358 2 0.299922 0.558178 -1.074292 3.619181
73438.380815 2 0.299918 0.556064 -1.075248 3.619766
73571.482142 2 0.299914 0.553958 -1.076203 3.620351
73704.587316 2 0.299910 0.551860 -1.077159 3.620936
73837.696315 2 0.299906 0.549769 -1.078115 3.621522
73970.809116 2 0.299902 0.547686 -1.079071 3.622107
74103.925697 2 0.299898 0.545611 -1.080026 3.622692
74237.046035 2 0.299894 0.543543 -1.080982 3.623278
74370.170108 2 0.299890 0.541483 -1.081938 3.623863
74503.297895 2 0.299886 0.539431 -1.082894 3.624449
74636.429373 2 0.299882 0.537387 -1.083850 3.625035
74769.564521 2 0.299878 0.535349 -1.084807 3.625620
74902.703316 2 0.299874 0.533320 -1.085763 3.626206
75035.845738 2 0.299870 0.531298 -1.086719 3.626792
75168.991765 2 0.299866 0.529283 -1.087675 3.627378
75302.141375 2 0.299862 0.527276 -1.088632 3.627963
75435.294548 2 0.299858 0.525277 -1.089588 3.628549
75568.451262 2 0.299855 0.523285 -1.090545 3.629135
75701.611497 2 0.299851 0.521300 -1.091501 3.629721
75834.775231 2 0.299847 0.519323 -1.092458 3.630307
75967.942444 2 0.299843 0.517353 -1.093415 3.630894
76101.113116 2 0.299840 0.515390 -1.094371 3.631480
76234.287226 2 0.299836 0.513434 -1.095328 3.632066
76367.464753 2 0.299832 0.511486 -1.096285 3.632652
76500.645678 2 0.299829 0.509545 -1.097242 3.633239
76633.829980 2 0.299825 0.507612 -1.098199 3.633825
76767.017640 2 0.299821 0.505685 -1.099156 3.634411
76900.208637 2 0.299818 0.503766 -1.100113 3.634998
77033.402951 2 0.299814 0.501854 -1.101070 3.635584
77166.600564 2 0.299811 0.499949 -1.102027 3.636171
77299.801456 2 0.299807 0.498051 -1.102984 3.636758
77433.005606 2 0.299804 0.496160 -1.103941 3.637344
77566.212997 2 0.299800 0.494276 -1.104899 3.637931
77699.423608 2 0.299797 0.492400 -1.105856 3.638518
77832.637421 2 0.299793 0.490530 -1.106813 3.639105
77965.854417 2 0.299790 0.488667 -1.107770 3.639691
78099.074576 2 0.299787 0.486811 -1.108728 3.640278
78232.297881 2 0.299783 0.484962 -1.109685 3.640865
78365.524312 2 0.299780 0.483120 -1.110643 3.641452
78498.753850 2 0.299777 0.481285 -1.111600 3.642039
78631.986479 2 0.299773 0.479457 -1.112558 3.642626
78765.222178 2 0.299770 0.477635 -1.113516 3.643213
78898.460931 2 0.299767 0.475821 -1.114473 3.643801
79031.702718 2 0.299763 0.474013 -1.115431 3.644388
79164.947523 2 0.299760 0.472212 -1.116388 3.644975
79298.195326 2 0.299757 0.470418 -1.117346 3.645562
79431.446110 2 0.299754 0.468630 -1.118304 3.646150
79564.699858 2 0.299751 0.466849 -1.119262 3.646737
79697.956552 2 0.299748 0.465075 -1.120220 3.647324
79831.216175 2 0.299744 0.463307 -1.121177 3.647912
79964.478708 2 0.299741 0.461546 -1.122135 3.648499
80097.744136 2 0.299738 0.459792 -1.123093 3.649087
80231.012440 2 0.299735 0.458044 -1.124051 3.649674
80364.283603 2 0.299732 0.456302 -1.125009 3.650262
80497.557610 2 0.299729 0.454568 -1.125967 3.650850
80630.834442 2 0.299726 0.452839 -1.126925 3.651437
80764.114082 2 0.299723 0.451118 -1.127883 3.652025
80897.396516 2 0.299720 0.449402 -1.128841 3.652613
81030.681725 2 0.299717 0.447693 -1.129800 3.653200
81163.969693 2 0.299714 0.445991 -1.130758 3.653788
81297.260403 2 0.299711 0.444295 -1.131716 3.654376
81430.553841 2 0.299708 0.442605 -1.132674 3.654964
81563.849989 2 0.299705 0.440921 -1.133632 3.655552
81697.148831 2 0.299702 0.439244 -1.134590 3.656140
81830.450351 2 0.299700 0.437574 -1.135549 3.656728
81963.754533 2 0.299697 0.435909 -1.136507 3.657316
81994.774302 3 0.299696 0.435525 -1.136725 3.657453
82100.916818 3 0.299694 0.437295 -1.132958 3.657514
82247.226589 3 0.299691 0.439768 -1.127720 3.657599
82392.073263 3 0.299687 0.442256 -1.122483 3.657683
82535.471470 3 0.299684 0.444758 -1.117245 3.657767
82677.435695 3 0.299681 0.447275 -1.112007 3.657851
82817.980278 3 0.299678 0.449807 -1.106769 3.657935
82957.119415 3 0.299675 0.452354 -1.101532 3.658019
83094.867161 3 0.299671 0.454915 -1.096294 3.658102
83231.237429 3 0.299668 0.457492 -1.091056 3.658185
83366.243994 3 0.299665 0.460084 -1.085818 3.658267
83499.900494 3 0.299661 0.462691 -1.080581 3.658350
83632.220429 3 0.299658 0.465313 -1.075343 3.658432
83763.217164 3 0.299654 0.467951 -1.070105 3.658514
83892.903932 3 0.299651 0.470605 -1.064867 3.658596
84021.293832 3 0.299647 0.473274 -1.059630 3.658677
84148.399834 3 0.299644 0.475958 -1.054392 3.658758
84274.234775 3 0.299640 0.478659 -1.049154 3.658839
84398.811367 3 0.299637 0.481375 -1.043916 3.658920
84522.142193 3 0.299633 0.484108 -1.038678 3.659000
84644.239711 3 0.299630 0.486856 -1.033441 3.659080
84765.116253 3 0.299626 0.489621 -1.028203 3.659160
84884.784031 3 0.299622 0.492402 -1.022965 3.659239
85003.255130 3 0.299619 0.495199 -1.017727 3.659319
85120.541518 3 0.299615 0.498013 -1.012490 3.659398
85236.655043 3 0.299611 0.500844 -1.007252 3.659476
85351.607432 3 0.299607 0.503691 -1.002014 3.659555
85465.410298 3 0.299604 0.506555 -0.996776 3.659633
85578.075134 3 0.299600 0.509436 -0.991539 3.659711
85689.613323 3 0.299596 0.512334 -0.986301 3.659789
85800.036129 3 0.299592 0.515250 -0.981063 3.659866
85909.354708 3 0.299588 0.518182 -0.975825 3.659943
86017.580100 3 0.299584 0.521132 -0.970587 3.660020
86124.723239 3 0.299580 0.524099 -0.965350 3.660096
86230.794946 3 0.299576 0.527084 -0.960112 3.660173
86335.805936 3 0.299572 0.530087 -0.954874 3.660249
86439.766817 3 0.299568 0.533107 -0.949636 3.660324
86542.688088 3 0.299564 0.536145 -0.944399 3.660400
86644.580147 3 0.299560 0.539201 -0.939161 3.660475
86745.453285 3 0.299556 0.542276 -0.933923 3.660550
86845.317692 3 0.299551 0.545369 -0.928685 3.660624
86944.183455 3 0.299547 0.548480 -0.923448 3.660698
87042.060560 3 0.299543 0.551609 -0.918210 3.660772
87138.958894 3 0.299539 0.554757 -0.912972 3.660846
87234.888245 3 0.299534 0.557924 -0.907734 3.660919
87329.858302 3 0.299530 0.561110 -0.902497 3.660993
87423.878659 3 0.299525 0.564314 -0.897259 3.661065
87516.958812 3 0.299521 0.567538 -0.892021 3.661138
87609.108164 3 0.299517 0.570781 -0.886783 3.661210
87700.336022 3 0.299512 0.574043 -0.881545 3.661282
87790.651601 3 0.299507 0.577324 -0.876308 3.661354
87880.064025 3 0.299503 0.580626 -0.871070 3.661425
87968.582324 3 0.299498 0.583946 -0.865832 3.661496
88056.215441 3 0.299494 0.587287 -0.860594 3.661567
88142.972226 3 0.299489 0.590648 -0.855357 3.661637
88228.861444 3 0.299484 0.594028 -0.850119 3.661707
88313.891769 3 0.299479 0.597429 -0.844881 3.661777
88398.071791 3 0.299475 0.600850 -0.839643 3.661847
88481.410013 3 0.299470 0.604292 -0.834406 3.661916
88563.914852 3 0.299465 0.607754 -0.829168 3.661985
88645.594643 3 0.299460 0.611236 -0.823930 3.662053
88726.457637 3 0.299455 0.614740 -0.818692 3.662122
88806.512000 3 0.299450 0.618265 -0.813454 3.662190
88885.765820 3 0.299445 0.621810 -0.808217 3.662257
88964.227101 3 0.299440 0.625377 -0.802979 3.662325
89041.903770 3 0.299435 0.628965 -0.797741 3.662392
89118.803672 3 0.299430 0.632575 -0.792503 3.662459
89194.934575 3 0.299424 0.636207 -0.787266 3.662525
89270.304169 3 0.299419 0.639860 -0.782028 3.662591
89344.920067 3 0.299414 0.643535 -0.776790 3.662657
89418.789806 3 0.299409 0.647232 -0.771552 3.662723
89491.920847 3 0.299403 0.650951 -0.766315 3.662788
89564.320579 3 0.299398 0.654693 -0.761077 3.662853
89635.996313 3 0.299393 0.658457 -0.755839 3.662917
89706.955289 3 0.299387 0.662244 -0.750601 3.662981
89777.204676 3 0.299382 0.666053 -0.745364 3.663045
89846.751569 3 0.299376 0.669886 -0.740126 3.663109
89915.602993 3 0.299370 0.673741 -0.734888 3.663172
89983.765903 3 0.299365 0.677620 -0.729650 3.663235
90051.247183 3 0.299359 0.681522 -0.724412 3.663298
90118.053651 3 0.299353 0.685447 -0.719175 3.663360
90184.192054 3 0.299347 0.689396 -0.713937 3.663422
90249.669074 3 0.299342 0.693369 -0.708699 3.663483
90314.491323 3 0.299336 0.697366 -0.703461 3.663545
90378.665349 3 0.299330 0.701387 -0.698224 3.663606
90442.197635 3 0.299324 0.705433 -0.692986 3.663666
90505.094599 3 0.299318 0.709503 -0.687748 3.663727
90567.362592 3 0.299312 0.713597 -0.682510 3.663787
90629.007906 3 0.299306 0.717716 -0.677273 3.663846
90690.036767 3 0.299300 0.721860 -0.672035 3.663905
90750.455339 3 0.299293 0.726029 -0.666797 3.663964
90810.269725 3 0.299287 0.730223 -0.661559 3.664023
90869.485968 3 0.299281 0.734443 -0.656322 3.664081
90928.110048 3 0.299274 0.738688 -0.651084 3.664139
90986.147887 3 0.299268 0.742959 -0.645846 3.664197
91043.605348 3 0.299262 0.747255 -0.640608 3.664254
91100.488234 3 0.299255 0.751578 -0.635370 3.664311
91156.802291 3 0.299249 0.755927 -0.630133 3.664367
91212.553208 3 0.299242 0.760303 -0.624895 3.664424
91267.746616 3 0.299235 0.764705 -0.619657 3.664479
91322.388089 3 0.299229 0.769133 -0.614419 3.664535
91376.483148 3 0.299222 0.773589 -0.609182 3.664590
91430.037256 3 0.299215 0.778071 -0.603944 3.664645
91483.055823 3 0.299208 0.782581 -0.598706 3.664699
91535.544205 3 0.299201 0.787119 -0.593468 3.664753
91587.507702 3 0.299194 0.791683 -0.588231 3.664807
91638.951565 3 0.299187 0.796276 -0.582993 3.664861
91689.880989 3 0.299180 0.800897 -0.577755 3.664914
91740.301119 3 0.299173 0.805546 -0.572517 3.664966
91790.217048 3 0.299166 0.810223 -0.567279 3.665018
91839.633817 3 0.299159 0.814928 -0.562042 3.665070
91888.556418 3 0.299151 0.819663 -0.556804 3.665122
91936.989794 3 0.299144 0.824426 -0.551566 3.665173
91984.938836 3 0.299137 0.829218 -0.546328 3.665224
92032.408387 3 0.299129 0.834040 -0.541091 3.665275
92079.403243 3 0.299122 0.838891 -0.535853 3.665325
92125.928150 3 0.299114 0.843771 -0.530615 3.665374
92171.987808 3 0.299106 0.848682 -0.525377 3.665424
92217.586870 3 0.299099 0.853622 -0.520140 3.665473
92262.729941 3 0.299091 0.858593 -0.514902 3.665521
92307.421581 3 0.299083 0.863594 -0.509664 3.665570
92351.666305 3 0.299075 0.868626 -0.504426 3.665618
92395.468582 3 0.299067 0.873689 -0.499189 3.665665
92438.832836 3 0.299059 0.878782 -0.493951 3.665712
92481.763447 3 0.299051 0.883907 -0.488713 3.665759
92524.264752 3 0.299043 0.889063 -0.483475 3.665805
92566.341044 3 0.299035 0.894251 -0.478237 3.665851
92607.996574 3 0.299026 0.899471 -0.473000 3.665897
92649.235548 3 0.299018 0.904723 -0.467762 3.665942
92690.062132 3 0.299010 0.910007 -0.462524 3.665987
92730.480450 3 0.299001 0.915324 -0.457286 3.666032
92770.494585 3 0.298992 0.920673 -0.452049 3.666076
92810.108579 3 0.298984 0.926056 -0.446811 3.666119
92849.326433 3 0.298975 0.931471 -0.441573 3.666163
92888.152108 3 0.298966 0.936920 -0.436335 3.666206
92926.589527 3 0.298958 0.942402 -0.431098 3.666248
92964.642572 3 0.298949 0.947918 -0.425860 3.666290
93002.315085 3 0.298940 0.953468 -0.420622 3.666332
93039.610874 3 0.298931 0.959053 -0.415384 3.666373
93076.533705 3 0.298922 0.964671 -0.410146 3.666414
93113.087308 3 0.298912 0.970325 -0.404909 3.666455
93149.275375 3 0.298903 0.976013 -0.399671 3.666495
93185.101561 3 0.298894 0.981737 -0.394433 3.666535
93220.569485 3 0.298884 0.987496 -0.389195 3.666574
93255.682729 3 0.298875 0.993291 -0.383958 3.666613
93290.444842 3 0.298865 0.999121 -0.378720 3.666652
93324.859333 3 0.298856 1.004988 -0.373482 3.666690
93358.929680 3 0.298846 1.010891 -0.368244 3.666727
93392.659322 3 0.298836 1.016830 -0.363007 3.666765
93426.051669 3 0.298827 1.022806 -0.357769 3.666802
93459.110092 3 0.298817 1.028820 -0.352531 3.666838
93491.837931 3 0.298807 1.034871 -0.347293 3.666874
93524.238491 3 0.298797 1.040959 -0.342056 3.666910
93556.315046 3 0.298786 1.047085 -0.336818 3.666945
93588.070835 3 0.298776 1.053249 -0.331580 3.666980
93619.509066 3 0.298766 1.059452 -0.326342 3.667014
93650.632916 3 0.298755 1.065693 -0.321104 3.667048
93681.445526 3 0.298745 1.071973 -0.315867 3.667082
93711.950011 3 0.298734 1.078292 -0.310629 3.667115
93742.149450 3 0.298724 1.084650 -0.305391 3.667148
93772.046895 3 0.298713 1.091048 -0.300153 3.667180
93801.645366 3 0.298702 1.097486 -0.294916 3.667212
93830.947852 3 0.298691 1.103964 -0.289678 3.667244
93859.957313 3 0.298680 1.110482 -0.284440 3.667275
93888.676680 3 0.298669 1.117041 -0.279202 3.667305
93917.108853 3 0.298658 1.123641 -0.273965 3.667336
93945.256704 3 0.298647 1.130283 -0.268727 3.667365
93973.123077 3 0.298635 1.136966 -0.263489 3.667395
94000.710786 3 0.298624 1.143690 -0.258251 3.667424
94028.022617 3 0.298612 1.150457 -0.253013 3.667452
94055.061331 3 0.298601 1.157266 -0.247776 3.667480
94081.829657 3 0.298589 1.164118 -0.242538 3.667508
94108.330300 3 0.298577 1.171013 -0.237300 3.667535
94134.565937 3 0.298565 1.177950 -0.232062 3.667561
94160.539217 3 0.298553 1.184932 -0.226825 3.667588
94186.252765 3 0.298541 1.191957 -0.221587 3.667614
94211.709177 3 0.298529 1.199026 -0.216349 3.667639
94236.911025 3 0.298516 1.206140 -0.211111 3.667664
94261.860854 3 0.298504 1.213299 -0.205874 3.667688
94286.561186 3 0.298492 1.220502 -0.200636 3.667712
94311.014513 3 0.298479 1.227751 -0.195398 3.667736
94335.223308 3 0.298466 1.235045 -0.190160 3.667759
94359.190015 3 0.298453 1.242386 -0.184923 3.667782
94382.917054 3 0.298441 1.249772 -0.179685 3.667804
94406.406823 3 0.298428 1.257205 -0.174447 3.667826
94429.661695 3 0.298414 1.264685 -0.169209 3.667847
94452.684018 3 0.298401 1.272213 -0.163971 3.667868
94475.476117 3 0.298388 1.279787 -0.158734 3.667888
94498.040296 3 0.298374 1.287410 -0.153496 3.667908
94520.378832 3 0.298361 1.295081 -0.148258 3.667928
94542.493984 3 0.298347 1.302800 -0.143020 3.667947
94564.387984 3 0.298334 1.310568 -0.137783 3.667965
94586.063043 3 0.298320 1.318385 -0.132545 3.667983
94607.521353 3 0.298306 1.326252 -0.127307 3.668001
94628.765079 3 0.298292 1.334168 -0.122069 3.668018
94649.796368 3 0.298277 1.342135 -0.116832 3.668035
94670.617344 3 0.298263 1.350152 -0.111594 3.668051
94691.230110 3 0.298249 1.358220 -0.106356 3.668067
94711.636749 3 0.298234 1.366339 -0.101118 3.668082
94731.839321 3 0.298219 1.374510 -0.095880 3.668097
94751.839867 3 0.298205 1.382733 -0.090643 3.668111
94771.640408 3 0.298190 1.391007 -0.085405 3.668125
94791.242944 3 0.298175 1.399335 -0.080167 3.668138
94810.649454 3 0.298160 1.407716 -0.074929 3.668151
94829.861899 3 0.298144 1.416149 -0.069692 3.668163
94848.882220 3 0.298129 1.424637 -0.064454 3.668175
94867.712338 3 0.298113 1.433179 -0.059216 3.668186
94886.354154 3 0.298098 1.441775 -0.053978 3.668197
94904.809552 3 0.298082 1.450426 -0.048741 3.668208
94923.080396 3 0.298066 1.459132 -0.043503 3.668218
94941.168532 3 0.298050 1.467894 -0.038265 3.668227
94959.075786 3 0.298034 1.476712 -0.033027 3.668236
94976.803968 3 0.298018 1.485586 -0.027790 3.668244
94994.354868 3 0.298001 1.494517 -0.022552 3.668252
95011.730259 3 0.297985 1.503505 -0.017314 3.668260
95028.931896 3 0.297968 1.512550 -0.012076 3.668267
95045.961517 3 0.297951 1.521654 -0.006838 3.668273
95062.820842 3 0.297934 1.530816 -0.001601 3.668279
95079.511573 3 0.297917 1.540036 0.003637 3.668284
95096.035397 3 0.297900 1.549316 0.008875 3.668289
95112.393983 3 0.297883 1.558655 0.014113 3.668294
95128.588983 3 0.297865 1.568054 0.019350 3.668298
95144.622032 3 0.297847 1.577514 0.024588 3.668301
95160.494752 3 0.297830 1.587035 0.029826 3.668304
95176.208744 3 0.297812 1.596616 0.035064 3.668306
95191.765596 3 0.297794 1.606260 0.040301 3.668308
95207.166880 3 0.297775 1.615965 0.045539 3.668309
95222.414151 3 0.297757 1.625733 0.050777 3.668310
95237.508949 3 0.297738 1.635564 0.056015 3.668310
95252.452799 3 0.297720 1.645458 0.061253 3.668310
95267.247211 3 0.297701 1.655417 0.066490 3.668309
95281.893679 3 0.297682 1.665439 0.071728 3.668308
95296.393681 3 0.297663 1.675526 0.076966 3.668306
95310.748684 3 0.297644 1.685679 0.082204 3.668304
95324.960137 3 0.297624 1.695897 0.087441 3.668301
95339.029476 3 0.297604 1.706181 0.092679 3.668298
95352.958121 3 0.297585 1.716532 0.097917 3.668294
95366.747479 3 0.297565 1.726949 0.103155 3.668289
95380.398944 3 0.297545 1.737435 0.108392 3.668284
95393.913894 3 0.297524 1.747988 0.113630 3.668279
95407.293695 3 0.297504 1.758610 0.118868 3.668273
95420.539698 3 0.297483 1.769300 0.124106 3.668266
95433.653240 3 0.297463 1.780060 0.129343 3.668259
95446.635648 3 0.297442 1.790890 0.134581 3.668251
95459.488231 3 0.297421 1.801791 0.139819 3.668243
95472.212288 3 0.297399 1.812762 0.145057 3.668234
95484.809105 3 0.297378 1.823805 0.150295 3.668225
95497.279954 3 0.297356 1.834919 0.155532 3.668215
95509.626094 3 0.297334 1.846106 0.160770 3.668205
95521.848773 3 0.297313 1.857366 0.166008 3.668194
95533.949225 3 0.297290 1.868700 0.171246 3.668182
95545.928672 3 0.297268 1.880107 0.176483 3.668170
95557.788325 3 0.297245 1.891589 0.181721 3.668157
95569.529382 3 0.297223 1.903146 0.186959 3.668144
95581.153027 3 0.297200 1.914779 0.192197 3.668130
95592.660437 3 0.297177 1.926487 0.197434 3.668116
95604.052772 3 0.297154 1.938272 0.202672 3.668101
95615.331184 3 0.297130 1.950135 0.207910 3.668086
95626.496812 3 0.297106 1.962075 0.213148 3.668070
95637.550784 3 0.297083 1.974093 0.218385 3.668053
95648.494216 3 0.297059 1.986190 0.223623 3.668036
95659.328213 3 0.297034 1.998367 0.228861 3.668018
95670.053871 3 0.297010 2.010623 0.234099 3.668000
95680.672272 3 0.296985 2.022960 0.239337 3.667981
95691.184489 3 0.296960 2.035378 0.244574 3.667962
95701.591583 3 0.296935 2.047878 0.249812 3.667942
95711.894607 3 0.296910 2.060460 0.255050 3.667921
95722.094601 3 0.296885 2.073125 0.260288 3.667900
95732.192595 3 0.296859 2.085873 0.265525 3.667878
95742.189608 3 0.296833 2.098706 0.270763 3.667856
95752.086652 3 0.296807 2.111623 0.276001 3.667833
95761.884725 3 0.296781 2.124625 0.281239 3.667809
95771.584818 3 0.296754 2.137714 0.286476 3.667785
95781.187909 3 0.296727 2.150888 0.291714 3.667760
95790.694970 3 0.296700 2.164150 0.296952 3.667735
95800.106960 3 0.296673 2.177500 0.302190 3.667709
95809.424830 3 0.296646 2.190937 0.307428 3.667682
95818.649521 3 0.296618 2.204464 0.312665 3.667655
95827.781966 3 0.296590 2.218081 0.317903 3.667628
95836.823086 3 0.296562 2.231788 0.323141 3.667599
95845.773795 3 0.296534 2.245585 0.328379 3.667570
95854.634996 3 0.296505 2.259475 0.333616 3.667541
95863.407586 3 0.296476 2.273456 0.338854 3.667511
95872.092450 3 0.296447 2.287531 0.344092 3.667480
95880.690465 3 0.296418 2.301699 0.349330 3.667449
95889.202500 3 0.296388 2.315961 0.354567 3.667417
95897.629415 3 0.296359 2.330319 0.359805 3.667384
95905.972060 3 0.296328 2.344772 0.365043 3.667351
95914.231280 3 0.296298 2.359321 0.370281 3.667317
95922.407906 3 0.296268 2.373967 0.375518 3.667283
95930.502767 3 0.296237 2.388712 0.380756 3.667248
95938.516679 3 0.296206 2.403554 0.385994 3.667212
95946.450452 3 0.296174 2.418496 0.391232 3.667176
95954.304887 3 0.296143 2.433537 0.396470 3.667139
95962.080778 3 0.296111 2.448680 0.401707 3.667101
95969.778910 3 0.296079 2.463923 0.406945 3.667063
95977.400061 3 0.296047 2.479269 0.412183 3.667024
95984.945000 3 0.296014 2.494718 0.417421 3.666985
95992.414489 3 0.295981 2.510270 0.422658 3.666945
95999.809284 3 0.295948 2.525926 0.427896 3.666904
96007.130131 3 0.295914 2.541688 0.433134 3.666863
96014.377769 3 0.295881 2.557555 0.438372 3.666821
96021.552931 3 0.295847 2.573529 0.443609 3.666778
96028.656342 3 0.295812 2.589611 0.448847 3.666735
96035.688718 3 0.295778 2.605801 0.454085 3.666691
96042.650771 3 0.295743 2.622099 0.459323 3.666647
96049.543203 3 0.295708 2.638508 0.464561 3.666601
96056.366710 3 0.295672 2.655027 0.469798 3.666556
96063.121983 3 0.295636 2.671658 0.475036 3.666509
96069.809703 3 0.295600 2.688401 0.480274 3.666462
96076.430545 3 0.295564 2.705257 0.485512 3.666414
96082.985180 3 0.295527 2.722227 0.490749 3.666366
96089.474268 3 0.295490 2.739311 0.495987 3.666317
96095.898465 3 0.295453 2.756512 0.501225 3.666267
96102.258420 3 0.295415 2.773828 0.506463 3.666216
96108.554775 3 0.295377 2.791263 0.511700 3.666165
96114.788167 3 0.295339 2.808815 0.516938 3.666114
96120.959225 3 0.295300 2.826486 0.522176 3.666061
96127.068573 3 0.295261 2.844277 0.527414 3.666008
96133.116827 3 0.295222 2.862190 0.532651 3.665954
96139.104598 3 0.295183 2.880223 0.537889 3.665900
96145.032492 3 0.295143 2.898380 0.543127 3.665845
96150.901107 3 0.295102 2.916660 0.548365 3.665789
96156.711035 3 0.295062 2.935064 0.553603 3.665732
96162.462865 3 0.295021 2.953594 0.558840 3.665675
96168.157176 3 0.294980 2.972250 0.564078 3.665617
96173.794544 3 0.294938 2.991034 0.569316 3.665559
96179.375538 3 0.294896 3.009946 0.574554 3.665500
96184.900722 3 0.294854 3.028986 0.579791 3.665440
96190.370655 3 0.294811 3.048157 0.585029 3.665379
96195.785888 3 0.294768 3.067460 0.590267 3.665318
96201.146969 3 0.294724 3.086894 0.595505 3.665256
96206.454439 3 0.294681 3.106461 0.600742 3.665193
96211.708834 3 0.294636 3.126162 0.605980 3.665130
96216.910685 3 0.294592 3.145999 0.611218 3.665066
96222.060518 3 0.294547 3.165971 0.616456 3.665001
96227.158853 3 0.294502 3.186081 0.621694 3.664936
96232.206204 3 0.294456 3.206328 0.626931 3.664869
96237.203081 3 0.294410 3.226715 0.632169 3.664803
96242.149990 3 0.294363 3.247242 0.637407 3.664735
96247.047430 3 0.294316 3.267911 0.642645 3.664667
96251.895896 3 0.294269 3.288722 0.647882 3.664598
96256.695876 3 0.294221 3.309676 0.653120 3.664528
96261.447857 3 0.294173 3.330774 0.658358 3.664457
96266.152318 3 0.294125 3.352019 0.663596 3.664386
96270.809735 3 0.294076 3.373409 0.668833 3.664314
96275.420577 3 0.294027 3.394948 0.674071 3.664242
96279.985311 3 0.293977 3.416636 0.679309 3.664168
96284.504398 3 0.293927 3.438473 0.684547 3.664094
96288.978293 3 0.293876 3.460462 0.689784 3.664020
96293.407450 3 0.293825 3.482603 0.695022 3.663944
96297.792315 3 0.293773 3.504898 0.700260 3.663868
96302.133332 3 0.293721 3.527347 0.705498 3.663791
96306.430938 3 0.293669 3.549952 0.710736 3.663713
96310.685569 3 0.293616 3.572715 0.715973 3.663635
96314.897653 3 0.293563 3.595635 0.721211 3.663556
96319.067616 3 0.293509 3.618715 0.726449 3.663476
96323.195879 3 0.293455 3.641955 0.731687 3.663395
96327.282860 3 0.293400 3.665357 0.736924 3.663314
96331.328971 3 0.293345 3.688922 0.742162 3.663231
96335.334621 3 0.293289 3.712652 0.747400 3.663148
96339.300215 3 0.293233 3.736547 0.752638 3.663065
96343.226152 3 0.293177 3.760609 0.757875 3.662980
96347.112831 3 0.293120 3.784839 0.763113 3.662895
96350.960642 3 0.293062 3.809239 0.768351 3.662809
96354.769975 3 0.293004 3.833809 0.773589 3.662723
96358.541215 3 0.292945 3.858551 0.778827 3.662635
96362.274743 3 0.292886 3.883467 0.784064 3.662547
96365.970935 3 0.292827 3.908557 0.789302 3.662458
96369.630165 3 0.292766 3.933823 0.794540 3.662368
96373.252803 3 0.292706 3.959267 0.799778 3.662278
96376.839215 3 0.292645 3.984889 0.805015 3.662186
96380.389763 3 0.292583 4.010692 0.810253 3.662094
96383.904805 3 0.292521 4.036676 0.815491 3.662001
96387.384696 3 0.292458 4.062843 0.820729 3.661908
96390.829789 3 0.292394 4.089194 0.825966 3.661813
96394.240431 3 0.292331 4.115731 0.831204 3.661718
96397.616966 3 0.292266 4.142455 0.836442 3.661622
96400.959736 3 0.292201 4.169368 0.841680 3.661525
96404.269079 3 0.292136 4.196471 0.846917 3.661428
96407.545328 3 0.292069 4.223765 0.852155 3.661329
96410.788814 3 0.292003 4.251253 0.857393 3.661230
96413.999866 3 0.291935 4.278935 0.862631 3.661130
96417.178807 3 0.291867 4.306813 0.867869 3.661030
96420.325958 3 0.291799 4.334889 0.873106 3.660928
96423.441638 3 0.291730 4.363164 0.878344 3.660826
96426.526162 3 0.291660 4.391639 0.883582 3.660723
96429.579840 3 0.291590 4.420317 0.888820 3.660619
96432.602981 3 0.291519 4.449199 0.894057 3.660514
96435.595891 3 0.291447 4.478286 0.899295 3.660408
96438.558872 3 0.291375 4.507580 0.904533 3.660302
96441.492223 3 0.291302 4.537083 0.909771 3.660195
96444.396240 3 0.291229 4.566796 0.915008 3.660087
96447.271218 3 0.291154 4.596721 0.920246 3.659978
96450.117445 3 0.291080 4.626860 0.925484 3.659868
96452.935210 3 0.291004 4.657214 0.930722 3.659758
96455.724798 3 0.290928 4.687785 0.935960 3.659647
96458.486490 3 0.290851 4.718574 0.941197 3.659534
96461.220564 3 0.290774 4.749584 0.946435 3.659422
96463.927299 3 0.290696 4.780816 0.951673 3.659308
96466.606965 3 0.290617 4.812273 0.956911 3.659193
96469.259835 3 0.290537 4.843954 0.962148 3.659078
96471.886177 3 0.290457 4.875863 0.967386 3.658961
96474.486255 3 0.290376 4.908002 0.972624 3.658844
96477.060332 3 0.290294 4.940371 0.977862 3.658726
96479.608668 3 0.290212 4.972974 0.983099 3.658607
96482.131521 3 0.290129 5.005811 0.988337 3.658488
96484.629146 3 0.290045 5.038884 0.993575 3.658367
96487.101794 3 0.289960 5.072197 0.998813 3.658246
96489.549716 3 0.289875 5.105749 1.004050 3.658123
96491.973158 3 0.289789 5.139544 1.009288 3.658000
96494.372366 3 0.289702 5.173583 1.014526 3.657876
96496.747582 3 0.289614 5.207868 1.019764 3.657752
96499.099046 3 0.289525 5.242402 1.025002 3.657626
96501.426995 3 0.289436 5.277185 1.030239 3.657499
96503.731665 3 0.289346 5.312221 1.035477 3.657372
96506.013288 3 0.289255 5.347510 1.040715 3.657243
96508.272095 3 0.289163 5.383056 1.045953 3.657114
96510.508314 3 0.289071 5.418860 1.051190 3.656984
96512.722170 3 0.288977 5.454925 1.056428 3.656853
96514.913888 3 0.288883 5.491251 1.061666 3.656721
96517.083689 3 0.288788 5.527843 1.066904 3.656589
96519.231792 3 0.288692 5.564700 1.072141 3.656455
96521.358414 3 0.288595 5.601827 1.077379 3.656321
96523.463769 3 0.288498 5.639224 1.082617 3.656185
96525.548071 3 0.288399 5.676895 1.087855 3.656049
96527.611530 3 0.288300 5.714841 1.093093 3.655912
96529.654355 3 0.288199 5.753064 1.098330 3.655774
96531.676751 3 0.288098 5.791568 1.103568 3.655635
96533.678923 3 0.287996 5.830353 1.108806 3.655495
96535.661074 3 0.287893 5.869423 1.114044 3.655354
96537.623403 3 0.287789 5.908779 1.119281 3.655212
96539.566108 3 0.287684 5.948424 1.124519 3.655069
96541.489387 3 0.287578 5.988361 1.129757 3.654926
96543.393433 3 0.287471 6.028591 1.134995 3.654781
96545.278438 3 0.287363 6.069117 1.140232 3.654636
96547.144593 3 0.287254 6.109942 1.145470 3.654490
96548.992087 3 0.287144 6.151068 1.150708 3.654342
96550.821106 3 0.287033 6.192497 1.155946 3.654194
96552.631835 3 0.286922 6.234232 1.161183 3.654045
96554.424456 3 0.286809 6.276276 1.166421 3.653895
96556.199151 3 0.286695 6.318630 1.171659 3.653744
96557.956099 3 0.286580 6.361298 1.176897 3.653592
96559.695478 3 0.286464 6.404281 1.182135 3.653439
96561.417463 3 0.286347 6.447584 1.187372 3.653285
96563.122228 3 0.286228 6.491207 1.192610 3.653130
96564.809945 3 0.286109 6.535155 1.197848 3.652975
96566.480786 3 0.285989 6.579429 1.203086 3.652818
96568.134917 3 0.285867 6.624032 1.208323 3.652660
96569.772508 3 0.285745 6.668968 1.213561 3.652502
96571.393723 3 0.285621 6.714238 1.218799 3.652342
96572.998725 3 0.285496 6.759845 1.224037 3.652181
96574.587678 3 0.285370 6.805793 1.229274 3.652020
96576.160740 3 0.285243 6.852084 1.234512 3.651857
96577.718073 3 0.285114 6.898721 1.239750 3.651694
96579.259832 3 0.284985 6.945707 1.244988 3.651529
96580.786173 3 0.284854 6.993044 1.250225 3.651364
96582.297251 3 0.284722 7.040736 1.255463 3.651197
96583.793218 3 0.284589 7.088786 1.260701 3.651030
96585.274226 3 0.284454 7.137197 1.265939 3.650861
96586.740423 3 0.284319 7.185971 1.271177 3.650692
96588.191959 3 0.284182 7.235111 1.276414 3.650522
96589.628979 3 0.284043 7.284622 1.281652 3.650350
96591.051629 3 0.283904 7.334505 1.286890 3.650178
96592.460052 3 0.283763 7.384764 1.292128 3.650004
96593.854391 3 0.283621 7.435403 1.297365 3.649830
96595.234787 3 0.283477 7.486424 1.302603 3.649654
96596.601379 3 0.283332 7.537830 1.307841 3.649478
96597.954305 3 0.283186 7.589625 1.313079 3.649300
96599.293702 3 0.283038 7.641812 1.318316 3.649121
96600.619704 3 0.282889 7.694395 1.323554 3.648942
96601.932447 3 0.282739 7.747376 1.328792 3.648761
96603.232062 3 0.282587 7.800760 1.334030 3.648580
96604.518681 3 0.282434 7.854549 1.339268 3.648397
96605.792434 3 0.282279 7.908747 1.344505 3.648213
96607.053449 3 0.282123 7.963358 1.349743 3.648028
96608.301855 3 0.281965 8.018385 1.354981 3.647842
96609.537776 3 0.281806 8.073831 1.360219 3.647655
96610.761338 3 0.281645 8.129700 1.365456 3.647467
96611.972664 3 0.281483 8.185996 1.370694 3.647278
96613.171877 3 0.281319 8.242723 1.375932 3.647088
96614.359098 3 0.281154 8.299884 1.381170 3.646897
96615.534447 3 0.280987 8.357482 1.386407 3.646705
96616.698042 3 0.280818 8.411235 1.391645 3.646622
96617.850001 3 0.280648 8.460465 1.396883 3.646664
96618.990441 3 0.280477 8.509872 1.402121 3.646709
96620.119476 3 0.280304 8.559452 1.407359 3.646757
96621.237221 3 0.280130 8.609199 1.412597 3.646808
96622.343789 3 0.279954 8.659107 1.417834 3.646863
96623.439291 3 0.279776 8.709170 1.423072 3.646920
96624.523837 3 0.279598 8.759382 1.428310 3.646981
96625.597539 3 0.279417 8.809737 1.433548 3.647046
96626.660503 3 0.279235 8.860225 1.438786 3.647115
96627.712838 3 0.279052 8.910841 1.444024 3.647187
96628.754649 3 0.278867 8.961574 1.449262 3.647264
96629.786042 3 0.278680 9.012416 1.454499 3.647345
96630.807121 3 0.278492 9.063356 1.459737 3.647430
96631.817990 3 0.278303 9.114386 1.464975 3.647521
96632.818750 3 0.278111 9.165492 1.470213 3.647616
96633.809502 3 0.277919 9.216664 1.475451 3.647716
96634.790347 3 0.277724 9.267887 1.480689 3.647822
96635.761383 3 0.277528 9.319148 1.485927 3.647934
96636.722709 3 0.277331 9.370432 1.491165 3.648052
96637.674421 3 0.277131 9.421723 1.496402 3.648176
96638.616617 3 0.276930 9.473002 1.501640 3.648307
96639.549390 3 0.276728 9.524251 1.506878 3.648445
96640.472836 3 0.276524 9.575450 1.512116 3.648590
96641.387047 3 0.276318 9.626577 1.517354 3.648743
96642.292117 3 0.276110 9.677606 1.522592 3.648905
96643.188135 3 0.275901 9.728512 1.527830 3.649075
96644.075194 3 0.275690 9.779267 1.533068 3.649254
96644.953381 3 0.275477 9.829840 1.538306 3.649444
96645.822787 3 0.275263 9.880197 1.543544 3.649644
96646.683499 3 0.275047 9.930300 1.548782 3.649855
96647.535604 3 0.274829 9.980110 1.554020 3.650078
96648.379187 3 0.274610 10.029582 1.559258 3.650314
96649.214335 3 0.274389 10.078666 1.564496 3.650563
96650.041132 3 0.274166 10.127308 1.569734 3.650827
96650.859660 3 0.273941 10.175449 1.574972 3.651107
96651.670003 3 0.273715 10.223022 1.580210 3.651403
96652.472243 3 0.273487 10.269952 1.585448 3.651718
96653.266460 3 0.273258 10.316156 1.590686 3.652053
96654.052735 3 0.273026 10.361541 1.595925 3.652410
96654.831148 3 0.272793 10.406002 1.601163 3.652789
96655.601776 3 0.272559 10.449419 1.606401 3.653195
96656.364698 3 0.272322 10.491658 1.611639 3.653628
96657.119990 3 0.272084 10.532565 1.616878 3.654093
96657.867730 3 0.271845 10.571962 1.622116 3.654592
96658.607993 3 0.271604 10.609646 1.627354 3.655129
96659.340852 3 0.271361 10.645380 1.632593 3.655708
96660.066384 3 0.271116 10.678891 1.637831 3.656335
96660.784659 3 0.270871 10.709855 1.643070 3.657016
96661.495753 3 0.270623 10.737891 1.648309 3.657758
96662.199735 3 0.270375 10.762550 1.653548 3.658570
96662.896677 3 0.270125 10.783291 1.658787 3.659462
96663.586650 3 0.269874 10.799465 1.664026 3.660446
96664.269723 3 0.269622 10.810283 1.669265 3.661538
96664.945966 3 0.269369 10.814784 1.674505 3.662758
96665.615446 3 0.269114 10.811780 1.679745 3.664128
96666.278231 3 0.268860 10.799796 1.684985 3.665679
96666.934388 3 0.268605 10.776984 1.690225 3.667448
96667.583984 3 0.268349 10.741008 1.695466 3.669485
96668.227084 3 0.268094 10.688891 1.700708 3.671851
96668.863753 3 0.267839 10.616803 1.705950 3.674631
96669.494055 3 0.267585 10.519788 1.711193 3.677935
96669.806055 3 0.267459 10.460126 1.713808 3.679824
96670.116494 3 0.267333 10.391725 1.716424 3.681903
96670.425382 3 0.267208 10.313475 1.719040 3.684198
96670.732725 3 0.267084 10.224109 1.721657 3.686742
96671.038531 3 0.266961 10.122179 1.724274 3.689572
96671.190669 3 0.266899 10.066093 1.725581 3.691105
96671.342428 3 0.266839 10.006246 1.726888 3.692727
96671.493806 3 0.266778 9.942399 1.728195 3.694444
96671.644807 3 0.266718 9.874296 1.729503 3.696263
96671.795430 3 0.266658 9.801667 1.730810 3.698193
96671.945676 3 0.266599 9.724225 1.732118 3.700243
96672.095547 3 0.266540 9.641664 1.733426 3.702421
96672.245043 3 0.266481 9.553665 1.734735 3.704739
96672.394165 3 0.266423 9.459890 1.736043 3.707208
96672.494165 3 0.266394 9.410788 1.736697 3.708502
96672.594165 3 0.266366 9.360113 1.737351 3.709838
96672.694165 3 0.266337 9.307818 1.738005 3.711218
96672.794165 3 0.266309 9.253857 1.738659 3.712644
96672.894165 3 0.266281 9.198181 1.739314 3.714118
96672.994165 3 0.266253 9.140741 1.739968 3.715642
96673.094165 3 0.266225 9.081488 1.740622 3.717218
96673.194165 3 0.266197 9.020370 1.741277 3.718848
96673.294165 3 0.266170 8.957338 1.741931 3.720534
96673.394165 3 0.266142 8.892339 1.742586 3.722279
96673.494165 3 0.266115 8.825322 1.743241 3.724086
96673.594165 3 0.266088 8.756234 1.743896 3.725956
96673.694165 3 0.266061 8.685025 1.744551 3.727893
96673.794165 3 0.266035 8.611642 1.745206 3.729899
96673.894165 3 0.266009 8.536034 1.745861 3.731978
96673.994165 3 0.265983 8.458149 1.746516 3.734132
96674.094165 3 0.265957 8.377937 1.747172 3.736365
96674.194165 3 0.265931 8.295349 1.747827 3.738680
96674.294165 3 0.265918 8.253190 1.748155 3.739868
96674.394165 3 0.265906 8.210420 1.748483 3.741079
96674.494165 3 0.265893 8.167034 1.748810 3.742311
96674.594165 3 0.265881 8.123027 1.749138 3.743566
96674.694165 3 0.265868 8.078393 1.749466 3.744845
96674.794165 3 0.265856 8.033126 1.749794 3.746147
96674.894165 3 0.265844 7.987222 1.750122 3.747473
96674.994165 3 0.265831 7.940676 1.750450 3.748824
96675.094165 3 0.265819 7.893482 1.750778 3.750201
96675.194165 3 0.265807 7.845636 1.751106 3.751603
96675.294165 3 0.265795 7.797134 1.751434 3.753032
96675.394165 3 0.265783 7.747971 1.751762 3.754487
96675.494165 3 0.265771 7.698144 1.752090 3.755970
96675.594165 3 0.265759 7.647649 1.752419 3.757481
96675.694165 3 0.265748 7.596482 1.752747 3.759021
96675.794165 3 0.265736 7.544640 1.753075 3.760590
96675.894165 3 0.265724 7.492121 1.753403 3.762189
96675.994165 3 0.265713 7.438921 1.753732 3.763819
96676.094165 3 0.265702 7.385039 1.754060 3.765479
96676.194165 3 0.265690 7.330473 1.754389 3.767172
96676.294165 3 0.265679 7.275220 1.754717 3.768897
96676.394165 3 0.265668 7.219281 1.755046 3.770655
96676.494165 3 0.265657 7.162654 1.755375 3.772447
96676.594165 3 0.265646 7.105339 1.755703 3.774274
96676.694165 3 0.265635 7.047336 1.756032 3.776136
96676.794165 3 0.265624 6.988646 1.756361 3.778034
96676.894165 3 0.265613 6.929269 1.756690 3.779969
96676.994165 3 0.265603 6.869208 1.757019 3.781942
96677.094165 3 0.265592 6.808464 1.757348 3.783953
96677.194165 3 0.265581 6.747040 1.757677 3.786003
96677.294165 3 0.265571 6.684940 1.758006 3.788093
96677.394165 3 0.265561 6.622166 1.758335 3.790224
96677.494165 3 0.265551 6.558724 1.758664 3.792397
96677.594165 3 0.265541 6.494618 1.758994 3.794612
96677.694165 3 0.265531 6.429854 1.759323 3.796871
96677.794165 3 0.265526 6.397251 1.759488 3.798016
96677.894165 3 0.265521 6.364485 1.759652 3.799172
96677.994165 3 0.265516 6.331560 1.759817 3.800339
96678.094165 3 0.265511 6.298474 1.759982 3.801518
96678.194165 3 0.265506 6.265229 1.760147 3.802709
96678.294165 3 0.265501 6.231826 1.760311 3.803911
96678.394165 3 0.265496 6.198266 1.760476 3.805124
96678.494165 3 0.265492 6.164550 1.760641 3.806350
96678.594165 3 0.265487 6.130680 1.760806 3.807588
96678.694165 3 0.265482 6.096657 1.760971 3.808837
96678.794165 3 0.265477 6.062481 1.761135 3.810099
96678.894165 3 0.265473 6.028154 1.761300 3.811373
96678.994165 3 0.265468 5.993678 1.761465 3.812660
96679.094165 3 0.265464 5.959054 1.761630 3.813959
96679.194165 3 0.265459 5.924283 1.761795 3.815271
96679.294165 3 0.265454 5.889366 1.761960 3.816596
96679.394165 3 0.265450 5.854307 1.762125 3.817934
96679.494165 3 0.265445 5.819105 1.762290 3.819285
96679.594165 3 0.265441 5.783762 1.762455 3.820649
96679.694165 3 0.265436 5.748281 1.762620 3.822027
96679.794165 3 0.265432 5.712663 1.762785 3.823418
96679.894165 3 0.265428 5.676910 1.762950 3.824822
96679.994165 3 0.265423 5.641024 1.763116 3.826240
96680.094165 3 0.265419 5.605006 1.763281 3.827673
96680.194165 3 0.265415 5.568858 1.763446 3.829119
96680.294165 3 0.265410 5.532583 1.763611 3.830579
96680.394165 3 0.265406 5.496183 1.763776 3.832054
96680.494165 3 0.265402 5.459660 1.763941 3.833543
96680.594165 3 0.265397 5.423015 1.764107 3.835047
96680.694165 3 0.265393 5.386252 1.764272 3.836565
96680.794165 3 0.265389 5.349372 1.764437 3.838098
96680.894165 3 0.265385 5.312378 1.764603 3.839647
96680.994165 3 0.265381 5.275272 1.764768 3.841210
96681.094165 3 0.265377 5.238057 1.764933 3.842789
96681.194165 3 0.265373 5.200735 1.765099 3.844383
96681.294165 3 0.265369 5.163308 1.765264 3.845993
96681.394165 3 0.265365 5.125780 1.765430 3.847618
96681.494165 3 0.265361 5.088153 1.765595 3.849259
96681.594165 3 0.265357 5.050429 1.765761 3.850917
96681.694165 3 0.265353 5.012612 1.765926 3.852590
96681.794165 3 0.265349 4.974705 1.766092 3.854280
96681.894165 3 0.265345 4.936709 1.766257 3.855986
96681.994165 3 0.265341 4.898629 1.766423 3.857709
96682.094165 3 0.265338 4.860467 1.766589 3.859449
96682.194165 3 0.265334 4.822226 1.766754 3.861205
96682.294165 3 0.265330 4.783909 1.766920 3.862979
96682.394165 3 0.265327 4.745520 1.767086 3.864770
96682.494165 3 0.265323 4.707062 1.767252 3.866579
96682.594165 3 0.265319 4.668537 1.767417 3.868405
96682.694165 3 0.265316 4.629950 1.767583 3.870248
96682.794165 3 0.265312 4.591304 1.767749 3.872110
96682.894165 3 0.265308 4.552601 1.767915 3.873990
96682.994165 3 0.265305 4.513846 1.768081 3.875887
96683.094165 3 0.265301 4.475043 1.768247 3.877804
96683.194165 3 0.265298 4.436194 1.768413 3.879739
96683.294165 3 0.265295 4.397303 1.768579 3.881692
96683.394165 3 0.265291 4.358374 1.768745 3.883665
96683.494165 3 0.265288 4.319411 1.768911 3.885656
96683.594165 3 0.265284 4.280418 1.769077 3.887667
96683.694165 3 0.265281 4.241398 1.769243 3.889697
96683.794165 3 0.265278 4.202355 1.769410 3.891747
96683.894165 3 0.265275 4.163293 1.769576 3.893816
96683.994165 3 0.265271 4.124216 1.769742 3.895905
96684.094165 3 0.265268 4.085129 1.769908 3.898015
96684.194165 3 0.265265 4.046034 1.770075 3.900144
96684.294165 3 0.265262 4.006937 1.770241 3.902295
96684.394165 3 0.265259 3.967841 1.770408 3.904465
96684.494165 3 0.265256 3.928750 1.770574 3.906657
96684.594165 3 0.265253 3.889669 1.770741 3.908869
96684.694165 3 0.265251 3.870143 1.770824 3.909983
96684.794165 3 0.265250 3.850620 1.770907 3.911102
96684.894165 3 0.265248 3.831102 1.770990 3.912226
96684.994165 3 0.265247 3.811589 1.771074 3.913356
96685.094165 3 0.265245 3.792082 1.771157 3.914491
96685.194165 3 0.265244 3.772581 1.771240 3.915631
96685.294165 3 0.265242 3.753087 1.771324 3.916777
96685.394165 3 0.265241 3.733600 1.771407 3.917928
96685.494165 3 0.265239 3.714120 1.771490 3.919085
96685.594165 3 0.265238 3.694650 1.771574 3.920247
96685.694165 3 0.265237 3.675188 1.771657 3.921415
96685.794165 3 0.265235 3.655735 1.771740 3.922588
96685.894165 3 0.265234 3.636292 1.771824 3.923767
96685.994165 3 0.265232 3.616860 1.771907 3.924951
96686.094165 3 0.265231 3.597439 1.771990 3.926141
96686.194165 3 0.265230 3.578030 1.772074 3.927337
96686.294165 3 0.265228 3.558633 1.772157 3.928538
96686.394165 3 0.265227 3.539249 1.772241 3.929745
96686.494165 3 0.265225 3.519878 1.772324 3.930958
96686.594165 3 0.265224 3.500521 1.772408 3.932176
96686.694165 3 0.265223 3.481179 1.772491 3.933400
96686.794165 3 0.265221 3.461852 1.772575 3.934630
96686.894165 3 0.265220 3.442540 1.772658 3.935866
96686.994165 3 0.265219 3.423244 1.772742 3.937107
96687.094165 3 0.265217 3.403966 1.772825 3.938354
96687.194165 3 0.265216 3.384704 1.772909 3.939607
96687.294165 3 0.265215 3.365461 1.772992 3.940866
96687.394165 3 0.265213 3.346236 1.773076 3.942131
96687.494165 3 0.265212 3.327030 1.773159 3.943402
96687.594165 3 0.265211 3.307843 1.773243 3.944679
96687.694165 3 0.265210 3.288677 1.773326 3.945962
96687.794165 3 0.265208 3.269532 1.773410 3.947250
96687.894165 3 0.265207 3.250408 1.773494 3.948545
96687.994165 3 0.265206 3.231306 1.773577 3.949846
96688.094165 3 0.265204 3.212227 1.773661 3.951153
96688.194165 3 0.265203 3.193170 1.773744 3.952466
96688.294165 3 0.265202 3.174138 1.773828 3.953785
96688.394165 3 0.265201 3.155129 1.773912 3.955110
96688.494165 3 0.265200 3.136146 1.773996 3.956441
96688.594165 3 0.265198 3.117188 1.774079 3.957779
96688.694165 3 0.265197 3.098256 1.774163 3.959123
96688.794165 3 0.265196 3.079350 1.774247 3.960473
96688.894165 3 0.265195 3.060472 1.774330 3.961829
96688.994165 3 0.265194 3.041622 1.774414 3.963191
96689.094165 3 0.265192 3.022800 1.774498 3.964560
96689.194165 3 0.265191 3.004006 1.774582 3.965936
96689.294165 3 0.265190 2.985243 1.774665 3.967317
96689.394165 3 0.265189 2.966509 1.774749 3.968705
96689.494165 3 0.265188 2.947806 1.774833 3.970099
96689.594165 3 0.265187 2.929134 1.774917 3.971500
96689.694165 3 0.265185 2.910495 1.775001 3.972907
96689.794165 3 0.265184 2.891887 1.775085 3.974321
96689.894165 3 0.265183 2.873313 1.775168 3.975741
96689.994165 3 0.265182 2.854772 1.775252 3.977168
96690.094165 3 0.265181 2.836265 1.775336 3.978601
96690.194165 3 0.265180 2.817793 1.775420 3.980041
96690.294165 3 0.265179 2.799356 1.775504 3.981487
96690.394165 3 0.265178 2.780956 1.775588 3.982941
96690.494165 3 0.265177 2.762591 1.775672 3.984400
96690.594165 3 0.265176 2.744264 1.775756 3.985867
96690.694165 3 0.265174 2.725974 1.775840 3.987340
96690.794165 3 0.265173 2.707723 1.775924 3.988819
96690.894165 3 0.265172 2.689510 1.776008 3.990306
96690.994165 3 0.265171 2.671337 1.776092 3.991799
96691.094165 3 0.265170 2.653203 1.776176 3.993299
96691.194165 3 0.265169 2.635110 1.776260 3.994806
96691.294165 3 0.265168 2.617058 1.776344 3.996320
96691.394165 3 0.265167 2.599047 1.776428 3.997841
96691.494165 3 0.265166 2.581079 1.776512 3.999368
96691.594165 3 0.265165 2.563153 1.776597 4.000902
96691.694165 3 0.265164 2.545271 1.776681 4.002444
96691.794165 3 0.265163 2.527432 1.776765 4.003992
96691.894165 3 0.265162 2.509638 1.776849 4.005547
96691.994165 3 0.265161 2.491888 1.776933 4.007110
96692.094165 3 0.265160 2.474184 1.777017 4.008679
96692.194165 3 0.265159 2.456527 1.777102 4.010255
96692.294165 3 0.265158 2.438915 1.777186 4.011839
96692.394165 3 0.265157 2.421351 1.777270 4.013429
96692.494165 3 0.265156 2.403835 1.777354 4.015027
96692.594165 3 0.265156 2.386366 1.777439 4.016632
96692.694165 3 0.265155 2.368947 1.777523 4.018244
96692.794165 3 0.265154 2.351576 1.777607 4.019863
96692.894165 3 0.265153 2.334256 1.777692 4.021489
96692.994165 3 0.265152 2.316985 1.777776 4.023123
96693.094165 3 0.265151 2.299766 1.777861 4.024764
96693.194165 3 0.265150 2.282598 1.777945 4.026412
96693.294165 3 0.265149 2.265482 1.778029 4.028068
96693.394165 3 0.265148 2.248418 1.778114 4.029731
96693.494165 3 0.265147 2.231407 1.778198 4.031401
96693.594165 3 0.265147 2.214449 1.778283 4.033078
96693.694165 3 0.265146 2.197546 1.778367 4.034763
96693.794165 3 0.265145 2.180697 1.778452 4.036456
96693.894165 3 0.265144 2.163903 1.778536 4.038156
96693.994165 3 0.265143 2.147164 1.778621 4.039863
96694.094165 3 0.265142 2.130481 1.778705 4.041578
96694.194165 3 0.265142 2.113855 1.778790 4.043300
96694.294165 3 0.265141 2.097285 1.778875 4.045030
96694.394165 3 0.265140 2.080773 1.778959 4.046768
96694.494165 3 0.265139 2.064319 1.779044 4.048513
96694.594165 3 0.265138 2.047923 1.779129 4.050266
96694.694165 3 0.265137 2.031586 1.779213 4.052026
96694.794165 3 0.265137 2.015308 1.779298 4.053794
96694.894165 3 0.265136 1.999090 1.779383 4.055570
96694.994165 3 0.265135 1.982933 1.779467 4.057353
96695.094165 3 0.265134 1.966835 1.779552 4.059145
96695.194165 3 0.265134 1.950799 1.779637 4.060944
96695.294165 3 0.265133 1.934825 1.779722 4.062750
96695.394165 3 0.265132 1.918912 1.779807 4.064565
96695.494165 3 0.265131 1.903062 1.779892 4.066387
96695.594165 3 0.265131 1.887275 1.779976 4.068217
96695.694165 3 0.265130 1.871551 1.780061 4.070055
96695.794165 3 0.265129 1.855891 1.780146 4.071901
96695.894165 3 0.265128 1.840295 1.780231 4.073755
96695.994165 3 0.265128 1.824763 1.780316 4.075616
96696.094165 3 0.265127 1.809297 1.780401 4.077486
96696.194165 3 0.265126 1.793895 1.780486 4.079364
96696.294165 3 0.265126 1.778560 1.780571 4.081249
96696.394165 3 0.265125 1.763291 1.780656 4.083143
96696.494165 3 0.265124 1.748088 1.780741 4.085044
96696.594165 3 0.265124 1.732952 1.780827 4.086954
96696.694165 3 0.265123 1.717883 1.780912 4.088872
96696.794165 3 0.265122 1.702883 1.780997 4.090797
96696.894165 3 0.265122 1.687950 1.781082 4.092731
96696.994165 3 0.265121 1.673085 1.781167 4.094673
96697.094165 3 0.265120 1.658290 1.781252 4.096623
96697.194165 3 0.265120 1.643563 1.781338 4.098582
96697.294165 3 0.265120 1.629922 1.781423 4.100413
96697.394165 3 0.265119 1.616332 1.781508 4.102252
96697.494165 3 0.265119 1.602795 1.781593 4.104100
96697.594165 3 0.265119 1.589310 1.781678 4.105956
96697.694165 3 0.265119 1.575879 1.781763 4.107820
96697.794165 3 0.265119 1.562500 1.781848 4.109692
96697.894165 3 0.265119 1.549176 1.781933 4.111573
96697.994165 3 0.265119 1.535906 1.782018 4.113463
96698.094165 3 0.265119 1.522690 1.782103 4.115361
96698.194165 3 0.265119 1.509529 1.782188 4.117267
96698.294165 3 0.265119 1.496424 1.782274 4.119182
96698.394165 3 0.265119 1.483374 1.782359 4.121105
96698.494165 3 0.265119 1.470381 1.782444 4.123037
96698.594165 3 0.265119 1.457444 1.782529 4.124977
96698.694165 3 0.265119 1.444563 1.782615 4.126926
96698.794165 3 0.265119 1.431740 1.782700 4.128883
96698.894165 3 0.265119 1.418975 1.782785 4.130850
96698.994165 3 0.265119 1.406267 1.782871 4.132824
96699.094165 3 0.265119 1.393617 1.782956 4.134808
96699.194165 3 0.265119 1.381027 1.783042 4.136800
96699.294165 3 0.265119 1.368495 1.783127 4.138801
96699.394165 3 0.265119 1.356022 1.783213 4.140810
96699.494165 3 0.265119 1.343609 1.783298 4.142829
96699.594165 3 0.265119 1.331255 1.783384 4.144856
96699.694165 3 0.265119 1.318962 1.783469 4.146892
96699.794165 3 0.265119 1.306730 1.783555 4.148936
96699.894165 3 0.265119 1.294558 1.783641 4.150990
96699.994165 3 0.265119 1.282448 1.783726 4.153052
96700.094165 3 0.265119 1.270399 1.783812 4.155124
96700.194165 3 0.265118 1.258411 1.783898 4.157204
96700.294165 3 0.265118 1.246486 1.783983 4.159293
96700.394165 3 0.265118 1.234623 1.784069 4.161391
96700.494165 3 0.265118 1.222822 1.784155 4.163498
96700.594165 3 0.265118 1.211084 1.784241 4.165614
96700.694165 3 0.265118 1.199410 1.784327 4.167738
96700.794165 3 0.265118 1.187799 1.784413 4.169872
96700.894165 3 0.265118 1.176251 1.784499 4.172015
96700.994165 3 0.265118 1.164768 1.784585 4.174167
96701.094165 3 0.265118 1.153348 1.784671 4.176328
96701.194165 3 0.265118 1.141993 1.784757 4.178498
96701.294165 3 0.265118 1.130702 1.784843 4.180677
96701.394165 3 0.265118 1.119476 1.784929 4.182865
96701.494165 3 0.265118 1.108316 1.785015 4.185063
96701.594165 3 0.265118 1.097220 1.785102 4.187269
96701.694165 3 0.265118 1.086190 1.785188 4.189485
96701.794165 3 0.265118 1.075226 1.785274 4.191709
96701.894165 3 0.265118 1.064327 1.785361 4.193943
96701.994165 3 0.265118 1.053495 1.785447 4.196186
96702.094165 3 0.265118 1.042729 1.785533 4.198438
96702.194165 3 0.265118 1.032029 1.785620 4.200700
96702.294165 3 0.265118 1.021396 1.785706 4.202970
96702.394165 3 0.265118 1.010830 1.785793 4.205250
96702.494165 3 0.265118 1.000330 1.785879 4.207539
96702.594165 3 0.265118 0.989898 1.785966 4.209837
96702.694165 3 0.265117 0.979532 1.786053 4.212144
96702.794165 3 0.265117 0.969235 1.786139 4.214461
96702.894165 3 0.265117 0.959004 1.786226 4.216787
96702.994165 3 0.265117 0.948841 1.786313 4.219122
96703.094165 3 0.265117 0.938746 1.786400 4.221466
96703.194165 3 0.265117 0.928719 1.786486 4.223820
96703.294165 3 0.265117 0.918760 1.786573 4.226183
96703.394165 3 0.265117 0.908869 1.786660 4.228555
96703.494165 3 0.265117 0.899046 1.786747 4.230936
96703.594165 3 0.265117 0.889291 1.786834 4.233327
96703.694165 3 0.265117 0.879605 1.786921 4.235727
96703.794165 3 0.265117 0.869987 1.787008 4.238136
96703.894165 3 0.265117 0.860437 1.787096 4.240555
96703.994165 3 0.265117 0.850956 1.787183 4.242983
96704.094165 3 0.265117 0.841544 1.787270 4.245420
96704.194165 3 0.265117 0.832200 1.787357 4.247866
96704.294165 3 0.265117 0.822925 1.787445 4.250322
96704.394165 3 0.265117 0.813718 1.787532 4.252787
96704.494165 3 0.265117 0.804580 1.787619 4.255261
96704.594165 3 0.265117 0.795511 1.787707 4.257744
96704.694165 3 0.265117 0.786511 1.787794 4.260237
96704.794165 3 0.265116 0.777579 1.787882 4.262739
96704.894165 3 0.265116 0.768717 1.787970 4.265250
96704.994165 3 0.265116 0.759923 1.788057 4.267770
96705.094165 3 0.265116 0.751197 1.788145 4.270300
96705.194165 3 0.265116 0.742541 1.788233 4.272839
96705.294165 3 0.265116 0.733953 1.788321 4.275387
96705.394165 3 0.265116 0.725434 1.788409 4.277944
96705.494165 3 0.265116 0.716983 1.788497 4.280510
96705.594165 3 0.265116 0.708601 1.788585 4.283086
96705.694165 3 0.265116 0.700288 1.788673 4.285670
96705.794165 3 0.265116 0.692043 1.788761 4.288264
96705.894165 3 0.265116 0.683866 1.788849 4.290867
96705.994165 3 0.265116 0.675757 1.788937 4.293479
96706.094165 3 0.265116 0.667717 1.789025 4.296101
96706.194165 3 0.265116 0.659745 1.789114 4.298731
96706.294165 3 0.265116 0.651841 1.789202 4.301370
96706.394165 3 0.265116 0.644005 1.789291 4.304019
96706.494165 3 0.265116 0.636237 1.789379 4.306676
96706.594165 3 0.265116 0.628536 1.789468 4.309342
96706.694165 3 0.265115 0.620903 1.789556 4.312018
96706.794165 3 0.265115 0.613338 1.789645 4.314702
96706.894165 3 0.265115 0.605840 1.789734 4.317395
96706.994165 3 0.265115 0.598409 1.789823 4.320097
96707.094165 3 0.265115 0.591045 1.789912 4.322808
96707.194165 3 0.265115 0.583748 1.790000 4.325528
96707.294165 3 0.265115 0.576518 1.790089 4.328257
96707.394165 3 0.265115 0.569354 1.790179 4.330994
96707.494165 3 0.265115 0.562257 1.790268 4.333740
96707.594165 3 0.265115 0.555225 1.790357 4.336495
96707.694165 3 0.265115 0.548260 1.790446 4.339259
96707.794165 3 0.265115 0.541361 1.790536 4.342031
96707.894165 3 0.265115 0.534527 1.790625 4.344812
96707.994165 3 0.265115 0.527759 1.790714 4.347601
96708.094165 3 0.265115 0.521056 1.790804 4.350399
96708.194165 3 0.265115 0.514418 1.790894 4.353206
96708.294165 3 0.265114 0.507845 1.790983 4.356021
96708.394165 3 0.265114 0.501337 1.791073 4.358844
96708.494165 3 0.265114 0.494894 1.791163 4.361675
96708.594165 3 0.265114 0.488515 1.791253 4.364515
96708.694165 3 0.265114 0.482200 1.791343 4.367363
96708.794165 3 0.265114 0.475949 1.791433 4.370219
96708.894165 3 0.265114 0.469762 1.791523 4.373082
96708.994165 3 0.265114 0.463638 1.791613 4.375954
96709.094165 3 0.265114 0.457578 1.791704 4.378834
96709.194165 3 0.265114 0.451580 1.791794 4.381722
96709.294165 3 0.265114 0.445645 1.791885 4.384617
96709.394165 3 0.265114 0.439772 1.791975 4.387521
96709.494165 3 0.265114 0.433961 1.792066 4.390432
96709.594165 3 0.265114 0.428212 1.792157 4.393350
96709.694165 3 0.265114 0.422524 1.792247 4.396277
96709.794165 3 0.265114 0.416898 1.792338 4.399210
96709.894165 3 0.265114 0.411370 1.792429 4.402132
96709.994165 3 0.265114 0.405902 1.792520 4.405060
96710.094165 3 0.265114 0.400493 1.792611 4.407996
96710.194165 3 0.265113 0.395144 1.792702 4.410939
96710.294165 3 0.265113 0.389853 1.792794 4.413889
96710.394165 3 0.265113 0.384620 1.792885 4.416846
96710.494165 3 0.265113 0.379446 1.792976 4.419810
96710.594165 3 0.265113 0.374329 1.793068 4.422781
96710.694165 3 0.265113 0.369270 1.793160 4.425758
96710.794165 3 0.265113 0.364268 1.793251 4.428743
96710.894165 3 0.265113 0.359322 1.793343 4.431734
96710.994165 3 0.265113 0.354433 1.793435 4.434732
96711.094165 3 0.265113 0.349600 1.793527 4.437736
96711.194165 3 0.265113 0.344823 1.793619 4.440747
96711.294165 3 0.265113 0.340101 1.793711 4.443764
96711.394165 3 0.265113 0.335434 1.793804 4.446788
96711.494165 3 0.265113 0.330821 1.793896 4.449818
96711.594165 3 0.265113 0.326262 1.793988 4.452854
96711.694165 3 0.265113 0.321758 1.794081 4.455896
96711.794165 3 0.265113 0.317306 1.794174 4.458945
96711.894165 3 0.265113 0.312908 1.794267 4.461999
96711.994165 3 0.265113 0.308562 1.794360 4.465059
96712.094165 3 0.265113 0.304269 1.794453 4.468125
96712.194165 3 0.265113 0.300027 1.794546 4.471197
96712.294165 3 0.265113 0.295837 1.794639 4.474274
96712.394165 3 0.265113 0.291698 1.794732 4.477357
96712.494165 3 0.265113 0.287610 1.794826 4.480445
96712.594165 3 0.265113 0.283572 1.794920 4.483539
96712.694165 3 0.265113 0.279585 1.795013 4.486637
96712.794165 3 0.265113 0.275646 1.795107 4.489741
96712.894165 3 0.265113 0.271758 1.795201 4.492850
96712.994165 3 0.265113 0.267917 1.795295 4.495964
96713.094165 3 0.265113 0.264126 1.795390 4.499083
96713.194165 3 0.265113 0.260382 1.795484 4.502206
96713.294165 3 0.265113 0.256686 1.795578 4.505334
96713.394165 3 0.265113 0.253038 1.795673 4.508466
96713.494165 3 0.265113 0.249436 1.795768 4.511603
96713.594165 3 0.265113 0.245880 1.795863 4.514744
96713.694165 3 0.265113 0.242371 1.795958 4.517890
96713.794165 3 0.265113 0.238907 1.796053 4.521039
96713.894165 3 0.265113 0.235489 1.796148 4.524192
96713.994165 3 0.265113 0.232115 1.796244 4.527349
96714.094165 3 0.265113 0.228786 1.796339 4.530510
96714.194165 3 0.265113 0.225501 1.796435 4.533675
96714.294165 3 0.265113 0.222260 1.796531 4.536843
96714.394165 3 0.265113 0.219062 1.796627 4.540014
96714.494165 3 0.265113 0.215907 1.796723 4.543188
96714.594165 3 0.265113 0.212794 1.796819 4.546366
96714.694165 3 0.265113 0.209723 1.796916 4.549546
96714.794165 3 0.265113 0.206694 1.797012 4.552729
96714.894165 3 0.265113 0.203707 1.797109 4.555915
96714.994165 3 0.265113 0.200760 1.797206 4.559104
96715.094165 3 0.265113 0.197853 1.797303 4.562295
96715.194165 3 0.265113 0.194987 1.797400 4.565488
96715.294165 3 0.265113 0.192160 1.797498 4.568684
96715.394165 3 0.265113 0.189372 1.797595 4.571881
96715.494165 3 0.265113 0.186624 1.797693 4.575080
96715.594165 3 0.265113 0.183914 1.797791 4.578281
96715.694165 3 0.265113 0.181241 1.797889 4.581484
96715.794165 3 0.265113 0.178607 1.797987 4.584688
96715.894165 3 0.265113 0.176010 1.798086 4.587894
96715.994165 3 0.265113 0.173449 1.798184 4.591100
96716.094165 3 0.265113 0.170925 1.798283 4.594308
96716.194165 3 0.265113 0.168438 1.798382 4.597516
96716.294165 3 0.265113 0.165986 1.798481 4.600726
96716.394165 3 0.265113 0.163569 1.798581 4.603935
96716.494165 3 0.265113 0.161187 1.798680 4.607146
96716.594165 3 0.265113 0.158840 1.798780 4.610356
96716.694165 3 0.265113 0.156526 1.798880 4.613567
96716.794165 3 0.265113 0.154247 1.798980 4.616777
96716.894165 3 0.265113 0.152001 1.799081 4.619987
96716.994165 3 0.265113 0.149788 1.799181 4.623197
96717.094165 3 0.265113 0.147608 1.799282 4.626407
96717.194165 3 0.265113 0.145459 1.799383 4.629616
96717.294165 3 0.265113 0.143343 1.799484 4.632823
96717.394165 3 0.265112 0.141258 1.799586 4.636030
96717.494165 3 0.265112 0.139204 1.799687 4.639236
96717.594165 3 0.265112 0.137181 1.799789 4.642440
96717.694165 3 0.265112 0.135189 1.799891 4.645643
96717.794165 3 0.265112 0.133226 1.799993 4.648844
96717.894165 3 0.265112 0.131293 1.800096 4.652044
96717.994165 3 0.265112 0.129389 1.800199 4.655241
96718.094165 3 0.265112 0.127514 1.800302 4.658436
96718.194165 3 0.265112 0.125668 1.800405 4.661629
96718.294165 3 0.265112 0.123850 1.800509 4.664819
96718.394165 3 0.265112 0.122060 1.800612 4.668007
96718.494165 3 0.265112 0.120297 1.800716 4.671192
96718.594165 3 0.265112 0.118562 1.800820 4.674374
96718.694165 3 0.265112 0.116853 1.800925 4.677552
96718.794165 3 0.265112 0.115171 1.801030 4.680727
96718.894165 3 0.265112 0.113514 1.801135 4.683899
96718.994165 3 0.265112 0.111884 1.801240 4.687067
96719.094165 3 0.265112 0.110279 1.801346 4.690231
96719.194165 3 0.265112 0.108699 1.801451 4.693391
96719.294165 3 0.265112 0.107144 1.801558 4.696547
96719.394165 3 0.265112 0.105613 1.801664 4.699698
96719.494165 3 0.265112 0.104106 1.801771 4.702845
96719.594165 3 0.265112 0.102623 1.801878 4.705987
96719.694165 3 0.265112 0.101164 1.801985 4.709124
96719.794165 3 0.265112 0.099728 1.802092 4.712256
96719.894165 3 0.265112 0.098314 1.802200 4.715383
96719.994165 3 0.265112 0.096923 1.802308 4.718505
96720.094165 3 0.265112 0.095554 1.802417 4.721621
96720.194165 3 0.265112 0.094207 1.802526 4.724731
96720.294165 3 0.265112 0.092881 1.802635 4.727835
96720.394165 3 0.265112 0.091577 1.802744 4.730933
96720.494165 3 0.265112 0.090294 1.802854 4.734025
96720.594165 3 0.265112 0.089031 1.802964 4.737111
96720.694165 3 0.265112 0.087789 1.803074 4.740190
96720.794165 3 0.265112 0.086567 1.803185 4.743262
96720.894165 3 0.265112 0.085364 1.803296 4.746327
96720.994165 3 0.265112 0.084181 1.803408 4.749385
96721.094165 3 0.265112 0.083017 1.803519 4.752436
96721.194165 3 0.265112 0.081873 1.803632 4.755479
96721.294165 3 0.265112 0.080747 1.803744 4.758515
96721.394165 3 0.265112 0.079639 1.803857 4.761542
96721.494165 3 0.265112 0.078549 1.803970 4.764562
96721.594165 3 0.265112 0.077477 1.804084 4.767574
96721.694165 3 0.265112 0.076423 1.804198 4.770577
96721.794165 3 0.265112 0.075387 1.804312 4.773572
96721.894165 3 0.265112 0.074367 1.804427 4.776558
96721.994165 3 0.265112 0.073364 1.804542 4.779535
96722.094165 3 0.265112 0.072378 1.804658 4.782503
96722.194165 3 0.265111 0.071407 1.804774 4.785462
96722.294165 3 0.265111 0.070454 1.804890 4.788412
96722.394165 3 0.265111 0.069515 1.805007 4.791352
96722.494165 3 0.265111 0.068593 1.805125 4.794282
96722.594165 3 0.265111 0.067686 1.805242 4.797203
96722.694165 3 0.265111 0.066794 1.805360 4.800113
96722.794165 3 0.265111 0.065916 1.805479 4.803013
96722.894165 3 0.265111 0.065054 1.805598 4.805903
96722.994165 3 0.265111 0.064206 1.805718 4.808782
96723.094165 3 0.265111 0.063372 1.805838 4.811651
96723.194165 3 0.265111 0.062552 1.805958 4.814509
96723.294165 3 0.265111 0.061746 1.806079 4.817356
96723.394165 3 0.265111 0.060954 1.806200 4.820191
96723.494165 3 0.265111 0.060174 1.806322 4.823015
96723.594165 3 0.265111 0.059408 1.806445 4.825828
96723.694165 3 0.265111 0.058655 1.806568 4.828629
96723.794165 3 0.265111 0.057915 1.806691 4.831419
96723.894165 3 0.265111 0.057187 1.806815 4.834196
96723.994165 3 0.265111 0.056471 1.806939 4.836961
96724.094165 3 0.265111 0.055768 1.807064 4.839714
96724.194165 3 0.265111 0.055077 1.807190 4.842454
96724.294165 3 0.265111 0.054397 1.807316 4.845182
96724.394165 3 0.265111 0.053729 1.807442 4.847898
96724.494165 3 0.265111 0.053072 1.807569 4.850600
96724.594165 3 0.265111 0.052426 1.807697 4.853289
96724.694165 3 0.265111 0.051792 1.807825 4.855966
96724.794165 3 0.265111 0.051168 1.807954 4.858629
96724.894165 3 0.265111 0.050555 1.808084 4.861278
96724.994165 3 0.265111 0.049953 1.808214 4.863914
96725.094165 3 0.265111 0.049361 1.808344 4.866536
96725.194165 3 0.265111 0.048779 1.808475 4.869145
96725.294165 3 0.265111 0.048207 1.808607 4.871739
96725.394165 3 0.265111 0.047644 1.808740 4.874319
96725.494165 3 0.265111 0.047092 1.808873 4.876885
96725.594165 3 0.265111 0.046549 1.809006 4.879437
96725.694165 3 0.265111 0.046015 1.809141 4.881974
96725.794165 3 0.265111 0.045491 1.809276 4.884497
96725.894165 3 0.265111 0.044976 1.809411 4.887005
96725.994165 3 0.265111 0.044469 1.809548 4.889498
96726.094165 3 0.265111 0.043972 1.809685 4.891976
96726.194165 3 0.265111 0.043483 1.809822 4.894439
96726.294165 3 0.265111 0.043002 1.809961 4.896886
96726.394165 3 0.265111 0.042530 1.810100 4.899319
96726.494165 3 0.265111 0.042066 1.810239 4.901736
96726.594165 3 0.265111 0.041610 1.810380 4.904137
96726.694165 3 0.265111 0.041162 1.810521 4.906523
96726.794165 3 0.265111 0.040722 1.810663 4.908893
96726.894165 3 0.265111 0.040289 1.810806 4.911247
96726.994165 3 0.265111 0.039864 1.810949 4.913586
96727.094165 3 0.265110 0.039447 1.811093 4.915908
96727.194165 3 0.265110 0.039037 1.811238 4.918214
96727.294165 3 0.265110 0.038634 1.811383 4.920504
96727.394165 3 0.265110 0.038238 1.811530 4.922777
96727.494165 3 0.265110 0.037849 1.811677 4.925034
96727.594165 3 0.265110 0.037467 1.811825 4.927275
96727.694165 3 0.265110 0.037091 1.811974 4.929499
96727.794165 3 0.265110 0.036722 1.812123 4.931706
96727.894165 3 0.265110 0.036360 1.812273 4.933897
96727.994165 3 0.265110 0.036004 1.812425 4.936071
96728.094165 3 0.265110 0.035654 1.812576 4.938228
96728.194165 3 0.265110 0.035311 1.812729 4.940367
96728.294165 3 0.265110 0.034974 1.812883 4.942490
96728.394165 3 0.265110 0.034642 1.813037 4.944596
96728.494165 3 0.265110 0.034317 1.813192 4.946685
96728.594165 3 0.265110 0.033997 1.813349 4.948756
96728.694165 3 0.265110 0.033683 1.813505 4.950810
96728.794165 3 0.265110 0.033375 1.813663 4.952847
96728.894165 3 0.265110 0.033072 1.813822 4.954866
96728.994165 3 0.265110 0.032774 1.813981 4.956868
96729.094165 3 0.265110 0.032482 1.814142 4.958853
96729.194165 3 0.265110 0.032195 1.814303 4.960820
96729.294165 3 0.265110 0.031914 1.814465 4.962769
96729.394165 3 0.265110 0.031637 1.814628 4.964701
96729.494165 3 0.265110 0.031365 1.814792 4.966615
96729.594165 3 0.265110 0.031098 1.814956 4.968511
96729.694165 3 0.265110 0.030836 1.815122 4.970390
96729.794165 3 0.265110 0.030579 1.815289 4.972250
96729.894165 3 0.265110 0.030327 1.815456 4.974093
96729.994165 3 0.265110 0.030078 1.815624 4.975918
96730.094165 3 0.265110 0.029835 1.815793 4.977726
96730.194165 3 0.265110 0.029596 1.815963 4.979515
96730.294165 3 0.265110 0.029361 1.816134 4.981287
96730.394165 3 0.265110 0.029131 1.816306 4.983040
96730.494165 3 0.265110 0.028905 1.816478 4.984776
96730.594165 3 0.265110 0.028683 1.816652 4.986494
96730.694165 3 0.265110 0.028465 1.816826 4.988194
96730.794165 3 0.265110 0.028251 1.817001 4.989876
96730.894165 3 0.265110 0.028041 1.817177 4.991540
96730.994165 3 0.265110 0.027835 1.817354 4.993186
96731.094165 3 0.265110 0.027632 1.817532 4.994814
96731.194165 3 0.265110 0.027434 1.817711 4.996424
96731.294165 3 0.265110 0.027239 1.817890 4.998016
96731.394165 3 0.265110 0.027048 1.818070 4.999590
96731.494165 3 0.265110 0.026860 1.818251 5.001146
96731.594165 3 0.265110 0.026676 1.818433 5.002685
96731.694165 3 0.265110 0.026496 1.818615 5.004205
96731.794165 3 0.265109 0.026319 1.818799 5.005708
96731.894165 3 0.265109 0.026145 1.818983 5.007192
96731.994165 3 0.265109 0.025974 1.819168 5.008659
96732.094165 3 0.265109 0.025807 1.819353 5.010108
96732.194165 3 0.265109 0.025643 1.819539 5.011540
96732.294165 3 0.265109 0.025482 1.819726 5.012953
96732.394165 3 0.265109 0.025324 1.819914 5.014349
96732.494165 3 0.265109 0.025170 1.820102 5.015727
96732.594165 3 0.265109 0.025018 1.820291 5.017088
96732.694165 3 0.265109 0.024869 1.820480 5.018431
96732.794165 3 0.265109 0.024723 1.820670 5.019756
96732.894165 3 0.265109 0.024580 1.820861 5.021064
96732.994165 3 0.265109 0.024440 1.821052 5.022354
96733.094165 3 0.265109 0.024302 1.821243 5.023627
96733.194165 3 0.265109 0.024168 1.821435 5.024882
96733.294165 3 0.265109 0.024036 1.821628 5.026120
96733.394165 3 0.265109 0.023906 1.821820 5.027341
96733.494165 3 0.265109 0.023779 1.822014 5.028545
96733.594165 3 0.265109 0.023655 1.822207 5.029731
96733.694165 3 0.265109 0.023533 1.822401 5.030900
96733.794165 3 0.265109 0.023414 1.822595 5.032052
96733.894165 3 0.265109 0.023183 1.822983 5.034306
96733.994165 3 0.265109 0.022961 1.823372 5.036492
96734.094165 3 0.265109 0.022748 1.823761 5.038611
96734.194165 3 0.265109 0.022544 1.824149 5.040664
96734.294165 3 0.265109 0.022348 1.824537 5.042651
96734.394165 3 0.265109 0.022161 1.824924 5.044573
96734.494165 3 0.265109 0.021982 1.825309 5.046430
96734.594165 3 0.265109 0.021811 1.825692 5.048224
96734.694165 3 0.265109 0.021647 1.826072 5.049955
96734.794165 3 0.265109 0.021491 1.826449 5.051623
96734.894165 3 0.265109 0.021342 1.826822 5.053230
96734.994165 3 0.265109 0.021200 1.827192 5.054776
96735.094165 3 0.265108 0.021064 1.827556 5.056262
96735.194165 3 0.265108 0.020934 1.827916 5.057688
96735.294165 3 0.265108 0.020811 1.828270 5.059057
96735.394165 3 0.265108 0.020694 1.828617 5.060368
96735.494165 3 0.265108 0.020583 1.828957 5.061623
96735.594165 3 0.265108 0.020378 1.829616 5.063968
96735.694165 3 0.265108 0.020193 1.830241 5.066098
96735.794165 3 0.265108 0.020029 1.830830 5.068022
96735.894165 3 0.265108 0.019883 1.831378 5.069750
96735.994165 3 0.265108 0.019754 1.831885 5.071289
