t Ka M R logL logTeff
0.308892 1 9.000074 2.881673 3.622032 4.436826
0.617784 1 9.000063 2.894052 3.623912 4.436365
0.926677 1 9.000052 2.906493 3.625845 4.435917
1.235571 1 9.000041 2.919003 3.627832 4.435481
1.544465 1 9.000030 2.931587 3.629873 4.435058
1.853360 1 9.000019 2.944250 3.631969 4.434645
2.162255 1 9.000008 2.956998 3.634118 4.434244
2.471151 1 8.999997 2.969836 3.636321 4.433854
2.780048 1 8.999986 2.982771 3.638577 4.433475
3.088945 1 8.999974 2.995808 3.640888 4.433106
3.397844 1 8.999962 3.008953 3.643253 4.432746
3.706742 1 8.999951 3.022213 3.645671 4.432396
4.015642 1 8.999939 3.035593 3.648144 4.432055
4.324542 1 8.999927 3.049100 3.650670 4.431722
4.633443 1 8.999914 3.062740 3.653251 4.431398
4.942344 1 8.999902 3.076519 3.655885 4.431082
5.251246 1 8.999889 3.090445 3.658573 4.430773
5.560149 1 8.999877 3.104523 3.661315 4.430472
5.869053 1 8.999864 3.118762 3.664111 4.430177
6.177958 1 8.999851 3.133167 3.666961 4.429889
6.486863 1 8.999837 3.147746 3.669865 4.429607
6.795769 1 8.999824 3.162505 3.672822 4.429330
7.104675 1 8.999810 3.177453 3.675834 4.429059
7.413583 1 8.999796 3.192597 3.678899 4.428793
7.722491 1 8.999782 3.207945 3.682018 4.428532
8.031400 1 8.999768 3.223503 3.685192 4.428274
8.340310 1 8.999753 3.239280 3.688419 4.428021
8.649221 1 8.999738 3.255285 3.691700 4.427771
8.958133 1 8.999723 3.271525 3.695035 4.427524
9.267045 1 8.999708 3.288009 3.698423 4.427280
9.575959 1 8.999692 3.304745 3.701866 4.427038
9.884873 1 8.999676 3.321743 3.705363 4.426798
10.193788 1 8.999660 3.339011 3.708913 4.426560
10.502704 1 8.999644 3.356559 3.712518 4.426323
10.811622 1 8.999627 3.374396 3.716176 4.426086
11.120540 1 8.999610 3.392533 3.719888 4.425851
11.429459 1 8.999593 3.410978 3.723654 4.425615
11.738379 1 8.999575 3.429743 3.727474 4.425378
12.047300 1 8.999557 3.448839 3.731348 4.425141
12.356222 1 8.999538 3.468277 3.735275 4.424902
12.665145 1 8.999520 3.488068 3.739257 4.424662
12.974069 1 8.999500 3.508225 3.743292 4.424420
13.282995 1 8.999481 3.528760 3.747381 4.424175
13.591921 1 8.999461 3.549687 3.751524 4.423927
13.900849 1 8.999440 3.571020 3.755721 4.423675
14.209777 1 8.999420 3.592772 3.759972 4.423419
14.518707 1 8.999398 3.614961 3.764277 4.423158
14.827639 1 8.999377 3.637602 3.768636 4.422892
15.136571 1 8.999354 3.660712 3.773048 4.422620
15.445505 1 8.999332 3.684311 3.777514 4.422341
15.754440 1 8.999308 3.708417 3.782034 4.422055
16.063376 1 8.999285 3.733054 3.786608 4.421761
16.372314 1 8.999260 3.758242 3.791236 4.421457
16.681253 1 8.999235 3.784007 3.795918 4.421144
16.990194 1 8.999210 3.810376 3.800653 4.420820
17.299136 1 8.999184 3.837377 3.805443 4.420484
17.608080 1 8.999157 3.865041 3.810286 4.420135
17.917025 1 8.999129 3.893404 3.815183 4.419772
18.225971 1 8.999101 3.922501 3.820134 4.419392
18.534920 1 8.999072 3.952374 3.825138 4.418996
18.843870 1 8.999043 3.983067 3.830197 4.418581
19.152821 1 8.999012 4.014628 3.835309 4.418145
19.461775 1 8.998981 4.047113 3.840475 4.417687
19.770730 1 8.998949 4.080578 3.845695 4.417204
20.079687 1 8.998916 4.115091 3.850969 4.416693
20.388646 1 8.998883 4.150721 3.856297 4.416153
20.697607 1 8.998848 4.187549 3.861678 4.415580
21.006570 1 8.998812 4.225662 3.867113 4.414971
21.315535 1 8.998776 4.265156 3.872602 4.414324
21.624502 1 8.998738 4.306139 3.878144 4.413633
21.933471 1 8.998700 4.348730 3.883741 4.412895
22.087957 1 8.998680 4.370668 3.886559 4.412506
22.242443 1 8.998660 4.393059 3.889391 4.412105
22.396930 1 8.998639 4.415921 3.892236 4.411689
22.551417 1 8.998618 4.439274 3.895095 4.411258
22.705905 1 8.998597 4.463139 3.897967 4.410812
22.860394 1 8.998576 4.487537 3.900853 4.410350
23.014883 1 8.998554 4.512491 3.903752 4.409870
23.169373 1 8.998532 4.538027 3.906664 4.409373
23.323864 1 8.998510 4.564170 3.909590 4.408857
23.478355 1 8.998487 4.590947 3.912529 4.408322
23.632847 1 8.998464 4.618387 3.915482 4.407766
23.787339 1 8.998441 4.646519 3.918448 4.407189
23.941833 1 8.998417 4.675377 3.921428 4.406589
24.096326 1 8.998393 4.704993 3.924421 4.405966
24.250821 1 8.998369 4.735404 3.927427 4.405319
24.405316 1 8.998344 4.766647 3.930447 4.404646
24.559812 1 8.998319 4.798762 3.933480 4.403946
24.714309 1 8.998293 4.831792 3.936527 4.403218
24.868806 1 8.998267 4.865780 3.939587 4.402461
25.023304 1 8.998241 4.900774 3.942660 4.401673
25.177803 1 8.998214 4.936824 3.945747 4.400854
25.332303 1 8.998187 4.973982 3.948848 4.400000
25.486804 1 8.998159 5.012305 3.951962 4.399112
25.641305 1 8.998131 5.051852 3.955089 4.398187
25.795807 1 8.998102 5.092686 3.958229 4.397224
25.950310 1 8.997849 5.134792 3.961350 4.396217
26.104820 1 8.997592 5.178319 3.964483 4.395167
26.259338 1 8.997331 5.223342 3.967629 4.394074
26.413863 1 8.997065 5.269940 3.970788 4.392935
26.568396 1 8.996796 5.318199 3.973960 4.391748
26.722936 1 8.996521 5.368207 3.977145 4.390512
26.877484 1 8.996243 5.420060 3.980342 4.389224
27.032041 1 8.995959 5.473860 3.983553 4.387882
27.132041 1 8.995815 5.501523 3.985163 4.387190
27.232041 1 8.995670 5.529714 3.986776 4.386483
27.332041 1 8.995524 5.558447 3.988392 4.385762
27.432041 1 8.995376 5.587737 3.990011 4.385025
27.532041 1 8.995227 5.617601 3.991634 4.384274
27.632041 1 8.995077 5.648053 3.993260 4.383506
27.732041 1 8.994926 5.679111 3.994889 4.382723
27.832041 1 8.994773 5.710792 3.996521 4.381923
27.932041 1 8.994619 5.743113 3.998156 4.381106
28.032041 1 8.994464 5.776092 3.999794 4.380272
28.132041 1 8.994308 5.809750 4.001436 4.379421
28.232041 1 8.994150 5.844105 4.003081 4.378552
28.332041 1 8.993991 5.879177 4.004729 4.377665
28.432041 1 8.993830 5.914987 4.006380 4.376759
28.532041 1 8.993668 5.951558 4.008034 4.375834
28.632041 1 8.993505 5.988910 4.009692 4.374890
28.732041 1 8.993341 6.027068 4.011353 4.373926
28.832041 1 8.993174 6.066056 4.013016 4.372941
28.932041 1 8.993007 6.105897 4.014683 4.371937
29.032041 1 8.992838 6.146618 4.016354 4.370911
29.132041 1 8.992668 6.188246 4.018027 4.369863
29.232041 1 8.992496 6.230807 4.019703 4.368794
29.332041 1 8.992323 6.274331 4.021383 4.367703
29.432041 1 8.992148 6.318846 4.023066 4.366588
29.532041 1 8.991972 6.364384 4.024751 4.365450
29.632041 1 8.991794 6.410976 4.026440 4.364289
29.732041 1 8.991614 6.458654 4.028133 4.363103
29.832041 1 8.991433 6.507453 4.029828 4.361892
29.932041 1 8.991251 6.557409 4.031526 4.360656
30.032041 1 8.991067 6.608557 4.033228 4.359394
30.132041 1 8.990881 6.660937 4.034933 4.358106
30.232041 1 8.990694 6.714586 4.036640 4.356791
30.332041 1 8.990505 6.769547 4.038351 4.355449
30.432041 1 8.990314 6.825862 4.040065 4.354078
30.532041 1 8.990122 6.883575 4.041782 4.352679
30.632041 1 8.989928 6.942731 4.043503 4.351251
30.732041 1 8.989732 7.003379 4.045226 4.349793
30.832041 1 8.989536 7.065569 4.046953 4.348305
30.932041 1 8.989339 7.129352 4.048683 4.346786
31.032041 1 8.989140 7.194781 4.050416 4.345236
31.132041 1 8.988941 7.261913 4.052152 4.343653
31.232041 1 8.988740 7.330805 4.053892 4.342038
31.332041 1 8.988539 7.401518 4.055634 4.340389
31.432041 1 8.988337 7.474115 4.057380 4.338706
31.532041 1 8.988133 7.548660 4.059130 4.336988
31.632041 1 8.988031 7.586685 4.060005 4.336116
31.786834 1 8.987622 7.658532 4.072465 4.337184
31.886834 1 8.987553 7.618712 4.077132 4.339483
31.986834 1 8.987492 7.562605 4.081852 4.342268
32.086834 1 8.987436 7.495090 4.086470 4.345370
32.186834 1 8.987386 7.420635 4.090884 4.348641
32.286834 1 8.987363 7.383300 4.092925 4.350246
32.386834 1 8.987342 7.345581 4.094899 4.351852
32.486834 1 8.987321 7.307785 4.096802 4.353448
32.586834 1 8.987302 7.270180 4.098634 4.355026
32.686834 1 8.987283 7.232991 4.100392 4.356580
32.786834 1 8.987266 7.196408 4.102076 4.358102
32.886834 1 8.987250 7.160589 4.103687 4.359588
32.986834 1 8.987219 7.089422 4.106791 4.362533
33.086834 1 8.987191 7.022832 4.109595 4.365283
33.186834 1 8.987166 6.961239 4.112117 4.367826
33.286834 1 8.987145 6.904794 4.114375 4.370159
33.386834 1 8.987126 6.853451 4.116391 4.372284
33.486834 1 8.987109 6.807032 4.118185 4.374208
33.586834 1 8.987094 6.765276 4.119778 4.375942
33.686834 1 8.987080 6.727869 4.121191 4.377499
33.786834 1 8.987069 6.694475 4.122440 4.378892
33.886834 1 8.987048 6.634551 4.124657 4.381399
33.986834 1 8.987033 6.588378 4.126345 4.383338
34.086834 1 8.987021 6.553060 4.127626 4.384825
34.186834 1 8.987003 6.498988 4.129570 4.387110
34.286834 2 8.986985 6.443613 4.131542 4.389461
34.386834 2 8.986984 6.506325 4.131396 4.387322
34.486834 2 8.986983 6.566959 4.131257 4.385273
34.586834 2 8.986982 6.628158 4.131118 4.383224
34.686834 2 8.986981 6.689927 4.130979 4.381175
34.786834 2 8.986980 6.752272 4.130840 4.379126
34.886834 2 8.986979 6.815197 4.130701 4.377077
34.986834 2 8.986978 6.878709 4.130562 4.375027
35.086834 2 8.986977 6.942813 4.130422 4.372978
35.186834 2 8.986976 7.007515 4.130283 4.370929
35.286834 2 8.986975 7.072819 4.130144 4.368880
35.386834 2 8.986974 7.138732 4.130005 4.366831
35.486834 2 8.986973 7.205259 4.129866 4.364782
35.586834 2 8.986972 7.272406 4.129727 4.362733
35.686834 2 8.986971 7.340179 4.129588 4.360684
35.786834 2 8.986970 7.408583 4.129449 4.358635
35.886834 2 8.986970 7.477625 4.129309 4.356586
35.986834 2 8.986969 7.547311 4.129170 4.354537
36.086834 2 8.986968 7.617645 4.129031 4.352488
36.186834 2 8.986967 7.688636 4.128892 4.350439
36.286834 2 8.986966 7.760287 4.128753 4.348390
36.386834 2 8.986965 7.832607 4.128614 4.346341
36.486834 2 8.986964 7.905600 4.128475 4.344292
36.586834 2 8.986963 7.979274 4.128336 4.342243
36.686834 2 8.986962 8.053634 4.128196 4.340194
36.786834 2 8.986961 8.128687 4.128057 4.338145
36.886834 2 8.986960 8.204440 4.127918 4.336096
36.986834 2 8.986959 8.280899 4.127779 4.334047
37.086834 2 8.986958 8.358070 4.127640 4.331998
37.186834 2 8.986957 8.435960 4.127501 4.329949
37.286834 2 8.986956 8.514576 4.127362 4.327899
37.386834 2 8.986955 8.593925 4.127223 4.325850
37.486834 2 8.986955 8.674013 4.127083 4.323801
37.586834 2 8.986954 8.754848 4.126944 4.321752
37.686834 2 8.986953 8.836436 4.126805 4.319703
37.786834 2 8.986952 8.918784 4.126666 4.317654
37.886834 2 8.986951 9.001900 4.126527 4.315605
37.986834 2 8.986950 9.085790 4.126388 4.313556
38.086834 2 8.986949 9.170462 4.126249 4.311507
38.186834 2 8.986948 9.255923 4.126110 4.309458
38.286834 2 8.986948 9.342180 4.125971 4.307409
38.386834 2 8.986947 9.429242 4.125831 4.305360
38.486834 2 8.986946 9.517115 4.125692 4.303311
38.586834 2 8.986945 9.605806 4.125553 4.301262
38.686834 2 8.986944 9.695324 4.125414 4.299213
38.786834 2 8.986943 9.785677 4.125275 4.297164
38.886834 2 8.986943 9.876871 4.125136 4.295115
38.986834 2 8.986942 9.968915 4.124997 4.293066
39.086834 2 8.986941 10.061817 4.124858 4.291017
39.186834 2 8.986940 10.155585 4.124719 4.288968
39.286834 2 8.986939 10.250227 4.124579 4.286919
39.386834 2 8.986939 10.345750 4.124440 4.284870
39.486834 2 8.986938 10.442164 4.124301 4.282821
39.586834 2 8.986937 10.539476 4.124162 4.280772
39.686834 2 8.986936 10.637695 4.124023 4.278723
39.786834 2 8.986935 10.736830 4.123884 4.276674
39.886834 2 8.986935 10.836888 4.123745 4.274624
39.986834 2 8.986934 10.937879 4.123606 4.272575
40.086834 2 8.986933 11.039811 4.123467 4.270526
40.186834 2 8.986932 11.142692 4.123328 4.268477
40.286834 2 8.986932 11.246533 4.123188 4.266428
40.386834 2 8.986931 11.351341 4.123049 4.264379
40.486834 2 8.986930 11.457126 4.122910 4.262330
40.586834 2 8.986929 11.563897 4.122771 4.260281
40.686834 2 8.986929 11.671663 4.122632 4.258232
40.786834 2 8.986928 11.780433 4.122493 4.256183
40.886834 2 8.986927 11.890217 4.122354 4.254134
40.986834 2 8.986926 12.001024 4.122215 4.252085
41.086834 2 8.986926 12.112863 4.122076 4.250036
41.186834 2 8.986925 12.225745 4.121937 4.247987
41.286834 2 8.986924 12.339679 4.121797 4.245938
41.386834 2 8.986923 12.454674 4.121658 4.243889
41.486834 2 8.986923 12.570741 4.121519 4.241840
41.586834 2 8.986922 12.687890 4.121380 4.239791
41.686834 2 8.986921 12.806131 4.121241 4.237742
41.786834 2 8.986921 12.925473 4.121102 4.235693
41.886834 2 8.986920 13.045928 4.120963 4.233644
41.986834 2 8.986919 13.167505 4.120824 4.231595
42.086834 2 8.986919 13.290215 4.120685 4.229546
42.186834 2 8.986918 13.414068 4.120546 4.227497
42.286834 2 8.986917 13.539076 4.120407 4.225448
42.386834 2 8.986917 13.665249 4.120268 4.223399
42.486834 2 8.986916 13.792598 4.120128 4.221350
42.586834 2 8.986915 13.921133 4.119989 4.219301
42.686834 2 8.986915 14.050866 4.119850 4.217252
42.786834 2 8.986914 14.181809 4.119711 4.215203
42.886834 2 8.986913 14.313971 4.119572 4.213154
42.986834 2 8.986913 14.447365 4.119433 4.211104
43.086834 2 8.986912 14.582003 4.119294 4.209055
43.186834 2 8.986911 14.717895 4.119155 4.207006
43.286834 2 8.986911 14.855053 4.119016 4.204957
43.386834 2 8.986910 14.993490 4.118877 4.202908
43.486834 2 8.986909 15.133216 4.118738 4.200859
43.586834 2 8.986909 15.274245 4.118599 4.198810
43.686834 2 8.986908 15.416588 4.118459 4.196761
43.786834 2 8.986908 15.560258 4.118320 4.194712
43.886834 2 8.986907 15.705267 4.118181 4.192663
43.986834 2 8.986906 15.851626 4.118042 4.190614
44.086834 2 8.986906 15.999350 4.117903 4.188565
44.186834 2 8.986905 16.148451 4.117764 4.186516
44.286834 2 8.986904 16.298941 4.117625 4.184467
44.386834 2 8.986904 16.450833 4.117486 4.182418
44.486834 2 8.986903 16.604141 4.117347 4.180369
44.586834 2 8.986903 16.758878 4.117208 4.178320
44.686834 2 8.986902 16.915056 4.117069 4.176271
44.786834 2 8.986902 17.072690 4.116930 4.174222
44.886834 2 8.986901 17.231794 4.116791 4.172173
44.986834 2 8.986900 17.392379 4.116651 4.170124
45.086834 2 8.986900 17.554462 4.116512 4.168075
45.186834 2 8.986899 17.718054 4.116373 4.166026
45.286834 2 8.986899 17.883172 4.116234 4.163977
45.386834 2 8.986898 18.049828 4.116095 4.161928
45.486834 2 8.986897 18.218037 4.115956 4.159879
45.586834 2 8.986897 18.387814 4.115817 4.157830
45.686834 2 8.986896 18.559173 4.115678 4.155781
45.786834 2 8.986896 18.732129 4.115539 4.153732
45.886834 2 8.986895 18.906696 4.115400 4.151683
45.986834 2 8.986895 19.082891 4.115261 4.149634
46.086834 2 8.986894 19.260727 4.115122 4.147585
46.186834 2 8.986894 19.440221 4.114983 4.145536
46.286834 2 8.986893 19.621387 4.114844 4.143487
46.386834 2 8.986893 19.804242 4.114704 4.141438
46.486834 2 8.986892 19.988801 4.114565 4.139389
46.586834 2 8.986892 20.175080 4.114426 4.137340
46.686834 2 8.986891 20.363094 4.114287 4.135290
46.786834 2 8.986890 20.552861 4.114148 4.133241
46.886834 2 8.986890 20.744397 4.114009 4.131192
46.986834 2 8.986889 20.937717 4.113870 4.129143
47.086834 2 8.986889 21.132839 4.113731 4.127094
47.186834 2 8.986888 21.329779 4.113592 4.125045
47.286834 2 8.986888 21.528554 4.113453 4.122996
47.386834 2 8.986887 21.729182 4.113314 4.120947
47.486834 2 8.986887 21.931680 4.113175 4.118898
47.586834 2 8.986886 22.136065 4.113036 4.116849
47.686834 2 8.986886 22.342354 4.112897 4.114800
47.786834 2 8.986885 22.550566 4.112758 4.112751
47.886834 2 8.986885 22.760718 4.112618 4.110702
47.986834 2 8.986884 22.972829 4.112479 4.108653
48.086834 2 8.986884 23.186916 4.112340 4.106604
48.186834 2 8.986883 23.402999 4.112201 4.104555
48.286834 2 8.986883 23.621095 4.112062 4.102506
48.386834 2 8.986882 23.841224 4.111923 4.100457
48.486834 2 8.986882 24.063404 4.111784 4.098408
48.586834 2 8.986882 24.287654 4.111645 4.096359
48.686834 2 8.986880 24.513991 4.111506 4.094310
48.786834 2 8.986878 24.742436 4.111367 4.092261
48.886834 2 8.986876 24.973010 4.111227 4.090212
48.986834 2 8.986875 25.205733 4.111088 4.088163
49.086834 2 8.986873 25.440625 4.110949 4.086114
49.186834 2 8.986871 25.677705 4.110810 4.084065
49.286834 2 8.986869 25.916995 4.110670 4.082016
49.386834 2 8.986867 26.158514 4.110531 4.079967
49.486834 2 8.986865 26.402284 4.110392 4.077918
49.586834 2 8.986864 26.648326 4.110253 4.075869
49.686834 2 8.986862 26.896660 4.110113 4.073820
49.786834 2 8.986860 27.147309 4.109974 4.071771
49.886834 2 8.986858 27.400293 4.109835 4.069722
49.986834 2 8.986856 27.655634 4.109695 4.067673
50.086834 2 8.986854 27.913355 4.109556 4.065624
50.186834 2 8.986852 28.173478 4.109417 4.063575
50.286834 2 8.986850 28.436024 4.109278 4.061526
50.386834 2 8.986848 28.701017 4.109138 4.059476
50.486834 2 8.986846 28.968480 4.108999 4.057427
50.586834 2 8.986844 29.238434 4.108860 4.055378
50.686834 2 8.986842 29.510905 4.108720 4.053329
50.786834 2 8.986840 29.785914 4.108581 4.051280
50.886834 2 8.986838 30.063486 4.108442 4.049231
50.986834 2 8.986836 30.343644 4.108302 4.047182
51.086834 2 8.986834 30.626413 4.108163 4.045133
51.186834 2 8.986831 30.911817 4.108024 4.043084
51.286834 2 8.986829 31.199881 4.107885 4.041035
51.386834 2 8.986827 31.490628 4.107745 4.038986
51.486834 2 8.986825 31.784085 4.107606 4.036937
51.586834 2 8.986823 32.080277 4.107467 4.034888
51.686834 2 8.986820 32.379229 4.107327 4.032839
51.786834 2 8.986818 32.680966 4.107188 4.030790
51.886834 2 8.986816 32.985515 4.107049 4.028741
51.986834 2 8.986814 33.292902 4.106909 4.026692
52.086834 2 8.986811 33.603153 4.106770 4.024643
52.186834 2 8.986809 33.916295 4.106631 4.022594
52.286834 2 8.986806 34.232356 4.106491 4.020545
52.386834 2 8.986804 34.551361 4.106352 4.018496
52.486834 2 8.986802 34.873339 4.106212 4.016447
52.586834 2 8.986799 35.198317 4.106073 4.014398
52.686834 2 8.986797 35.526323 4.105934 4.012349
52.786834 2 8.986794 35.857386 4.105794 4.010300
52.886834 2 8.986792 36.191534 4.105655 4.008251
52.986834 2 8.986789 36.528795 4.105516 4.006202
53.086834 2 8.986787 36.869199 4.105376 4.004153
53.186834 2 8.986784 37.212775 4.105237 4.002104
53.286834 2 8.986782 37.559553 4.105097 4.000055
53.386834 2 8.986779 37.909561 4.104958 3.998006
53.486834 2 8.986776 38.262832 4.104819 3.995957
53.586834 2 8.986774 38.619394 4.104679 3.993908
53.686834 2 8.986771 38.979278 4.104540 3.991859
53.786834 2 8.986768 39.342516 4.104401 3.989810
53.886834 2 8.986765 39.709139 4.104261 3.987761
53.986834 2 8.986763 40.079178 4.104122 3.985712
54.086834 2 8.986760 40.452664 4.103982 3.983663
54.186834 2 8.986757 40.829631 4.103843 3.981614
54.286834 2 8.986754 41.210111 4.103703 3.979565
54.386834 2 8.986751 41.594136 4.103564 3.977516
54.486834 2 8.986749 41.981739 4.103425 3.975466
54.586834 2 8.986746 42.372954 4.103285 3.973417
54.686834 2 8.986743 42.767815 4.103146 3.971368
54.786834 2 8.986740 43.166354 4.103006 3.969319
54.886834 2 8.986737 43.568607 4.102867 3.967270
54.986834 2 8.986734 43.974609 4.102727 3.965221
55.086834 2 8.986731 44.384393 4.102588 3.963172
55.186834 2 8.986728 44.797996 4.102448 3.961123
55.286834 2 8.986724 45.215452 4.102309 3.959074
55.386834 2 8.986721 45.636799 4.102170 3.957025
55.486834 2 8.986718 46.062071 4.102030 3.954976
55.586834 2 8.986715 46.491306 4.101891 3.952927
55.686834 2 8.986712 46.924541 4.101751 3.950878
55.786834 2 8.986708 47.361812 4.101612 3.948829
55.886834 2 8.986705 47.803158 4.101472 3.946780
55.986834 2 8.986702 48.248616 4.101333 3.944731
56.086834 2 8.986699 48.698225 4.101193 3.942682
56.186834 2 8.986695 49.152023 4.101054 3.940633
56.286834 2 8.986692 49.610050 4.100914 3.938584
56.386834 2 8.986688 50.072344 4.100775 3.936535
56.486834 2 8.986685 50.538946 4.100635 3.934486
56.586834 2 8.986681 51.009896 4.100496 3.932437
56.686834 2 8.986678 51.485233 4.100356 3.930388
56.786834 2 8.986674 51.965000 4.100216 3.928339
56.886834 2 8.986671 52.449237 4.100077 3.926290
56.986834 2 8.986667 52.937985 4.099937 3.924241
57.086834 2 8.986664 53.431288 4.099798 3.922192
57.186834 2 8.986660 53.929187 4.099658 3.920143
57.286834 2 8.986656 54.431726 4.099519 3.918094
57.386834 2 8.986652 54.938946 4.099379 3.916045
57.486834 2 8.986649 55.450893 4.099240 3.913996
57.586834 2 8.986645 55.967610 4.099100 3.911947
57.686834 2 8.986641 56.489141 4.098960 3.909898
57.786834 2 8.986637 57.015532 4.098821 3.907849
57.886834 2 8.986633 57.546827 4.098681 3.905800
57.986834 2 8.986629 58.083073 4.098542 3.903751
58.086834 2 8.986625 58.624315 4.098402 3.901702
58.186834 2 8.986621 59.170600 4.098262 3.899653
58.286834 2 8.986617 59.721974 4.098123 3.897604
58.386834 2 8.986613 60.278487 4.097983 3.895555
58.486834 2 8.986609 60.840184 4.097844 3.893506
58.586834 2 8.986605 61.407115 4.097704 3.891457
58.686834 2 8.986600 61.979328 4.097564 3.889408
58.786834 2 8.986596 62.556872 4.097425 3.887359
58.886834 2 8.986592 63.139798 4.097285 3.885310
58.986834 2 8.986588 63.728155 4.097145 3.883261
59.086834 2 8.986583 64.321994 4.097006 3.881212
59.186834 2 8.986579 64.921365 4.096866 3.879163
59.286834 2 8.986574 65.526321 4.096726 3.877114
59.386834 2 8.986570 66.136913 4.096587 3.875065
59.486834 2 8.986565 66.753195 4.096447 3.873016
59.586834 2 8.986561 67.375218 4.096307 3.870967
59.686834 2 8.986556 68.003037 4.096168 3.868918
59.786834 2 8.986552 68.636705 4.096028 3.866869
59.886834 2 8.986547 69.276277 4.095888 3.864820
59.986834 2 8.986542 69.921807 4.095748 3.862771
60.086834 2 8.986537 70.573353 4.095609 3.860722
60.186834 2 8.986533 71.230968 4.095469 3.858673
60.286834 2 8.986528 71.894710 4.095329 3.856624
60.386834 2 8.986523 72.564637 4.095190 3.854575
60.486834 2 8.986518 73.240805 4.095050 3.852526
60.586834 2 8.986513 73.923273 4.094910 3.850477
60.686834 2 8.986508 74.612099 4.094770 3.848428
60.786834 2 8.986503 75.307342 4.094630 3.846380
60.886834 2 8.986498 76.009064 4.094491 3.844331
60.986834 2 8.986493 76.717322 4.094351 3.842282
61.086834 2 8.986487 77.432180 4.094211 3.840233
61.186834 2 8.986482 78.153697 4.094071 3.838184
61.286834 2 8.986477 78.881937 4.093931 3.836135
61.386834 2 8.986471 79.616961 4.093792 3.834086
61.486834 2 8.986466 80.358833 4.093652 3.832037
61.586834 2 8.986460 81.107617 4.093512 3.829988
61.686834 2 8.986455 81.863377 4.093372 3.827939
61.786834 2 8.986449 82.626178 4.093232 3.825890
61.886834 2 8.986444 83.396086 4.093092 3.823841
61.986834 2 8.986438 84.173166 4.092953 3.821792
62.086834 2 8.986432 84.957486 4.092813 3.819743
62.186834 2 8.986427 85.749112 4.092673 3.817694
62.286834 2 8.986421 86.548114 4.092533 3.815645
62.386834 2 8.986415 87.354560 4.092393 3.813596
62.486834 2 8.986409 88.168518 4.092253 3.811547
62.586834 2 8.986403 88.990060 4.092113 3.809498
62.686834 2 8.986397 89.819255 4.091973 3.807449
62.786834 2 8.986391 90.656175 4.091833 3.805400
62.886834 2 8.986385 91.500892 4.091693 3.803351
62.986834 2 8.986379 92.353478 4.091553 3.801302
63.086834 2 8.986372 93.214008 4.091413 3.799253
63.186834 2 8.986366 94.082553 4.091274 3.797204
63.286834 2 8.986360 94.959191 4.091134 3.795155
63.386834 2 8.986353 95.843994 4.090994 3.793106
63.486834 2 8.986347 96.737041 4.090854 3.791058
63.586834 2 8.986340 97.638407 4.090714 3.789009
63.686834 2 8.986334 98.548170 4.090574 3.786960
63.786834 2 8.986327 99.466408 4.090434 3.784911
63.886834 2 8.986320 100.393201 4.090293 3.782862
63.986834 2 8.986314 101.328627 4.090153 3.780813
64.086834 2 8.986307 102.272767 4.090013 3.778764
64.186834 2 8.986300 103.225702 4.089873 3.776715
64.286834 2 8.986293 104.187515 4.089733 3.774666
64.386834 2 8.986286 105.158287 4.089593 3.772617
64.486834 2 8.986279 106.138103 4.089453 3.770568
64.586834 2 8.986272 107.127046 4.089313 3.768519
64.686834 2 8.986265 108.125201 4.089173 3.766470
64.786834 2 8.986257 109.132655 4.089033 3.764421
64.886834 2 8.986250 110.149494 4.088893 3.762372
64.986834 2 8.986243 111.175804 4.088752 3.760324
65.086834 2 8.986235 112.211675 4.088612 3.758275
65.186834 2 8.986228 113.257196 4.088472 3.756226
65.286834 2 8.986220 114.312456 4.088332 3.754177
65.386834 2 8.986212 115.377545 4.088192 3.752128
65.486834 2 8.986205 116.452556 4.088052 3.750079
65.586834 2 8.986197 117.537581 4.087911 3.748030
65.686834 2 8.986189 118.632713 4.087771 3.745981
65.786834 2 8.986181 119.738046 4.087631 3.743932
65.886834 2 8.986173 120.853675 4.087491 3.741883
65.986834 2 8.986165 121.979696 4.087350 3.739834
66.086834 2 8.986157 123.116205 4.087210 3.737785
66.186834 2 8.986148 124.263301 4.087070 3.735737
66.286834 2 8.986140 125.421082 4.086930 3.733688
66.386834 2 8.986132 126.589647 4.086789 3.731639
66.486834 2 8.986123 127.769097 4.086649 3.729590
66.586834 2 8.986115 128.959534 4.086509 3.727541
66.686834 2 8.986106 130.161058 4.086368 3.725492
66.786834 2 8.986097 131.373774 4.086228 3.723443
66.886834 2 8.986089 132.597786 4.086088 3.721394
66.986834 2 8.986080 133.833199 4.085947 3.719345
67.086834 2 8.986071 135.080119 4.085807 3.717297
67.186834 2 8.986062 136.338653 4.085666 3.715248
67.286834 2 8.986053 137.608909 4.085526 3.713199
67.386834 2 8.986044 138.890996 4.085386 3.711150
67.486834 2 8.986034 140.185026 4.085245 3.709101
67.586834 2 8.986025 141.491107 4.085105 3.707052
67.686834 2 8.986016 142.809354 4.084964 3.705003
67.786834 2 8.986006 144.139879 4.084824 3.702954
67.886834 2 8.985996 145.482796 4.084683 3.700906
67.986834 2 8.985987 146.838221 4.084543 3.698857
68.086834 2 8.985977 148.206270 4.084402 3.696808
68.186834 2 8.985967 149.587061 4.084262 3.694759
68.286834 2 8.985957 150.980712 4.084121 3.692710
68.386834 2 8.985947 152.387343 4.083981 3.690661
68.486834 2 8.985937 153.807074 4.083840 3.688612
68.586834 2 8.985927 155.240029 4.083699 3.686564
68.686834 2 8.985917 156.686329 4.083559 3.684515
68.786834 2 8.985906 158.146099 4.083418 3.682466
68.886834 2 8.985896 159.619464 4.083278 3.680417
68.986834 2 8.985885 161.106551 4.083137 3.678368
69.086834 2 8.985874 162.607487 4.082996 3.676319
69.186834 2 8.985864 164.122402 4.082856 3.674271
69.286834 2 8.985853 165.651426 4.082715 3.672222
69.386834 2 8.985842 167.194689 4.082574 3.670173
69.486834 2 8.985831 168.752325 4.082433 3.668124
69.586834 2 8.985820 170.324466 4.082293 3.666075
69.686834 2 8.985808 171.911249 4.082152 3.664026
69.786834 2 8.985797 173.512809 4.082011 3.661978
69.886834 2 8.985785 175.129283 4.081870 3.659929
69.986834 2 8.985774 176.760812 4.081730 3.657880
70.086834 2 8.985762 178.407533 4.081589 3.655831
70.186834 2 8.985750 180.069590 4.081448 3.653782
70.286834 2 8.985738 181.747125 4.081307 3.651734
70.386834 2 8.985726 183.440281 4.081166 3.649685
70.486834 2 8.985714 185.149204 4.081025 3.647636
70.586834 2 8.985702 186.874042 4.080884 3.645587
70.686834 2 8.985690 188.614940 4.080743 3.643538
70.786834 2 8.985677 190.372051 4.080602 3.641490
70.886834 2 8.985665 192.145523 4.080461 3.639441
70.986834 2 8.985652 193.935509 4.080320 3.637392
71.086834 2 8.985639 195.742164 4.080179 3.635343
71.186834 2 8.985626 197.565641 4.080038 3.633294
71.286834 2 8.985613 199.406099 4.079897 3.631246
71.386834 2 8.985600 201.263693 4.079756 3.629197
71.486834 2 8.985587 203.138584 4.079615 3.627148
71.586834 2 8.985574 205.030934 4.079474 3.625099
71.686834 2 8.985560 206.940903 4.079333 3.623051
71.786834 2 8.985547 208.868657 4.079192 3.621002
71.886834 2 8.985533 210.814360 4.079051 3.618953
71.986834 2 8.985519 212.778180 4.078910 3.616904
72.086834 2 8.985505 214.760284 4.078768 3.614856
72.186834 2 8.985491 216.760844 4.078627 3.612807
72.286834 2 8.985477 218.780031 4.078486 3.610758
72.386834 2 8.985462 220.818018 4.078345 3.608709
72.486834 2 8.985448 222.874979 4.078203 3.606661
72.586834 2 8.985433 224.951092 4.078062 3.604612
72.686834 2 8.985419 227.046534 4.077921 3.602563
72.786834 2 8.985404 229.161486 4.077779 3.600515
72.886834 2 8.985389 231.296128 4.077638 3.598466
72.986834 2 8.985374 233.450644 4.077497 3.596417
73.086834 2 8.985358 235.625219 4.077355 3.594369
73.186834 2 8.985343 237.820039 4.077214 3.592320
73.286834 2 8.985327 240.035292 4.077072 3.590271
73.386834 2 8.985312 242.271169 4.076931 3.588222
73.486834 2 8.985296 244.527861 4.076790 3.586174
73.586834 2 8.985280 246.805562 4.076648 3.584125
73.686834 2 8.985264 249.104467 4.076506 3.582076
73.786834 2 8.985247 251.424774 4.076365 3.580028
73.886834 2 8.985231 253.766681 4.076223 3.577979
73.986834 2 8.985215 256.104185 4.076083 3.575953
74.086834 2 8.985202 257.871423 4.075978 3.574434
74.186834 2 8.985193 259.204845 4.075899 3.573294
74.286834 2 8.985179 261.217910 4.075781 3.571584
74.386834 3 8.985164 263.246601 4.075663 3.569875
74.486834 3 8.985158 264.596545 4.078384 3.569445
74.586834 3 8.985146 266.883304 4.082960 3.568720
74.686834 3 8.985140 268.253018 4.085681 3.568289
74.786834 3 8.985133 269.630181 4.088403 3.567857
74.886834 3 8.985126 271.014835 4.091124 3.567425
74.986834 3 8.985119 272.407023 4.093845 3.566993
75.086834 3 8.985112 273.806787 4.096566 3.566560
75.186834 3 8.985105 275.214170 4.099287 3.566127
75.286834 3 8.985097 276.629216 4.102008 3.565694
75.386834 3 8.985090 278.051968 4.104729 3.565260
75.486834 3 8.985083 279.482469 4.107451 3.564826
75.586834 3 8.985076 280.920764 4.110172 3.564392
75.686834 3 8.985069 282.366897 4.112893 3.563957
75.786834 3 8.985061 283.820911 4.115614 3.563522
75.886834 3 8.985054 285.282853 4.118335 3.563087
75.986834 3 8.985046 286.752766 4.121056 3.562651
76.086834 3 8.985039 288.230696 4.123777 3.562215
76.186834 3 8.985031 289.716689 4.126499 3.561778
76.286834 3 8.985024 291.210790 4.129220 3.561342
76.386834 3 8.985016 292.713046 4.131941 3.560905
76.486834 3 8.985008 294.223502 4.134662 3.560467
76.586834 3 8.985001 295.742205 4.137383 3.560030
76.686834 3 8.984993 297.269202 4.140104 3.559592
76.786834 3 8.984985 298.804540 4.142826 3.559153
76.886834 3 8.984977 300.348267 4.145547 3.558715
76.986834 3 8.984969 301.900429 4.148268 3.558276
77.086834 3 8.984961 303.461076 4.150989 3.557836
77.186834 3 8.984953 305.030255 4.153710 3.557397
77.286834 3 8.984945 306.608015 4.156431 3.556957
77.386834 3 8.984937 308.194404 4.159152 3.556516
77.486834 3 8.984929 309.789472 4.161874 3.556076
77.586834 3 8.984920 311.393267 4.164595 3.555635
77.686834 3 8.984912 313.005841 4.167316 3.555193
77.786834 3 8.984904 314.627241 4.170037 3.554752
77.886834 3 8.984895 316.257520 4.172758 3.554310
77.986834 3 8.984887 317.896726 4.175479 3.553867
78.086834 3 8.984878 319.544912 4.178200 3.553425
78.186834 3 8.984870 321.202127 4.180922 3.552982
78.286834 3 8.984861 322.868424 4.183643 3.552538
78.386834 3 8.984852 324.543854 4.186364 3.552095
78.486834 3 8.984844 326.228470 4.189085 3.551651
78.586834 3 8.984835 327.922322 4.191806 3.551207
78.686834 3 8.984826 329.625465 4.194527 3.550762
78.786834 3 8.984817 331.337951 4.197249 3.550317
78.886834 3 8.984808 333.059833 4.199970 3.549872
78.986834 3 8.984799 334.791165 4.202691 3.549426
79.086834 3 8.984790 336.532000 4.205412 3.548980
79.186834 3 8.984781 338.282393 4.208133 3.548534
79.286834 3 8.984772 340.042398 4.210854 3.548088
79.386834 3 8.984762 341.812070 4.213575 3.547641
79.486834 3 8.984753 343.591464 4.216297 3.547194
79.586834 3 8.984744 345.380635 4.219018 3.546746
79.686834 3 8.984734 347.179640 4.221739 3.546298
79.786834 3 8.984725 348.988534 4.224460 3.545850
79.886834 3 8.984715 350.807374 4.227181 3.545401
79.986834 3 8.984706 352.636217 4.229902 3.544953
80.086834 3 8.984696 354.475119 4.232623 3.544504
80.186834 3 8.984686 356.324137 4.235345 3.544054
80.286834 3 8.984676 358.183331 4.238066 3.543604
80.386834 3 8.984666 360.052757 4.240787 3.543154
80.486834 3 8.984657 361.932475 4.243508 3.542704
80.586834 3 8.984647 363.822542 4.246229 3.542253
80.686834 3 8.984636 365.723019 4.248950 3.541802
80.786834 3 8.984626 367.633964 4.251671 3.541351
80.886834 3 8.984616 369.555437 4.254393 3.540899
80.986834 3 8.984606 371.487498 4.257114 3.540447
81.086834 3 8.984596 373.430209 4.259835 3.539995
81.186834 3 8.984585 375.383629 4.262556 3.539542
81.286834 4 8.984570 378.192297 4.266443 3.538895
81.386834 4 8.984559 378.188005 4.266436 3.538896
81.486834 4 8.984549 378.183737 4.266430 3.538897
81.586834 4 8.984530 378.176318 4.266419 3.538898
81.686834 4 8.979507 376.425541 4.263864 3.539267
81.786834 4 8.974534 375.123690 4.261922 3.539534
81.886834 4 8.969598 374.205656 4.260509 3.539713
81.986834 4 8.964687 373.608302 4.259542 3.539818
82.086834 4 8.959791 373.269851 4.258936 3.539863
82.186834 4 8.954905 373.129391 4.258607 3.539863
82.286834 4 8.950021 373.126486 4.258470 3.539830
82.386834 4 8.945137 373.200887 4.258440 3.539779
82.486834 4 8.943915 373.224515 4.258440 3.539765
82.586834 4 8.943609 371.358829 4.264773 3.542437
82.686834 4 8.943301 367.723426 4.268221 3.545435
82.786834 4 8.942993 364.133416 4.270427 3.548117
82.886834 4 8.942686 360.588133 4.272148 3.550672
82.986834 4 8.942382 357.086935 4.273594 3.553152
83.086834 4 8.942079 353.629190 4.274858 3.555581
83.186834 4 8.941778 350.214280 4.275991 3.557971
83.286834 4 8.941479 346.841596 4.277024 3.560331
83.386834 4 8.941183 343.510539 4.277977 3.562665
83.486834 4 8.940889 340.220521 4.278865 3.564976
83.586834 4 8.940597 336.970962 4.279698 3.567269
83.686834 4 8.940307 333.761293 4.280485 3.569544
83.786834 4 8.940019 330.590951 4.281232 3.571803
83.886834 4 8.939734 327.459385 4.281944 3.574048
83.986834 4 8.939451 324.366052 4.282625 3.576279
84.086834 4 8.939170 321.310415 4.283279 3.578498
84.186834 4 8.938891 318.291949 4.283907 3.580705
84.286834 4 8.938615 315.310135 4.284514 3.582900
84.386834 4 8.938340 312.364463 4.285099 3.585085
84.486834 4 8.938068 309.454430 4.285666 3.587259
84.586834 4 8.937798 306.579541 4.286216 3.589423
84.686834 4 8.937531 303.739310 4.286750 3.591578
84.786834 4 8.937265 300.933257 4.287270 3.593723
84.886834 4 8.937002 298.160910 4.287775 3.595859
84.986834 4 8.936740 295.421804 4.288268 3.597986
85.086834 4 8.936481 292.715482 4.288749 3.600105
85.186834 4 8.936224 290.041493 4.289219 3.602215
85.286834 4 8.935969 287.399392 4.289678 3.604317
85.386834 4 8.935716 284.788744 4.290128 3.606411
85.486834 4 8.935465 282.209118 4.290568 3.608497
85.586834 4 8.935216 279.660091 4.290999 3.610575
85.686834 4 8.934969 277.141244 4.291421 3.612645
85.786834 4 8.934723 274.652167 4.291836 3.614708
85.886834 4 8.934480 272.192456 4.292243 3.616763
85.986834 4 8.934239 269.761713 4.292643 3.618811
86.086834 4 8.934000 267.359543 4.293036 3.620852
86.186834 4 8.933763 264.985562 4.293423 3.622885
86.286834 4 8.933527 262.639388 4.293803 3.624911
86.386834 4 8.933294 260.320646 4.294177 3.626931
86.486834 4 8.933062 258.028968 4.294546 3.628943
86.586834 4 8.932832 255.763988 4.294908 3.630948
86.686834 4 8.932604 253.525350 4.295266 3.632946
86.786834 4 8.932378 251.312700 4.295618 3.634938
86.886834 4 8.932154 249.125690 4.295966 3.636923
86.986834 4 8.931931 246.963979 4.296308 3.638901
87.086834 4 8.931710 244.827228 4.296646 3.640872
87.186834 4 8.931491 242.715106 4.296980 3.642837
87.286834 4 8.931273 240.627285 4.297309 3.644795
87.386834 4 8.931058 238.563442 4.297634 3.646747
87.486834 4 8.930844 236.523261 4.297956 3.648693
87.586834 4 8.930631 234.506427 4.298273 3.650631
87.686834 4 8.930420 232.512634 4.298587 3.652564
87.786834 4 8.930211 230.541576 4.298897 3.654490
87.886834 4 8.930004 228.592954 4.299203 3.656410
87.986834 4 8.929798 226.666475 4.299506 3.658323
88.086834 4 8.929594 224.761847 4.299806 3.660231
88.186834 4 8.929391 222.878783 4.300102 3.662132
88.286834 4 8.929190 221.017003 4.300396 3.664027
88.386834 4 8.928990 219.176227 4.300686 3.665915
88.486834 4 8.928792 217.356183 4.300973 3.667798
88.586834 4 8.928595 215.556600 4.301258 3.669674
88.686834 4 8.928400 213.777212 4.301539 3.671545
88.786834 4 8.928207 212.017757 4.301818 3.673409
88.886834 4 8.928015 210.277978 4.302095 3.675267
88.986834 4 8.927824 208.557619 4.302368 3.677120
89.086834 4 8.927635 206.856430 4.302639 3.678966
89.186834 4 8.927447 205.174164 4.302908 3.680806
89.286834 4 8.927260 203.510577 4.303174 3.682641
89.386834 4 8.927075 201.865430 4.303438 3.684469
89.486834 4 8.926892 200.238485 4.303700 3.686292
89.586834 4 8.926709 198.629509 4.303959 3.688108
89.686834 4 8.926528 197.038273 4.304216 3.689919
89.786834 4 8.926349 195.464550 4.304471 3.691724
89.886834 4 8.926171 193.908117 4.304724 3.693524
89.986834 4 8.925994 192.368754 4.304975 3.695317
90.086834 4 8.925818 190.846245 4.305224 3.697105
90.186834 4 8.925644 189.340374 4.305471 3.698887
90.286834 4 8.925471 187.850932 4.305716 3.700663
90.386834 4 8.925299 186.377710 4.305959 3.702433
90.486834 4 8.925128 184.920505 4.306200 3.704198
90.586834 4 8.924959 183.479114 4.306439 3.705957
90.686834 4 8.924791 182.053338 4.306677 3.707710
90.786834 4 8.924624 180.642981 4.306913 3.709458
90.886834 4 8.924458 179.247849 4.307147 3.711200
90.986834 4 8.924293 177.867753 4.307379 3.712937
91.086834 4 8.924130 176.502503 4.307610 3.714668
91.186834 4 8.923968 175.151915 4.307839 3.716393
91.286834 4 8.923807 173.815806 4.308067 3.718113
91.386834 4 8.923647 172.493996 4.308293 3.719827
91.486834 4 8.923488 171.186307 4.308517 3.721535
91.586834 4 8.923331 169.892565 4.308740 3.723238
91.686834 4 8.923174 168.612595 4.308962 3.724936
91.786834 4 8.923019 167.346229 4.309182 3.726628
91.886834 4 8.922864 166.093299 4.309401 3.728315
91.986834 4 8.922711 164.853638 4.309618 3.729996
92.086834 4 8.922559 163.627083 4.309834 3.731671
92.186834 4 8.922408 162.413474 4.310049 3.733342
92.286834 4 8.922258 161.212653 4.310262 3.735006
92.386834 4 8.922108 160.024461 4.310474 3.736666
92.486834 4 8.921960 158.848745 4.310684 3.738320
92.586834 4 8.921813 157.685354 4.310894 3.739968
92.686834 4 8.921667 156.534136 4.311102 3.741612
92.786834 4 8.921522 155.394943 4.311309 3.743249
92.886834 4 8.921378 154.267631 4.311515 3.744882
92.986834 4 8.921235 153.152053 4.311719 3.746509
93.086834 4 8.921093 152.048070 4.311922 3.748131
93.186834 4 8.920952 150.955540 4.312125 3.749747
93.286834 4 8.920812 149.874325 4.312326 3.751358
93.386834 4 8.920672 148.804290 4.312526 3.752964
93.486834 4 8.920534 147.745299 4.312724 3.754565
93.586834 4 8.920397 146.697220 4.312922 3.756160
93.686834 4 8.920260 145.659923 4.313119 3.757750
93.786834 4 8.920125 144.633278 4.313314 3.759335
93.886834 4 8.919990 143.617158 4.313509 3.760915
93.986834 4 8.919856 142.611437 4.313703 3.762489
94.086834 4 8.919723 141.615993 4.313895 3.764058
94.186834 4 8.919591 140.630702 4.314087 3.765622
94.286834 4 8.919460 139.655444 4.314277 3.767181
94.386834 4 8.919329 138.690101 4.314467 3.768735
94.486834 4 8.919200 137.734555 4.314655 3.770283
94.586834 4 8.919071 136.788689 4.314843 3.771826
94.686834 4 8.918943 135.852392 4.315030 3.773364
94.786834 4 8.918816 134.925548 4.315216 3.774897
94.886834 4 8.918690 134.008048 4.315401 3.776425
94.986834 4 8.918565 133.099783 4.315585 3.777948
95.086834 4 8.918440 132.200642 4.315768 3.779466
95.186834 4 8.918316 131.310521 4.315950 3.780978
95.286834 4 8.918193 130.429314 4.316131 3.782486
95.386834 4 8.918071 129.556916 4.316312 3.783988
95.486834 4 8.917949 128.693226 4.316492 3.785486
95.586834 4 8.917828 127.838142 4.316671 3.786978
95.686834 4 8.917708 126.991564 4.316849 3.788465
95.786834 4 8.917589 126.153394 4.317026 3.789948
95.886834 4 8.917470 125.323535 4.317202 3.791425
95.986834 4 8.917353 124.501891 4.317378 3.792897
96.086834 4 8.917236 123.688367 4.317553 3.794364
96.186834 4 8.917119 122.882870 4.317727 3.795827
96.286834 4 8.917003 122.085307 4.317900 3.797284
96.386834 4 8.916889 121.295588 4.318073 3.798736
96.486834 4 8.916774 120.513622 4.318245 3.800184
96.586834 4 8.916661 119.739322 4.318416 3.801626
96.686834 4 8.916548 118.972600 4.318586 3.803064
96.786834 4 8.916436 118.213370 4.318756 3.804496
96.886834 4 8.916324 117.461545 4.318925 3.805924
96.986834 4 8.916213 116.717043 4.319093 3.807347
97.086834 4 8.916103 115.979780 4.319261 3.808765
97.186834 4 8.915993 115.249675 4.319428 3.810178
97.286834 4 8.915884 114.526646 4.319594 3.811586
97.386834 4 8.915776 113.810613 4.319759 3.812989
97.486834 4 8.915669 113.101499 4.319924 3.814387
97.586834 4 8.915562 112.399225 4.320088 3.815781
97.686834 4 8.915455 111.703714 4.320252 3.817170
97.786834 4 8.915349 111.014892 4.320415 3.818554
97.886834 4 8.915244 110.332682 4.320577 3.819933
97.986834 4 8.915140 109.657011 4.320738 3.821307
98.086834 4 8.915036 108.987806 4.320899 3.822676
98.186834 4 8.914932 108.324995 4.321060 3.824041
98.286834 4 8.914830 107.668508 4.321219 3.825401
98.386834 4 8.914727 107.018274 4.321379 3.826756
98.486834 4 8.914626 106.374223 4.321537 3.828107
98.586834 4 8.914525 105.736289 4.321695 3.829452
98.686834 4 8.914424 105.104402 4.321852 3.830793
98.786834 4 8.914324 104.478496 4.322009 3.832129
98.886834 4 8.914225 103.858506 4.322165 3.833461
98.986834 4 8.914126 103.244367 4.322321 3.834788
99.086834 4 8.914028 102.636014 4.322476 3.836110
99.186834 4 8.913930 102.033384 4.322630 3.837427
99.286834 4 8.913833 101.436415 4.322784 3.838740
99.386834 4 8.913736 100.845044 4.322938 3.840048
99.486834 4 8.913640 100.259212 4.323091 3.841351
99.586834 4 8.913545 99.678857 4.323243 3.842650
99.686834 4 8.913450 99.103921 4.323395 3.843944
99.786834 4 8.913355 98.534344 4.323546 3.845233
99.886834 4 8.913261 97.970068 4.323697 3.846518
99.986834 4 8.913168 97.411037 4.323847 3.847798
100.086834 4 8.913075 96.857194 4.323996 3.849074
100.186834 4 8.912982 96.308483 4.324146 3.850345
100.286834 4 8.912890 95.764848 4.324294 3.851611
100.386834 4 8.912798 95.226236 4.324442 3.852873
100.486834 4 8.912707 94.692592 4.324590 3.854130
100.586834 4 8.912617 94.163864 4.324737 3.855383
100.686834 4 8.912527 93.639999 4.324884 3.856631
100.786834 4 8.912437 93.120945 4.325030 3.857874
100.886834 4 8.912348 92.606651 4.325176 3.859113
100.986834 4 8.912259 92.097066 4.325321 3.860348
101.086834 4 8.912171 91.592141 4.325466 3.861578
101.186834 4 8.912083 91.091826 4.325610 3.862803
101.286834 4 8.911996 90.596072 4.325754 3.864024
101.386834 4 8.911909 90.104832 4.325897 3.865241
101.486834 4 8.911822 89.618058 4.326040 3.866453
101.586834 4 8.911736 89.135703 4.326183 3.867660
101.686834 4 8.911651 88.657720 4.326325 3.868863
101.786834 4 8.911565 88.184064 4.326466 3.870062
101.886834 4 8.911481 87.714689 4.326607 3.871256
101.986834 4 8.911396 87.249551 4.326748 3.872446
102.086834 4 8.911312 86.788605 4.326888 3.873631
102.186834 4 8.911229 86.331809 4.327028 3.874812
102.286834 4 8.911146 85.879118 4.327167 3.875989
102.386834 4 8.911063 85.430491 4.327306 3.877161
102.486834 4 8.910981 84.985885 4.327445 3.878328
102.586834 4 8.910899 84.545258 4.327583 3.879492
102.686834 4 8.910818 84.108570 4.327721 3.880651
102.786834 4 8.910737 83.675780 4.327858 3.881805
102.886834 4 8.910656 83.246848 4.327995 3.882955
102.986834 4 8.910576 82.821734 4.328132 3.884101
103.086834 4 8.910496 82.400400 4.328268 3.885243
103.186834 4 8.910416 81.982805 4.328403 3.886380
103.286834 4 8.910337 81.568914 4.328539 3.887513
103.386834 4 8.910258 81.158686 4.328674 3.888641
103.486834 4 8.910101 80.349076 4.328942 3.890886
103.586834 4 8.909946 79.553683 4.329210 3.893113
103.686834 4 8.909792 78.772219 4.329475 3.895323
103.786834 4 8.909640 78.004406 4.329739 3.897516
103.886834 4 8.909489 77.249970 4.330002 3.899692
103.986834 4 8.909339 76.508644 4.330263 3.901851
104.086834 4 8.909190 75.780169 4.330523 3.903994
104.186834 4 8.909043 75.064290 4.330782 3.906119
104.286834 4 8.908898 74.360758 4.331039 3.908228
104.386834 4 8.908753 73.669330 4.331295 3.910321
104.486834 4 8.908610 72.989770 4.331549 3.912397
104.586834 4 8.908468 72.321845 4.331802 3.914456
104.686834 4 8.908327 71.665329 4.332054 3.916499
104.786834 4 8.908188 71.020001 4.332304 3.918526
104.886834 4 8.908049 70.385645 4.332553 3.920537
104.986834 4 8.907912 69.762049 4.332801 3.922531
105.086834 4 8.907776 69.149007 4.333048 3.924510
105.186834 4 8.907641 68.546316 4.333294 3.926472
105.286834 4 8.907507 67.953780 4.333538 3.928418
105.386834 4 8.907374 67.371205 4.333781 3.930349
105.486834 4 8.907242 66.798403 4.334023 3.932263
105.586834 4 8.907112 66.235190 4.334264 3.934162
105.686834 4 8.906982 65.681385 4.334504 3.936045
105.786834 4 8.906853 65.136812 4.334742 3.937913
105.886834 4 8.906726 64.601298 4.334979 3.939765
105.986834 4 8.906599 64.074675 4.335216 3.941601
106.086834 4 8.906473 63.556779 4.335451 3.943422
106.186834 4 8.906349 63.047447 4.335685 3.945228
106.286834 4 8.906225 62.546522 4.335918 3.947019
106.386834 4 8.906102 62.053850 4.336150 3.948794
106.486834 4 8.905980 61.569280 4.336381 3.950554
106.586834 4 8.905859 61.092664 4.336611 3.952299
106.686834 4 8.905738 60.623858 4.336840 3.954029
106.786834 4 8.905619 60.162721 4.337068 3.955744
106.886834 4 8.905500 59.709113 4.337295 3.957444
106.986834 4 8.905383 59.262901 4.337521 3.959129
107.086834 4 8.905266 58.823951 4.337746 3.960800
107.186834 4 8.905150 58.392134 4.337970 3.962456
107.286834 4 8.905034 57.967323 4.338194 3.964097
107.386834 4 8.904920 57.549394 4.338416 3.965724
107.486834 4 8.904806 57.138225 4.338637 3.967336
107.586834 4 8.904693 56.733698 4.338858 3.968934
107.686834 4 8.904581 56.335696 4.339077 3.970518
107.786834 4 8.904469 55.944105 4.339296 3.972087
107.886834 4 8.904358 55.558813 4.339513 3.973642
107.986834 4 8.904248 55.179711 4.339730 3.975183
108.086834 4 8.904139 54.806693 4.339946 3.976710
108.186834 4 8.904030 54.439653 4.340161 3.978223
108.286834 4 8.903922 54.078488 4.340376 3.979722
108.386834 4 8.903814 53.723099 4.340589 3.981207
108.486834 4 8.903708 53.373387 4.340802 3.982679
108.586834 4 8.903601 53.029255 4.341013 3.984136
108.686834 4 8.903496 52.690609 4.341224 3.985580
108.786834 4 8.903391 52.357356 4.341435 3.987010
108.886834 4 8.903287 52.029406 4.341644 3.988427
108.986834 4 8.903183 51.706671 4.341853 3.989830
109.086834 4 8.903080 51.389062 4.342060 3.991220
109.186834 4 8.902978 51.076495 4.342267 3.992597
109.286834 4 8.902876 50.768887 4.342474 3.993960
109.386834 4 8.902774 50.466155 4.342679 3.995310
109.486834 4 8.902674 50.168219 4.342884 3.996647
109.586834 4 8.902573 49.875001 4.343088 3.997971
109.686834 4 8.902474 49.586423 4.343291 3.999282
109.786834 4 8.902375 49.302410 4.343494 4.000580
109.886834 4 8.902276 49.022889 4.343696 4.001865
109.986834 4 8.902178 48.747786 4.343897 4.003137
110.086834 4 8.902080 48.477030 4.344097 4.004397
110.186834 4 8.901983 48.210551 4.344297 4.005644
110.286834 4 8.901886 47.948282 4.344496 4.006878
110.386834 4 8.901790 47.690155 4.344694 4.008100
110.486834 4 8.901694 47.436104 4.344892 4.009309
110.586834 4 8.901599 47.186064 4.345089 4.010506
110.686834 4 8.901504 46.939974 4.345285 4.011690
110.786834 4 8.901410 46.697770 4.345481 4.012863
110.886834 4 8.901316 46.459391 4.345676 4.014023
110.986834 4 8.901223 46.224778 4.345870 4.015171
111.086834 4 8.901037 45.766618 4.346257 4.017430
111.186834 4 8.900852 45.322833 4.346641 4.019642
111.286834 4 8.900670 44.892985 4.347023 4.021807
111.386834 4 8.900489 44.476651 4.347402 4.023925
111.486834 4 8.900309 44.073427 4.347779 4.025997
111.586834 4 8.900131 43.682919 4.348153 4.028023
111.686834 4 8.899954 43.304751 4.348526 4.030004
111.786834 4 8.899779 42.938559 4.348896 4.031941
111.886834 4 8.899605 42.583991 4.349263 4.033833
111.986834 4 8.899432 42.240710 4.349628 4.035682
112.086834 4 8.899260 41.908389 4.349992 4.037488
112.186834 4 8.899090 41.586713 4.350353 4.039251
112.286834 4 8.898921 41.275378 4.350712 4.040973
112.386834 4 8.898753 40.974091 4.351069 4.042653
112.486834 4 8.898586 40.682567 4.351423 4.044292
112.586834 4 8.898420 40.400532 4.351776 4.045891
112.686834 4 8.898255 40.127723 4.352127 4.047450
112.786834 4 8.898091 39.863882 4.352476 4.048970
112.886834 4 8.897928 39.608762 4.352823 4.050451
112.986834 4 8.897766 39.362123 4.353168 4.051893
113.086834 4 8.897605 39.123734 4.353511 4.053298
113.186834 4 8.897445 38.893371 4.353852 4.054666
113.286834 4 8.897285 38.670814 4.354192 4.055997
113.386834 4 8.897127 38.455855 4.354529 4.057292
113.486834 4 8.896969 38.248289 4.354865 4.058551
113.586834 4 8.896812 38.047917 4.355199 4.059775
113.686834 4 8.896499 37.667997 4.355862 4.062120
113.786834 4 8.896188 37.314625 4.356519 4.064331
113.886834 4 8.895880 36.986415 4.357169 4.066412
113.986834 4 8.895574 36.682059 4.357812 4.068367
114.086834 4 8.895271 36.400317 4.358450 4.070200
114.186834 4 8.894969 36.140015 4.359081 4.071917
114.286834 4 8.894669 35.900034 4.359707 4.073520
114.386834 4 8.894370 35.679313 4.360326 4.075014
114.486834 4 8.894073 35.476836 4.360940 4.076403
114.586834 4 8.893482 35.122769 4.362152 4.078884
114.686834 4 8.892894 34.830523 4.363344 4.080996
114.786834 4 8.892310 34.593314 4.364515 4.082773
114.886834 4 8.891728 34.404781 4.365667 4.084248
114.986834 4 8.891148 34.258898 4.366800 4.085454
115.086834 4 8.890568 34.149902 4.367917 4.086425
115.186834 4 8.889989 34.072229 4.369016 4.087194
115.286834 4 8.889410 34.020457 4.370099 4.087795
115.386834 4 8.888830 33.989264 4.371167 4.088261
115.486834 4 8.888249 33.973391 4.372220 4.088626
115.586834 4 8.887668 33.967616 4.373258 4.088923
115.686834 4 8.887084 33.966731 4.374283 4.089184
115.786834 4 8.886500 33.967598 4.375294 4.089432
115.886834 4 8.885914 33.973978 4.376292 4.089640
115.986834 4 8.885326 33.991081 4.377278 4.089777
116.086834 4 8.884737 34.024133 4.378251 4.089810
116.186834 4 8.884146 34.078401 4.379213 4.089704
116.286834 4 8.883552 34.159218 4.380163 4.089427
116.386834 4 8.882956 34.272022 4.381103 4.088946
116.486834 4 8.882356 34.422403 4.382031 4.088228
116.586834 4 8.881753 34.616153 4.382950 4.087239
116.686834 4 8.881145 34.859339 4.383858 4.085945
116.786834 4 8.880531 35.158372 4.384757 4.084315
116.886834 4 8.880220 35.330951 4.385202 4.083363
116.986834 4 8.879908 35.520100 4.385646 4.082315
117.086834 4 8.879594 35.726759 4.386087 4.081165
117.186834 4 8.879278 35.951911 4.386525 4.079911
117.286834 4 8.878960 36.196582 4.386962 4.078547
117.386834 4 8.878639 36.461851 4.387396 4.077070
117.486834 4 8.878315 36.748848 4.387828 4.075476
117.586834 4 8.877988 37.058766 4.388258 4.073760
117.686834 4 8.877658 37.392861 4.388686 4.071918
117.786834 4 8.877325 37.752463 4.389112 4.069946
117.886834 4 8.877157 37.942264 4.389324 4.068910
117.986834 4 8.876988 38.138977 4.389536 4.067840
118.086834 4 8.876818 38.342789 4.389747 4.066735
118.186834 4 8.876647 38.553897 4.389957 4.065596
118.286834 4 8.876474 38.772501 4.390168 4.064421
118.386834 4 8.876301 38.998809 4.390377 4.063209
118.486834 4 8.876127 39.233034 4.390586 4.061961
118.586834 4 8.875951 39.475400 4.390795 4.060676
118.686834 4 8.875775 39.726133 4.391003 4.059353
118.786834 4 8.875597 39.985469 4.391210 4.057992
118.886834 4 8.875418 40.253654 4.391418 4.056592
118.986834 4 8.875237 40.530938 4.391624 4.055153
119.086834 4 8.875055 40.817582 4.391830 4.053675
119.186834 4 8.874872 41.113857 4.392036 4.052155
119.286834 4 8.874688 41.420042 4.392241 4.050596
119.386834 4 8.874502 41.736425 4.392446 4.048994
119.486834 4 8.874314 42.063306 4.392650 4.047351
119.586834 4 8.874125 42.400994 4.392854 4.045666
119.686834 4 8.873934 42.749811 4.393057 4.043938
119.786834 4 8.873742 43.110091 4.393260 4.042166
119.886834 4 8.873548 43.482177 4.393463 4.040351
119.986834 4 8.873352 43.866428 4.393665 4.038491
120.086834 4 8.873154 44.263215 4.393866 4.036586
120.186834 4 8.872955 44.672923 4.394067 4.034635
120.286834 4 8.872753 45.095952 4.394268 4.032639
120.386834 4 8.872550 45.532717 4.394468 4.030596
120.486834 4 8.872344 45.983649 4.394668 4.028506
120.586834 4 8.872240 46.214566 4.394767 4.027443
120.686834 4 8.872136 46.449195 4.394867 4.026368
120.786834 4 8.872031 46.687593 4.394966 4.025281
120.886834 4 8.871925 46.929821 4.395066 4.024183
120.986834 4 8.871819 47.175939 4.395165 4.023072
121.086834 4 8.871712 47.426010 4.395264 4.021948
121.186834 4 8.871605 47.680097 4.395363 4.020813
121.286834 4 8.871497 47.938264 4.395462 4.019665
121.386834 4 8.871389 48.200578 4.395561 4.018505
121.486834 4 8.871280 48.467106 4.395660 4.017332
121.586834 4 8.871170 48.737916 4.395758 4.016147
121.686834 4 8.871060 49.013079 4.395857 4.014949
121.786834 4 8.870949 49.292665 4.395955 4.013738
121.886834 4 8.870837 49.576747 4.396054 4.012515
121.986834 4 8.870725 49.865401 4.396152 4.011279
122.086834 4 8.870611 50.158700 4.396250 4.010030
122.186834 4 8.870498 50.456724 4.396348 4.008768
122.286834 4 8.870383 50.759549 4.396446 4.007493
122.386834 4 8.870268 51.067258 4.396544 4.006205
122.486834 4 8.870152 51.379931 4.396641 4.004904
122.586834 4 8.870036 51.697654 4.396739 4.003590
122.686834 4 8.869918 52.020510 4.396836 4.002262
122.786834 4 8.869800 52.348588 4.396934 4.000921
122.886834 4 8.869681 52.681976 4.397031 3.999567
122.986834 4 8.869562 53.020766 4.397128 3.998200
123.086834 4 8.869441 53.365050 4.397225 3.996818
123.186834 4 8.869320 53.714923 4.397322 3.995424
123.286834 4 8.869198 54.070482 4.397419 3.994015
123.386834 4 8.869075 54.431825 4.397516 3.992593
123.486834 4 8.868951 54.799053 4.397612 3.991157
123.586834 4 8.868826 55.172269 4.397709 3.989707
123.686834 4 8.868701 55.551579 4.397805 3.988244
123.786834 4 8.868574 55.937089 4.397902 3.986766
123.886834 4 8.868447 56.328910 4.397998 3.985274
123.986834 4 8.868319 56.727152 4.398094 3.983769
124.086834 4 8.868189 57.131932 4.398190 3.982249
124.186834 4 8.868059 57.543365 4.398286 3.980714
124.286834 4 8.867928 57.961571 4.398382 3.979166
124.386834 4 8.867796 58.386672 4.398478 3.977603
124.486834 4 8.867663 58.818792 4.398573 3.976026
124.586834 4 8.867529 59.258060 4.398669 3.974434
124.686834 4 8.867394 59.704604 4.398764 3.972828
124.786834 4 8.867257 60.158558 4.398860 3.971207
124.886834 4 8.867120 60.620057 4.398955 3.969571
124.986834 4 8.866982 61.089241 4.399050 3.967921
125.086834 4 8.866842 61.566252 4.399145 3.966256
125.186834 4 8.866702 62.051234 4.399240 3.964575
125.286834 4 8.866560 62.544335 4.399335 3.962880
125.386834 4 8.866417 63.045708 4.399430 3.961170
125.486834 4 8.866273 63.555508 4.399525 3.959445
125.586834 4 8.866128 64.073892 4.399619 3.957705
125.686834 4 8.865981 64.601022 4.399714 3.955949
125.786834 4 8.865834 65.137065 4.399808 3.954179
125.886834 4 8.865685 65.682189 4.399902 3.952392
125.986834 4 8.865534 66.236568 4.399997 3.950591
126.086834 4 8.865383 66.800379 4.400091 3.948774
126.186834 4 8.865230 67.373803 4.400185 3.946941
126.286834 4 8.865076 67.957026 4.400279 3.945093
126.386834 4 8.864920 68.550236 4.400373 3.943229
126.486834 4 8.864763 69.153628 4.400466 3.941350
126.586834 4 8.864605 69.767400 4.400560 3.939454
126.686834 4 8.864445 70.391756 4.400654 3.937543
126.786834 4 8.864283 71.026902 4.400747 3.935616
126.886834 4 8.864120 71.673051 4.400840 3.933673
126.986834 4 8.863956 72.330421 4.400934 3.931714
127.086834 4 8.863790 72.999234 4.401027 3.929738
127.186834 4 8.863623 73.679717 4.401120 3.927747
127.286834 4 8.863454 74.372105 4.401213 3.925739
127.386834 4 8.863283 75.076635 4.401306 3.923715
127.486834 4 8.863111 75.793551 4.401399 3.921674
127.586834 4 8.862936 76.523104 4.401492 3.919617
127.686834 4 8.862761 77.265550 4.401584 3.917544
127.786834 4 8.862583 78.021150 4.401677 3.915454
127.886834 4 8.862404 78.790173 4.401769 3.913347
127.986834 4 8.862223 79.572894 4.401862 3.911223
128.086834 4 8.862131 79.969479 4.401908 3.910155
128.186834 4 8.862039 80.369594 4.401954 3.909083
128.286834 4 8.861947 80.773276 4.402000 3.908007
128.386834 4 8.861854 81.180561 4.402046 3.906926
128.486834 4 8.861761 81.591487 4.402092 3.905841
128.586834 4 8.861667 82.006090 4.402138 3.904752
128.686834 4 8.861573 82.424410 4.402184 3.903659
128.786834 4 8.861478 82.846484 4.402230 3.902561
128.886834 4 8.861382 83.272351 4.402276 3.901459
128.986834 4 8.861287 83.702051 4.402322 3.900353
129.086834 4 8.861190 84.135624 4.402368 3.899243
129.186834 4 8.861093 84.573110 4.402414 3.898128
129.286834 4 8.860996 85.014550 4.402460 3.897009
129.386834 4 8.860898 85.459984 4.402506 3.895886
129.486834 4 8.860800 85.909456 4.402552 3.894758
129.586834 4 8.860701 86.363008 4.402598 3.893626
129.686834 4 8.860601 86.820682 4.402643 3.892490
129.786834 4 8.860501 87.282521 4.402689 3.891349
129.886834 4 8.860401 87.748571 4.402735 3.890204
129.986834 4 8.860300 88.218874 4.402781 3.889055
130.086834 4 8.860198 88.693477 4.402826 3.887901
130.186834 4 8.860096 89.172425 4.402872 3.886743
130.286834 4 8.859993 89.655764 4.402918 3.885581
130.386834 4 8.859890 90.143540 4.402963 3.884414
130.486834 4 8.859786 90.635802 4.403009 3.883243
130.586834 4 8.859681 91.132596 4.403055 3.882067
130.686834 4 8.859576 91.633972 4.403100 3.880887
130.786834 4 8.859471 92.139978 4.403146 3.879703
130.886834 4 8.859364 92.650665 4.403191 3.878514
130.986834 4 8.859257 93.166082 4.403237 3.877321
131.086834 4 8.859150 93.686281 4.403282 3.876123
131.186834 4 8.859042 94.211313 4.403328 3.874921
131.286834 4 8.858933 94.741230 4.403373 3.873714
131.386834 4 8.858824 95.276085 4.403419 3.872503
131.486834 4 8.858714 95.815933 4.403464 3.871288
131.586834 4 8.858603 96.360826 4.403510 3.870068
131.686834 4 8.858492 96.910820 4.403555 3.868843
131.786834 4 8.858380 97.465971 4.403600 3.867614
131.886834 4 8.858268 98.026334 4.403646 3.866381
131.986834 4 8.858154 98.591968 4.403691 3.865143
132.086834 4 8.858040 99.162929 4.403736 3.863900
132.186834 4 8.857926 99.739277 4.403782 3.862653
132.286834 4 8.857811 100.321069 4.403827 3.861401
132.386834 4 8.857695 100.908367 4.403872 3.860145
132.486834 4 8.857578 101.501232 4.403917 3.858884
132.586834 4 8.857461 102.099723 4.403962 3.857619
132.686834 4 8.857343 102.703905 4.404008 3.856349
132.786834 4 8.857224 103.313840 4.404053 3.855075
132.886834 4 8.857105 103.929591 4.404098 3.853795
132.986834 4 8.856985 104.551225 4.404143 3.852512
133.086834 4 8.856864 105.178805 4.404188 3.851223
133.186834 4 8.856742 105.812399 4.404233 3.849931
133.286834 4 8.856620 106.452075 4.404278 3.848633
133.386834 4 8.856497 107.097899 4.404323 3.847331
133.486834 4 8.856373 107.749941 4.404368 3.846024
133.586834 4 8.856248 108.408272 4.404413 3.844713
133.686834 4 8.856123 109.072961 4.404458 3.843397
133.786834 4 8.855996 109.744080 4.404503 3.842076
133.886834 4 8.855869 110.421703 4.404548 3.840750
133.986834 4 8.855742 111.105903 4.404593 3.839420
134.086834 4 8.855613 111.796755 4.404638 3.838085
134.186834 4 8.855483 112.494333 4.404683 3.836746
134.286834 4 8.855353 113.198715 4.404727 3.835402
134.386834 4 8.855222 113.909978 4.404772 3.834053
134.486834 4 8.855090 114.628201 4.404817 3.832699
134.586834 4 8.854957 115.353463 4.404862 3.831341
134.686834 4 8.854824 116.085846 4.404907 3.829978
134.786834 4 8.854689 116.825429 4.404951 3.828610
134.886834 4 8.854554 117.572298 4.404996 3.827237
134.986834 4 8.854418 118.326534 4.405041 3.825860
135.086834 4 8.854281 119.088225 4.405085 3.824477
135.186834 4 8.854142 119.857454 4.405130 3.823091
135.286834 4 8.854004 120.634311 4.405175 3.821699
135.386834 4 8.853864 121.418882 4.405219 3.820302
135.486834 4 8.853723 122.211259 4.405264 3.818901
135.586834 4 8.853581 123.011531 4.405308 3.817495
135.686834 4 8.853438 123.819791 4.405353 3.816084
135.786834 4 8.853295 124.636132 4.405397 3.814668
135.886834 4 8.853150 125.460648 4.405442 3.813247
135.986834 4 8.853005 126.293435 4.405486 3.811822
136.086834 4 8.852858 127.134591 4.405531 3.810391
136.186834 4 8.852711 127.984214 4.405575 3.808956
136.286834 4 8.852562 128.842403 4.405620 3.807516
136.386834 4 8.852412 129.709259 4.405664 3.806071
136.486834 4 8.852262 130.584885 4.405709 3.804621
136.586834 4 8.852110 131.469384 4.405753 3.803166
136.686834 4 8.851958 132.362863 4.405797 3.801707
136.786834 4 8.851804 133.265427 4.405842 3.800242
136.886834 4 8.851649 134.177184 4.405886 3.798773
136.986834 4 8.851493 135.098245 4.405930 3.797298
137.086834 4 8.851336 136.028720 4.405974 3.795819
137.186834 4 8.851178 136.968721 4.406019 3.794335
137.286834 4 8.851019 137.918363 4.406063 3.792845
137.386834 4 8.850859 138.877762 4.406107 3.791351
137.486834 4 8.850697 139.847035 4.406151 3.789852
137.586834 4 8.850535 140.826300 4.406195 3.788348
137.686834 4 8.850371 141.815678 4.406240 3.786838
137.786834 4 8.850206 142.815292 4.406284 3.785324
137.886834 4 8.850040 143.825265 4.406328 3.783805
137.986834 4 8.849873 144.845722 4.406372 3.782281
138.086834 4 8.849704 145.876792 4.406416 3.780751
138.186834 4 8.849535 146.918603 4.406460 3.779217
138.286834 4 8.849364 147.971285 4.406504 3.777678
138.386834 4 8.849191 149.034973 4.406548 3.776133
138.486834 4 8.849018 150.109800 4.406592 3.774584
138.586834 4 8.848843 151.195902 4.406636 3.773030
138.686834 4 8.848667 152.293418 4.406680 3.771470
138.786834 4 8.848490 153.402489 4.406724 3.769905
138.886834 4 8.848311 154.523256 4.406768 3.768336
138.986834 4 8.848131 155.655864 4.406812 3.766761
139.086834 4 8.847950 156.800459 4.406856 3.765181
139.186834 4 8.847768 157.957189 4.406899 3.763596
139.286834 4 8.847584 159.126204 4.406943 3.762006
139.386834 4 8.847398 160.307658 4.406987 3.760410
139.486834 4 8.847211 161.501705 4.407031 3.758810
139.586834 4 8.847023 162.708501 4.407075 3.757204
139.686834 4 8.846834 163.928206 4.407118 3.755593
139.786834 4 8.846643 165.160982 4.407162 3.753977
139.886834 4 8.846450 166.406991 4.407206 3.752356
139.986834 4 8.846256 167.666400 4.407250 3.750730
140.086834 4 8.846060 168.939377 4.407293 3.749098
140.186834 4 8.845863 170.226094 4.407337 3.747462
140.286834 4 8.845665 171.526722 4.407381 3.745820
140.386834 4 8.845465 172.841438 4.407424 3.744173
140.486834 4 8.845263 174.170420 4.407468 3.742520
140.586834 4 8.845060 175.513850 4.407511 3.740863
140.686834 4 8.844855 176.871909 4.407555 3.739200
140.786834 4 8.844649 178.244784 4.407598 3.737532
140.886834 4 8.844441 179.632665 4.407642 3.735858
140.986834 4 8.844231 181.035742 4.407685 3.734180
141.086834 4 8.844020 182.454210 4.407729 3.732496
141.186834 4 8.843807 183.888265 4.407772 3.730807
141.286834 4 8.843592 185.338108 4.407816 3.729112
141.386834 4 8.843375 186.803941 4.407859 3.727412
141.486834 4 8.843157 188.285970 4.407903 3.725707
141.586834 4 8.842937 189.784405 4.407946 3.723997
141.686834 4 8.842716 191.299456 4.407989 3.722281
141.786834 4 8.842492 192.831339 4.408033 3.720560
141.886834 4 8.842267 194.380271 4.408076 3.718834
141.986834 4 8.842040 195.946475 4.408119 3.717102
142.086834 4 8.841811 197.530174 4.408163 3.715365
142.186834 4 8.841580 199.131597 4.408206 3.713622
142.286834 4 8.841347 200.750974 4.408249 3.711874
142.386834 4 8.841112 202.388541 4.408293 3.710121
142.486834 4 8.840875 204.044535 4.408336 3.708362
142.586834 4 8.840637 205.719198 4.408379 3.706598
142.686834 4 8.840396 207.412776 4.408422 3.704828
142.786834 4 8.840153 209.125517 4.408465 3.703053
142.886834 4 8.839909 210.857673 4.408508 3.701273
142.986834 4 8.839662 212.609502 4.408552 3.699487
143.086834 4 8.839413 214.381263 4.408595 3.697696
143.186834 4 8.839162 216.173220 4.408638 3.695899
143.286834 4 8.838909 217.985642 4.408681 3.694097
143.386834 4 8.838654 219.818800 4.408724 3.692289
143.486834 4 8.838396 221.672970 4.408767 3.690476
143.586834 4 8.838137 223.548434 4.408810 3.688657
143.686834 4 8.837875 225.445475 4.408853 3.686833
143.786834 4 8.837611 227.364383 4.408896 3.685003
143.886834 4 8.837345 229.305450 4.408939 3.683168
143.986834 4 8.837076 231.268974 4.408982 3.681327
144.086834 4 8.836805 233.255258 4.409025 3.679481
144.186834 4 8.836531 235.264608 4.409068 3.677629
144.286834 4 8.836256 237.297335 4.409111 3.675772
144.386834 4 8.835977 239.353756 4.409153 3.673909
144.486834 4 8.835697 241.434192 4.409196 3.672040
144.586834 4 8.835414 243.538969 4.409239 3.670166
144.686834 4 8.835128 245.668417 4.409282 3.668286
144.786834 4 8.834840 247.822873 4.409325 3.666401
144.886834 4 8.834549 250.002678 4.409368 3.664510
144.986834 4 8.834256 252.208178 4.409410 3.662614
145.086834 4 8.833960 254.439724 4.409453 3.660711
145.186834 4 8.833661 256.697675 4.409496 3.658804
145.286834 4 8.833360 258.982393 4.409538 3.656890
145.386834 4 8.833056 261.294246 4.409581 3.654971
145.486834 4 8.832749 263.633608 4.409624 3.653046
145.586834 4 8.832440 266.000859 4.409667 3.651116
145.686834 4 8.832127 268.396386 4.409709 3.649180
145.786834 4 8.831812 270.820579 4.409752 3.647238
145.886834 4 8.831494 273.273836 4.409794 3.645290
145.986834 4 8.831173 275.756562 4.409837 3.643337
146.086834 4 8.830849 278.269167 4.409879 3.641378
146.186834 4 8.830522 280.812069 4.409922 3.639413
146.286834 4 8.830192 283.385690 4.409965 3.637443
146.386834 4 8.829859 285.990460 4.410007 3.635467
146.486834 4 8.829523 288.626817 4.410050 3.633485
146.586834 4 8.829183 291.295205 4.410092 3.631497
146.686834 4 8.828841 293.996073 4.410134 3.629503
146.786834 4 8.828495 296.729881 4.410177 3.627504
146.886834 4 8.828146 299.497093 4.410219 3.625499
146.986834 4 8.827793 302.298182 4.410262 3.623488
147.086834 4 8.827438 305.133629 4.410304 3.621472
147.186834 4 8.827079 308.003920 4.410347 3.619449
147.286834 4 8.826716 310.909552 4.410389 3.617421
147.386834 4 8.826350 313.851027 4.410431 3.615387
147.486834 4 8.825981 316.828859 4.410474 3.613347
147.586834 4 8.825608 319.843566 4.410516 3.611301
147.686834 4 8.825231 322.895677 4.410558 3.609249
147.786834 4 8.824851 325.985727 4.410600 3.607191
147.886834 4 8.824467 329.114264 4.410643 3.605128
147.986834 4 8.824079 332.281840 4.410685 3.603058
148.086834 4 8.823688 335.489019 4.410727 3.600983
148.186834 4 8.823292 338.736373 4.410769 3.598902
148.286834 4 8.822893 342.024484 4.410811 3.596815
148.386834 4 8.822490 345.353942 4.410854 3.594722
148.486834 4 8.822083 348.725349 4.410896 3.592623
148.586834 4 8.821672 352.139314 4.410938 3.590518
148.686834 4 8.821256 355.596457 4.410980 3.588407
148.786834 4 8.820837 359.097411 4.411022 3.586290
148.886834 4 8.820413 362.642814 4.411064 3.584167
148.986834 4 8.819989 366.204455 4.411106 3.582055
149.086834 4 8.819587 369.584380 4.411145 3.580070
149.186834 4 8.819207 372.789488 4.411181 3.578204
149.286834 4 8.818847 375.826704 4.411216 3.576451
149.386834 4 8.818507 378.702938 4.411248 3.574803
149.486834 4 8.818186 381.425047 4.411278 3.573255
149.586834 4 8.817883 383.999797 4.411306 3.571802
149.686834 4 8.817597 386.433840 4.411333 3.570436
149.786834 4 8.817326 388.733689 4.411358 3.569154
149.886834 4 8.817072 390.905697 4.411381 3.567950
149.986834 4 8.816832 392.956044 4.411403 3.566819
150.086834 4 8.816379 396.837542 4.411444 3.564695
150.186834 4 8.815979 400.274039 4.411479 3.562832
150.286834 4 8.815625 403.312136 4.411511 3.561198
150.386834 4 8.815314 405.994596 4.411538 3.559765
150.486834 4 8.815040 408.360400 4.411562 3.558509
150.586834 4 8.814798 410.444882 4.411583 3.557409
150.686834 4 8.814373 414.125362 4.411620 3.555480
150.786834 4 8.814052 416.913283 4.411647 3.554029
150.886834 4 8.813809 419.019883 4.411668 3.552940
150.986834 4 8.813443 422.205170 4.411699 3.551303
