t Ka M R logL logTeff
500.000000 0 0.300084 0.295598 -1.796841 3.576580
1000.000000 0 0.300084 0.296228 -1.794159 3.576788
1500.000000 0 0.300084 0.296858 -1.791449 3.577004
2000.000000 0 0.300084 0.297489 -1.788709 3.577228
2500.000000 0 0.300084 0.298121 -1.785939 3.577460
3000.000000 0 0.300084 0.298753 -1.783140 3.577699
3500.000000 0 0.300084 0.299385 -1.780312 3.577948
4000.000000 0 0.300084 0.300017 -1.777454 3.578204
4500.000000 0 0.300084 0.300649 -1.774567 3.578469
5000.000000 0 0.300084 0.301280 -1.771650 3.578743
5500.000000 0 0.300084 0.301911 -1.768704 3.579025
6000.000000 0 0.300084 0.302540 -1.765728 3.579317
6500.000000 0 0.300084 0.303169 -1.762723 3.579618
7000.000000 0 0.300084 0.303796 -1.759689 3.579928
7500.000000 0 0.300084 0.304421 -1.756625 3.580247
8000.000000 0 0.300084 0.305045 -1.753531 3.580576
8500.000000 0 0.300084 0.305667 -1.750408 3.580914
9000.000000 0 0.300084 0.306286 -1.747256 3.581263
9500.000000 0 0.300084 0.306903 -1.744074 3.581621
10000.000000 0 0.300084 0.307518 -1.740862 3.581990
10500.000000 0 0.300084 0.308129 -1.737622 3.582369
11000.000000 0 0.300084 0.308737 -1.734351 3.582758
11500.000000 0 0.300084 0.309342 -1.731052 3.583158
12000.000000 0 0.300084 0.309944 -1.727722 3.583569
12500.000000 0 0.300084 0.310541 -1.724364 3.583990
13000.000000 0 0.300084 0.311134 -1.720975 3.584423
13500.000000 0 0.300084 0.311723 -1.717557 3.584867
14000.000000 0 0.300084 0.312308 -1.714110 3.585322
14500.000000 0 0.300084 0.312887 -1.710633 3.585788
15000.000000 0 0.300084 0.313462 -1.707126 3.586267
15500.000000 0 0.300084 0.314031 -1.703590 3.586757
16000.000000 0 0.300084 0.314595 -1.700023 3.587259
16500.000000 0 0.300084 0.315153 -1.696427 3.587773
17000.000000 0 0.300084 0.315705 -1.692801 3.588299
17500.000000 0 0.300084 0.316251 -1.689144 3.588838
18000.000000 0 0.300084 0.316791 -1.685457 3.589390
18500.000000 0 0.300084 0.317323 -1.681739 3.589955
19000.000000 0 0.300084 0.317849 -1.677990 3.590532
19500.000000 0 0.300084 0.318368 -1.674210 3.591123
20000.000000 0 0.300084 0.318879 -1.670398 3.591728
20500.000000 0 0.300084 0.319383 -1.666553 3.592346
21000.000000 0 0.300084 0.319880 -1.662675 3.592978
21500.000000 0 0.300084 0.320368 -1.658764 3.593625
22000.000000 0 0.300084 0.320848 -1.654818 3.594286
22500.000000 0 0.300084 0.321320 -1.650836 3.594963
23000.000000 0 0.300084 0.321783 -1.646817 3.595655
23500.000000 0 0.300084 0.322238 -1.642759 3.596362
24000.000000 0 0.300084 0.322685 -1.638661 3.597086
24500.000000 0 0.300084 0.323123 -1.634521 3.597827
25000.000000 0 0.300084 0.323552 -1.630337 3.598585
25500.000000 0 0.300084 0.323972 -1.626105 3.599361
26000.000000 0 0.300084 0.324383 -1.621823 3.600156
26500.000000 0 0.300084 0.324786 -1.617488 3.600970
27000.000000 0 0.300084 0.325180 -1.613095 3.601805
27500.000000 0 0.300084 0.325565 -1.608640 3.602661
28000.000000 0 0.300084 0.325943 -1.604118 3.603540
28500.000000 0 0.300084 0.326312 -1.599523 3.604443
29000.000000 0 0.300084 0.326674 -1.594848 3.605371
29500.000000 0 0.300084 0.327029 -1.590086 3.606326
30000.000000 0 0.300084 0.327377 -1.585228 3.607310
30500.000000 0 0.300084 0.327719 -1.580264 3.608324
31000.000000 0 0.300084 0.328056 -1.575185 3.609370
31500.000000 0 0.300084 0.328388 -1.569978 3.610452
32000.000000 0 0.300084 0.328717 -1.564629 3.611572
32500.000000 0 0.300084 0.329043 -1.559124 3.612733
33000.000000 0 0.300084 0.329369 -1.553446 3.613938
33500.000000 0 0.300084 0.329694 -1.547576 3.615191
34000.000000 0 0.300084 0.330022 -1.541493 3.616496
34500.000000 0 0.300084 0.330354 -1.535174 3.617857
35000.000000 0 0.300084 0.330692 -1.528595 3.619280
35500.000000 0 0.300084 0.331039 -1.521725 3.620770
36000.000000 0 0.300084 0.331396 -1.514535 3.622333
36500.000000 0 0.300084 0.331768 -1.506990 3.623976
37000.000000 0 0.300084 0.332157 -1.499052 3.625706
37500.000000 0 0.300084 0.332568 -1.490678 3.627531
38000.000000 0 0.300084 0.333003 -1.481823 3.629460
38500.000000 0 0.300084 0.333469 -1.472437 3.631503
39000.000000 0 0.300084 0.333970 -1.462465 3.633671
39500.000000 0 0.300084 0.334512 -1.451844 3.635974
40000.000000 0 0.300084 0.335101 -1.440510 3.638425
40500.000000 0 0.300084 0.335745 -1.428390 3.641038
41000.000000 0 0.300084 0.336453 -1.415405 3.643827
41500.000000 0 0.300084 0.337235 -1.401468 3.646807
42000.000000 0 0.300084 0.338102 -1.386487 3.649995
42500.000000 0 0.300084 0.339070 -1.370357 3.653406
43000.000000 0 0.300084 0.340157 -1.352970 3.657058
43500.000000 0 0.300084 0.341386 -1.334204 3.660967
44000.000000 0 0.300084 0.342789 -1.313928 3.665145
44500.000000 0 0.300084 0.344407 -1.292001 3.669604
45000.000000 0 0.300084 0.346300 -1.268269 3.674347
45500.000000 0 0.300084 0.348550 -1.242567 3.679366
46000.000000 0 0.300084 0.351277 -1.214715 3.684637
46500.000000 0 0.300084 0.354655 -1.184519 3.690108
47000.000000 0 0.300084 0.356664 -1.168477 3.692892
47500.000000 0 0.300084 0.358941 -1.151770 3.695687
48000.000000 0 0.300084 0.361538 -1.134369 3.698471
48500.000000 0 0.300084 0.364520 -1.116243 3.701219
49000.000000 0 0.300084 0.367966 -1.097363 3.703896
49500.000000 0 0.300084 0.369892 -1.087630 3.705195
50000.000000 0 0.300084 0.371974 -1.077696 3.706460
50500.000000 0 0.300084 0.374226 -1.067557 3.707684
51000.000000 0 0.300084 0.376667 -1.057208 3.708860
51500.000000 0 0.300084 0.379317 -1.046646 3.709978
52000.000000 0 0.300084 0.382199 -1.035866 3.711030
52500.000000 0 0.300084 0.385337 -1.024863 3.712004
53000.000000 0 0.300084 0.388761 -1.013633 3.712891
53500.000000 0 0.300084 0.392502 -1.002171 3.713677
53845.641963 0 0.300084 0.394503 -0.996352 3.714028
54191.283925 0 0.300084 0.396597 -0.990473 3.714348
54536.925888 0 0.300084 0.398790 -0.984533 3.714635
54882.567851 0 0.300084 0.401087 -0.978533 3.714888
55228.209813 0 0.300084 0.403495 -0.972470 3.715104
55573.851776 0 0.300084 0.406019 -0.966346 3.715281
55919.493739 0 0.300084 0.408667 -0.960159 3.715416
56265.135702 0 0.300084 0.411446 -0.953908 3.715507
56610.777664 0 0.300084 0.414363 -0.947593 3.715552
56956.419627 0 0.300084 0.417427 -0.941214 3.715547
57302.061590 0 0.300084 0.420648 -0.934769 3.715489
57604.498307 0 0.300084 0.423601 -0.929075 3.715393
57869.130435 0 0.300084 0.426295 -0.924051 3.715273
58100.683546 0 0.300084 0.428740 -0.919623 3.715138
58303.292519 0 0.300084 0.430949 -0.915724 3.714997
58657.858221 0 0.300084 0.434979 -0.908843 3.714695
58923.782498 0 0.300084 0.438147 -0.903636 3.714422
59123.225706 0 0.300084 0.440608 -0.899703 3.714189
59422.390517 0 0.300084 0.444443 -0.893760 3.713793
59721.555328 2 0.300084 0.448459 -0.887765 3.713338
59791.202108 2 0.300081 0.447663 -0.889204 3.713364
59807.781006 2 0.300081 0.447474 -0.889546 3.713370
59877.429410 2 0.300078 0.446679 -0.890985 3.713397
59947.079118 2 0.300075 0.445885 -0.892424 3.713423
60016.730125 2 0.300073 0.445093 -0.893863 3.713449
60086.382423 2 0.300070 0.444302 -0.895302 3.713476
60156.036007 2 0.300067 0.443513 -0.896741 3.713502
60225.690869 2 0.300065 0.442725 -0.898181 3.713529
60295.347004 2 0.300062 0.441938 -0.899620 3.713555
60365.004404 2 0.300060 0.441152 -0.901059 3.713582
60434.663064 2 0.300057 0.440368 -0.902499 3.713608
60504.322978 2 0.300054 0.439585 -0.903939 3.713635
60573.984138 2 0.300052 0.438803 -0.905378 3.713661
60643.646538 2 0.300049 0.438023 -0.906818 3.713688
60713.310173 2 0.300047 0.437244 -0.908258 3.713714
60782.975037 2 0.300044 0.436466 -0.909698 3.713741
60852.641122 2 0.300042 0.435689 -0.911138 3.713768
60922.308423 2 0.300039 0.434914 -0.912578 3.713794
60991.976934 2 0.300037 0.434140 -0.914018 3.713821
61061.646648 2 0.300034 0.433368 -0.915459 3.713848
61131.317560 2 0.300032 0.432596 -0.916899 3.713874
61200.989663 2 0.300030 0.431826 -0.918339 3.713901
61270.662952 2 0.300027 0.431058 -0.919780 3.713928
61340.337421 2 0.300025 0.430290 -0.921220 3.713955
61410.013063 2 0.300022 0.429524 -0.922661 3.713982
61479.689872 2 0.300020 0.428759 -0.924102 3.714008
61549.367844 2 0.300018 0.427996 -0.925543 3.714035
61619.046972 2 0.300015 0.427233 -0.926984 3.714062
61688.727249 2 0.300013 0.426472 -0.928424 3.714089
61758.408671 2 0.300011 0.425713 -0.929865 3.714116
61828.091232 2 0.300008 0.424954 -0.931307 3.714143
61897.774925 2 0.300006 0.424197 -0.932748 3.714170
61967.459745 2 0.300004 0.423441 -0.934189 3.714197
62037.145687 2 0.300001 0.422686 -0.935630 3.714224
62106.832745 2 0.299999 0.421933 -0.937072 3.714251
62176.520913 2 0.299997 0.421181 -0.938513 3.714278
62246.210185 2 0.299995 0.420430 -0.939954 3.714305
62315.900556 2 0.299992 0.419681 -0.941396 3.714332
62385.592021 2 0.299990 0.418933 -0.942838 3.714359
62455.284574 2 0.299988 0.418186 -0.944279 3.714386
62524.978208 2 0.299986 0.417440 -0.945721 3.714413
62594.672920 2 0.299983 0.416695 -0.947163 3.714441
62664.368704 2 0.299981 0.415952 -0.948605 3.714468
62734.065553 2 0.299979 0.415210 -0.950047 3.714495
62803.763464 2 0.299977 0.414470 -0.951489 3.714522
62873.462429 2 0.299975 0.413730 -0.952931 3.714549
62943.162445 2 0.299973 0.412992 -0.954373 3.714577
63012.863505 2 0.299971 0.412255 -0.955815 3.714604
63082.565605 2 0.299968 0.411520 -0.957257 3.714631
63152.268739 2 0.299966 0.410785 -0.958699 3.714658
63221.972902 2 0.299964 0.410052 -0.960142 3.714686
63291.678089 2 0.299962 0.409320 -0.961584 3.714713
63361.384294 2 0.299960 0.408590 -0.963027 3.714740
63431.091513 2 0.299958 0.407860 -0.964469 3.714768
63500.799740 2 0.299956 0.407132 -0.965912 3.714795
63570.508970 2 0.299954 0.406405 -0.967354 3.714822
63640.219199 2 0.299952 0.405680 -0.968797 3.714850
63709.930420 2 0.299950 0.404955 -0.970240 3.714877
63779.642630 2 0.299948 0.404232 -0.971682 3.714905
63849.355823 2 0.299946 0.403510 -0.973125 3.714932
63919.069994 2 0.299944 0.402789 -0.974568 3.714960
63988.785138 2 0.299942 0.402070 -0.976011 3.714987
64058.501250 2 0.299940 0.401352 -0.977454 3.715015
64128.218326 2 0.299938 0.400635 -0.978897 3.715042
64197.936360 2 0.299936 0.399919 -0.980340 3.715070
64267.655348 2 0.299934 0.399204 -0.981783 3.715097
64337.375285 2 0.299932 0.398491 -0.983226 3.715125
64407.096166 2 0.299930 0.397779 -0.984669 3.715152
64476.817986 2 0.299928 0.397068 -0.986113 3.715180
64546.540740 2 0.299926 0.396358 -0.987556 3.715207
64616.264424 2 0.299924 0.395650 -0.988999 3.715235
64685.989033 2 0.299922 0.394943 -0.990443 3.715263
64755.714563 2 0.299921 0.394237 -0.991886 3.715290
64825.441008 2 0.299919 0.393532 -0.993330 3.715318
64895.168365 2 0.299917 0.392829 -0.994773 3.715346
64964.896627 2 0.299915 0.392126 -0.996217 3.715373
65034.625792 2 0.299913 0.391425 -0.997660 3.715401
65104.355854 2 0.299911 0.390725 -0.999104 3.715429
65174.086809 2 0.299910 0.390026 -1.000548 3.715457
65243.818652 2 0.299908 0.389329 -1.001991 3.715484
65313.551378 2 0.299906 0.388633 -1.003435 3.715512
65383.284984 2 0.299904 0.387938 -1.004879 3.715540
65453.019465 2 0.299902 0.387244 -1.006323 3.715568
65522.754816 2 0.299901 0.386551 -1.007767 3.715595
65592.491033 2 0.299899 0.385859 -1.009211 3.715623
65662.228112 2 0.299897 0.385169 -1.010655 3.715651
65731.966048 2 0.299895 0.384480 -1.012099 3.715679
65801.704836 2 0.299894 0.383792 -1.013543 3.715707
65871.444474 2 0.299892 0.383105 -1.014987 3.715735
65941.184955 2 0.299890 0.382420 -1.016431 3.715763
66010.926277 2 0.299888 0.381736 -1.017875 3.715790
66080.668434 2 0.299887 0.381052 -1.019319 3.715818
66150.411422 2 0.299885 0.380370 -1.020764 3.715846
66220.155238 2 0.299883 0.379690 -1.022208 3.715874
66289.899877 2 0.299882 0.379010 -1.023652 3.715902
66359.645335 2 0.299880 0.378332 -1.025096 3.715930
66429.391607 2 0.299878 0.377654 -1.026541 3.715958
66499.138691 2 0.299877 0.376978 -1.027985 3.715986
66568.886580 2 0.299875 0.376303 -1.029430 3.716014
66638.635272 2 0.299873 0.375630 -1.030874 3.716042
66691.781729 3 0.299872 0.375122 -1.031966 3.716063
66761.552536 3 0.299870 0.376516 -1.029014 3.715996
66780.179754 3 0.299870 0.376890 -1.028223 3.715977
66902.847261 3 0.299867 0.379379 -1.022986 3.715857
67024.288093 3 0.299864 0.381885 -1.017748 3.715737
67144.514517 3 0.299861 0.384408 -1.012510 3.715617
67263.538677 3 0.299858 0.386948 -1.007272 3.715496
67381.372595 3 0.299855 0.389504 -1.002035 3.715376
67498.028174 3 0.299852 0.392078 -0.996797 3.715255
67613.517197 3 0.299849 0.394668 -0.991559 3.715135
67727.851329 3 0.299846 0.397276 -0.986321 3.715014
67841.042121 3 0.299843 0.399901 -0.981084 3.714893
67953.101004 3 0.299840 0.402544 -0.975846 3.714772
68064.039299 3 0.299837 0.405205 -0.970608 3.714651
68173.868211 3 0.299834 0.407883 -0.965370 3.714530
68282.598833 3 0.299830 0.410579 -0.960132 3.714409
68390.242150 3 0.299827 0.413293 -0.954895 3.714288
68496.809033 3 0.299824 0.416025 -0.949657 3.714167
68602.310247 3 0.299821 0.418775 -0.944419 3.714045
68706.756450 3 0.299817 0.421544 -0.939181 3.713924
68810.158190 3 0.299814 0.424331 -0.933944 3.713802
68912.525913 3 0.299811 0.427136 -0.928706 3.713681
69013.869958 3 0.299807 0.429961 -0.923468 3.713559
69114.200563 3 0.299804 0.432804 -0.918230 3.713437
69213.527863 3 0.299800 0.435666 -0.912993 3.713315
69311.861889 3 0.299797 0.438548 -0.907755 3.713193
69409.212574 3 0.299793 0.441448 -0.902517 3.713071
69505.589753 3 0.299790 0.444368 -0.897279 3.712949
69601.003161 3 0.299786 0.447308 -0.892041 3.712827
69695.462434 3 0.299783 0.450267 -0.886804 3.712705
69788.977114 3 0.299779 0.453246 -0.881566 3.712582
69881.556648 3 0.299775 0.456244 -0.876328 3.712460
69973.210386 3 0.299772 0.459263 -0.871090 3.712337
70063.947587 3 0.299768 0.462302 -0.865853 3.712215
70153.777416 3 0.299764 0.465361 -0.860615 3.712092
70242.708946 3 0.299760 0.468441 -0.855377 3.711969
70330.751162 3 0.299756 0.471541 -0.850139 3.711846
70417.912955 3 0.299753 0.474662 -0.844902 3.711723
70504.203130 3 0.299749 0.477804 -0.839664 3.711600
70589.630403 3 0.299745 0.480967 -0.834426 3.711477
70674.203404 3 0.299741 0.484151 -0.829188 3.711353
70757.930675 3 0.299737 0.487356 -0.823951 3.711230
70840.820673 3 0.299733 0.490583 -0.818713 3.711106
70922.881771 3 0.299729 0.493831 -0.813475 3.710983
71004.122258 3 0.299724 0.497101 -0.808237 3.710859
71084.550340 3 0.299720 0.500393 -0.802999 3.710735
71164.174141 3 0.299716 0.503707 -0.797762 3.710611
71243.001705 3 0.299712 0.507043 -0.792524 3.710487
71321.040992 3 0.299708 0.510401 -0.787286 3.710363
71398.299887 3 0.299703 0.513782 -0.782048 3.710239
71474.786193 3 0.299699 0.517186 -0.776811 3.710115
71550.507636 3 0.299695 0.520612 -0.771573 3.709990
71625.471864 3 0.299690 0.524061 -0.766335 3.709866
71699.686450 3 0.299686 0.527534 -0.761097 3.709741
71773.158890 3 0.299681 0.531029 -0.755860 3.709617
71845.896606 3 0.299677 0.534548 -0.750622 3.709492
71917.906945 3 0.299672 0.538091 -0.745384 3.709367
71989.197180 3 0.299668 0.541657 -0.740146 3.709242
72059.774513 3 0.299663 0.545247 -0.734909 3.709117
72129.646073 3 0.299658 0.548861 -0.729671 3.708992
72198.818917 3 0.299654 0.552500 -0.724433 3.708866
72267.300032 3 0.299649 0.556163 -0.719195 3.708741
72335.096337 3 0.299644 0.559850 -0.713957 3.708615
72402.214678 3 0.299639 0.563562 -0.708720 3.708490
72468.661836 3 0.299634 0.567299 -0.703482 3.708364
72534.444522 3 0.299629 0.571062 -0.698244 3.708238
72599.569382 3 0.299624 0.574849 -0.693006 3.708112
72664.042993 3 0.299619 0.578662 -0.687769 3.707986
72727.871868 3 0.299614 0.582500 -0.682531 3.707860
72791.062454 3 0.299609 0.586364 -0.677293 3.707734
72853.621134 3 0.299604 0.590254 -0.672055 3.707607
72915.554227 3 0.299599 0.594170 -0.666818 3.707481
72976.867990 3 0.299594 0.598113 -0.661580 3.707354
73037.568615 3 0.299588 0.602081 -0.656342 3.707227
73097.662233 3 0.299583 0.606077 -0.651104 3.707101
73157.154916 3 0.299578 0.610099 -0.645866 3.706974
73216.052671 3 0.299572 0.614149 -0.640629 3.706847
73274.361449 3 0.299567 0.618225 -0.635391 3.706719
73332.087139 3 0.299561 0.622329 -0.630153 3.706592
73389.235573 3 0.299556 0.626461 -0.624915 3.706465
73445.812522 3 0.299550 0.630620 -0.619678 3.706337
73501.823701 3 0.299544 0.634807 -0.614440 3.706210
73557.274769 3 0.299539 0.639023 -0.609202 3.706082
73612.171326 3 0.299533 0.643266 -0.603964 3.705954
73666.518917 3 0.299527 0.647539 -0.598727 3.705826
73720.323033 3 0.299521 0.651839 -0.593489 3.705698
73773.589107 3 0.299515 0.656169 -0.588251 3.705570
73826.322521 3 0.299509 0.660528 -0.583013 3.705441
73878.528601 3 0.299503 0.664917 -0.577776 3.705313
73930.212619 3 0.299497 0.669335 -0.572538 3.705184
73981.379798 3 0.299491 0.673782 -0.567300 3.705056
74032.035305 3 0.299485 0.678260 -0.562062 3.704927
74082.184256 3 0.299479 0.682767 -0.556824 3.704798
74131.831718 3 0.299473 0.687306 -0.551587 3.704669
74180.982706 3 0.299466 0.691874 -0.546349 3.704540
74229.642184 3 0.299460 0.696473 -0.541111 3.704410
74277.815067 3 0.299453 0.701104 -0.535873 3.704281
74325.506221 3 0.299447 0.705765 -0.530636 3.704152
74372.720463 3 0.299440 0.710458 -0.525398 3.704022
74419.462563 3 0.299434 0.715183 -0.520160 3.703892
74465.737242 3 0.299427 0.719939 -0.514922 3.703762
74511.549175 3 0.299420 0.724728 -0.509685 3.703632
74556.902988 3 0.299413 0.729548 -0.504447 3.703502
74601.803263 3 0.299407 0.734402 -0.499209 3.703372
74646.254535 3 0.299400 0.739288 -0.493971 3.703241
74690.261294 3 0.299393 0.744206 -0.488733 3.703110
74733.827986 3 0.299386 0.749159 -0.483496 3.702980
74776.959011 3 0.299379 0.754144 -0.478258 3.702849
74819.658725 3 0.299371 0.759163 -0.473020 3.702718
74861.931443 3 0.299364 0.764216 -0.467782 3.702587
74903.781433 3 0.299357 0.769303 -0.462545 3.702456
74945.212924 3 0.299350 0.774425 -0.457307 3.702324
74986.230099 3 0.299342 0.779581 -0.452069 3.702193
75026.837103 3 0.299335 0.784772 -0.446831 3.702061
75067.038036 3 0.299327 0.789998 -0.441594 3.701929
75106.836961 3 0.299320 0.795259 -0.436356 3.701797
75146.237896 3 0.299312 0.800556 -0.431118 3.701665
75185.244822 3 0.299304 0.805888 -0.425880 3.701533
75223.861678 3 0.299296 0.811257 -0.420643 3.701401
75262.092366 3 0.299289 0.816662 -0.415405 3.701268
75299.940747 3 0.299281 0.822103 -0.410167 3.701136
75337.410645 3 0.299273 0.827581 -0.404929 3.701003
75374.505843 3 0.299265 0.833097 -0.399691 3.700870
75411.230089 3 0.299256 0.838649 -0.394454 3.700737
75447.587093 3 0.299248 0.844240 -0.389216 3.700604
75483.580527 3 0.299240 0.849868 -0.383978 3.700470
75519.214026 3 0.299232 0.855534 -0.378740 3.700337
75554.491191 3 0.299223 0.861238 -0.373503 3.700203
75589.415584 3 0.299215 0.866981 -0.368265 3.700070
75623.990732 3 0.299206 0.872763 -0.363027 3.699936
75658.220130 3 0.299197 0.878584 -0.357789 3.699802
75692.107233 3 0.299189 0.884445 -0.352552 3.699667
75725.655466 3 0.299180 0.890345 -0.347314 3.699533
75758.868216 3 0.299171 0.896285 -0.342076 3.699398
75791.748838 3 0.299162 0.902266 -0.336838 3.699264
75824.300655 3 0.299153 0.908287 -0.331600 3.699129
75856.526953 3 0.299144 0.914349 -0.326363 3.698994
75888.430988 3 0.299135 0.920452 -0.321125 3.698859
75920.015983 3 0.299125 0.926596 -0.315887 3.698724
75951.285128 3 0.299116 0.932782 -0.310649 3.698588
75982.241581 3 0.299107 0.939010 -0.305412 3.698452
76012.888470 3 0.299097 0.945281 -0.300174 3.698317
76043.228890 3 0.299087 0.951593 -0.294936 3.698181
76073.265906 3 0.299078 0.957949 -0.289698 3.698045
76103.002552 3 0.299068 0.964348 -0.284461 3.697909
76132.441831 3 0.299058 0.970790 -0.279223 3.697772
76161.586717 3 0.299048 0.977276 -0.273985 3.697636
76190.440155 3 0.299038 0.983807 -0.268747 3.697499
76219.005058 3 0.299028 0.990381 -0.263510 3.697362
76247.284312 3 0.299018 0.997000 -0.258272 3.697225
76275.280774 3 0.299007 1.003665 -0.253034 3.697088
76302.997271 3 0.298997 1.010374 -0.247796 3.696950
76330.436603 3 0.298987 1.017129 -0.242558 3.696813
76357.601542 3 0.298976 1.023930 -0.237321 3.696675
76384.494831 3 0.298965 1.030778 -0.232083 3.696537
76411.119187 3 0.298955 1.037672 -0.226845 3.696399
76437.477300 3 0.298944 1.044613 -0.221607 3.696261
76463.571832 3 0.298933 1.051601 -0.216370 3.696123
76489.405418 3 0.298922 1.058636 -0.211132 3.695984
76514.980669 3 0.298911 1.065720 -0.205894 3.695845
76540.300167 3 0.298899 1.072852 -0.200656 3.695707
76565.366470 3 0.298888 1.080032 -0.195419 3.695568
76590.182110 3 0.298877 1.087262 -0.190181 3.695428
76614.749594 3 0.298865 1.094540 -0.184943 3.695289
76639.071402 3 0.298853 1.101869 -0.179705 3.695149
76663.149993 3 0.298842 1.109247 -0.174467 3.695010
76686.987798 3 0.298830 1.116676 -0.169230 3.694870
76710.587225 3 0.298818 1.124155 -0.163992 3.694729
76733.950657 3 0.298806 1.131685 -0.158754 3.694589
76757.080455 3 0.298794 1.139267 -0.153516 3.694449
76779.978956 3 0.298781 1.146900 -0.148279 3.694308
76802.648471 3 0.298769 1.154586 -0.143041 3.694167
76825.091291 3 0.298757 1.162324 -0.137803 3.694026
76847.309683 3 0.298744 1.170115 -0.132565 3.693885
76869.305890 3 0.298731 1.177959 -0.127328 3.693744
76891.082136 3 0.298718 1.185857 -0.122090 3.693602
76912.640620 3 0.298706 1.193808 -0.116852 3.693460
76933.983518 3 0.298693 1.201814 -0.111614 3.693318
76955.112988 3 0.298679 1.209875 -0.106377 3.693176
76976.031163 3 0.298666 1.217991 -0.101139 3.693034
76996.740156 3 0.298653 1.226163 -0.095901 3.692891
77017.242059 3 0.298639 1.234390 -0.090663 3.692749
77037.538943 3 0.298626 1.242674 -0.085425 3.692606
77057.632858 3 0.298612 1.251014 -0.080188 3.692463
77077.525834 3 0.298598 1.259411 -0.074950 3.692319
77097.219881 3 0.298584 1.267866 -0.069712 3.692176
77116.716987 3 0.298570 1.276379 -0.064474 3.692032
77136.019122 3 0.298556 1.284950 -0.059237 3.691888
77155.128235 3 0.298541 1.293580 -0.053999 3.691744
77174.046258 3 0.298527 1.302270 -0.048761 3.691600
77192.775100 3 0.298512 1.311018 -0.043523 3.691455
77211.316653 3 0.298498 1.319827 -0.038286 3.691311
77229.672792 3 0.298483 1.328696 -0.033048 3.691166
77247.845368 3 0.298468 1.337626 -0.027810 3.691021
77265.836219 3 0.298453 1.346617 -0.022572 3.690875
77283.647162 3 0.298437 1.355670 -0.017334 3.690730
77301.279995 3 0.298422 1.364786 -0.012097 3.690584
77318.736500 3 0.298406 1.373963 -0.006859 3.690438
77336.018440 3 0.298391 1.383204 -0.001621 3.690292
77353.127560 3 0.298375 1.392508 0.003617 3.690146
77370.065589 3 0.298359 1.401877 0.008854 3.689999
77386.834238 3 0.298343 1.411309 0.014092 3.689852
77403.435200 3 0.298327 1.420807 0.019330 3.689706
77419.870153 3 0.298310 1.430370 0.024568 3.689558
77436.140756 3 0.298294 1.439998 0.029805 3.689411
77452.248653 3 0.298277 1.449693 0.035043 3.689263
77468.195472 3 0.298260 1.459455 0.040281 3.689115
77483.982822 3 0.298243 1.469284 0.045519 3.688967
77499.612298 3 0.298226 1.479180 0.050756 3.688819
77515.085480 3 0.298209 1.489145 0.055994 3.688671
77530.403930 3 0.298192 1.499178 0.061232 3.688522
77545.569195 3 0.298174 1.509281 0.066470 3.688373
77560.582808 3 0.298156 1.519453 0.071708 3.688224
77575.446285 3 0.298138 1.529695 0.076945 3.688074
77590.161127 3 0.298120 1.540008 0.082183 3.687925
77604.728820 3 0.298102 1.550393 0.087421 3.687775
77619.150837 3 0.298084 1.560848 0.092659 3.687625
77633.428633 3 0.298065 1.571376 0.097896 3.687475
77647.563651 3 0.298047 1.581977 0.103134 3.687324
77661.557320 3 0.298028 1.592651 0.108372 3.687173
77675.411051 3 0.298009 1.603398 0.113610 3.687022
77689.126245 3 0.297990 1.614220 0.118847 3.686871
77702.704288 3 0.297970 1.625117 0.124085 3.686720
77716.146549 3 0.297951 1.636089 0.129323 3.686568
77729.454389 3 0.297931 1.647137 0.134561 3.686416
77742.629150 3 0.297911 1.658261 0.139798 3.686264
77755.672163 3 0.297891 1.669463 0.145036 3.686111
77768.584746 3 0.297871 1.680742 0.150274 3.685959
77781.368203 3 0.297851 1.692099 0.155512 3.685806
77794.023826 3 0.297830 1.703534 0.160750 3.685653
77806.552892 3 0.297809 1.715049 0.165987 3.685499
77818.956668 3 0.297788 1.726644 0.171225 3.685345
77831.236406 3 0.297767 1.738319 0.176463 3.685192
77843.393347 3 0.297746 1.750075 0.181701 3.685037
77855.428718 3 0.297724 1.761912 0.186938 3.684883
77867.343736 3 0.297703 1.773832 0.192176 3.684728
77879.139603 3 0.297681 1.785834 0.197414 3.684573
77890.817512 3 0.297659 1.797920 0.202652 3.684418
77902.378641 3 0.297637 1.810089 0.207889 3.684263
77913.824160 3 0.297614 1.822344 0.213127 3.684107
77925.155223 3 0.297591 1.834683 0.218365 3.683951
77936.372975 3 0.297569 1.847108 0.223603 3.683795
77947.478550 3 0.297546 1.859619 0.228841 3.683639
77958.473070 3 0.297522 1.872218 0.234078 3.683482
77969.357644 3 0.297499 1.884904 0.239316 3.683325
77980.133372 3 0.297475 1.897678 0.244554 3.683168
77990.801343 3 0.297451 1.910541 0.249792 3.683010
78001.362634 3 0.297427 1.923494 0.255029 3.682852
78011.818313 3 0.297403 1.936537 0.260267 3.682694
78022.169434 3 0.297378 1.949671 0.265505 3.682536
78032.417045 3 0.297353 1.962897 0.270743 3.682378
78042.562179 3 0.297328 1.976214 0.275980 3.682219
78052.605862 3 0.297303 1.989625 0.281218 3.682060
78062.549108 3 0.297278 2.003129 0.286456 3.681900
78072.392922 3 0.297252 2.016727 0.291694 3.681740
78082.138297 3 0.297226 2.030420 0.296931 3.681580
78091.786219 3 0.297200 2.044209 0.302169 3.681420
78101.337661 3 0.297174 2.058094 0.307407 3.681260
78110.793590 3 0.297147 2.072076 0.312645 3.681099
78120.154958 3 0.297120 2.086156 0.317883 3.680938
78129.422713 3 0.297093 2.100334 0.323120 3.680776
78138.597791 3 0.297066 2.114612 0.328358 3.680615
78147.681118 3 0.297038 2.128989 0.333596 3.680453
78156.673611 3 0.297011 2.143467 0.338834 3.680291
78165.576180 3 0.296983 2.158046 0.344071 3.680128
78174.389723 3 0.296954 2.172728 0.349309 3.679965
78183.115131 3 0.296926 2.187512 0.354547 3.679802
78191.753284 3 0.296897 2.202400 0.359785 3.679639
78200.305056 3 0.296868 2.217392 0.365022 3.679475
78208.771310 3 0.296839 2.232489 0.370260 3.679311
78217.152902 3 0.296809 2.247693 0.375498 3.679147
78225.450677 3 0.296779 2.263003 0.380736 3.678982
78233.665475 3 0.296749 2.278420 0.385974 3.678817
78241.798125 3 0.296719 2.293946 0.391211 3.678652
78249.849449 3 0.296688 2.309580 0.396449 3.678486
78257.820259 3 0.296657 2.325325 0.401687 3.678320
78265.711361 3 0.296626 2.341180 0.406925 3.678154
78273.523552 3 0.296595 2.357147 0.412162 3.677988
78281.257621 3 0.296563 2.373226 0.417400 3.677821
78288.914350 3 0.296531 2.389418 0.422638 3.677654
78296.494511 3 0.296498 2.405724 0.427876 3.677487
78303.998871 3 0.296466 2.422145 0.433113 3.677319
78311.428187 3 0.296433 2.438682 0.438351 3.677151
78318.783210 3 0.296400 2.455335 0.443589 3.676982
78326.064682 3 0.296366 2.472106 0.448827 3.676814
78333.273340 3 0.296332 2.488995 0.454064 3.676645
78340.409912 3 0.296298 2.506003 0.459302 3.676475
78347.475117 3 0.296264 2.523131 0.464540 3.676306
78354.469671 3 0.296229 2.540380 0.469778 3.676136
78361.394279 3 0.296194 2.557751 0.475016 3.675965
78368.249641 3 0.296159 2.575244 0.480253 3.675795
78375.036449 3 0.296123 2.592861 0.485491 3.675624
78381.755389 3 0.296087 2.610603 0.490729 3.675452
78388.407140 3 0.296051 2.628470 0.495967 3.675281
78394.992374 3 0.296014 2.646464 0.501204 3.675109
78401.511754 3 0.295977 2.664585 0.506442 3.674936
78407.965942 3 0.295940 2.682834 0.511680 3.674764
78414.355587 3 0.295902 2.701213 0.516918 3.674591
78420.681336 3 0.295864 2.719722 0.522155 3.674417
78426.943827 3 0.295826 2.738362 0.527393 3.674243
78433.143694 3 0.295787 2.757134 0.532631 3.674069
78439.281561 3 0.295748 2.776039 0.537869 3.673895
78445.358051 3 0.295709 2.795079 0.543107 3.673720
78451.373775 3 0.295669 2.814254 0.548344 3.673545
78457.329342 3 0.295629 2.833565 0.553582 3.673370
78463.225353 3 0.295589 2.853013 0.558820 3.673194
78469.062404 3 0.295548 2.872600 0.564058 3.673017
78474.841085 3 0.295507 2.892325 0.569295 3.672841
78480.561979 3 0.295465 2.912192 0.574533 3.672664
78486.225664 3 0.295423 2.932199 0.579771 3.672487
78491.832712 3 0.295381 2.952349 0.585009 3.672309
78497.383690 3 0.295338 2.972643 0.590246 3.672131
78502.879157 3 0.295295 2.993081 0.595484 3.671952
78508.319671 3 0.295252 3.013665 0.600722 3.671774
78513.705779 3 0.295208 3.034395 0.605960 3.671594
78519.038026 3 0.295164 3.055274 0.611197 3.671415
78524.316950 3 0.295119 3.076302 0.616435 3.671235
78529.543085 3 0.295074 3.097480 0.621673 3.671055
78534.716959 3 0.295029 3.118809 0.626911 3.670874
78539.839094 3 0.294983 3.140290 0.632149 3.670693
78544.910008 3 0.294936 3.161926 0.637386 3.670511
78549.930213 3 0.294890 3.183716 0.642624 3.670329
78554.900215 3 0.294843 3.205661 0.647862 3.670147
78559.820518 3 0.294795 3.227765 0.653100 3.669965
78564.691617 3 0.294747 3.250026 0.658337 3.669781
78569.514006 3 0.294699 3.272447 0.663575 3.669598
78574.288171 3 0.294650 3.295028 0.668813 3.669414
78579.014594 3 0.294600 3.317772 0.674051 3.669230
78583.693752 3 0.294551 3.340679 0.679288 3.669045
78588.326120 3 0.294500 3.363750 0.684526 3.668860
78592.912163 3 0.294450 3.386987 0.689764 3.668675
78597.452346 3 0.294399 3.410391 0.695002 3.668489
78601.947128 3 0.294347 3.433963 0.700240 3.668303
78606.396961 3 0.294295 3.457705 0.705477 3.668116
78610.802296 3 0.294242 3.481617 0.710715 3.667929
78615.163578 3 0.294189 3.505702 0.715953 3.667741
78619.481247 3 0.294136 3.529960 0.721191 3.667553
78623.755739 3 0.294082 3.554393 0.726428 3.667365
78627.987487 3 0.294027 3.579002 0.731666 3.667176
78632.176916 3 0.293973 3.603789 0.736904 3.666987
78636.324452 3 0.293917 3.628754 0.742142 3.666797
78640.430512 3 0.293861 3.653900 0.747379 3.666607
78644.495512 3 0.293805 3.679227 0.752617 3.666417
78648.519861 3 0.293748 3.704737 0.757855 3.666226
78652.503967 3 0.293690 3.730432 0.763093 3.666034
78656.448233 3 0.293632 3.756312 0.768330 3.665842
78660.353055 3 0.293573 3.782380 0.773568 3.665650
78664.218829 3 0.293514 3.808636 0.778806 3.665457
78668.045946 3 0.293454 3.835083 0.784044 3.665264
78671.834791 3 0.293394 3.861721 0.789282 3.665071
78675.585748 3 0.293333 3.888552 0.794519 3.664876
78679.299195 3 0.293272 3.915578 0.799757 3.664682
78682.975508 3 0.293210 3.942800 0.804995 3.664487
78686.615057 3 0.293148 3.970220 0.810233 3.664291
78690.218212 3 0.293085 3.997839 0.815470 3.664095
78693.785334 3 0.293021 4.025659 0.820708 3.663899
78697.316786 3 0.292957 4.053681 0.825946 3.663702
78700.812922 3 0.292892 4.081907 0.831184 3.663505
78704.274098 3 0.292827 4.110338 0.836421 3.663307
78707.700662 3 0.292761 4.138977 0.841659 3.663109
78711.092960 3 0.292694 4.167824 0.846897 3.662910
78714.451335 3 0.292627 4.196881 0.852135 3.662711
78717.776126 3 0.292559 4.226151 0.857373 3.662511
78721.067670 3 0.292490 4.255634 0.862610 3.662311
78724.326298 3 0.292421 4.285332 0.867848 3.662110
78727.552340 3 0.292352 4.315247 0.873086 3.661909
78730.746121 3 0.292281 4.345381 0.878324 3.661708
78733.907964 3 0.292210 4.375736 0.883561 3.661505
78737.038190 3 0.292138 4.406312 0.888799 3.661303
78740.137112 3 0.292066 4.437113 0.894037 3.661100
78743.205046 3 0.291993 4.468139 0.899275 3.660896
78746.242300 3 0.291919 4.499392 0.904512 3.660692
78749.249182 3 0.291845 4.530875 0.909750 3.660487
78752.225995 3 0.291770 4.562589 0.914988 3.660282
78755.173040 3 0.291694 4.594535 0.920226 3.660076
78758.090614 3 0.291618 4.626716 0.925463 3.659870
78760.979013 3 0.291540 4.659134 0.930701 3.659663
78763.838527 3 0.291462 4.691790 0.935939 3.659456
78766.669447 3 0.291384 4.724686 0.941177 3.659248
78769.472057 3 0.291304 4.757825 0.946415 3.659040
78772.246641 3 0.291224 4.791208 0.951652 3.658831
78774.993479 3 0.291144 4.824836 0.956890 3.658622
78777.712849 3 0.291062 4.858713 0.962128 3.658412
78780.405026 3 0.290980 4.892840 0.967366 3.658201
78783.070280 3 0.290896 4.927219 0.972603 3.657990
78785.708882 3 0.290812 4.961851 0.977841 3.657779
78788.321098 3 0.290728 4.996740 0.983079 3.657567
78790.907192 3 0.290642 5.031887 0.988317 3.657354
78793.467424 3 0.290556 5.067294 0.993554 3.657141
78796.002055 3 0.290469 5.102963 0.998792 3.656927
78798.511339 3 0.290381 5.138896 1.004030 3.656713
78800.995530 3 0.290292 5.175096 1.009268 3.656498
78803.454880 3 0.290203 5.211565 1.014505 3.656283
78805.889636 3 0.290112 5.248304 1.019743 3.656067
78808.300044 3 0.290021 5.285316 1.024981 3.655850
78810.686349 3 0.289929 5.322603 1.030219 3.655633
78813.048790 3 0.289836 5.360167 1.035457 3.655416
78815.387607 3 0.289742 5.398011 1.040694 3.655197
78817.703035 3 0.289647 5.436136 1.045932 3.654978
78819.995310 3 0.289552 5.474546 1.051170 3.654759
78822.264661 3 0.289455 5.513242 1.056408 3.654539
78824.511319 3 0.289358 5.552227 1.061645 3.654318
78826.735511 3 0.289259 5.591503 1.066883 3.654097
78828.937461 3 0.289160 5.631072 1.072121 3.653875
78831.117391 3 0.289060 5.670937 1.077359 3.653653
78833.275522 3 0.288958 5.711100 1.082596 3.653430
78835.412071 3 0.288856 5.751563 1.087834 3.653206
78837.527255 3 0.288753 5.792330 1.093072 3.652982
78839.621287 3 0.288649 5.833402 1.098310 3.652757
78841.694379 3 0.288544 5.874782 1.103548 3.652532
78843.746740 3 0.288438 5.916473 1.108785 3.652305
78845.778577 3 0.288331 5.958477 1.114023 3.652079
78847.790096 3 0.288223 6.000796 1.119261 3.651851
78849.781500 3 0.288114 6.043433 1.124499 3.651623
78851.752990 3 0.288003 6.086391 1.129736 3.651395
78853.704765 3 0.287892 6.129673 1.134974 3.651165
78855.637022 3 0.287780 6.173281 1.140212 3.650936
78857.549956 3 0.287667 6.217217 1.145450 3.650705
78859.443761 3 0.287552 6.261485 1.150687 3.650474
78861.318629 3 0.287437 6.306087 1.155925 3.650242
78863.174747 3 0.287320 6.351026 1.161163 3.650009
78865.012304 3 0.287202 6.396305 1.166401 3.649776
78866.831486 3 0.287083 6.441927 1.171638 3.649542
78868.632476 3 0.286963 6.487893 1.176876 3.649308
78870.415456 3 0.286842 6.534208 1.182114 3.649073
78872.180606 3 0.286720 6.580874 1.187352 3.648837
78873.928105 3 0.286597 6.627895 1.192590 3.648600
78875.658128 3 0.286472 6.675272 1.197827 3.648363
78877.370852 3 0.286346 6.723009 1.203065 3.648125
78879.066448 3 0.286219 6.771109 1.208303 3.647886
78880.745088 3 0.286091 6.819575 1.213541 3.647647
78882.406942 3 0.285961 6.868410 1.218778 3.647407
78884.052177 3 0.285830 6.917618 1.224016 3.647166
78885.680960 3 0.285698 6.967200 1.229254 3.646925
78887.293455 3 0.285565 7.017161 1.234492 3.646683
78888.889826 3 0.285430 7.067504 1.239729 3.646440
78890.470232 3 0.285294 7.118231 1.244967 3.646196
78892.034835 3 0.285157 7.169346 1.250205 3.645952
78893.583791 3 0.285018 7.220853 1.255443 3.645707
78895.117258 3 0.284879 7.272754 1.260681 3.645461
78896.635390 3 0.284737 7.325053 1.265918 3.645215
78898.138341 3 0.284595 7.377753 1.271156 3.644968
78899.626262 3 0.284451 7.430858 1.276394 3.644720
78901.099304 3 0.284305 7.484371 1.281632 3.644471
78902.557616 3 0.284158 7.538296 1.286869 3.644221
78904.001344 3 0.284010 7.592636 1.292107 3.643971
78905.430636 3 0.283860 7.647394 1.297345 3.643720
78906.845634 3 0.283709 7.702575 1.302583 3.643468
78908.246483 3 0.283556 7.758181 1.307820 3.643216
78909.633322 3 0.283402 7.814216 1.313058 3.642962
78911.006294 3 0.283247 7.870685 1.318296 3.642708
78912.365536 3 0.283089 7.927591 1.323534 3.642453
78913.711185 3 0.282931 7.984937 1.328771 3.642198
78915.043378 3 0.282770 8.042727 1.334009 3.641941
78916.362249 3 0.282608 8.100965 1.339247 3.641684
78917.667931 3 0.282445 8.152646 1.344485 3.641612
78918.960557 3 0.282280 8.202836 1.349723 3.641589
78920.240256 3 0.282114 8.253218 1.354960 3.641569
78921.507158 3 0.281946 8.303788 1.360198 3.641552
78922.761391 3 0.281776 8.354541 1.365436 3.641538
78924.003082 3 0.281606 8.405472 1.370674 3.641528
78925.232356 3 0.281433 8.456575 1.375912 3.641521
78926.449337 3 0.281260 8.507843 1.381149 3.641518
78927.654148 3 0.281084 8.559271 1.386387 3.641519
78928.846912 3 0.280907 8.610850 1.391625 3.641524
78930.027747 3 0.280729 8.662573 1.396863 3.641533
78931.196774 3 0.280549 8.714433 1.402101 3.641546
78932.354111 3 0.280368 8.766420 1.407339 3.641564
78933.499875 3 0.280185 8.818525 1.412576 3.641587
78934.634181 3 0.280000 8.870737 1.417814 3.641614
78935.757144 3 0.279814 8.923047 1.423052 3.641647
78936.868877 3 0.279626 8.975442 1.428290 3.641685
78937.969493 3 0.279437 9.027910 1.433528 3.641729
78939.059103 3 0.279245 9.080438 1.438765 3.641779
78940.137817 3 0.279053 9.133010 1.444003 3.641834
78941.205743 3 0.278858 9.185611 1.449241 3.641897
78942.262991 3 0.278663 9.238225 1.454479 3.641966
78943.309665 3 0.278465 9.290833 1.459717 3.642042
78944.345874 3 0.278266 9.343415 1.464955 3.642126
78945.371720 3 0.278065 9.395950 1.470192 3.642218
78946.387307 3 0.277862 9.448415 1.475430 3.642319
78947.392739 3 0.277658 9.500785 1.480668 3.642428
78948.388116 3 0.277452 9.553033 1.485906 3.642546
78949.373540 3 0.277244 9.605128 1.491144 3.642675
78950.349109 3 0.277034 9.657039 1.496381 3.642814
78951.314923 3 0.276823 9.708730 1.501619 3.642964
78952.271078 3 0.276610 9.760161 1.506857 3.643126
78953.217672 3 0.276396 9.811291 1.512095 3.643301
78954.154800 3 0.276179 9.862071 1.517333 3.643490
78955.082557 3 0.275961 9.912451 1.522571 3.643693
78956.001036 3 0.275742 9.962373 1.527808 3.643911
78956.910330 3 0.275520 10.011772 1.533046 3.644147
78957.810532 3 0.275297 10.060578 1.538284 3.644400
78958.701731 3 0.275072 10.108712 1.543522 3.644673
78959.584019 3 0.274845 10.156083 1.548760 3.644967
78960.457483 3 0.274617 10.202593 1.553997 3.645285
78961.322213 3 0.274387 10.248128 1.559235 3.645627
78962.178296 3 0.274155 10.292559 1.564473 3.645997
78963.025817 3 0.273922 10.335739 1.569711 3.646397
78963.864864 3 0.273686 10.377502 1.574948 3.646831
78964.695520 3 0.273450 10.417654 1.580186 3.647302
78965.517870 3 0.273211 10.455971 1.585424 3.647814
78966.331996 3 0.272972 10.492194 1.590662 3.648373
78967.137980 3 0.272730 10.526020 1.595899 3.648983
78967.935905 3 0.272487 10.557089 1.601137 3.649653
78968.725851 3 0.272243 10.584979 1.606374 3.650389
78969.507897 3 0.271997 10.609183 1.611612 3.651203
78970.282123 3 0.271750 10.629093 1.616849 3.652105
78971.048607 3 0.271502 10.643973 1.622086 3.653110
78971.807425 3 0.271253 10.652926 1.627324 3.654237
78972.558656 3 0.271003 10.654848 1.632561 3.655507
78973.302374 3 0.270752 10.648371 1.637797 3.656948
78974.038655 3 0.270500 10.631783 1.643034 3.658596
78974.767573 3 0.270248 10.602925 1.648270 3.660495
78975.489202 3 0.269996 10.559051 1.653505 3.662704
78976.203615 3 0.269745 10.496639 1.658740 3.665301
78976.910883 3 0.269494 10.411132 1.663975 3.668385
78977.260981 3 0.269369 10.358048 1.666585 3.670148
78977.609329 3 0.269245 10.296886 1.669194 3.672086
78977.955934 3 0.269121 10.226628 1.671804 3.674225
78978.300807 3 0.268998 10.146110 1.674413 3.676594
78978.643955 3 0.268876 10.054000 1.677021 3.679226
78978.814672 3 0.268815 10.003214 1.678323 3.680652
78978.984961 3 0.268755 9.948958 1.679626 3.682158
78979.154825 3 0.268694 9.891011 1.680928 3.683752
78979.324264 3 0.268635 9.829135 1.682229 3.685440
78979.493280 3 0.268575 9.763080 1.683531 3.687230
78979.661873 3 0.268516 9.692579 1.684832 3.689129
78979.830044 3 0.268457 9.617347 1.686133 3.691146
78979.997795 3 0.268399 9.537084 1.687434 3.693291
78980.165127 3 0.268341 9.451473 1.688734 3.695574
78980.332040 3 0.268283 9.360179 1.690034 3.698007
78980.432040 3 0.268255 9.312353 1.690684 3.699282
78980.532040 3 0.268227 9.262978 1.691333 3.700599
78980.632040 3 0.268199 9.212008 1.691982 3.701959
78980.732040 3 0.268171 9.159397 1.692631 3.703365
78980.832040 3 0.268143 9.105096 1.693280 3.704818
78980.932040 3 0.268115 9.049058 1.693929 3.706321
78981.032040 3 0.268087 8.991232 1.694578 3.707875
78981.132040 3 0.268060 8.931568 1.695227 3.709483
78981.232040 3 0.268033 8.870016 1.695875 3.711147
78981.332040 3 0.268006 8.806523 1.696524 3.712869
78981.432040 3 0.267979 8.741039 1.697172 3.714652
78981.532040 3 0.267952 8.673512 1.697820 3.716498
78981.632040 3 0.267926 8.603889 1.698467 3.718410
78981.732040 3 0.267899 8.532118 1.699115 3.720391
78981.832040 3 0.267873 8.458147 1.699762 3.722444
78981.932040 3 0.267847 8.381926 1.700410 3.724571
78982.032040 3 0.267822 8.303402 1.701057 3.726777
78982.132040 3 0.267796 8.222527 1.701703 3.729064
78982.232040 3 0.267784 8.181232 1.702027 3.730238
78982.332040 3 0.267771 8.139332 1.702350 3.731434
78982.432040 3 0.267759 8.096822 1.702673 3.732651
78982.532040 3 0.267747 8.053696 1.702996 3.733892
78982.632040 3 0.267734 8.009949 1.703319 3.735155
78982.732040 3 0.267722 7.965574 1.703642 3.736442
78982.832040 3 0.267710 7.920567 1.703964 3.737754
78982.932040 3 0.267698 7.874923 1.704287 3.739089
78983.032040 3 0.267686 7.828636 1.704610 3.740450
78983.132040 3 0.267674 7.781702 1.704932 3.741836
78983.232040 3 0.267662 7.734116 1.705255 3.743249
78983.332040 3 0.267650 7.685874 1.705577 3.744688
78983.432040 3 0.267638 7.636972 1.705899 3.746155
78983.532040 3 0.267626 7.587405 1.706222 3.747649
78983.632040 3 0.267615 7.537170 1.706544 3.749172
78983.732040 3 0.267603 7.486264 1.706866 3.750724
78983.832040 3 0.267592 7.434684 1.707188 3.752306
78983.932040 3 0.267580 7.382426 1.707510 3.753918
78984.032040 3 0.267569 7.329489 1.707831 3.755562
78984.132040 3 0.267558 7.275869 1.708153 3.757236
78984.232040 3 0.267547 7.221566 1.708475 3.758944
78984.332040 3 0.267535 7.166578 1.708796 3.760684
78984.432040 3 0.267524 7.110903 1.709117 3.762458
78984.532040 3 0.267514 7.054542 1.709439 3.764266
78984.632040 3 0.267503 6.997494 1.709760 3.766109
78984.732040 3 0.267492 6.939759 1.710081 3.767989
78984.832040 3 0.267481 6.881337 1.710402 3.769905
78984.932040 3 0.267471 6.822231 1.710722 3.771858
78985.032040 3 0.267460 6.762442 1.711043 3.773850
78985.132040 3 0.267450 6.701972 1.711363 3.775880
78985.232040 3 0.267440 6.640823 1.711684 3.777951
78985.332040 3 0.267429 6.579000 1.712004 3.780062
78985.432040 3 0.267419 6.516506 1.712324 3.782214
78985.532040 3 0.267409 6.453345 1.712644 3.784409
78985.632040 3 0.267399 6.389523 1.712963 3.786647
78985.732040 3 0.267394 6.357389 1.713123 3.787782
78985.832040 3 0.267390 6.325092 1.713283 3.788928
78985.932040 3 0.267385 6.292633 1.713443 3.790085
78986.032040 3 0.267380 6.260014 1.713602 3.791254
78986.132040 3 0.267375 6.227234 1.713762 3.792433
78986.232040 3 0.267370 6.194295 1.713921 3.793625
78986.332040 3 0.267365 6.161198 1.714081 3.794828
78986.432040 3 0.267361 6.127943 1.714241 3.796043
78986.532040 3 0.267356 6.094533 1.714400 3.797270
78986.632040 3 0.267351 6.060968 1.714559 3.798509
78986.732040 3 0.267347 6.027249 1.714719 3.799761
78986.832040 3 0.267342 5.993378 1.714878 3.801024
78986.932040 3 0.267337 5.959356 1.715037 3.802300
78987.032040 3 0.267333 5.925184 1.715196 3.803589
78987.132040 3 0.267328 5.890863 1.715356 3.804890
78987.232040 3 0.267324 5.856396 1.715515 3.806204
78987.332040 3 0.267319 5.821783 1.715674 3.807531
78987.432040 3 0.267315 5.787026 1.715833 3.808871
78987.532040 3 0.267310 5.752126 1.715992 3.810224
78987.632040 3 0.267306 5.717086 1.716151 3.811591
78987.732040 3 0.267301 5.681907 1.716309 3.812971
78987.832040 3 0.267297 5.646590 1.716468 3.814364
78987.932040 3 0.267293 5.611138 1.716627 3.815772
78988.032040 3 0.267288 5.575552 1.716786 3.817193
78988.132040 3 0.267284 5.539835 1.716944 3.818628
78988.232040 3 0.267280 5.503987 1.717103 3.820078
78988.332040 3 0.267276 5.468012 1.717261 3.821541
78988.432040 3 0.267271 5.431911 1.717420 3.823019
78988.532040 3 0.267267 5.395686 1.717578 3.824512
78988.632040 3 0.267263 5.359339 1.717736 3.826019
78988.732040 3 0.267259 5.322874 1.717895 3.827541
78988.832040 3 0.267255 5.286291 1.718053 3.829078
78988.932040 3 0.267251 5.249594 1.718211 3.830630
78989.032040 3 0.267247 5.212784 1.718369 3.832198
78989.132040 3 0.267243 5.175864 1.718527 3.833781
78989.232040 3 0.267239 5.138838 1.718685 3.835379
78989.332040 3 0.267235 5.101706 1.718843 3.836994
78989.432040 3 0.267231 5.064472 1.719001 3.838624
78989.532040 3 0.267227 5.027139 1.719158 3.840270
78989.632040 3 0.267223 4.989708 1.719316 3.841932
78989.732040 3 0.267219 4.952184 1.719474 3.843611
78989.832040 3 0.267215 4.914569 1.719631 3.845306
78989.932040 3 0.267212 4.876865 1.719788 3.847017
78990.032040 3 0.267208 4.839076 1.719946 3.848746
78990.132040 3 0.267204 4.801205 1.720103 3.850491
78990.232040 3 0.267200 4.763254 1.720260 3.852254
78990.332040 3 0.267197 4.725227 1.720417 3.854034
78990.432040 3 0.267193 4.687128 1.720574 3.855831
78990.532040 3 0.267189 4.648958 1.720731 3.857646
78990.632040 3 0.267186 4.610722 1.720888 3.859478
78990.732040 3 0.267182 4.572422 1.721045 3.861329
78990.832040 3 0.267179 4.534063 1.721202 3.863197
78990.932040 3 0.267175 4.495648 1.721358 3.865084
78991.032040 3 0.267172 4.457179 1.721515 3.866989
78991.132040 3 0.267168 4.418662 1.721671 3.868913
78991.232040 3 0.267165 4.380098 1.721828 3.870856
78991.332040 3 0.267162 4.341493 1.721984 3.872817
78991.432040 3 0.267158 4.302848 1.722140 3.874798
78991.532040 3 0.267155 4.264170 1.722296 3.876797
78991.632040 3 0.267152 4.225460 1.722452 3.878817
78991.732040 3 0.267148 4.186723 1.722608 3.880855
78991.832040 3 0.267145 4.147963 1.722764 3.882914
78991.932040 3 0.267142 4.109184 1.722919 3.884993
78992.032040 3 0.267139 4.070389 1.723075 3.887091
78992.132040 3 0.267136 4.031584 1.723230 3.889210
78992.232040 3 0.267132 3.992771 1.723386 3.891350
78992.332040 3 0.267129 3.953954 1.723541 3.893510
78992.432040 3 0.267126 3.915139 1.723696 3.895691
78992.532040 3 0.267123 3.876329 1.723851 3.897893
78992.632040 3 0.267122 3.856937 1.723928 3.899001
78992.732040 3 0.267120 3.837547 1.724006 3.900115
78992.832040 3 0.267119 3.818160 1.724083 3.901234
78992.932040 3 0.267117 3.798778 1.724161 3.902359
78993.032040 3 0.267116 3.779399 1.724238 3.903489
78993.132040 3 0.267114 3.760026 1.724315 3.904624
78993.232040 3 0.267113 3.740659 1.724392 3.905765
78993.332040 3 0.267112 3.721298 1.724470 3.906911
78993.432040 3 0.267110 3.701943 1.724547 3.908062
78993.532040 3 0.267109 3.682595 1.724624 3.909220
78993.632040 3 0.267107 3.663256 1.724701 3.910382
78993.732040 3 0.267106 3.643924 1.724778 3.911550
78993.832040 3 0.267104 3.624602 1.724855 3.912724
78993.932040 3 0.267103 3.605288 1.724932 3.913904
78994.032040 3 0.267102 3.585985 1.725009 3.915089
78994.132040 3 0.267100 3.566693 1.725086 3.916279
78994.232040 3 0.267099 3.547411 1.725163 3.917476
78994.332040 3 0.267097 3.528141 1.725240 3.918678
78994.432040 3 0.267096 3.508883 1.725317 3.919885
78994.532040 3 0.267095 3.489638 1.725394 3.921099
78994.632040 3 0.267093 3.470407 1.725471 3.922318
78994.732040 3 0.267092 3.451189 1.725548 3.923543
78994.832040 3 0.267091 3.431986 1.725624 3.924774
78994.932040 3 0.267089 3.412798 1.725701 3.926011
78995.032040 3 0.267088 3.393626 1.725778 3.927253
78995.132040 3 0.267087 3.374469 1.725854 3.928501
78995.232040 3 0.267085 3.355330 1.725931 3.929756
78995.332040 3 0.267084 3.336208 1.726008 3.931016
78995.432040 3 0.267083 3.317103 1.726084 3.932282
78995.532040 3 0.267082 3.298018 1.726161 3.933554
78995.632040 3 0.267080 3.278951 1.726237 3.934832
78995.732040 3 0.267079 3.259904 1.726314 3.936117
78995.832040 3 0.267078 3.240877 1.726390 3.937407
78995.932040 3 0.267077 3.221871 1.726466 3.938703
78996.032040 3 0.267075 3.202887 1.726543 3.940005
78996.132040 3 0.267074 3.183924 1.726619 3.941314
78996.232040 3 0.267073 3.164984 1.726695 3.942629
78996.332040 3 0.267072 3.146067 1.726771 3.943949
78996.432040 3 0.267070 3.127174 1.726847 3.945276
78996.532040 3 0.267069 3.108306 1.726924 3.946610
78996.632040 3 0.267068 3.089462 1.727000 3.947949
78996.732040 3 0.267067 3.070643 1.727076 3.949295
78996.832040 3 0.267066 3.051851 1.727152 3.950647
78996.932040 3 0.267064 3.033086 1.727228 3.952005
78997.032040 3 0.267063 3.014347 1.727303 3.953370
78997.132040 3 0.267062 2.995637 1.727379 3.954741
78997.232040 3 0.267061 2.976955 1.727455 3.956118
78997.332040 3 0.267060 2.958301 1.727531 3.957502
78997.432040 3 0.267059 2.939678 1.727607 3.958892
78997.532040 3 0.267057 2.921085 1.727682 3.960289
78997.632040 3 0.267056 2.902522 1.727758 3.961692
78997.732040 3 0.267055 2.883991 1.727834 3.963102
78997.832040 3 0.267054 2.865491 1.727909 3.964518
78997.932040 3 0.267053 2.847025 1.727985 3.965941
78998.032040 3 0.267052 2.828591 1.728060 3.967371
78998.132040 3 0.267051 2.810191 1.728136 3.968807
78998.232040 3 0.267050 2.791825 1.728211 3.970249
78998.332040 3 0.267049 2.773494 1.728286 3.971699
78998.432040 3 0.267048 2.755199 1.728362 3.973154
78998.532040 3 0.267047 2.736939 1.728437 3.974617
78998.632040 3 0.267045 2.718716 1.728512 3.976087
78998.732040 3 0.267044 2.700530 1.728587 3.977563
78998.832040 3 0.267043 2.682382 1.728662 3.979046
78998.932040 3 0.267042 2.664272 1.728737 3.980536
78999.032040 3 0.267041 2.646202 1.728812 3.982032
78999.132040 3 0.267040 2.628170 1.728887 3.983536
78999.232040 3 0.267039 2.610179 1.728962 3.985046
78999.332040 3 0.267038 2.592228 1.729037 3.986563
78999.432040 3 0.267037 2.574318 1.729112 3.988087
78999.532040 3 0.267036 2.556450 1.729186 3.989618
78999.632040 3 0.267035 2.538625 1.729261 3.991157
78999.732040 3 0.267034 2.520842 1.729336 3.992702
78999.832040 3 0.267033 2.503103 1.729410 3.994254
78999.932040 3 0.267032 2.485407 1.729485 3.995813
79000.032040 3 0.267031 2.467757 1.729559 3.997379
79000.132040 3 0.267030 2.450151 1.729634 3.998953
79000.232040 3 0.267029 2.432591 1.729708 4.000533
79000.332040 3 0.267029 2.415077 1.729782 4.002121
79000.432040 3 0.267028 2.397610 1.729856 4.003715
79000.532040 3 0.267027 2.380190 1.729931 4.005317
79000.632040 3 0.267026 2.362818 1.730005 4.006927
79000.732040 3 0.267025 2.345494 1.730079 4.008543
79000.832040 3 0.267024 2.328219 1.730153 4.010167
79000.932040 3 0.267023 2.310994 1.730227 4.011798
79001.032040 3 0.267022 2.293819 1.730301 4.013436
79001.132040 3 0.267021 2.276694 1.730374 4.015082
79001.232040 3 0.267020 2.259620 1.730448 4.016735
79001.332040 3 0.267019 2.242598 1.730522 4.018395
79001.432040 3 0.267019 2.225628 1.730595 4.020063
79001.532040 3 0.267018 2.208710 1.730669 4.021738
79001.632040 3 0.267017 2.191846 1.730742 4.023421
79001.732040 3 0.267016 2.175035 1.730816 4.025111
79001.832040 3 0.267015 2.158278 1.730889 4.026809
79001.932040 3 0.267014 2.141577 1.730963 4.028514
79002.032040 3 0.267014 2.124930 1.731036 4.030227
79002.132040 3 0.267013 2.108339 1.731109 4.031948
79002.232040 3 0.267012 2.091804 1.731182 4.033676
79002.332040 3 0.267011 2.075325 1.731255 4.035411
79002.432040 3 0.267010 2.058904 1.731328 4.037155
79002.532040 3 0.267009 2.042541 1.731401 4.038905
79002.632040 3 0.267009 2.026235 1.731474 4.040664
79002.732040 3 0.267008 2.009988 1.731547 4.042430
79002.832040 3 0.267007 1.993800 1.731619 4.044205
79002.932040 3 0.267006 1.977672 1.731692 4.045986
79003.032040 3 0.267006 1.961604 1.731764 4.047776
79003.132040 3 0.267005 1.945596 1.731837 4.049573
79003.232040 3 0.267004 1.929649 1.731909 4.051379
79003.332040 3 0.267003 1.913763 1.731982 4.053192
79003.432040 3 0.267003 1.897939 1.732054 4.055013
79003.532040 3 0.267002 1.882177 1.732126 4.056842
79003.632040 3 0.267001 1.866478 1.732198 4.058679
79003.732040 3 0.267000 1.850843 1.732270 4.060523
79003.832040 3 0.267000 1.835270 1.732342 4.062376
79003.932040 3 0.266999 1.819762 1.732414 4.064237
79004.032040 3 0.266998 1.804318 1.732485 4.066105
79004.132040 3 0.266998 1.788939 1.732557 4.067982
79004.232040 3 0.266997 1.773625 1.732629 4.069867
79004.332040 3 0.266996 1.758376 1.732700 4.071760
79004.432040 3 0.266996 1.743194 1.732772 4.073661
79004.532040 3 0.266995 1.728078 1.732843 4.075570
79004.632040 3 0.266994 1.713029 1.732914 4.077487
79004.732040 3 0.266994 1.698047 1.732985 4.079412
79004.832040 3 0.266993 1.683132 1.733057 4.081346
79004.932040 3 0.266992 1.668286 1.733128 4.083287
79005.032040 3 0.266992 1.653507 1.733198 4.085237
79005.132040 3 0.266991 1.638798 1.733269 4.087195
79005.232040 3 0.266990 1.624157 1.733340 4.089162
79005.332040 3 0.266990 1.609586 1.733411 4.091136
79005.432040 3 0.266989 1.595085 1.733481 4.093119
79005.532040 3 0.266988 1.580653 1.733552 4.095110
79005.632040 3 0.266988 1.566292 1.733622 4.097110
79005.732040 3 0.266988 1.552971 1.733693 4.098982
79005.832040 3 0.266988 1.539703 1.733764 4.100863
79005.932040 3 0.266988 1.526489 1.733834 4.102752
79006.032040 3 0.266988 1.513330 1.733905 4.104650
79006.132040 3 0.266988 1.500225 1.733976 4.106556
79006.232040 3 0.266988 1.487176 1.734046 4.108471
79006.332040 3 0.266988 1.474182 1.734117 4.110394
79006.432040 3 0.266988 1.461244 1.734187 4.112326
79006.532040 3 0.266988 1.448363 1.734257 4.114266
79006.632040 3 0.266988 1.435538 1.734327 4.116215
79006.732040 3 0.266988 1.422771 1.734397 4.118172
79006.832040 3 0.266988 1.410060 1.734467 4.120138
79006.932040 3 0.266988 1.397408 1.734537 4.122113
79007.032040 3 0.266988 1.384814 1.734606 4.124097
79007.132040 3 0.266988 1.372278 1.734676 4.126089
79007.232040 3 0.266988 1.359800 1.734745 4.128089
79007.332040 3 0.266988 1.347382 1.734815 4.130099
79007.432040 3 0.266988 1.335024 1.734884 4.132117
79007.532040 3 0.266988 1.322725 1.734953 4.134144
79007.632040 3 0.266988 1.310487 1.735022 4.136180
79007.732040 3 0.266988 1.298308 1.735091 4.138224
79007.832040 3 0.266988 1.286191 1.735160 4.140278
79007.932040 3 0.266988 1.274134 1.735229 4.142340
79008.032040 3 0.266988 1.262139 1.735297 4.144411
79008.132040 3 0.266988 1.250206 1.735366 4.146491
79008.232040 3 0.266988 1.238334 1.735434 4.148580
79008.332040 3 0.266987 1.226525 1.735502 4.150678
79008.432040 3 0.266987 1.214778 1.735570 4.152785
79008.532040 3 0.266987 1.203094 1.735638 4.154900
79008.632040 3 0.266987 1.191473 1.735706 4.157025
79008.732040 3 0.266987 1.179915 1.735774 4.159159
79008.832040 3 0.266987 1.168421 1.735841 4.161301
79008.932040 3 0.266987 1.156991 1.735909 4.163453
79009.032040 3 0.266987 1.145624 1.735976 4.165613
79009.132040 3 0.266987 1.134322 1.736043 4.167783
79009.232040 3 0.266987 1.123085 1.736110 4.169962
79009.332040 3 0.266987 1.111912 1.736177 4.172150
79009.432040 3 0.266987 1.100804 1.736244 4.174347
79009.532040 3 0.266987 1.089761 1.736311 4.176553
79009.632040 3 0.266987 1.078784 1.736377 4.178768
79009.732040 3 0.266987 1.067872 1.736444 4.180992
79009.832040 3 0.266987 1.057026 1.736510 4.183225
79009.932040 3 0.266987 1.046246 1.736576 4.185468
79010.032040 3 0.266987 1.035533 1.736642 4.187719
79010.132040 3 0.266987 1.024885 1.736708 4.189980
79010.232040 3 0.266987 1.014304 1.736774 4.192250
79010.332040 3 0.266987 1.003790 1.736839 4.194529
79010.432040 3 0.266987 0.993343 1.736904 4.196817
79010.532040 3 0.266987 0.982963 1.736970 4.199115
79010.632040 3 0.266987 0.972649 1.737035 4.201421
79010.732040 3 0.266987 0.962403 1.737100 4.203737
79010.832040 3 0.266987 0.952225 1.737164 4.206062
79010.932040 3 0.266987 0.942114 1.737229 4.208396
79011.032040 3 0.266987 0.932071 1.737293 4.210739
79011.132040 3 0.266987 0.922095 1.737358 4.213092
79011.232040 3 0.266987 0.912188 1.737422 4.215454
79011.332040 3 0.266987 0.902348 1.737486 4.217825
79011.432040 3 0.266987 0.892577 1.737550 4.220205
79011.532040 3 0.266987 0.882873 1.737613 4.222595
79011.632040 3 0.266987 0.873238 1.737677 4.224993
79011.732040 3 0.266987 0.863672 1.737740 4.227401
79011.832040 3 0.266987 0.854173 1.737803 4.229818
79011.932040 3 0.266987 0.844743 1.737866 4.232245
79012.032040 3 0.266987 0.835382 1.737928 4.234680
79012.132040 3 0.266987 0.826089 1.737991 4.237125
79012.232040 3 0.266987 0.816865 1.738053 4.239579
79012.332040 3 0.266987 0.807709 1.738115 4.242042
79012.432040 3 0.266987 0.798622 1.738177 4.244514
79012.532040 3 0.266987 0.789604 1.738239 4.246996
79012.632040 3 0.266987 0.780654 1.738301 4.249486
79012.732040 3 0.266987 0.771773 1.738362 4.251986
79012.832040 3 0.266987 0.762961 1.738423 4.254495
79012.932040 3 0.266987 0.754217 1.738484 4.257013
79013.032040 3 0.266987 0.745542 1.738545 4.259541
79013.132040 3 0.266987 0.736936 1.738605 4.262077
79013.232040 3 0.266987 0.728398 1.738666 4.264623
79013.332040 3 0.266987 0.719929 1.738726 4.267177
79013.432040 3 0.266987 0.711529 1.738786 4.269741
79013.532040 3 0.266987 0.703196 1.738846 4.272314
79013.632040 3 0.266987 0.694933 1.738905 4.274895
79013.732040 3 0.266987 0.686737 1.738964 4.277486
79013.832040 3 0.266987 0.678610 1.739023 4.280086
79013.932040 3 0.266987 0.670551 1.739082 4.282695
79014.032040 3 0.266987 0.662560 1.739141 4.285313
79014.132040 3 0.266987 0.654638 1.739199 4.287940
79014.232040 3 0.266987 0.646783 1.739257 4.290576
79014.332040 3 0.266987 0.638996 1.739315 4.293220
79014.432040 3 0.266987 0.631277 1.739372 4.295874
79014.532040 3 0.266987 0.623625 1.739430 4.298536
79014.632040 3 0.266987 0.616041 1.739487 4.301208
79014.732040 3 0.266986 0.608524 1.739544 4.303888
79014.832040 3 0.266986 0.601074 1.739600 4.306577
79014.932040 3 0.266986 0.593692 1.739657 4.309274
79015.032040 3 0.266986 0.586376 1.739713 4.311981
79015.132040 3 0.266986 0.579127 1.739769 4.314696
79015.232040 3 0.266986 0.571945 1.739824 4.317419
79015.332040 3 0.266986 0.564829 1.739879 4.320152
79015.432040 3 0.266986 0.557780 1.739934 4.322893
79015.532040 3 0.266986 0.550796 1.739989 4.325642
79015.632040 3 0.266986 0.543879 1.740044 4.328400
79015.732040 3 0.266986 0.537027 1.740098 4.331167
79015.832040 3 0.266986 0.530240 1.740152 4.333942
79015.932040 3 0.266986 0.523519 1.740205 4.336726
79016.032040 3 0.266986 0.516863 1.740258 4.339517
79016.132040 3 0.266986 0.510272 1.740311 4.342318
79016.232040 3 0.266986 0.503745 1.740364 4.345126
79016.332040 3 0.266986 0.497283 1.740416 4.347943
79016.432040 3 0.266986 0.490885 1.740468 4.350768
79016.532040 3 0.266986 0.484551 1.740520 4.353601
79016.632040 3 0.266986 0.478281 1.740571 4.356442
79016.732040 3 0.266986 0.472074 1.740622 4.359291
79016.832040 3 0.266986 0.465931 1.740673 4.362148
79016.932040 3 0.266986 0.459851 1.740724 4.365013
79017.032040 3 0.266986 0.453833 1.740774 4.367886
79017.132040 3 0.266986 0.447878 1.740823 4.370767
79017.232040 3 0.266986 0.441985 1.740873 4.373655
79017.332040 3 0.266986 0.436154 1.740922 4.376551
79017.432040 3 0.266986 0.430385 1.740970 4.379455
79017.532040 3 0.266986 0.424677 1.741019 4.382366
79017.632040 3 0.266986 0.419030 1.741066 4.385285
79017.732040 3 0.266986 0.413444 1.741114 4.388211
79017.832040 3 0.266986 0.407918 1.741161 4.391144
79017.932040 3 0.266986 0.402453 1.741208 4.394085
79018.032040 3 0.266986 0.397047 1.741254 4.397033
79018.132040 3 0.266986 0.391701 1.741300 4.399988
79018.232040 3 0.266986 0.386426 1.741346 4.402944
79018.332040 3 0.266986 0.381210 1.741391 4.405906
79018.432040 3 0.266986 0.376052 1.741436 4.408876
79018.532040 3 0.266986 0.370952 1.741481 4.411852
79018.632040 3 0.266986 0.365909 1.741525 4.414835
79018.732040 3 0.266986 0.360924 1.741568 4.417825
79018.832040 3 0.266986 0.355995 1.741611 4.420821
79018.932040 3 0.266986 0.351123 1.741654 4.423824
79019.032040 3 0.266986 0.346308 1.741697 4.426834
79019.132040 3 0.266986 0.341548 1.741738 4.429849
79019.232040 3 0.266986 0.336844 1.741780 4.432871
79019.332040 3 0.266986 0.332194 1.741821 4.435900
79019.432040 3 0.266986 0.327600 1.741861 4.438934
79019.532040 3 0.266986 0.323060 1.741901 4.441975
79019.632040 3 0.266986 0.318573 1.741941 4.445021
79019.732040 3 0.266986 0.314141 1.741980 4.448073
79019.832040 3 0.266986 0.309762 1.742018 4.451131
79019.932040 3 0.266986 0.305435 1.742056 4.454195
79020.032040 3 0.266986 0.301161 1.742094 4.457265
79020.132040 3 0.266986 0.296939 1.742131 4.460339
79020.232040 3 0.266986 0.292769 1.742167 4.463420
79020.332040 3 0.266986 0.288650 1.742203 4.466505
79020.432040 3 0.266986 0.284582 1.742239 4.469596
79020.532040 3 0.266986 0.280565 1.742274 4.472692
79020.632040 3 0.266986 0.276598 1.742308 4.475793
79020.732040 3 0.266986 0.272680 1.742342 4.478899
79020.832040 3 0.266986 0.268812 1.742375 4.482010
79020.932040 3 0.266986 0.264993 1.742408 4.485125
79021.032040 3 0.266986 0.261222 1.742440 4.488245
79021.132040 3 0.266986 0.257500 1.742471 4.491370
79021.232040 3 0.266986 0.253825 1.742502 4.494499
79021.332040 3 0.266986 0.250198 1.742532 4.497632
79021.432040 3 0.266986 0.246618 1.742562 4.500769
79021.532040 3 0.266986 0.243084 1.742591 4.503910
79021.632040 3 0.266986 0.239596 1.742619 4.507055
79021.732040 3 0.266986 0.236154 1.742647 4.510204
79021.832040 3 0.266986 0.232758 1.742674 4.513357
79021.932040 3 0.266986 0.229406 1.742701 4.516513
79022.032040 3 0.266986 0.226099 1.742726 4.519673
79022.132040 3 0.266986 0.222836 1.742751 4.522835
79022.232040 3 0.266986 0.219617 1.742776 4.526001
79022.332040 3 0.266986 0.216441 1.742799 4.529170
79022.432040 3 0.266986 0.213308 1.742822 4.532342
79022.532040 3 0.266986 0.210218 1.742845 4.535517
79022.632040 3 0.266986 0.207169 1.742866 4.538694
79022.732040 3 0.266986 0.204162 1.742887 4.541874
79022.832040 3 0.266986 0.201197 1.742907 4.545057
79022.932040 3 0.266986 0.198272 1.742926 4.548241
79023.032040 3 0.266986 0.195388 1.742944 4.551428
79023.132040 3 0.266986 0.192544 1.742962 4.554616
79023.232040 3 0.266986 0.189740 1.742979 4.557806
79023.332040 3 0.266986 0.186974 1.742995 4.560998
79023.432040 3 0.266986 0.184248 1.743010 4.564192
79023.532040 3 0.266986 0.181560 1.743024 4.567387
79023.632040 3 0.266986 0.178910 1.743038 4.570583
79023.732040 3 0.266986 0.176298 1.743050 4.573780
79023.832040 3 0.266986 0.173722 1.743062 4.576978
79023.932040 3 0.266986 0.171184 1.743073 4.580177
79024.032040 3 0.266986 0.168682 1.743083 4.583377
79024.132040 3 0.266986 0.166216 1.743092 4.586577
79024.232040 3 0.266986 0.163786 1.743100 4.589777
79024.332040 3 0.266986 0.161391 1.743107 4.592978
79024.432040 3 0.266986 0.159031 1.743113 4.596178
79024.532040 3 0.266986 0.156705 1.743119 4.599379
79024.632040 3 0.266986 0.154413 1.743123 4.602579
79024.732040 3 0.266986 0.152155 1.743126 4.605778
79024.832040 3 0.266985 0.149931 1.743128 4.608977
79024.932040 3 0.266985 0.147739 1.743129 4.612176
79025.032040 3 0.266985 0.145580 1.743129 4.615373
79025.132040 3 0.266985 0.143452 1.743128 4.618569
79025.232040 3 0.266985 0.141357 1.743126 4.621764
79025.332040 3 0.266985 0.139293 1.743123 4.624957
79025.432040 3 0.266985 0.137260 1.743119 4.628149
79025.532040 3 0.266985 0.135257 1.743113 4.631339
79025.632040 3 0.266985 0.133285 1.743107 4.634527
79025.732040 3 0.266985 0.131343 1.743099 4.637713
79025.832040 3 0.266985 0.129430 1.743090 4.640896
79025.932040 3 0.266985 0.127546 1.743080 4.644077
79026.032040 3 0.266985 0.125691 1.743068 4.647256
79026.132040 3 0.266985 0.123864 1.743056 4.650431
79026.232040 3 0.266985 0.122066 1.743042 4.653604
79026.332040 3 0.266985 0.120295 1.743027 4.656773
79026.432040 3 0.266985 0.118552 1.743010 4.659939
79026.532040 3 0.266985 0.116835 1.742992 4.663102
79026.632040 3 0.266985 0.115145 1.742973 4.666260
79026.732040 3 0.266985 0.113482 1.742952 4.669415
79026.832040 3 0.266985 0.111844 1.742930 4.672566
79026.932040 3 0.266985 0.110232 1.742907 4.675713
79027.032040 3 0.266985 0.108646 1.742882 4.678855
79027.132040 3 0.266985 0.107084 1.742856 4.681992
79027.232040 3 0.266985 0.105547 1.742828 4.685125
79027.332040 3 0.266985 0.104034 1.742799 4.688253
79027.432040 3 0.266985 0.102545 1.742768 4.691375
79027.532040 3 0.266985 0.101080 1.742735 4.694492
79027.632040 3 0.266985 0.099638 1.742701 4.697604
79027.732040 3 0.266985 0.098219 1.742666 4.700710
79027.832040 3 0.266985 0.096822 1.742628 4.703810
79027.932040 3 0.266985 0.095448 1.742589 4.706904
79028.032040 3 0.266985 0.094096 1.742549 4.709991
79028.132040 3 0.266985 0.092766 1.742507 4.713073
79028.232040 3 0.266985 0.091457 1.742462 4.716147
79028.332040 3 0.266985 0.090169 1.742417 4.719215
79028.432040 3 0.266985 0.088903 1.742369 4.722276
79028.532040 3 0.266985 0.087656 1.742320 4.725329
79028.632040 3 0.266985 0.086430 1.742268 4.728376
79028.732040 3 0.266985 0.085224 1.742215 4.731414
79028.832040 3 0.266985 0.084037 1.742160 4.734445
79028.932040 3 0.266985 0.082870 1.742103 4.737468
79029.032040 3 0.266985 0.081721 1.742044 4.740483
79029.132040 3 0.266985 0.080592 1.741982 4.743490
79029.232040 3 0.266985 0.079481 1.741919 4.746488
79029.332040 3 0.266985 0.078389 1.741854 4.749478
79029.432040 3 0.266985 0.077314 1.741787 4.752458
79029.532040 3 0.266985 0.076257 1.741717 4.755430
79029.632040 3 0.266985 0.075218 1.741645 4.758392
79029.732040 3 0.266985 0.074195 1.741572 4.761345
79029.832040 3 0.266985 0.073190 1.741495 4.764289
79029.932040 3 0.266985 0.072201 1.741417 4.767222
79030.032040 3 0.266985 0.071229 1.741336 4.770146
79030.132040 3 0.266985 0.070273 1.741253 4.773060
79030.232040 3 0.266985 0.069333 1.741167 4.775963
79030.332040 3 0.266985 0.068408 1.741079 4.778856
79030.432040 3 0.266985 0.067499 1.740989 4.781738
79030.532040 3 0.266985 0.066606 1.740895 4.784609
79030.632040 3 0.266985 0.065727 1.740800 4.787469
79030.732040 3 0.266985 0.064863 1.740701 4.790318
79030.832040 3 0.266985 0.064013 1.740601 4.793155
79030.932040 3 0.266985 0.063178 1.740497 4.795981
79031.032040 3 0.266985 0.062357 1.740390 4.798795
79031.132040 3 0.266985 0.061550 1.740281 4.801598
79031.232040 3 0.266985 0.060756 1.740169 4.804388
79031.332040 3 0.266985 0.059976 1.740054 4.807165
79031.432040 3 0.266985 0.059209 1.739936 4.809931
79031.532040 3 0.266985 0.058455 1.739816 4.812684
79031.632040 3 0.266985 0.057714 1.739692 4.815423
79031.732040 3 0.266985 0.056985 1.739565 4.818150
79031.832040 3 0.266985 0.056269 1.739435 4.820864
79031.932040 3 0.266985 0.055565 1.739301 4.823565
79032.032040 3 0.266985 0.054873 1.739165 4.826252
79032.132040 3 0.266985 0.054193 1.739025 4.828925
79032.232040 3 0.266985 0.053525 1.738882 4.831585
79032.332040 3 0.266985 0.052867 1.738736 4.834230
79032.432040 3 0.266985 0.052222 1.738586 4.836862
79032.532040 3 0.266985 0.051587 1.738432 4.839479
79032.632040 3 0.266985 0.050963 1.738275 4.842082
79032.732040 3 0.266985 0.050350 1.738114 4.844670
79032.832040 3 0.266985 0.049747 1.737950 4.847243
79032.932040 3 0.266985 0.049155 1.737782 4.849801
79033.032040 3 0.266985 0.048573 1.737610 4.852345
79033.132040 3 0.266985 0.048001 1.737435 4.854873
79033.232040 3 0.266985 0.047439 1.737255 4.857385
79033.332040 3 0.266985 0.046887 1.737071 4.859882
79033.432040 3 0.266985 0.046344 1.736884 4.862364
79033.532040 3 0.266985 0.045811 1.736692 4.864830
79033.632040 3 0.266985 0.045287 1.736496 4.867279
79033.732040 3 0.266985 0.044772 1.736296 4.869713
79033.832040 3 0.266985 0.044266 1.736092 4.872130
79033.932040 3 0.266985 0.043768 1.735883 4.874531
79034.032040 3 0.266985 0.043280 1.735670 4.876915
79034.132040 3 0.266985 0.042800 1.735452 4.879283
79034.232040 3 0.266985 0.042328 1.735230 4.881634
79034.332040 3 0.266985 0.041865 1.735003 4.883968
79034.432040 3 0.266985 0.041409 1.734771 4.886285
79034.532040 3 0.266985 0.040962 1.734535 4.888585
79034.632040 3 0.266985 0.040522 1.734294 4.890867
79034.732040 3 0.266985 0.040090 1.734048 4.893132
79034.832040 3 0.266985 0.039666 1.733797 4.895380
79034.932040 3 0.266985 0.039249 1.733540 4.897609
79035.032040 3 0.266985 0.038840 1.733279 4.899821
79035.132040 3 0.266985 0.038438 1.733013 4.902015
79035.232040 3 0.266985 0.038042 1.732741 4.904192
79035.332040 3 0.266985 0.037654 1.732464 4.906349
79035.432040 3 0.266985 0.037273 1.732181 4.908489
79035.532040 3 0.266985 0.036898 1.731893 4.910611
79035.632040 3 0.266985 0.036530 1.731599 4.912714
79035.732040 3 0.266985 0.036169 1.731300 4.914798
79035.832040 3 0.266985 0.035814 1.730995 4.916864
79035.932040 3 0.266985 0.035465 1.730684 4.918911
79036.032040 3 0.266985 0.035123 1.730367 4.920939
79036.132040 3 0.266985 0.034786 1.730045 4.922948
79036.232040 3 0.266985 0.034456 1.729716 4.924939
79036.332040 3 0.266985 0.034131 1.729381 4.926910
79036.432040 3 0.266985 0.033812 1.729040 4.928862
79036.532040 3 0.266985 0.033499 1.728692 4.930795
79036.632040 3 0.266985 0.033192 1.728339 4.932708
79036.732040 3 0.266985 0.032890 1.727979 4.934602
79036.832040 3 0.266985 0.032594 1.727612 4.936477
79036.932040 3 0.266985 0.032303 1.727239 4.938332
79037.032040 3 0.266985 0.032017 1.726859 4.940168
79037.132040 3 0.266985 0.031736 1.726473 4.941983
79037.232040 3 0.266985 0.031460 1.726079 4.943779
79037.332040 3 0.266985 0.031190 1.725679 4.945556
79037.432040 3 0.266985 0.030924 1.725272 4.947312
79037.532040 3 0.266985 0.030663 1.724858 4.949049
79037.632040 3 0.266985 0.030407 1.724437 4.950765
79037.732040 3 0.266985 0.030155 1.724008 4.952462
79037.832040 3 0.266985 0.029908 1.723573 4.954139
79037.932040 3 0.266985 0.029666 1.723130 4.955795
79038.032040 3 0.266985 0.029428 1.722680 4.957432
79038.132040 3 0.266985 0.029194 1.722223 4.959048
79038.232040 3 0.266985 0.028965 1.721758 4.960644
79038.332040 3 0.266985 0.028740 1.721286 4.962220
79038.432040 3 0.266985 0.028519 1.720806 4.963776
79038.532040 3 0.266985 0.028302 1.720319 4.965311
79038.632040 3 0.266985 0.028089 1.719824 4.966827
79038.732040 3 0.266985 0.027880 1.719321 4.968322
79038.832040 3 0.266985 0.027675 1.718811 4.969796
79038.932040 3 0.266985 0.027474 1.718293 4.971251
79039.032040 3 0.266985 0.027277 1.717767 4.972685
79039.132040 3 0.266985 0.027083 1.717233 4.974099
79039.232040 3 0.266985 0.026893 1.716692 4.975493
79039.332040 3 0.266985 0.026707 1.716143 4.976866
79039.432040 3 0.266985 0.026524 1.715586 4.978219
79039.532040 3 0.266985 0.026344 1.715021 4.979552
79039.632040 3 0.266985 0.026168 1.714448 4.980865
79039.732040 3 0.266985 0.025996 1.713867 4.982158
79039.832040 3 0.266985 0.025826 1.713279 4.983430
79039.932040 3 0.266985 0.025660 1.712682 4.984683
79040.032040 3 0.266985 0.025497 1.712078 4.985915
79040.132040 3 0.266985 0.025337 1.711466 4.987127
79040.232040 3 0.266985 0.025181 1.710846 4.988319
79040.332040 3 0.266985 0.025027 1.710219 4.989492
79040.432040 3 0.266985 0.024876 1.709584 4.990644
79040.532040 3 0.266985 0.024729 1.708941 4.991777
79040.632040 3 0.266985 0.024584 1.708291 4.992890
79040.732040 3 0.266985 0.024442 1.707633 4.993983
79040.832040 3 0.266985 0.024303 1.706968 4.995057
79040.932040 3 0.266984 0.024166 1.706296 4.996111
79041.032040 3 0.266984 0.024032 1.705616 4.997145
79041.132040 3 0.266984 0.023901 1.704929 4.998161
79041.232040 3 0.266984 0.023773 1.704235 4.999156
79041.332040 3 0.266984 0.023647 1.703534 5.000133
79041.432040 3 0.266984 0.023524 1.702827 5.001091
79041.532040 3 0.266984 0.023403 1.702112 5.002030
79041.632040 3 0.266984 0.023285 1.701392 5.002949
79041.732040 3 0.266984 0.023056 1.699931 5.004733
79041.832040 3 0.266984 0.022836 1.698447 5.006443
79041.932040 3 0.266984 0.022625 1.696941 5.008079
79042.032040 3 0.266984 0.022423 1.695414 5.009644
79042.132040 3 0.266984 0.022230 1.693868 5.011138
79042.232040 3 0.266984 0.022045 1.692305 5.012563
79042.332040 3 0.266984 0.021868 1.690729 5.013919
79042.432040 3 0.266984 0.021699 1.689140 5.015209
79042.532040 3 0.266984 0.021537 1.687542 5.016434
79042.632040 3 0.266984 0.021382 1.685937 5.017596
79042.732040 3 0.266984 0.021235 1.684329 5.018696
79042.832040 3 0.266984 0.021095 1.682719 5.019735
79042.932040 3 0.266984 0.020961 1.681113 5.020716
79043.032040 3 0.266984 0.020833 1.679512 5.021640
79043.132040 3 0.266984 0.020712 1.677920 5.022510
79043.232040 3 0.266984 0.020597 1.676341 5.023327
79043.332040 3 0.266984 0.020487 1.674777 5.024093
79043.432040 3 0.266984 0.020285 1.671712 5.025480
79043.532040 3 0.266984 0.020104 1.668752 5.026688
79043.632040 3 0.266984 0.019943 1.665925 5.027732
79043.732040 3 0.266984 0.019799 1.663255 5.028628
79043.832040 3 0.266984 0.019673 1.660765 5.029391
