t Ka M R logL logTeff
63.515050 1 1.000084 0.926636 0.120719 3.807866
127.030146 1 1.000084 0.928320 0.123687 3.808213
190.545290 1 1.000083 0.930010 0.126692 3.808570
254.060482 1 1.000083 0.931708 0.129734 3.808934
317.575723 1 1.000083 0.933417 0.132813 3.809306
381.091012 1 1.000083 0.935138 0.135929 3.809685
444.606350 1 1.000082 0.936873 0.139082 3.810071
508.121739 1 1.000082 0.938623 0.142272 3.810463
571.637178 1 1.000082 0.940392 0.145499 3.810861
635.152667 1 1.000082 0.942181 0.148763 3.811264
698.668209 1 1.000082 0.943991 0.152064 3.811673
762.183802 1 1.000081 0.945824 0.155402 3.812086
825.699448 1 1.000081 0.947684 0.158777 3.812503
889.215147 1 1.000081 0.949570 0.162190 3.812924
952.730900 1 1.000081 0.951487 0.165639 3.813349
1016.246708 1 1.000080 0.953435 0.169125 3.813776
1079.762570 1 1.000080 0.955416 0.172649 3.814206
1143.278488 1 1.000080 0.957433 0.176209 3.814639
1206.794463 1 1.000080 0.959488 0.179806 3.815072
1270.310495 1 1.000079 0.961582 0.183441 3.815508
1333.826584 1 1.000079 0.963719 0.187112 3.815944
1397.342732 1 1.000079 0.965899 0.190821 3.816380
1460.858939 1 1.000078 0.968126 0.194567 3.816816
1524.375206 1 1.000078 0.970401 0.198349 3.817252
1587.891533 1 1.000078 0.972726 0.202169 3.817688
1651.407922 1 1.000078 0.975104 0.206026 3.818122
1714.924374 1 1.000077 0.977537 0.209920 3.818554
1778.440888 1 1.000077 0.980028 0.213850 3.818984
1841.957466 1 1.000077 0.982578 0.217818 3.819412
1905.474109 1 1.000076 0.985190 0.221824 3.819836
1968.990817 1 1.000076 0.987866 0.225866 3.820258
2032.507592 1 1.000076 0.990609 0.229945 3.820676
2096.024435 1 1.000076 0.993422 0.234062 3.821089
2159.541345 1 1.000075 0.996306 0.238215 3.821498
2223.058325 1 1.000075 0.999265 0.242406 3.821902
2286.575376 1 1.000075 1.002300 0.246635 3.822300
2350.092498 1 1.000074 1.005415 0.250900 3.822693
2413.609692 1 1.000074 1.008613 0.255204 3.823079
2477.126959 1 1.000074 1.011896 0.259545 3.823459
2540.644301 1 1.000073 1.015266 0.263923 3.823831
2604.161719 1 1.000073 1.018727 0.268340 3.824196
2667.679214 1 1.000073 1.022283 0.272794 3.824554
2731.196787 1 1.000072 1.025935 0.277287 3.824902
2794.714439 1 1.000072 1.029688 0.281818 3.825242
2858.232171 1 1.000071 1.033544 0.286389 3.825573
2921.749986 1 1.000071 1.037507 0.290998 3.825895
2985.267883 1 1.000071 1.041581 0.295647 3.826206
3048.785865 1 1.000070 1.045768 0.300336 3.826507
3112.303933 1 1.000070 1.050074 0.305066 3.826797
3175.822088 1 1.000069 1.054502 0.309838 3.827076
3239.340332 1 1.000069 1.059056 0.314651 3.827344
3302.858666 1 1.000069 1.063741 0.319508 3.827600
3366.377092 1 1.000068 1.068561 0.324408 3.827843
3429.895612 1 1.000068 1.073521 0.329353 3.828074
3493.414227 1 1.000067 1.078627 0.334345 3.828291
3556.932939 1 1.000067 1.083884 0.339385 3.828495
3620.451750 1 1.000066 1.089298 0.344475 3.828686
3683.970661 1 1.000066 1.094874 0.349616 3.828862
3747.489674 1 1.000066 1.100620 0.354810 3.829024
3811.008792 1 1.000065 1.106543 0.360061 3.829172
3874.528016 1 1.000065 1.112650 0.365371 3.829304
3938.047349 1 1.000064 1.118949 0.370742 3.829421
4001.566792 1 1.000064 1.125450 0.376179 3.829522
4065.086348 1 1.000063 1.132162 0.381686 3.829608
4128.606020 1 1.000062 1.139094 0.387266 3.829677
4192.125808 1 1.000062 1.146259 0.392924 3.829730
4255.645717 1 1.000061 1.153667 0.398666 3.829767
4319.165748 1 1.000061 1.161333 0.404498 3.829787
4382.685904 1 1.000060 1.169270 0.410426 3.829790
4446.206189 1 1.000060 1.177494 0.416459 3.829776
4509.726604 1 1.000059 1.186021 0.422603 3.829745
4573.247153 1 1.000058 1.194871 0.428868 3.829697
4636.767840 1 1.000058 1.204062 0.435263 3.829632
4700.288667 1 1.000057 1.213618 0.441801 3.829550
4763.809637 1 1.000056 1.223562 0.448493 3.829451
4827.330756 1 1.000056 1.233922 0.455351 3.829335
4890.852026 1 1.000055 1.244726 0.462391 3.829202
4954.373451 1 1.000054 1.256008 0.469629 3.829052
5017.895036 1 1.000054 1.267804 0.477082 3.828885
5081.416785 1 1.000053 1.280155 0.484769 3.828701
5113.177745 1 1.000052 1.286554 0.488706 3.828603
5144.938747 1 1.000052 1.293110 0.492710 3.828500
5176.699794 1 1.000052 1.299829 0.496784 3.828393
5208.460886 1 1.000051 1.306721 0.500930 3.828282
5240.222024 1 1.000051 1.313792 0.505151 3.828165
5271.983208 1 1.000050 1.321053 0.509452 3.828043
5303.744439 1 1.000050 1.328513 0.513835 3.827916
5335.505718 1 1.000049 1.336182 0.518303 3.827784
5367.267046 1 1.000049 1.344075 0.522862 3.827644
5399.028423 1 1.000049 1.352224 0.527843 3.827577
5414.909137 1 1.000048 1.358077 0.536291 3.828751
5430.789864 1 1.000048 1.370214 0.552444 3.830858
5438.730234 1 1.000048 1.380201 0.563410 3.832022
5446.670607 1 1.000048 1.393689 0.576303 3.833133
5462.551362 1 1.000048 1.402242 0.582546 3.833366
5494.312901 1 1.000047 1.411990 0.588034 3.833233
5526.074502 1 1.000046 1.422075 0.593635 3.833088
5557.836166 1 1.000046 1.432527 0.599356 3.832928
5589.597895 1 1.000045 1.443380 0.605200 3.832750
5621.359690 1 1.000045 1.454675 0.611173 3.832551
5653.121553 1 1.000044 1.466459 0.617281 3.832326
5684.883485 1 1.000043 1.478789 0.623529 3.832070
5716.645488 1 1.000043 1.491735 0.629923 3.831775
5748.407564 1 1.000042 1.505379 0.636469 3.831435
5780.169714 1 1.000041 1.519820 0.643173 3.831038
5796.050828 1 1.000041 1.527377 0.646586 3.830814
5811.931961 1 1.000041 1.535180 0.650042 3.830571
5827.813114 1 1.000040 1.543250 0.653540 3.830307
5843.694288 1 1.000040 1.551608 0.657083 3.830020
5859.575481 1 1.000039 1.560277 0.660670 3.829707
5875.456696 1 1.000039 1.569284 0.664302 3.829365
5891.337932 1 1.000039 1.578658 0.667982 3.828992
5907.219189 1 1.000038 1.588432 0.671708 3.828583
5923.100468 1 1.000038 1.598640 0.675484 3.828136
5938.981770 1 1.000037 1.609325 0.679308 3.827646
5954.863093 1 1.000037 1.620529 0.683184 3.827108
5970.744440 1 1.000037 1.632302 0.687110 3.826518
5986.625809 1 1.000036 1.644701 0.691089 3.825869
6002.507203 1 1.000036 1.657786 0.695122 3.825157
6018.388620 1 1.000035 1.671627 0.699210 3.824373
6034.270062 1 1.000035 1.686302 0.703353 3.823511
6050.151529 1 1.000034 1.701896 0.707553 3.822562
6066.033021 1 1.000034 1.718508 0.711811 3.821518
6073.973780 1 1.000034 1.727229 0.713962 3.820956
6081.914546 1 1.000033 1.736246 0.716128 3.820367
6089.855318 1 1.000033 1.745576 0.718310 3.819749
6097.796097 1 1.000033 1.755234 0.720506 3.819100
6105.736883 1 1.000033 1.765240 0.722718 3.818418
6113.677676 1 1.000032 1.775611 0.724945 3.817703
6121.618476 1 1.000032 1.786369 0.727189 3.816952
6129.559282 1 1.000032 1.797534 0.729448 3.816164
6137.500096 1 1.000032 1.809129 0.731723 3.815336
6145.440918 1 1.000031 1.821180 0.734014 3.814468
6153.381746 1 1.000031 1.833711 0.736321 3.813556
6161.322582 1 1.000031 1.846750 0.738645 3.812598
6169.263425 1 1.000031 1.860328 0.740986 3.811592
6177.204276 1 1.000030 1.874475 0.743344 3.810537
6185.145135 1 1.000030 1.889226 0.745718 3.809428
6193.086001 1 1.000030 1.904615 0.748110 3.808264
6201.026875 1 1.000029 1.920683 0.750519 3.807042
6208.967757 1 1.000029 1.937470 0.752945 3.805759
6216.908647 1 1.000029 1.955020 0.755390 3.804412
6224.849546 1 1.000029 1.973382 0.757852 3.802998
6232.790452 1 1.000028 1.992605 0.760332 3.801513
6236.760910 1 1.000028 2.002556 0.761579 3.800743
6240.731370 1 1.000028 2.012744 0.762830 3.799954
6244.701831 1 1.000028 2.023176 0.764086 3.799145
6248.672295 1 1.000028 2.033859 0.765347 3.798317
6252.642762 1 1.000027 2.044802 0.766612 3.797468
6256.613230 1 1.000027 2.056013 0.767882 3.796598
6260.583701 1 1.000027 2.067500 0.769157 3.795707
6264.554174 1 1.000027 2.079273 0.770436 3.794794
6268.524649 1 1.000027 2.091341 0.771720 3.793858
6272.495126 1 1.000027 2.103713 0.773009 3.792899
6276.465606 1 1.000026 2.116400 0.774302 3.791917
6280.436088 1 1.000026 2.129413 0.775601 3.790911
6284.406572 1 1.000026 2.142762 0.776904 3.789880
6288.377059 1 1.000026 2.156458 0.778212 3.788823
6292.347548 1 1.000026 2.170514 0.779525 3.787740
6296.069884 1 1.000026 2.184028 0.780760 3.786701
6299.559576 1 1.000025 2.197004 0.781922 3.785706
6302.831164 1 1.000025 2.209446 0.783015 3.784753
6305.898279 1 1.000025 2.221361 0.784043 3.783842
6308.773701 1 1.000025 2.232757 0.785009 3.782972
6314.165119 1 1.000025 2.254735 0.786827 3.781300
6318.882614 1 1.000025 2.274643 0.788426 3.779790
6323.010426 1 1.000024 2.292603 0.789831 3.778434
6326.622263 1 1.000024 2.308748 0.791064 3.777218
6329.782623 1 1.000024 2.323215 0.792147 3.776133
6332.547939 1 1.000024 2.336141 0.793098 3.775165
6337.387245 1 1.000024 2.359383 0.794766 3.773433
6341.016727 1 1.000023 2.377351 0.796023 3.772100
6343.738840 1 1.000023 2.391140 0.796969 3.771080
6347.822012 1 1.000023 2.412342 0.798391 3.769519
6351.905187 2 1.000023 2.434188 0.799819 3.767918
6352.885637 2 1.000020 2.438640 0.799949 3.767554
6354.485776 2 1.000015 2.445922 0.800160 3.766959
6356.085942 2 1.000010 2.453225 0.800372 3.766365
6357.686135 2 1.000005 2.460551 0.800583 3.765770
6359.286356 2 1.000000 2.467899 0.800795 3.765176
6360.886604 2 0.999995 2.475268 0.801006 3.764581
6362.486880 2 0.999990 2.482659 0.801218 3.763986
6364.087184 2 0.999985 2.490073 0.801430 3.763392
6365.687516 2 0.999980 2.497508 0.801641 3.762797
6367.287875 2 0.999975 2.504966 0.801853 3.762203
6368.888263 2 0.999970 2.512446 0.802064 3.761608
6370.488679 2 0.999965 2.519949 0.802276 3.761014
6372.089123 2 0.999960 2.527473 0.802488 3.760419
6373.689595 2 0.999955 2.535021 0.802699 3.759825
6375.290096 2 0.999949 2.542590 0.802911 3.759230
6376.890626 2 0.999944 2.550183 0.803123 3.758636
6378.491184 2 0.999939 2.557798 0.803334 3.758041
6380.091771 2 0.999934 2.565436 0.803546 3.757447
6381.692387 2 0.999929 2.573096 0.803758 3.756852
6383.293031 2 0.999923 2.580780 0.803970 3.756258
6384.893705 2 0.999918 2.588486 0.804182 3.755663
6386.494408 2 0.999913 2.596215 0.804393 3.755069
6388.095140 2 0.999908 2.603968 0.804605 3.754474
6389.695902 2 0.999902 2.611743 0.804817 3.753880
6391.296693 2 0.999897 2.619542 0.805029 3.753285
6392.897513 2 0.999892 2.627364 0.805241 3.752691
6394.498364 2 0.999886 2.635210 0.805453 3.752096
6396.099244 2 0.999881 2.643078 0.805665 3.751502
6397.700154 2 0.999875 2.650971 0.805877 3.750907
6399.301094 2 0.999870 2.658887 0.806089 3.750313
6400.902064 2 0.999864 2.666826 0.806301 3.749718
6402.503064 2 0.999859 2.674789 0.806513 3.749124
6404.104095 2 0.999854 2.682776 0.806725 3.748530
6405.705156 2 0.999848 2.690787 0.806937 3.747935
6407.306247 2 0.999842 2.698822 0.807149 3.747341
6408.907369 2 0.999837 2.706881 0.807362 3.746746
6410.508522 2 0.999831 2.714963 0.807574 3.746152
6412.109706 2 0.999826 2.723070 0.807786 3.745558
6413.710921 2 0.999820 2.731201 0.807998 3.744963
6415.312167 2 0.999815 2.739357 0.808210 3.744369
6416.913444 2 0.999809 2.747537 0.808423 3.743774
6418.514752 2 0.999803 2.755741 0.808635 3.743180
6420.116091 2 0.999798 2.763969 0.808847 3.742586
6421.717463 2 0.999792 2.772223 0.809060 3.741991
6423.318865 2 0.999786 2.780500 0.809272 3.741397
6424.920300 2 0.999780 2.788803 0.809484 3.740803
6426.521766 2 0.999775 2.797130 0.809697 3.740208
6428.123265 2 0.999769 2.805482 0.809909 3.739614
6429.724795 2 0.999763 2.813860 0.810122 3.739020
6431.326358 2 0.999757 2.822262 0.810334 3.738425
6432.927953 2 0.999751 2.830689 0.810547 3.737831
6434.529580 2 0.999746 2.839141 0.810759 3.737237
6436.131240 2 0.999740 2.847619 0.810972 3.736643
6437.732932 2 0.999734 2.856122 0.811184 3.736048
6439.334658 2 0.999728 2.864650 0.811397 3.735454
6440.936416 2 0.999722 2.873204 0.811609 3.734860
6442.538207 2 0.999716 2.881783 0.811822 3.734265
6444.140031 2 0.999710 2.890388 0.812035 3.733671
6445.741889 2 0.999704 2.899019 0.812247 3.733077
6447.343779 2 0.999698 2.907675 0.812460 3.732483
6448.945704 2 0.999692 2.916357 0.812673 3.731888
6450.547662 2 0.999686 2.925065 0.812886 3.731294
6452.149653 2 0.999680 2.933799 0.813099 3.730700
6453.751678 2 0.999674 2.942560 0.813311 3.730106
6455.353738 2 0.999667 2.951346 0.813524 3.729512
6456.955831 2 0.999661 2.960159 0.813737 3.728917
6458.557959 2 0.999655 2.968997 0.813950 3.728323
6460.160120 2 0.999649 2.977863 0.814163 3.727729
6461.762317 2 0.999643 2.986754 0.814376 3.727135
6463.364547 2 0.999636 2.995673 0.814589 3.726541
6464.966813 2 0.999630 3.004618 0.814802 3.725947
6466.569113 2 0.999624 3.013589 0.815015 3.725352
6468.171448 2 0.999618 3.022588 0.815228 3.724758
6469.773818 2 0.999611 3.031613 0.815442 3.724164
6471.376224 2 0.999605 3.040665 0.815655 3.723570
6472.978664 2 0.999598 3.049744 0.815868 3.722976
6474.581140 2 0.999592 3.058851 0.816081 3.722382
6476.183652 2 0.999586 3.067984 0.816294 3.721788
6477.786199 2 0.999579 3.077145 0.816508 3.721194
6479.388782 2 0.999573 3.086333 0.816721 3.720599
6480.991401 2 0.999566 3.095549 0.816934 3.720005
6482.594055 2 0.999560 3.104792 0.817148 3.719411
6484.196747 2 0.999553 3.114062 0.817361 3.718817
6485.799474 2 0.999547 3.123361 0.817575 3.718223
6487.402238 2 0.999540 3.132687 0.817788 3.717629
6489.005038 2 0.999533 3.142041 0.818002 3.717035
6490.607875 2 0.999527 3.151423 0.818215 3.716441
6492.210749 2 0.999520 3.160833 0.818429 3.715847
6493.813659 2 0.999514 3.170271 0.818642 3.715253
6495.416607 2 0.999507 3.179737 0.818856 3.714659
6497.019592 2 0.999500 3.189231 0.819070 3.714065
6498.622615 2 0.999493 3.198754 0.819283 3.713471
6500.225674 2 0.999487 3.208305 0.819497 3.712877
6501.828772 2 0.999480 3.217885 0.819711 3.712283
6503.431907 2 0.999473 3.227493 0.819925 3.711689
6505.035080 2 0.999466 3.237130 0.820138 3.711095
6506.638291 2 0.999459 3.246796 0.820352 3.710501
6508.241540 2 0.999452 3.256491 0.820566 3.709907
6509.844827 2 0.999445 3.266215 0.820780 3.709313
6511.448153 2 0.999439 3.275967 0.820994 3.708719
6512.069081 3 0.999436 3.279764 0.821080 3.708489
6513.074265 3 0.999431 3.286195 0.822566 3.708435
6516.593147 3 0.999416 3.308959 0.827804 3.708246
6520.076840 3 0.999401 3.331887 0.833042 3.708056
6523.525697 3 0.999385 3.354980 0.838280 3.707866
6526.940064 3 0.999369 3.378239 0.843517 3.707675
6530.320289 3 0.999353 3.401666 0.848755 3.707484
6533.666711 3 0.999337 3.425261 0.853993 3.707292
6536.979668 3 0.999321 3.449027 0.859231 3.707100
6540.259496 3 0.999305 3.472964 0.864468 3.706908
6543.506526 3 0.999288 3.497074 0.869706 3.706715
6546.721086 3 0.999271 3.521359 0.874944 3.706521
6549.903500 3 0.999255 3.545818 0.880182 3.706328
6553.054090 3 0.999238 3.570455 0.885420 3.706134
6556.173174 3 0.999220 3.595269 0.890657 3.705939
6559.261067 3 0.999203 3.620263 0.895895 3.705744
6562.318081 3 0.999186 3.645438 0.901133 3.705549
6565.344525 3 0.999168 3.670795 0.906371 3.705353
6568.340704 3 0.999150 3.696335 0.911608 3.705157
6571.306922 3 0.999132 3.722061 0.916846 3.704960
6574.243478 3 0.999114 3.747973 0.922084 3.704763
6577.150668 3 0.999096 3.774073 0.927322 3.704566
6580.028786 3 0.999078 3.800363 0.932559 3.704368
6582.878123 3 0.999059 3.826843 0.937797 3.704170
6585.698967 3 0.999040 3.853516 0.943035 3.703971
6588.491602 3 0.999022 3.880382 0.948273 3.703772
6591.256311 3 0.999003 3.907444 0.953511 3.703572
6593.993372 3 0.998983 3.934702 0.958748 3.703372
6596.703063 3 0.998964 3.962159 0.963986 3.703171
6599.385658 3 0.998944 3.989815 0.969224 3.702970
6602.041426 3 0.998925 4.017673 0.974462 3.702769
6604.670637 3 0.998905 4.045733 0.979699 3.702567
6607.273555 3 0.998884 4.073999 0.984937 3.702364
6609.850444 3 0.998864 4.102470 0.990175 3.702162
6612.401565 3 0.998844 4.131149 0.995413 3.701958
6614.927174 3 0.998823 4.160037 1.000650 3.701755
6617.427527 3 0.998802 4.189136 1.005888 3.701550
6619.902876 3 0.998781 4.218448 1.011126 3.701346
6622.353473 3 0.998760 4.247973 1.016364 3.701141
6624.779563 3 0.998738 4.277715 1.021601 3.700935
6627.181392 3 0.998717 4.307674 1.026839 3.700729
6629.559203 3 0.998695 4.337852 1.032077 3.700522
6631.913236 3 0.998673 4.368252 1.037315 3.700315
6634.243728 3 0.998651 4.398874 1.042553 3.700108
6636.550916 3 0.998628 4.429720 1.047790 3.699900
6638.835031 3 0.998606 4.460793 1.053028 3.699692
6641.096306 3 0.998583 4.492093 1.058266 3.699483
6643.334968 3 0.998560 4.523623 1.063504 3.699273
6645.551243 3 0.998537 4.555384 1.068741 3.699063
6647.745355 3 0.998513 4.587379 1.073979 3.698853
6649.917526 3 0.998490 4.619609 1.079217 3.698642
6652.067976 3 0.998466 4.652076 1.084455 3.698431
6654.196921 3 0.998442 4.684782 1.089692 3.698219
6656.304577 3 0.998417 4.717728 1.094930 3.698007
6658.391156 3 0.998393 4.750917 1.100168 3.697794
6660.456869 3 0.998368 4.784350 1.105406 3.697581
6662.501925 3 0.998343 4.818030 1.110644 3.697367
6664.526531 3 0.998318 4.851958 1.115881 3.697152
6666.530890 3 0.998292 4.886137 1.121119 3.696938
6668.515206 3 0.998267 4.920567 1.126357 3.696722
6670.479679 3 0.998241 4.955252 1.131595 3.696506
6672.424507 3 0.998215 4.990194 1.136832 3.696290
6674.349887 3 0.998188 5.025393 1.142070 3.696073
6676.256013 3 0.998162 5.060853 1.147308 3.695856
6678.143077 3 0.998135 5.096575 1.152546 3.695638
6680.011272 3 0.998108 5.132561 1.157783 3.695419
6681.860784 3 0.998080 5.168814 1.163021 3.695200
6683.691801 3 0.998053 5.205336 1.168259 3.694981
6685.504507 3 0.998025 5.242129 1.173497 3.694761
6687.299087 3 0.997997 5.279194 1.178734 3.694540
6689.075721 3 0.997968 5.316534 1.183972 3.694319
6690.834589 3 0.997940 5.354152 1.189210 3.694098
6692.575868 3 0.997911 5.392049 1.194448 3.693876
6694.299734 3 0.997882 5.430228 1.199686 3.693653
6696.006361 3 0.997852 5.468691 1.204923 3.693430
6697.695923 3 0.997823 5.507440 1.210161 3.693206
6699.368588 3 0.997793 5.546477 1.215399 3.692982
6701.024527 3 0.997762 5.585805 1.220637 3.692757
6702.663907 3 0.997732 5.625427 1.225874 3.692531
6704.286893 3 0.997701 5.665343 1.231112 3.692305
6705.893648 3 0.997670 5.705558 1.236350 3.692079
6707.484337 3 0.997639 5.746072 1.241588 3.691852
6709.059118 3 0.997607 5.786889 1.246825 3.691624
6710.618152 3 0.997575 5.828011 1.252063 3.691396
6712.161595 3 0.997543 5.869441 1.257301 3.691167
6713.689604 3 0.997510 5.911180 1.262539 3.690938
6715.202333 3 0.997478 5.953232 1.267776 3.690708
6716.699934 3 0.997444 5.995598 1.273014 3.690478
6718.182560 3 0.997411 6.038282 1.278252 3.690247
6719.650359 3 0.997377 6.081286 1.283490 3.690015
6721.103480 3 0.997343 6.124613 1.288728 3.689783
6722.542070 3 0.997309 6.168264 1.293965 3.689550
6723.966275 3 0.997274 6.212243 1.299203 3.689317
6725.376237 3 0.997239 6.256553 1.304441 3.689083
6726.772099 3 0.997204 6.301195 1.309679 3.688849
6728.154003 3 0.997168 6.346173 1.314916 3.688614
6729.522088 3 0.997132 6.391490 1.320154 3.688378
6730.876492 3 0.997096 6.437148 1.325392 3.688142
6732.217352 3 0.997059 6.483150 1.330630 3.687905
6733.544803 3 0.997022 6.529498 1.335867 3.687668
6734.858980 3 0.996985 6.576196 1.341105 3.687429
6736.160015 3 0.996947 6.623246 1.346343 3.687191
6737.448039 3 0.996909 6.670652 1.351581 3.686952
6738.723184 3 0.996871 6.718415 1.356819 3.686712
6739.985577 3 0.996832 6.766539 1.362056 3.686471
6741.235346 3 0.996793 6.815028 1.367294 3.686230
6742.472617 3 0.996754 6.863883 1.372532 3.685989
6743.697516 3 0.996714 6.913108 1.377770 3.685746
6744.910166 3 0.996674 6.962706 1.383007 3.685503
6746.110689 3 0.996634 7.012680 1.388245 3.685260
6747.299207 3 0.996593 7.063032 1.393483 3.685016
6748.475840 3 0.996551 7.113767 1.398721 3.684771
6749.640706 3 0.996510 7.164887 1.403958 3.684525
6750.793924 3 0.996468 7.216395 1.409196 3.684279
6751.935609 3 0.996425 7.268295 1.414434 3.684033
6753.065878 3 0.996382 7.320589 1.419672 3.683785
6754.184844 3 0.996339 7.373282 1.424909 3.683538
6755.292621 3 0.996296 7.426375 1.430147 3.683289
6756.389319 3 0.996252 7.479873 1.435385 3.683040
6757.475051 3 0.996207 7.533779 1.440623 3.682790
6758.549925 3 0.996162 7.588096 1.445861 3.682539
6759.614051 3 0.996117 7.642827 1.451098 3.682288
6760.667535 3 0.996071 7.697976 1.456336 3.682036
6761.710485 3 0.996025 7.753547 1.461574 3.681784
6762.743004 3 0.995979 7.809542 1.466812 3.681531
6763.765199 3 0.995932 7.865966 1.472049 3.681277
6764.777172 3 0.995884 7.922822 1.477287 3.681022
6765.779025 3 0.995837 7.980113 1.482525 3.680767
6766.770860 3 0.995788 8.037843 1.487763 3.680511
6767.752776 3 0.995740 8.096016 1.493000 3.680255
6768.724873 3 0.995690 8.154635 1.498238 3.679998
6769.687249 3 0.995641 8.213704 1.503476 3.679740
6770.640002 3 0.995591 8.273227 1.508714 3.679482
6771.583226 3 0.995540 8.333207 1.513952 3.679222
6772.517019 3 0.995489 8.393649 1.519189 3.678962
6773.441474 3 0.995437 8.454556 1.524427 3.678702
6774.356684 3 0.995385 8.515931 1.529665 3.678441
6775.262742 3 0.995333 8.577780 1.534903 3.678179
6776.159739 3 0.995280 8.640105 1.540140 3.677916
6777.047767 3 0.995226 8.702911 1.545378 3.677653
6777.926914 3 0.995173 8.766202 1.550616 3.677389
6778.797269 3 0.995118 8.829982 1.555854 3.677124
6779.658922 3 0.995063 8.894255 1.561091 3.676859
6780.511957 3 0.995008 8.959025 1.566329 3.676592
6781.356462 3 0.994952 9.024296 1.571567 3.676326
6782.192523 3 0.994895 9.090072 1.576805 3.676058
6783.020222 3 0.994838 9.156358 1.582042 3.675790
6783.839645 3 0.994780 9.223158 1.587280 3.675521
6784.650873 3 0.994722 9.290476 1.592518 3.675251
6785.453989 3 0.994663 9.358316 1.597756 3.674981
6786.249074 3 0.994604 9.426684 1.602994 3.674709
6787.036208 3 0.994544 9.495582 1.608231 3.674438
6787.815471 3 0.994484 9.565017 1.613469 3.674165
6788.586941 3 0.994423 9.634992 1.618707 3.673892
6789.350697 3 0.994362 9.705512 1.623945 3.673617
6790.106815 3 0.994299 9.776581 1.629182 3.673343
6790.855371 3 0.994237 9.848204 1.634420 3.673067
6791.596442 3 0.994173 9.920386 1.639658 3.672791
6792.330103 3 0.994110 9.993132 1.644896 3.672514
6793.056427 3 0.994045 10.066446 1.650133 3.672236
6793.775487 3 0.993980 10.140333 1.655371 3.671957
6794.487357 3 0.993914 10.214798 1.660609 3.671678
6795.192108 3 0.993848 10.289845 1.665847 3.671398
6795.889812 3 0.993781 10.365481 1.671085 3.671117
6796.580539 3 0.993714 10.441709 1.676322 3.670835
6797.264358 3 0.993645 10.518535 1.681560 3.670553
6797.941340 3 0.993577 10.595964 1.686798 3.670270
6798.611551 3 0.993507 10.674000 1.692036 3.669986
6799.275060 3 0.993437 10.752650 1.697273 3.669701
6799.931935 3 0.993366 10.831919 1.702511 3.669416
6800.582240 3 0.993295 10.911811 1.707749 3.669129
6801.226042 3 0.993222 10.992332 1.712987 3.668842
6801.863407 3 0.993150 11.073487 1.718224 3.668554
6802.494398 3 0.993076 11.155282 1.723462 3.668266
6803.119078 3 0.993002 11.237722 1.728700 3.667976
6803.737513 3 0.992927 11.320813 1.733938 3.667686
6804.349762 3 0.992851 11.404561 1.739175 3.667395
6804.955889 3 0.992775 11.488970 1.744413 3.667103
6805.555955 3 0.992698 11.574047 1.749651 3.666811
6806.150021 3 0.992620 11.659798 1.754889 3.666517
6806.738145 3 0.992541 11.746227 1.760127 3.666223
6807.320389 3 0.992462 11.833342 1.765364 3.665928
6807.896810 3 0.992382 11.921147 1.770602 3.665632
6808.467466 3 0.992301 12.009650 1.775840 3.665335
6809.032417 3 0.992219 12.098855 1.781078 3.665038
6809.591717 3 0.992137 12.188769 1.786315 3.664739
6810.145425 3 0.992054 12.279398 1.791553 3.664440
6810.693595 3 0.991970 12.370748 1.796791 3.664140
6811.236284 3 0.991885 12.462826 1.802029 3.663839
6811.773546 3 0.991799 12.555637 1.807266 3.663538
6812.305436 3 0.991713 12.649189 1.812504 3.663235
6812.832006 3 0.991626 12.743487 1.817742 3.662932
6813.353311 3 0.991538 12.838538 1.822980 3.662628
6813.869403 3 0.991449 12.934349 1.828218 3.662323
6814.380333 3 0.991359 13.030925 1.833455 3.662017
6814.886155 3 0.991268 13.128275 1.838693 3.661710
6815.386918 3 0.991177 13.226404 1.843931 3.661402
6815.882674 3 0.991085 13.325319 1.849169 3.661094
6816.373472 3 0.990991 13.425028 1.854406 3.660785
6816.859362 3 0.990897 13.525536 1.859644 3.660474
6817.340393 3 0.990802 13.626852 1.864882 3.660163
6817.816614 3 0.990706 13.728982 1.870120 3.659851
6818.288073 3 0.990609 13.831933 1.875357 3.659538
6818.754817 3 0.990511 13.935712 1.880595 3.659225
6819.216894 3 0.990413 14.040327 1.885833 3.658910
6819.674350 3 0.990313 14.145785 1.891071 3.658595
6820.127231 3 0.990212 14.252093 1.896308 3.658278
6820.575583 3 0.990111 14.359260 1.901546 3.657961
6821.019452 3 0.990008 14.467291 1.906784 3.657643
6821.458883 3 0.989904 14.576196 1.912022 3.657324
6821.893919 3 0.989800 14.685981 1.917260 3.657004
6822.324604 3 0.989694 14.796655 1.922497 3.656683
6822.750983 3 0.989588 14.908225 1.927735 3.656361
6823.173098 3 0.989480 15.020699 1.932973 3.656039
6823.590992 3 0.989371 15.134085 1.938211 3.655715
6824.004707 3 0.989261 15.248392 1.943448 3.655391
6824.414285 3 0.989150 15.363627 1.948686 3.655065
6824.819767 3 0.989039 15.479798 1.953924 3.654739
6825.221194 3 0.988926 15.596915 1.959162 3.654412
6825.618607 3 0.988811 15.714984 1.964399 3.654083
6826.012046 3 0.988696 15.834016 1.969637 3.653754
6826.401550 3 0.988580 15.954017 1.974875 3.653424
6826.787159 3 0.988462 16.074998 1.980113 3.653093
6827.168912 3 0.988344 16.196966 1.985351 3.652761
6827.546848 3 0.988224 16.319930 1.990588 3.652428
6827.921005 3 0.988103 16.443900 1.995826 3.652095
6828.291419 3 0.987981 16.568883 2.001064 3.651760
6828.658130 3 0.987858 16.694891 2.006302 3.651424
6829.021173 3 0.987733 16.821930 2.011539 3.651087
6829.380587 3 0.987607 16.950011 2.016777 3.650750
6829.736406 3 0.987481 17.079143 2.022015 3.650411
6830.088666 3 0.987352 17.209336 2.027253 3.650072
6830.437405 3 0.987223 17.340598 2.032490 3.649731
6830.782655 3 0.987092 17.472940 2.037728 3.649390
6831.124454 3 0.986960 17.606370 2.042966 3.649047
6831.462834 3 0.986827 17.740900 2.048204 3.648704
6831.797830 3 0.986692 17.876539 2.053441 3.648359
6832.129477 3 0.986556 18.013296 2.058679 3.648014
6832.457807 3 0.986419 18.151182 2.063917 3.647667
6832.782854 3 0.986281 18.290208 2.069155 3.647320
6833.104650 3 0.986141 18.430382 2.074393 3.646972
6833.423228 3 0.985999 18.571716 2.079630 3.646622
6833.738621 3 0.985857 18.714221 2.084868 3.646272
6834.050860 3 0.985712 18.857906 2.090106 3.645920
6834.359976 3 0.985567 19.002782 2.095344 3.645568
6834.666001 3 0.985420 19.148861 2.100581 3.645214
6834.968966 3 0.985271 19.296153 2.105819 3.644860
6835.268901 3 0.985122 19.444669 2.111057 3.644505
6835.565837 3 0.984970 19.594420 2.116295 3.644148
6835.859803 3 0.984817 19.745418 2.121532 3.643791
6836.150830 3 0.984663 19.897674 2.126770 3.643432
6836.438946 3 0.984507 20.051199 2.132008 3.643072
6836.724182 3 0.984350 20.206004 2.137246 3.642712
6837.006565 3 0.984191 20.362103 2.142484 3.642350
6837.286124 3 0.984030 20.519505 2.147721 3.641987
6837.562888 3 0.983868 20.678224 2.152959 3.641624
6837.836884 3 0.983704 20.838271 2.158197 3.641259
6838.108140 3 0.983539 20.999659 2.163435 3.640893
6838.376683 3 0.983371 21.162399 2.168672 3.640526
6838.642541 3 0.983203 21.326504 2.173910 3.640158
6838.905740 3 0.983032 21.491987 2.179148 3.639789
6839.166308 3 0.982860 21.658860 2.184386 3.639419
6839.424270 3 0.982686 21.827136 2.189623 3.639048
6839.679652 3 0.982511 21.996829 2.194861 3.638676
6839.932480 3 0.982334 22.167950 2.200099 3.638303
6840.182780 3 0.982154 22.340513 2.205337 3.637928
6840.430577 3 0.981974 22.514532 2.210574 3.637553
6840.675896 3 0.981791 22.690020 2.215812 3.637176
6840.918762 3 0.981606 22.866990 2.221050 3.636799
6841.159199 3 0.981420 23.045457 2.226288 3.636420
6841.397232 3 0.981232 23.225433 2.231526 3.636040
6841.632885 3 0.981042 23.406934 2.236763 3.635659
6841.866181 3 0.980850 23.589973 2.242001 3.635277
6842.097144 3 0.980656 23.774564 2.247239 3.634894
6842.325797 3 0.980460 23.960722 2.252477 3.634510
6842.552164 3 0.980262 24.148461 2.257714 3.634124
6842.776267 3 0.980062 24.337797 2.262952 3.633738
6842.998129 3 0.979860 24.528743 2.268190 3.633350
6843.217773 3 0.979656 24.721315 2.273428 3.632962
6843.435220 3 0.979450 24.915529 2.278665 3.632572
6843.650493 3 0.979242 25.111399 2.283903 3.632181
6843.863612 3 0.979032 25.308941 2.289141 3.631789
6844.074601 3 0.978820 25.508171 2.294379 3.631396
6844.283480 3 0.978605 25.709104 2.299616 3.631001
6844.490270 3 0.978389 25.911757 2.304854 3.630606
6844.694992 3 0.978170 26.116145 2.310092 3.630209
6844.897667 3 0.977949 26.322284 2.315330 3.629811
6845.098315 3 0.977726 26.530192 2.320568 3.629412
6845.296957 3 0.977500 26.739885 2.325805 3.629012
6845.493612 3 0.977272 26.951380 2.331043 3.628611
6845.688301 3 0.977042 27.164693 2.336281 3.628208
6845.881043 3 0.976810 27.379842 2.341519 3.627805
6846.071857 3 0.976575 27.596844 2.346756 3.627400
6846.260763 3 0.976338 27.815717 2.351994 3.626994
6846.447781 3 0.976098 28.036478 2.357232 3.626587
6846.632928 3 0.975856 28.259145 2.362470 3.626178
6846.816223 3 0.975611 28.483736 2.367707 3.625769
6846.997686 3 0.975364 28.710270 2.372945 3.625358
6847.177334 3 0.975115 28.938765 2.378183 3.624946
6847.355185 3 0.974862 29.169239 2.383421 3.624533
6847.531258 3 0.974608 29.401712 2.388659 3.624119
6847.705570 3 0.974350 29.636202 2.393896 3.623703
6847.878140 3 0.974090 29.872728 2.399134 3.623287
6848.048983 3 0.973828 30.111310 2.404372 3.622869
6848.218118 3 0.973562 30.351969 2.409610 3.622450
6848.385562 3 0.973294 30.594722 2.414847 3.622029
6848.551331 3 0.973023 30.839591 2.420085 3.621608
6848.715442 3 0.972750 31.086596 2.425323 3.621185
6848.877913 3 0.972473 31.335756 2.430561 3.620761
6849.038759 3 0.972194 31.587094 2.435798 3.620335
6849.197996 3 0.971911 31.840629 2.441036 3.619909
6849.355641 3 0.971626 32.096383 2.446274 3.619481
6849.511709 3 0.971338 32.354377 2.451512 3.619052
6849.666217 3 0.971047 32.614633 2.456749 3.618622
6849.819180 3 0.970753 32.877173 2.461987 3.618190
6849.970613 3 0.970456 33.142017 2.467225 3.617757
6850.120531 3 0.970155 33.409190 2.472463 3.617323
6850.268951 3 0.969852 33.678713 2.477701 3.616888
6850.415886 3 0.969546 33.950608 2.482938 3.616451
6850.561352 3 0.969236 34.224900 2.488176 3.616013
6850.705363 3 0.968923 34.501610 2.493414 3.615574
6850.847935 3 0.968607 34.780764 2.498652 3.615134
6850.989080 3 0.968287 35.062383 2.503889 3.614692
6851.128814 3 0.967964 35.346493 2.509127 3.614249
6851.267151 3 0.967638 35.633117 2.514365 3.613805
6851.404104 3 0.967308 35.922280 2.519603 3.613359
6851.539688 3 0.966975 36.214007 2.524840 3.612912
6851.673916 3 0.966638 36.508322 2.530078 3.612464
6851.806802 3 0.966298 36.805251 2.535316 3.612015
6851.938358 3 0.965954 37.104820 2.540554 3.611564
6852.068600 3 0.965607 37.407054 2.545792 3.611112
6852.197538 3 0.965256 37.711979 2.551029 3.610658
6852.325188 3 0.964901 38.019622 2.556267 3.610203
6852.451561 3 0.964543 38.330010 2.561505 3.609747
6852.576670 3 0.964180 38.643169 2.566743 3.609290
6852.700528 3 0.963814 38.959126 2.571980 3.608831
6852.823148 3 0.963444 39.277910 2.577218 3.608371
6852.944541 3 0.963070 39.599548 2.582456 3.607909
6853.064721 3 0.962693 39.924068 2.587694 3.607447
6853.183698 3 0.962311 40.251498 2.592931 3.606982
6853.301486 3 0.961925 40.581868 2.598169 3.606517
6853.418096 3 0.961535 40.915206 2.603407 3.606050
6853.533540 3 0.961140 41.251542 2.608645 3.605582
6853.647829 3 0.960742 41.590906 2.613882 3.605112
6853.760976 3 0.960339 41.933327 2.619120 3.604641
6853.872991 3 0.959932 42.278836 2.624358 3.604169
6853.983886 3 0.959521 42.627464 2.629596 3.603695
6854.093672 3 0.959105 42.979241 2.634834 3.603220
6854.202360 3 0.958685 43.334200 2.640071 3.602743
6854.309961 3 0.958261 43.692371 2.645309 3.602265
6854.416486 3 0.957831 44.053788 2.650547 3.601786
6854.521946 3 0.957397 44.418481 2.655785 3.601305
6854.626352 3 0.956959 44.786485 2.661022 3.600823
6854.729713 3 0.956516 45.157832 2.666260 3.600339
6854.832041 3 0.956068 45.532556 2.671498 3.599854
6854.933345 3 0.955615 45.910690 2.676736 3.599368
6855.033637 3 0.955157 46.292270 2.681973 3.598880
6855.133637 3 0.954694 46.677329 2.687211 3.598390
6855.233637 3 0.954226 47.065903 2.692449 3.597900
6855.333637 3 0.953754 47.458027 2.697687 3.597407
6855.433637 3 0.953276 47.853737 2.702925 3.596914
6855.533637 3 0.952792 48.253069 2.708162 3.596419
6855.633637 3 0.952304 48.656061 2.713400 3.595922
6855.733637 3 0.951810 49.062748 2.718638 3.595424
6855.833637 3 0.951311 49.473169 2.723876 3.594925
6855.933637 3 0.950807 49.887361 2.729113 3.594424
6856.033637 3 0.950296 50.305362 2.734351 3.593921
6856.133637 3 0.949781 50.727213 2.739589 3.593417
6856.233637 3 0.949259 51.152951 2.744827 3.592912
6856.333637 3 0.948732 51.582616 2.750064 3.592405
6856.433637 3 0.948200 52.016249 2.755302 3.591897
6856.533637 3 0.947661 52.453890 2.760540 3.591387
6856.633637 3 0.947116 52.895580 2.765778 3.590875
6856.733637 3 0.946565 53.341361 2.771015 3.590362
6856.833637 3 0.946009 53.791274 2.776253 3.589848
6856.933637 3 0.945446 54.245362 2.781491 3.589332
6857.033637 3 0.944877 54.703668 2.786729 3.588815
6857.133637 3 0.944301 55.166236 2.791967 3.588296
6857.233637 3 0.943719 55.633109 2.797204 3.587775
6857.333637 3 0.943131 56.104332 2.802442 3.587253
6857.433637 3 0.942536 56.579950 2.807680 3.586729
6857.533637 3 0.941935 57.060008 2.812918 3.586204
6857.633637 3 0.941327 57.544553 2.818155 3.585677
6857.733637 3 0.940712 58.033631 2.823393 3.585149
6857.833637 3 0.940090 58.527289 2.828631 3.584619
6857.933637 3 0.939461 59.025574 2.833869 3.584088
6858.033637 3 0.938825 59.528536 2.839106 3.583555
6858.133637 3 0.938182 60.036222 2.844344 3.583020
6858.233637 3 0.937532 60.548682 2.849582 3.582484
6858.333637 3 0.936874 61.065967 2.854820 3.581946
6858.433637 3 0.936209 61.588126 2.860058 3.581406
6858.533637 3 0.935537 62.115211 2.865295 3.580865
6858.633637 3 0.934856 62.647274 2.870533 3.580323
6858.733637 3 0.934169 63.184367 2.875771 3.579778
6858.833637 3 0.933473 63.726543 2.881009 3.579233
6858.933637 3 0.932769 64.273855 2.886246 3.578685
6859.033637 3 0.932058 64.826358 2.891484 3.578136
6859.133637 3 0.931338 65.384107 2.896722 3.577585
6859.233637 3 0.930610 65.947158 2.901960 3.577032
6859.333637 3 0.929874 66.515566 2.907197 3.576478
6859.433637 3 0.929130 67.089388 2.912435 3.575922
6859.533637 3 0.928376 67.668684 2.917673 3.575365
6859.633637 3 0.927615 68.253509 2.922911 3.574806
6859.733637 3 0.926844 68.843925 2.928148 3.574245
6859.833637 3 0.926065 69.439990 2.933386 3.573682
6859.933637 3 0.925276 70.041765 2.938624 3.573118
6860.033637 3 0.924479 70.649311 2.943862 3.572552
6860.133637 3 0.923672 71.262691 2.949100 3.571984
6860.233637 3 0.922856 71.881966 2.954337 3.571415
6860.333637 3 0.922030 72.507202 2.959575 3.570844
6860.433637 3 0.921195 73.138461 2.964813 3.570271
6860.533637 3 0.920350 73.775809 2.970051 3.569696
6860.633637 3 0.919495 74.419313 2.975288 3.569120
6860.733637 3 0.918630 75.069039 2.980526 3.568542
6860.833637 3 0.917755 75.725054 2.985764 3.567962
6860.933637 3 0.916870 76.387427 2.991002 3.567380
6861.033637 3 0.915974 77.056228 2.996239 3.566797
6861.133637 3 0.915068 77.731527 3.001477 3.566211
6861.233637 3 0.914151 78.413394 3.006715 3.565624
6861.333637 3 0.913224 79.101903 3.011953 3.565035
6861.433637 3 0.912285 79.797125 3.017191 3.564445
6861.533637 3 0.911335 80.499135 3.022428 3.563852
6861.633637 3 0.910374 81.208008 3.027666 3.563258
6861.733637 3 0.909402 81.923820 3.032904 3.562661
6861.833637 3 0.908418 82.646647 3.038142 3.562063
6861.933637 3 0.907422 83.376567 3.043379 3.561463
6862.033637 3 0.906414 84.113660 3.048617 3.560862
6862.133637 3 0.905394 84.858004 3.053855 3.560258
6862.233637 3 0.904362 85.609682 3.059093 3.559652
6862.333637 3 0.903317 86.368774 3.064330 3.559045
6862.433637 3 0.902260 87.135365 3.069568 3.558435
6862.533637 3 0.901190 87.909538 3.074806 3.557824
6862.633637 3 0.900107 88.691379 3.080044 3.557211
6862.733637 3 0.899011 89.480974 3.085281 3.556596
6862.833637 3 0.897902 90.278411 3.090519 3.555978
6862.933637 3 0.896779 91.083778 3.095757 3.555359
6863.033637 3 0.895642 91.897167 3.100995 3.554738
6863.133637 3 0.894492 92.718668 3.106233 3.554115
6863.233637 3 0.893327 93.548374 3.111470 3.553490
6863.333637 3 0.892148 94.386378 3.116708 3.552863
6863.433637 3 0.890954 95.232776 3.121946 3.552234
6863.533637 3 0.889746 96.087664 3.127184 3.551603
6863.633637 3 0.888523 96.951141 3.132421 3.550969
6863.733637 3 0.887285 97.823305 3.137659 3.550334
6863.833637 3 0.886031 98.704257 3.142897 3.549697
6863.933637 3 0.884761 99.594098 3.148135 3.549057
6864.033637 3 0.883476 100.492934 3.153372 3.548416
6864.133637 3 0.882175 101.400868 3.158610 3.547772
6864.233637 3 0.880857 102.318006 3.163848 3.547127
6864.333637 3 0.879523 103.244458 3.169086 3.546479
6864.433637 3 0.878171 104.180333 3.174323 3.545829
6864.533637 3 0.876803 105.125742 3.179561 3.545176
6864.633637 3 0.875418 106.080797 3.184799 3.544522
6864.733637 3 0.874014 107.045615 3.190037 3.543865
6864.833637 3 0.872593 108.020310 3.195275 3.543206
6864.933637 3 0.871154 109.005000 3.200512 3.542545
6865.033637 3 0.869696 109.999807 3.205750 3.541882
6865.133637 3 0.868220 111.004850 3.210988 3.541217
6865.233637 3 0.866724 112.020255 3.216226 3.540549
6865.333637 3 0.865209 113.046146 3.221463 3.539879
6865.433637 3 0.863675 114.082650 3.226701 3.539206
6865.533637 3 0.862121 115.129898 3.231939 3.538531
6865.633637 3 0.860546 116.188020 3.237177 3.537854
6865.733637 3 0.858951 117.257150 3.242414 3.537175
6865.833637 3 0.857335 118.337423 3.247652 3.536493
6865.933637 3 0.855697 119.428978 3.252890 3.535808
6866.033637 3 0.854038 120.531954 3.258128 3.535121
6866.133637 3 0.852357 121.646494 3.263366 3.534432
6866.233637 3 0.850654 122.772743 3.268603 3.533740
6866.333637 3 0.848928 123.910847 3.273841 3.533046
6866.433637 3 0.847179 125.060956 3.279079 3.532349
6866.533637 3 0.845407 126.223222 3.284317 3.531650
6866.633637 3 0.843610 127.397800 3.289554 3.530948
6866.733637 3 0.841790 128.584848 3.294792 3.530244
6866.833637 3 0.839945 129.784524 3.300030 3.529537
6866.933637 3 0.838075 130.996993 3.305268 3.528827
6867.033637 3 0.836179 132.222419 3.310505 3.528114
6867.133637 3 0.834257 133.460972 3.315743 3.527399
6867.233637 3 0.832309 134.712824 3.320981 3.526681
6867.333637 3 0.830335 135.978148 3.326219 3.525961
6867.433637 3 0.828332 137.257123 3.331456 3.525237
6867.533637 3 0.826303 138.549931 3.336694 3.524511
6867.633637 3 0.824244 139.856756 3.341932 3.523782
6867.733637 3 0.822157 141.177787 3.347170 3.523050
6867.833637 3 0.820041 142.513215 3.352408 3.522315
6867.933637 3 0.817895 143.863235 3.357645 3.521577
6868.033637 3 0.815718 145.228048 3.362883 3.520836
6868.133637 3 0.813511 146.607856 3.368121 3.520092
6868.233637 4 0.812796 11.143948 1.796576 3.686765
6868.333637 4 0.812790 11.143799 1.796588 3.686771
6868.433637 4 0.812783 11.143652 1.796605 3.686778
6868.533637 4 0.812777 11.143506 1.796624 3.686786
6868.633637 4 0.812771 11.143362 1.796645 3.686794
6868.733637 4 0.812765 11.143219 1.796668 3.686802
6868.833637 4 0.812759 11.143077 1.796692 3.686811
6868.933637 4 0.812753 11.142937 1.796716 3.686820
6869.033637 4 0.812747 11.142798 1.796742 3.686829
6869.133637 4 0.812741 11.142661 1.796768 3.686838
6869.233637 4 0.812735 11.142525 1.796795 3.686848
6869.333637 4 0.812730 11.142390 1.796822 3.686857
6869.433637 4 0.812724 11.142257 1.796850 3.686867
6869.533637 4 0.812718 11.142124 1.796878 3.686876
6869.633637 4 0.812713 11.141994 1.796907 3.686886
6869.733637 4 0.812707 11.141864 1.796936 3.686896
6869.833637 4 0.812702 11.141736 1.796964 3.686905
6869.933637 4 0.812697 11.141609 1.796994 3.686915
6870.033637 4 0.812691 11.141484 1.797023 3.686925
6870.133637 4 0.812686 11.141359 1.797053 3.686935
6870.233637 4 0.812681 11.141236 1.797082 3.686944
6870.333637 4 0.812675 11.141114 1.797112 3.686954
6870.433637 4 0.812670 11.140993 1.797142 3.686964
6870.533637 4 0.812665 11.140874 1.797172 3.686974
6870.633637 4 0.812660 11.140755 1.797202 3.686984
6870.733637 4 0.812655 11.140638 1.797232 3.686993
6870.833637 4 0.812650 11.140522 1.797262 3.687003
6870.933637 4 0.812645 11.140408 1.797292 3.687013
6871.033637 4 0.812641 11.140294 1.797322 3.687023
6871.133637 4 0.812636 11.140181 1.797352 3.687032
6871.233637 4 0.812631 11.140070 1.797381 3.687042
6871.333637 4 0.812626 11.139960 1.797411 3.687052
6871.433637 4 0.812622 11.139850 1.797441 3.687061
6871.533637 4 0.812618 11.139767 1.797464 3.687069
6872.637068 4 0.812428 11.135322 1.798855 3.687503
6873.740500 4 0.812238 11.130927 1.800488 3.687997
6874.843932 4 0.812047 11.126623 1.802295 3.688533
6875.947364 4 0.811855 11.122453 1.804244 3.689101
6877.050795 4 0.811663 11.118460 1.806313 3.689697
6878.154227 4 0.811469 11.114687 1.808487 3.690314
6879.257659 4 0.811275 11.111179 1.810754 3.690949
6880.361091 4 0.811079 11.107977 1.813107 3.691600
6881.464522 4 0.810883 11.105126 1.815537 3.692263
6882.567954 4 0.810685 11.102670 1.818039 3.692937
6883.671386 4 0.810486 11.100653 1.820609 3.693618
6884.774817 4 0.810286 11.099119 1.823242 3.694307
6885.878249 4 0.810085 11.098111 1.825934 3.695000
6886.981681 4 0.809882 11.097676 1.828684 3.695695
6888.085113 4 0.809679 11.097856 1.831487 3.696393
6889.188544 4 0.809473 11.098698 1.834342 3.697090
6890.291976 4 0.809267 11.100246 1.837246 3.697786
6891.395408 4 0.809059 11.102547 1.840197 3.698479
6892.498840 4 0.808849 11.105645 1.843195 3.699167
6893.602271 4 0.808638 11.109588 1.846236 3.699851
6894.705703 4 0.808425 11.114421 1.849320 3.700527
6895.809135 4 0.808211 11.120192 1.852446 3.701196
6896.912567 4 0.807994 11.126949 1.855611 3.701855
6898.015998 4 0.807777 11.134739 1.858816 3.702505
6899.119430 4 0.807557 11.143611 1.862059 3.703142
6900.222862 4 0.807335 11.153615 1.865338 3.703767
6901.326294 4 0.807111 11.164800 1.868654 3.704379
6902.429725 4 0.806886 11.177217 1.872005 3.704975
6903.533157 4 0.806658 11.190918 1.875391 3.705555
6904.636589 4 0.806428 11.205955 1.878811 3.706119
6905.740021 4 0.806196 11.222382 1.882263 3.706664
6906.843452 4 0.805962 11.240252 1.885749 3.707190
6907.946884 4 0.805726 11.259621 1.889266 3.707695
6909.050316 4 0.805487 11.280546 1.892814 3.708179
6910.153748 4 0.805245 11.303084 1.896394 3.708641
6911.257179 4 0.805001 11.327295 1.900004 3.709078
6912.360611 4 0.804754 11.353238 1.903644 3.709492
6913.464043 4 0.804505 11.380977 1.907314 3.709879
6914.567475 4 0.804253 11.410574 1.911012 3.710240
6915.670906 4 0.803998 11.442095 1.914740 3.710573
6916.774338 4 0.803740 11.475607 1.918496 3.710877
6917.877770 4 0.803479 11.511179 1.922280 3.711151
6918.981202 4 0.803214 11.548882 1.926092 3.711394
6920.084633 4 0.802946 11.588791 1.929932 3.711604
6921.188065 4 0.802675 11.630979 1.933799 3.711782
6922.291497 4 0.802401 11.675527 1.937693 3.711925
6923.394929 4 0.802123 11.722514 1.941614 3.712034
6924.498360 4 0.801841 11.772024 1.945561 3.712105
6925.601792 4 0.801555 11.824144 1.949535 3.712139
6926.705224 4 0.801265 11.878964 1.953536 3.712135
6927.808655 4 0.800971 11.936577 1.957562 3.712091
6928.912087 4 0.800673 11.997080 1.961615 3.712006
6930.015519 4 0.800370 12.060573 1.965693 3.711880
6931.118951 4 0.800063 12.127161 1.969798 3.711710
6932.222382 4 0.799751 12.196954 1.973928 3.711497
6933.325814 4 0.799434 12.270064 1.978084 3.711238
6934.429246 4 0.799112 12.346611 1.982265 3.710933
6935.532678 4 0.798784 12.426718 1.986473 3.710581
6936.636109 4 0.798452 12.510513 1.990706 3.710179
6937.739541 4 0.798113 12.598132 1.994964 3.709729
6938.842973 4 0.797769 12.689717 1.999248 3.709227
6939.946405 4 0.797418 12.785414 2.003558 3.708673
6941.049836 4 0.797062 12.885379 2.007894 3.708065
6942.153268 4 0.796698 12.989773 2.012255 3.707404
6943.256700 4 0.796328 13.098769 2.016643 3.706686
6944.360132 4 0.795951 13.212543 2.021056 3.705911
6945.463563 4 0.795567 13.331285 2.025496 3.705079
6946.566995 4 0.795174 13.455192 2.029962 3.704186
6947.670427 4 0.794774 13.584472 2.034455 3.703233
6948.773859 4 0.794366 13.719345 2.038975 3.702218
6949.325574 4 0.794157 13.788927 2.041245 3.701686
6949.877290 4 0.793947 13.859995 2.043521 3.701139
6950.429006 4 0.793734 13.932579 2.045804 3.700576
6950.980722 4 0.793519 14.006712 2.048094 3.699996
6951.532438 4 0.793301 14.082425 2.050391 3.699400
6952.084154 4 0.793081 14.159754 2.052695 3.698787
6952.635870 4 0.792859 14.238731 2.055006 3.698157
6953.187586 4 0.792634 14.319393 2.057324 3.697509
6953.739301 4 0.792406 14.401777 2.059650 3.696845
6954.291017 4 0.792176 14.485919 2.061982 3.696163
6954.842733 4 0.791943 14.571859 2.064321 3.695463
6955.394449 4 0.791708 14.659636 2.066668 3.694746
6955.946165 4 0.791470 14.749292 2.069022 3.694011
6956.497881 4 0.791229 14.840868 2.071383 3.693257
6957.049597 4 0.790985 14.934409 2.073752 3.692485
6957.601313 4 0.790738 15.029959 2.076129 3.691694
6958.153028 4 0.790488 15.127565 2.078513 3.690884
6958.704744 4 0.790235 15.227274 2.080904 3.690055
6959.256460 4 0.789979 15.329135 2.083303 3.689208
6959.808176 4 0.789719 15.433199 2.085710 3.688340
6960.359892 4 0.789457 15.539519 2.088125 3.687453
6960.911608 4 0.789191 15.648149 2.090548 3.686546
6961.463324 4 0.788921 15.759144 2.092979 3.685619
6962.015040 4 0.788648 15.872562 2.095418 3.684672
6962.566755 4 0.788372 15.988463 2.097865 3.683704
6963.118471 4 0.788091 16.106908 2.100321 3.682715
6963.670187 4 0.787807 16.227960 2.102785 3.681705
6964.221903 4 0.787519 16.351687 2.105258 3.680674
6964.773619 4 0.787227 16.478154 2.107739 3.679621
6965.325335 4 0.786931 16.607434 2.110229 3.678547
6965.877051 4 0.786631 16.739598 2.112728 3.677450
6966.428767 4 0.786327 16.874722 2.115236 3.676331
6966.980482 4 0.786018 17.012884 2.117754 3.675190
6967.532198 4 0.785705 17.154166 2.120280 3.674026
6968.083914 4 0.785387 17.298650 2.122816 3.672839
6968.635630 4 0.785064 17.446424 2.125362 3.671628
6969.187346 4 0.784737 17.597577 2.127918 3.670394
6969.739062 4 0.784405 17.752204 2.130483 3.669135
6970.290778 4 0.784068 17.910401 2.133059 3.667853
6970.842493 4 0.783725 18.072269 2.135645 3.666545
6971.394209 4 0.783377 18.237913 2.138242 3.665213
6971.945925 4 0.783024 18.407441 2.140849 3.663856
6972.497641 4 0.782666 18.580966 2.143467 3.662473
6973.049357 4 0.782301 18.758606 2.146097 3.661064
6973.601073 4 0.781931 18.940484 2.148737 3.659629
6974.152789 4 0.781554 19.126726 2.151390 3.658168
6974.704505 4 0.781172 19.317465 2.154054 3.656679
6974.980363 4 0.780977 19.414559 2.155391 3.655925
6975.256220 4 0.780781 19.512830 2.156731 3.655163
6975.532078 4 0.780583 19.612296 2.158074 3.654395
6975.807936 4 0.780384 19.712975 2.159420 3.653619
6976.083794 4 0.780182 19.814888 2.160769 3.652837
6976.359652 4 0.779979 19.918053 2.162122 3.652048
6976.635510 4 0.779775 20.022490 2.163477 3.651251
6976.911368 4 0.779568 20.128220 2.164836 3.650447
6977.187226 4 0.779360 20.235262 2.166199 3.649636
6977.463084 4 0.779150 20.343639 2.167565 3.648817
6977.738942 4 0.778938 20.453372 2.168934 3.647992
6978.014800 4 0.778725 20.564483 2.170307 3.647158
6978.290658 4 0.778509 20.676994 2.171683 3.646318
6978.566516 4 0.778291 20.790930 2.173063 3.645469
6978.842374 4 0.778072 20.906313 2.174447 3.644613
6979.118232 4 0.777850 21.023167 2.175834 3.643750
6979.394090 4 0.777627 21.141518 2.177225 3.642879
6979.669947 4 0.777401 21.261391 2.178620 3.642000
6979.945805 4 0.777173 21.382812 2.180018 3.641113
6980.393937 4 0.776800 21.583426 2.182298 3.639655
