t Ka M R logL logTeff
2.914084 1 3.000083 1.503239 2.037078 4.181896
5.828169 1 3.000082 1.510168 2.038849 4.181340
8.742257 1 3.000082 1.517133 2.040664 4.180795
11.656346 1 3.000081 1.524137 2.042523 4.180259
14.570437 1 3.000080 1.531181 2.044426 4.179734
17.484529 1 3.000079 1.538267 2.046374 4.179218
20.398624 1 3.000079 1.545399 2.048366 4.178712
23.312721 1 3.000078 1.552578 2.050402 4.178214
26.226819 1 3.000077 1.559808 2.052482 4.177726
29.140920 1 3.000076 1.567090 2.054607 4.177245
32.055022 1 3.000075 1.574427 2.056776 4.176773
34.969126 1 3.000074 1.581822 2.058989 4.176309
37.883232 1 3.000073 1.589277 2.061246 4.175852
40.797341 1 3.000073 1.596795 2.063548 4.175403
43.711451 1 3.000072 1.604378 2.065894 4.174961
46.625563 1 3.000071 1.612030 2.068284 4.174525
49.539678 1 3.000070 1.619753 2.070718 4.174096
52.453794 1 3.000069 1.627551 2.073197 4.173673
55.367913 1 3.000068 1.635425 2.075720 4.173255
58.282033 1 3.000067 1.643379 2.078287 4.172844
61.196156 1 3.000066 1.651415 2.080899 4.172437
64.110281 1 3.000065 1.659538 2.083554 4.172036
67.024408 1 3.000064 1.667750 2.086254 4.171639
69.938538 1 3.000063 1.676054 2.088999 4.171246
72.852670 1 3.000062 1.684454 2.091787 4.170858
75.766804 1 3.000061 1.692952 2.094620 4.170473
78.680940 1 3.000060 1.701553 2.097497 4.170092
81.595079 1 3.000059 1.710259 2.100418 4.169714
84.509220 1 3.000058 1.719074 2.103384 4.169339
87.423364 1 3.000057 1.728002 2.106393 4.168967
90.337510 1 3.000056 1.737047 2.109447 4.168597
93.251658 1 3.000055 1.746211 2.112546 4.168229
96.165809 1 3.000054 1.755500 2.115688 4.167862
99.079963 1 3.000053 1.764917 2.118875 4.167497
101.994119 1 3.000052 1.774465 2.122106 4.167133
104.908278 1 3.000051 1.784150 2.125381 4.166770
107.822439 1 3.000049 1.793975 2.128701 4.166408
110.736604 1 3.000048 1.803946 2.132065 4.166045
113.650771 1 3.000047 1.814066 2.135473 4.165682
116.564940 1 3.000046 1.824340 2.138925 4.165319
119.479113 1 3.000045 1.834774 2.142421 4.164955
122.393289 1 3.000043 1.845372 2.145962 4.164589
125.307467 1 3.000042 1.856140 2.149547 4.164222
128.221649 1 3.000041 1.867084 2.153177 4.163853
131.135834 1 3.000039 1.878209 2.156850 4.163481
134.050022 1 3.000038 1.889523 2.160568 4.163106
136.964213 1 3.000037 1.901031 2.164330 4.162728
139.878407 1 3.000035 1.912740 2.168136 4.162347
142.792604 1 3.000034 1.924659 2.171987 4.161960
145.706805 1 3.000032 1.936794 2.175882 4.161569
148.621010 1 3.000031 1.949156 2.179821 4.161172
151.535218 1 3.000029 1.961752 2.183804 4.160770
154.449429 1 3.000028 1.974593 2.187831 4.160360
157.363644 1 3.000026 1.987689 2.191903 4.159942
160.277863 1 3.000025 2.001052 2.196019 4.159516
163.192085 1 3.000023 2.014695 2.200179 4.159081
166.106312 1 3.000021 2.028631 2.204384 4.158635
169.020542 1 3.000020 2.042876 2.208633 4.158178
171.934776 1 3.000018 2.057444 2.212926 4.157708
174.849014 1 3.000016 2.072355 2.217263 4.157224
177.763257 1 3.000014 2.087628 2.221644 4.156725
180.677504 1 3.000012 2.103284 2.226070 4.156209
183.591755 1 3.000010 2.119347 2.230540 4.155675
186.506010 1 3.000008 2.135842 2.235054 4.155120
189.420270 1 3.000006 2.152799 2.239613 4.154542
192.334535 1 3.000004 2.170250 2.244215 4.153940
195.248805 1 3.000002 2.188228 2.248862 4.153310
198.163079 1 3.000000 2.206773 2.253553 4.152650
201.077358 1 2.999998 2.225928 2.258289 4.151957
203.991643 1 2.999996 2.245739 2.263068 4.151228
206.905932 1 2.999994 2.266260 2.267892 4.150459
209.820227 1 2.999991 2.287548 2.272760 4.149646
212.734527 1 2.999989 2.309668 2.277673 4.148784
215.648833 1 2.999986 2.332691 2.282629 4.147869
217.105989 1 2.999985 2.344566 2.285124 4.147390
218.563146 1 2.999984 2.356698 2.287630 4.146896
220.020305 1 2.999983 2.369096 2.290147 4.146386
221.477465 1 2.999981 2.381775 2.292675 4.145859
222.934627 1 2.999980 2.394746 2.295214 4.145314
224.391790 1 2.999979 2.408022 2.297764 4.144751
225.848954 1 2.999977 2.421617 2.300326 4.144169
227.306121 1 2.999976 2.435547 2.302898 4.143567
228.763289 1 2.999975 2.449827 2.305481 4.142943
230.220458 1 2.999973 2.464473 2.308076 4.142297
231.677629 1 2.999972 2.479502 2.310681 4.141629
233.134802 1 2.999971 2.494934 2.313297 4.140935
234.591976 1 2.999969 2.510788 2.315925 4.140217
236.049152 1 2.999968 2.527083 2.318564 4.139472
237.506330 1 2.999966 2.543842 2.321213 4.138699
238.963509 1 2.999965 2.561088 2.323874 4.137897
240.420690 1 2.999963 2.578844 2.326546 4.137064
241.877873 1 2.999962 2.597137 2.329229 4.136200
243.335058 1 2.999960 2.615994 2.331922 4.135303
244.792244 1 2.999959 2.635443 2.334627 4.134371
246.249432 1 2.999957 2.655515 2.337343 4.133402
247.706622 1 2.999955 2.676242 2.340070 4.132395
249.163814 1 2.999954 2.697658 2.342809 4.131349
250.621008 1 2.999952 2.719799 2.345558 4.130262
252.078204 1 2.999951 2.742705 2.348318 4.129131
253.535401 1 2.999949 2.766414 2.351089 4.127954
254.992601 1 2.999947 2.790972 2.353871 4.126731
256.449802 1 2.999946 2.816423 2.356665 4.125458
257.907006 1 2.999944 2.842817 2.359469 4.124133
259.364211 1 2.999942 2.870205 2.362285 4.122755
260.821419 1 2.999940 2.898643 2.365111 4.121321
261.550024 1 2.999939 2.913274 2.366529 4.120582
262.278629 1 2.999939 2.928189 2.367949 4.119828
263.007235 1 2.999938 2.943398 2.369372 4.119059
263.735841 1 2.999937 2.958907 2.370798 4.118274
264.464448 1 2.999936 2.974726 2.372226 4.117474
265.193055 1 2.999935 2.990862 2.373657 4.116657
265.921663 1 2.999934 3.007326 2.375091 4.115823
266.650272 1 2.999933 3.024127 2.376528 4.114973
267.378881 1 2.999932 3.041273 2.377968 4.114105
268.107490 1 2.999931 3.058776 2.379410 4.113219
268.836100 1 2.999930 3.076645 2.380855 4.112316
269.564711 1 2.999929 3.094891 2.382303 4.111394
270.293322 1 2.999928 3.113525 2.383753 4.110453
271.021934 1 2.999927 3.132559 2.385207 4.109493
271.750546 1 2.999927 3.152003 2.386663 4.108513
272.479159 1 2.999926 3.171872 2.388122 4.107513
273.207772 1 2.999925 3.192176 2.389583 4.106493
273.936386 1 2.999924 3.212929 2.391048 4.105452
274.665001 1 2.999923 3.234144 2.392515 4.104390
275.393616 1 2.999922 3.255836 2.393985 4.103305
276.122231 1 2.999921 3.278019 2.395457 4.102199
276.850848 1 2.999920 3.300708 2.396933 4.101070
277.579464 1 2.999919 3.323918 2.398411 4.099918
278.308082 1 2.999918 3.347666 2.399892 4.098743
279.036700 1 2.999917 3.371968 2.401376 4.097543
279.765318 1 2.999916 3.396841 2.402862 4.096319
280.493937 1 2.999910 3.422300 2.404349 4.095069
281.222560 1 2.999904 3.448367 2.405839 4.093793
281.951186 1 2.999898 3.475061 2.407331 4.092492
282.679815 1 2.999893 3.502402 2.408826 4.091164
283.408448 1 2.999887 3.530411 2.410324 4.089809
284.137084 1 2.999881 3.559109 2.411824 4.088426
284.865723 1 2.999874 3.588519 2.413327 4.087015
285.594367 1 2.999868 3.618663 2.414833 4.085575
286.323013 1 2.999862 3.649567 2.416342 4.084105
287.051664 1 2.999856 3.681254 2.417853 4.082606
289.966280 1 2.999830 3.710478 2.443685 4.087347
290.148447 1 2.999829 3.675053 2.449314 4.090837
290.248447 1 2.999828 3.656329 2.451971 4.092611
290.348447 1 2.999827 3.636901 2.454570 4.094417
290.448447 1 2.999827 3.616994 2.457100 4.096242
290.548447 1 2.999826 3.596806 2.459555 4.098071
290.648447 1 2.999826 3.576512 2.461930 4.099893
290.748447 1 2.999826 3.556265 2.464220 4.101699
290.848447 1 2.999826 3.536196 2.466424 4.103478
290.948447 1 2.999825 3.516414 2.468539 4.105225
291.048447 1 2.999825 3.497012 2.470566 4.106934
291.148447 1 2.999825 3.478064 2.472504 4.108598
291.248447 1 2.999825 3.459631 2.474355 4.110214
291.348447 1 2.999825 3.441758 2.476120 4.111780
291.448447 1 2.999825 3.424482 2.477800 4.113293
291.548447 1 2.999825 3.390728 2.481018 4.116249
291.648447 1 2.999825 3.359737 2.483906 4.118964
291.748447 1 2.999825 3.331506 2.486489 4.121442
291.848447 1 2.999825 3.305955 2.488791 4.123690
291.948447 1 2.999824 3.282949 2.490838 4.125718
292.048447 1 2.999824 3.262326 2.492654 4.127540
292.148447 1 2.999824 3.243905 2.494262 4.129172
292.248447 1 2.999824 3.227500 2.495684 4.130628
292.348447 1 2.999824 3.198154 2.498205 4.133242
292.448447 1 2.999824 3.175615 2.500123 4.135257
292.548447 1 2.999824 3.158417 2.501577 4.136800
292.648447 1 2.999824 3.132149 2.503782 4.139165
292.748447 2 2.999824 3.105325 2.506017 4.141591
292.848447 2 2.999824 3.121007 2.505834 4.140452
292.948447 2 2.999824 3.136767 2.505650 4.139312
293.048447 2 2.999824 3.153439 2.505457 4.138113
293.148447 2 2.999824 3.170200 2.505264 4.136913
293.248447 2 2.999824 3.187050 2.505071 4.135714
293.348447 2 2.999824 3.203990 2.504878 4.134515
293.448447 2 2.999824 3.221019 2.504685 4.133315
293.548447 2 2.999824 3.238140 2.504492 4.132116
293.648447 2 2.999824 3.255351 2.504299 4.130917
293.748447 2 2.999824 3.272653 2.504106 4.129717
293.848447 2 2.999824 3.290048 2.503913 4.128518
293.948447 2 2.999824 3.307535 2.503720 4.127318
294.048447 2 2.999824 3.325115 2.503527 4.126119
294.148447 2 2.999824 3.342788 2.503334 4.124920
294.248447 2 2.999824 3.360555 2.503141 4.123720
294.348447 2 2.999824 3.378417 2.502948 4.122521
294.448447 2 2.999824 3.396374 2.502755 4.121322
294.548447 2 2.999824 3.414426 2.502562 4.120122
294.648447 2 2.999824 3.432574 2.502369 4.118923
294.748447 2 2.999824 3.450819 2.502176 4.117724
294.848447 2 2.999823 3.469160 2.501983 4.116524
294.948447 2 2.999823 3.487599 2.501790 4.115325
295.048447 2 2.999823 3.506136 2.501597 4.114126
295.148447 2 2.999823 3.524772 2.501404 4.112926
295.248447 2 2.999823 3.543506 2.501211 4.111727
295.348447 2 2.999823 3.562340 2.501018 4.110527
295.448447 2 2.999823 3.581275 2.500825 4.109328
295.548447 2 2.999823 3.600309 2.500632 4.108129
295.648447 2 2.999823 3.619445 2.500439 4.106929
295.748447 2 2.999823 3.638683 2.500246 4.105730
295.848447 2 2.999823 3.658023 2.500053 4.104531
295.948447 2 2.999823 3.677466 2.499860 4.103331
296.048447 2 2.999823 3.697012 2.499667 4.102132
296.148447 2 2.999823 3.716662 2.499474 4.100933
296.248447 2 2.999823 3.736417 2.499281 4.099733
296.348447 2 2.999823 3.756276 2.499088 4.098534
296.448447 2 2.999823 3.776241 2.498895 4.097335
296.548447 2 2.999823 3.796313 2.498702 4.096135
296.648447 2 2.999823 3.816490 2.498509 4.094936
296.748447 2 2.999822 3.836775 2.498316 4.093736
296.848447 2 2.999822 3.857167 2.498123 4.092537
296.948447 2 2.999822 3.877668 2.497930 4.091338
297.048447 2 2.999821 3.898278 2.497736 4.090138
297.148447 2 2.999821 3.918997 2.497543 4.088939
297.248447 2 2.999820 3.939826 2.497350 4.087739
297.348447 2 2.999820 3.960766 2.497157 4.086540
297.448447 2 2.999819 3.981818 2.496963 4.085341
297.548447 2 2.999819 4.002981 2.496770 4.084141
297.648447 2 2.999818 4.024257 2.496577 4.082942
297.748447 2 2.999818 4.045646 2.496384 4.081743
297.848447 2 2.999817 4.067148 2.496190 4.080543
297.948447 2 2.999817 4.088765 2.495997 4.079344
298.048447 2 2.999816 4.110497 2.495804 4.078144
298.148447 2 2.999816 4.132344 2.495611 4.076945
298.248447 2 2.999816 4.154307 2.495417 4.075746
298.348447 2 2.999815 4.176387 2.495224 4.074546
298.448447 2 2.999815 4.198585 2.495031 4.073347
298.548447 2 2.999814 4.220900 2.494838 4.072147
298.648447 2 2.999814 4.243334 2.494645 4.070948
298.748447 2 2.999813 4.265887 2.494451 4.069749
298.848447 2 2.999813 4.288560 2.494258 4.068549
298.948447 2 2.999812 4.311353 2.494065 4.067350
299.048447 2 2.999812 4.334268 2.493872 4.066151
299.148447 2 2.999811 4.357304 2.493678 4.064951
299.248447 2 2.999811 4.380463 2.493485 4.063752
299.348447 2 2.999810 4.403745 2.493292 4.062552
299.448447 2 2.999810 4.427151 2.493098 4.061353
299.548447 2 2.999809 4.450681 2.492905 4.060154
299.648447 2 2.999809 4.474336 2.492712 4.058954
299.748447 2 2.999808 4.498117 2.492519 4.057755
299.848447 2 2.999808 4.522024 2.492325 4.056555
299.948447 2 2.999807 4.546058 2.492132 4.055356
300.048447 2 2.999807 4.570220 2.491939 4.054157
300.148447 2 2.999806 4.594511 2.491746 4.052957
300.248447 2 2.999806 4.618930 2.491552 4.051758
300.348447 2 2.999805 4.643480 2.491359 4.050559
300.448447 2 2.999805 4.668159 2.491166 4.049359
300.548447 2 2.999804 4.692970 2.490973 4.048160
300.648447 2 2.999803 4.717913 2.490779 4.046960
300.748447 2 2.999803 4.742988 2.490586 4.045761
300.848447 2 2.999802 4.768197 2.490393 4.044562
300.948447 2 2.999802 4.793539 2.490199 4.043362
301.048447 2 2.999801 4.819017 2.490006 4.042163
301.148447 2 2.999801 4.844629 2.489813 4.040964
301.248447 2 2.999800 4.870378 2.489620 4.039764
301.348447 2 2.999800 4.896264 2.489426 4.038565
301.448447 2 2.999799 4.922287 2.489233 4.037365
301.548447 2 2.999799 4.948448 2.489040 4.036166
301.648447 2 2.999798 4.974749 2.488846 4.034967
301.748447 2 2.999797 5.001189 2.488653 4.033767
301.848447 2 2.999797 5.027770 2.488460 4.032568
301.948447 2 2.999796 5.054492 2.488267 4.031368
302.048447 2 2.999796 5.081356 2.488073 4.030169
302.148447 2 2.999795 5.108362 2.487880 4.028970
302.248447 2 2.999795 5.135513 2.487687 4.027770
302.348447 2 2.999794 5.162807 2.487493 4.026571
302.448447 2 2.999793 5.190247 2.487300 4.025372
302.548447 2 2.999793 5.217833 2.487107 4.024172
302.648447 2 2.999792 5.245565 2.486913 4.022973
302.748447 2 2.999792 5.273444 2.486720 4.021773
302.848447 2 2.999791 5.301472 2.486527 4.020574
302.948447 2 2.999791 5.329648 2.486334 4.019375
303.048447 2 2.999790 5.357975 2.486140 4.018175
303.148447 2 2.999789 5.386452 2.485947 4.016976
303.248447 2 2.999789 5.415080 2.485754 4.015777
303.348447 2 2.999788 5.443860 2.485560 4.014577
303.448447 2 2.999788 5.472793 2.485367 4.013378
303.548447 2 2.999787 5.501881 2.485174 4.012178
303.648447 2 2.999786 5.531122 2.484980 4.010979
303.748447 2 2.999786 5.560519 2.484787 4.009780
303.848447 2 2.999785 5.590072 2.484594 4.008580
303.948447 2 2.999784 5.619783 2.484400 4.007381
304.048447 2 2.999784 5.649651 2.484207 4.006182
304.148447 2 2.999783 5.679678 2.484014 4.004982
304.248447 2 2.999783 5.709864 2.483820 4.003783
304.348447 2 2.999782 5.740211 2.483627 4.002583
304.448447 2 2.999781 5.770720 2.483434 4.001384
304.548447 2 2.999781 5.801390 2.483240 4.000185
304.648447 2 2.999780 5.832223 2.483047 3.998985
304.748447 2 2.999779 5.863220 2.482854 3.997786
304.848447 2 2.999779 5.894382 2.482660 3.996587
304.948447 2 2.999778 5.925710 2.482467 3.995387
305.048447 2 2.999777 5.957204 2.482274 3.994188
305.148447 2 2.999777 5.988865 2.482080 3.992988
305.248447 2 2.999776 6.020695 2.481887 3.991789
305.348447 2 2.999775 6.052693 2.481694 3.990590
305.448447 2 2.999775 6.084862 2.481500 3.989390
305.548447 2 2.999774 6.117202 2.481307 3.988191
305.648447 2 2.999773 6.149714 2.481114 3.986992
305.748447 2 2.999773 6.182398 2.480920 3.985792
305.848447 2 2.999772 6.215256 2.480727 3.984593
305.948447 2 2.999771 6.248289 2.480534 3.983393
306.048447 2 2.999771 6.281497 2.480340 3.982194
306.148447 2 2.999770 6.314882 2.480147 3.980995
306.248447 2 2.999769 6.348444 2.479953 3.979795
306.348447 2 2.999769 6.382184 2.479760 3.978596
306.448447 2 2.999768 6.416104 2.479567 3.977397
306.548447 2 2.999767 6.450204 2.479373 3.976197
306.648447 2 2.999766 6.484485 2.479180 3.974998
306.748447 2 2.999766 6.518949 2.478987 3.973798
306.848447 2 2.999765 6.553595 2.478793 3.972599
306.948447 2 2.999764 6.588426 2.478600 3.971400
307.048447 2 2.999764 6.623442 2.478406 3.970200
307.148447 2 2.999763 6.658644 2.478213 3.969001
307.248447 2 2.999762 6.694032 2.478020 3.967802
307.348447 2 2.999761 6.729609 2.477826 3.966602
307.448447 2 2.999761 6.765375 2.477633 3.965403
307.548447 2 2.999760 6.801331 2.477440 3.964203
307.648447 2 2.999759 6.837479 2.477246 3.963004
307.748447 2 2.999758 6.873818 2.477053 3.961805
307.848447 2 2.999758 6.910350 2.476859 3.960605
307.948447 2 2.999757 6.947077 2.476666 3.959406
308.048447 2 2.999756 6.983998 2.476473 3.958207
308.148447 2 2.999755 7.021116 2.476279 3.957007
308.248447 2 2.999755 7.058431 2.476086 3.955808
308.348447 2 2.999754 7.095945 2.475892 3.954609
308.448447 2 2.999753 7.133657 2.475699 3.953409
308.548447 2 2.999752 7.171571 2.475506 3.952210
308.648447 2 2.999751 7.209685 2.475312 3.951010
308.748447 2 2.999751 7.248002 2.475119 3.949811
308.848447 2 2.999750 7.286523 2.474925 3.948612
308.948447 2 2.999749 7.325249 2.474732 3.947412
309.048447 2 2.999748 7.364180 2.474538 3.946213
309.148447 2 2.999748 7.403318 2.474345 3.945014
309.248447 2 2.999747 7.442664 2.474152 3.943814
309.348447 2 2.999746 7.482219 2.473958 3.942615
309.448447 2 2.999745 7.521985 2.473765 3.941416
309.548447 2 2.999744 7.561961 2.473571 3.940216
309.648447 2 2.999743 7.602151 2.473378 3.939017
309.748447 2 2.999743 7.642553 2.473185 3.937817
309.848447 2 2.999742 7.683171 2.472991 3.936618
309.948447 2 2.999741 7.724004 2.472798 3.935419
310.048447 2 2.999740 7.765054 2.472604 3.934219
310.148447 2 2.999739 7.806322 2.472411 3.933020
310.248447 2 2.999738 7.847810 2.472217 3.931821
310.348447 2 2.999738 7.889518 2.472024 3.930621
310.448447 2 2.999737 7.931448 2.471830 3.929422
310.548447 2 2.999736 7.973600 2.471637 3.928223
310.648447 2 2.999735 8.015977 2.471443 3.927023
310.748447 2 2.999734 8.058578 2.471250 3.925824
310.848447 2 2.999733 8.101407 2.471057 3.924624
310.948447 2 2.999732 8.144462 2.470863 3.923425
311.048447 2 2.999732 8.187747 2.470670 3.922226
311.148447 2 2.999731 8.231261 2.470476 3.921026
311.248447 2 2.999730 8.275007 2.470283 3.919827
311.348447 2 2.999729 8.318985 2.470089 3.918628
311.448447 2 2.999728 8.363197 2.469896 3.917428
311.548447 2 2.999727 8.407643 2.469702 3.916229
311.648447 2 2.999726 8.452326 2.469509 3.915030
311.748447 2 2.999725 8.497247 2.469315 3.913830
311.848447 2 2.999724 8.542406 2.469122 3.912631
311.948447 2 2.999723 8.587805 2.468928 3.911432
312.048447 2 2.999722 8.633445 2.468735 3.910232
312.148447 2 2.999722 8.679328 2.468541 3.909033
312.248447 2 2.999721 8.725454 2.468348 3.907834
312.348447 2 2.999720 8.771826 2.468154 3.906634
312.448447 2 2.999719 8.818444 2.467961 3.905435
312.548447 2 2.999718 8.865310 2.467767 3.904235
312.648447 2 2.999717 8.912424 2.467574 3.903036
312.748447 2 2.999716 8.959790 2.467380 3.901837
312.848447 2 2.999715 9.007406 2.467187 3.900637
312.948447 2 2.999714 9.055276 2.466993 3.899438
313.048447 2 2.999713 9.103400 2.466800 3.898239
313.148447 2 2.999712 9.151780 2.466606 3.897039
313.248447 2 2.999711 9.200417 2.466413 3.895840
313.348447 2 2.999710 9.249313 2.466219 3.894641
313.448447 2 2.999709 9.298468 2.466026 3.893441
313.548447 2 2.999708 9.347884 2.465832 3.892242
313.648447 2 2.999707 9.397563 2.465639 3.891043
313.748447 2 2.999706 9.447506 2.465445 3.889843
313.848447 2 2.999705 9.497714 2.465252 3.888644
313.948447 2 2.999704 9.548190 2.465058 3.887445
314.048447 2 2.999703 9.598933 2.464865 3.886245
314.148447 2 2.999702 9.649946 2.464671 3.885046
314.248447 2 2.999701 9.701230 2.464478 3.883847
314.348447 2 2.999700 9.752786 2.464284 3.882647
314.448447 2 2.999699 9.804617 2.464090 3.881448
314.548447 2 2.999698 9.856722 2.463897 3.880249
314.648447 2 2.999697 9.909105 2.463703 3.879049
314.748447 2 2.999696 9.961766 2.463510 3.877850
314.848447 2 2.999695 10.014707 2.463316 3.876651
314.948447 2 2.999694 10.067929 2.463123 3.875451
315.048447 2 2.999693 10.121434 2.462929 3.874252
315.148447 2 2.999692 10.175223 2.462736 3.873052
315.248447 2 2.999690 10.229298 2.462542 3.871853
315.348447 2 2.999689 10.283660 2.462348 3.870654
315.448447 2 2.999688 10.338311 2.462155 3.869454
315.548447 2 2.999687 10.393253 2.461961 3.868255
315.648447 2 2.999686 10.448486 2.461768 3.867056
315.748447 2 2.999685 10.504013 2.461574 3.865856
315.848447 2 2.999684 10.559835 2.461380 3.864657
315.948447 2 2.999683 10.615953 2.461187 3.863458
316.048447 2 2.999682 10.672370 2.460993 3.862258
316.148447 2 2.999681 10.729086 2.460800 3.861059
316.248447 2 2.999679 10.786104 2.460606 3.859860
316.348447 2 2.999678 10.843425 2.460412 3.858660
316.448447 2 2.999677 10.901050 2.460219 3.857461
316.548447 2 2.999676 10.958982 2.460025 3.856262
316.648447 2 2.999675 11.017221 2.459832 3.855062
316.748447 2 2.999674 11.075770 2.459638 3.853863
316.848447 2 2.999672 11.134629 2.459444 3.852664
316.948447 2 2.999671 11.193802 2.459251 3.851464
317.048447 2 2.999670 11.253289 2.459057 3.850265
317.148447 2 2.999669 11.313092 2.458864 3.849066
317.248447 2 2.999668 11.373212 2.458670 3.847866
317.348447 2 2.999667 11.433652 2.458476 3.846667
317.448447 2 2.999665 11.494413 2.458283 3.845468
317.548447 2 2.999664 11.555497 2.458089 3.844268
317.648447 2 2.999663 11.616906 2.457895 3.843069
317.748447 2 2.999662 11.678641 2.457702 3.841870
317.848447 2 2.999661 11.740704 2.457508 3.840671
317.948447 2 2.999659 11.803096 2.457314 3.839471
318.048447 2 2.999658 11.865820 2.457121 3.838272
318.148447 2 2.999657 11.928878 2.456927 3.837073
318.248447 2 2.999656 11.992270 2.456733 3.835873
318.348447 2 2.999654 12.055999 2.456540 3.834674
318.448447 2 2.999653 12.120067 2.456346 3.833475
318.548447 2 2.999652 12.184475 2.456152 3.832275
318.648447 2 2.999650 12.249225 2.455959 3.831076
318.748447 2 2.999649 12.314319 2.455765 3.829877
318.848447 2 2.999648 12.379759 2.455571 3.828677
318.948447 2 2.999647 12.445547 2.455378 3.827478
319.048447 2 2.999645 12.511685 2.455184 3.826279
319.148447 2 2.999644 12.578173 2.454990 3.825079
319.248447 2 2.999643 12.645015 2.454797 3.823880
319.348447 2 2.999641 12.712212 2.454603 3.822681
319.448447 2 2.999640 12.779766 2.454409 3.821481
319.548447 2 2.999639 12.847679 2.454216 3.820282
319.648447 2 2.999637 12.915953 2.454022 3.819083
319.748447 2 2.999636 12.984589 2.453828 3.817883
319.848447 2 2.999635 13.053590 2.453634 3.816684
319.948447 2 2.999633 13.122958 2.453441 3.815485
320.048447 2 2.999632 13.192694 2.453247 3.814286
320.148447 2 2.999631 13.262801 2.453053 3.813086
320.248447 2 2.999629 13.333280 2.452859 3.811887
320.348447 2 2.999628 13.404134 2.452666 3.810688
320.448447 2 2.999627 13.475364 2.452472 3.809488
320.548447 2 2.999625 13.546972 2.452278 3.808289
320.648447 2 2.999624 13.618961 2.452085 3.807090
320.748447 2 2.999622 13.691332 2.451891 3.805890
320.848447 2 2.999621 13.764088 2.451697 3.804691
320.948447 2 2.999619 13.837230 2.451503 3.803492
321.048447 2 2.999618 13.910761 2.451309 3.802292
321.148447 2 2.999617 13.984682 2.451116 3.801093
321.248447 2 2.999615 14.058996 2.450922 3.799894
321.348447 2 2.999614 14.133705 2.450728 3.798695
321.448447 2 2.999612 14.208811 2.450534 3.797495
321.548447 2 2.999611 14.284316 2.450341 3.796296
321.648447 2 2.999609 14.360222 2.450147 3.795097
321.748447 2 2.999608 14.436531 2.449953 3.793897
321.848447 2 2.999606 14.513246 2.449759 3.792698
321.948447 2 2.999605 14.590368 2.449565 3.791499
322.048447 2 2.999603 14.667899 2.449372 3.790300
322.148447 2 2.999602 14.745843 2.449178 3.789100
322.248447 2 2.999600 14.824201 2.448984 3.787901
322.348447 2 2.999599 14.902975 2.448790 3.786702
322.448447 2 2.999597 14.982167 2.448596 3.785502
322.548447 2 2.999596 15.061780 2.448403 3.784303
322.648447 2 2.999594 15.141816 2.448209 3.783104
322.748447 2 2.999593 15.222277 2.448015 3.781904
322.848447 2 2.999591 15.303166 2.447821 3.780705
322.948447 2 2.999590 15.384484 2.447627 3.779506
323.048447 2 2.999588 15.466234 2.447433 3.778307
323.148447 2 2.999586 15.548419 2.447240 3.777107
323.248447 2 2.999585 15.631040 2.447046 3.775908
323.348447 2 2.999583 15.714100 2.446852 3.774709
323.448447 2 2.999582 15.797601 2.446658 3.773509
323.548447 2 2.999580 15.881546 2.446464 3.772310
323.648447 2 2.999578 15.965937 2.446270 3.771111
323.748447 2 2.999577 16.050776 2.446076 3.769912
323.848447 2 2.999575 16.136065 2.445883 3.768712
323.948447 2 2.999573 16.221808 2.445689 3.767513
324.048447 2 2.999572 16.308006 2.445495 3.766314
324.148447 2 2.999570 16.394662 2.445301 3.765115
324.248447 2 2.999568 16.481778 2.445107 3.763915
324.348447 2 2.999567 16.569358 2.444913 3.762716
324.448447 2 2.999565 16.657402 2.444719 3.761517
324.548447 2 2.999563 16.745914 2.444525 3.760317
324.648447 2 2.999562 16.834896 2.444331 3.759118
324.748447 2 2.999560 16.924351 2.444137 3.757919
324.848447 2 2.999558 17.014280 2.443944 3.756720
324.948447 2 2.999557 17.104688 2.443750 3.755520
325.048447 2 2.999555 17.195576 2.443556 3.754321
325.148447 2 2.999553 17.286946 2.443362 3.753122
325.248447 2 2.999551 17.378802 2.443168 3.751923
325.348447 2 2.999550 17.471146 2.442974 3.750723
325.448447 2 2.999548 17.563981 2.442780 3.749524
325.548447 2 2.999546 17.657308 2.442586 3.748325
325.648447 2 2.999544 17.751131 2.442392 3.747126
325.748447 2 2.999542 17.845453 2.442198 3.745926
325.848447 2 2.999541 17.940275 2.442004 3.744727
325.948447 2 2.999539 18.035601 2.441810 3.743528
326.048447 2 2.999537 18.131434 2.441616 3.742329
326.148447 2 2.999535 18.227775 2.441422 3.741129
326.248447 2 2.999533 18.324628 2.441228 3.739930
326.348447 2 2.999531 18.421996 2.441034 3.738731
326.448447 2 2.999530 18.519881 2.440840 3.737532
326.548447 2 2.999528 18.618285 2.440646 3.736332
326.648447 2 2.999526 18.717213 2.440452 3.735133
326.748447 2 2.999524 18.816665 2.440258 3.733934
326.848447 2 2.999522 18.916646 2.440064 3.732735
326.948447 2 2.999520 19.017158 2.439870 3.731535
327.048447 2 2.999518 19.118204 2.439676 3.730336
327.148447 2 2.999516 19.219787 2.439482 3.729137
327.248447 2 2.999514 19.321909 2.439288 3.727938
327.348447 2 2.999512 19.424573 2.439094 3.726738
327.448447 2 2.999511 19.527783 2.438900 3.725539
327.548447 2 2.999509 19.631541 2.438706 3.724340
327.648447 2 2.999507 19.735850 2.438512 3.723141
327.748447 2 2.999505 19.840712 2.438318 3.721941
327.848447 2 2.999503 19.946132 2.438124 3.720742
327.948447 2 2.999501 20.052112 2.437930 3.719543
328.048447 2 2.999499 20.158655 2.437736 3.718344
328.148447 2 2.999497 20.265763 2.437541 3.717144
328.248447 2 2.999495 20.373440 2.437347 3.715945
328.348447 2 2.999493 20.481690 2.437153 3.714746
328.448447 2 2.999490 20.590514 2.436959 3.713547
328.548447 2 2.999488 20.699916 2.436765 3.712348
328.648447 2 2.999486 20.809899 2.436571 3.711148
328.748447 2 2.999484 20.920466 2.436377 3.709949
328.848447 2 2.999482 21.031620 2.436183 3.708750
328.948447 2 2.999480 21.143365 2.435989 3.707551
329.048447 2 2.999478 21.255703 2.435794 3.706351
329.148447 2 2.999476 21.368637 2.435600 3.705152
329.248447 2 2.999474 21.482172 2.435406 3.703953
329.348447 2 2.999472 21.596309 2.435212 3.702754
329.448447 2 2.999469 21.711053 2.435018 3.701555
329.548447 2 2.999467 21.826406 2.434824 3.700355
329.648447 2 2.999465 21.942371 2.434630 3.699156
329.748447 2 2.999463 22.058952 2.434435 3.697957
329.848447 2 2.999461 22.176153 2.434241 3.696758
329.948447 2 2.999459 22.293976 2.434047 3.695559
330.048447 2 2.999456 22.412424 2.433853 3.694359
330.148447 2 2.999454 22.531502 2.433659 3.693160
330.248447 2 2.999452 22.651212 2.433464 3.691961
330.348447 2 2.999450 22.771557 2.433270 3.690762
330.448447 2 2.999447 22.892542 2.433076 3.689563
330.548447 2 2.999445 23.014169 2.432882 3.688363
330.648447 2 2.999443 23.136442 2.432688 3.687164
330.748447 2 2.999441 23.259364 2.432493 3.685965
330.848447 2 2.999438 23.382939 2.432299 3.684766
330.948447 2 2.999436 23.507170 2.432105 3.683567
331.048447 2 2.999434 23.632061 2.431911 3.682367
331.148447 2 2.999431 23.757615 2.431716 3.681168
331.248447 2 2.999429 23.883836 2.431522 3.679969
331.348447 2 2.999427 24.010727 2.431328 3.678770
331.448447 2 2.999424 24.138292 2.431134 3.677571
331.548447 2 2.999422 24.266534 2.430939 3.676372
331.648447 2 2.999419 24.395457 2.430745 3.675172
331.748447 2 2.999417 24.525065 2.430551 3.673973
331.848447 2 2.999415 24.655361 2.430356 3.672774
331.948447 2 2.999412 24.786349 2.430162 3.671575
332.048447 2 2.999410 24.918032 2.429968 3.670376
332.148447 2 2.999407 25.050415 2.429773 3.669176
332.248447 2 2.999405 25.183500 2.429579 3.667977
332.348447 2 2.999402 25.317292 2.429385 3.666778
332.448447 2 2.999400 25.451795 2.429190 3.665579
332.548447 2 2.999396 25.661658 2.428889 3.663721
332.648447 3 2.999392 25.873250 2.428588 3.661862
332.748447 3 2.999390 25.939878 2.430285 3.661728
332.848447 3 2.999387 26.006902 2.431988 3.661593
332.948447 3 2.999379 26.222965 2.437444 3.661161
333.048447 3 2.999371 26.440972 2.442900 3.660727
333.148447 3 2.999363 26.660942 2.448356 3.660292
333.248447 3 2.999355 26.882896 2.453812 3.659855
333.348447 3 2.999347 27.106851 2.459268 3.659418
333.448447 3 2.999339 27.332827 2.464724 3.658979
333.548447 3 2.999331 27.560845 2.470180 3.658539
333.648447 3 2.999322 27.790924 2.475636 3.658098
333.748447 3 2.999314 28.023085 2.481092 3.657656
333.848447 3 2.999305 28.257347 2.486548 3.657212
333.948447 3 2.999296 28.493732 2.492004 3.656767
334.048447 3 2.999287 28.732261 2.497460 3.656321
334.148447 3 2.999278 28.972954 2.502916 3.655873
334.248447 3 2.999269 29.215833 2.508372 3.655424
334.348447 3 2.999260 29.460919 2.513828 3.654974
334.448447 3 2.999251 29.708234 2.519284 3.654523
334.548447 3 2.999242 29.957801 2.524740 3.654071
334.648447 3 2.999232 30.209640 2.530196 3.653617
334.748447 3 2.999223 30.463775 2.535652 3.653162
334.848447 3 2.999213 30.720229 2.541108 3.652705
334.948447 3 2.999203 30.979024 2.546564 3.652248
335.048447 3 2.999193 31.240184 2.552020 3.651789
335.148447 3 2.999183 31.503731 2.557476 3.651329
335.248447 3 2.999173 31.769690 2.562932 3.650867
335.348447 3 2.999163 32.038084 2.568388 3.650404
335.448447 3 2.999153 32.308938 2.573844 3.649940
335.548447 3 2.999143 32.582276 2.579300 3.649475
335.648447 3 2.999132 32.858123 2.584756 3.649008
335.748447 3 2.999121 33.136504 2.590212 3.648540
335.848447 3 2.999111 33.417443 2.595668 3.648071
335.948447 3 2.999100 33.700967 2.601124 3.647600
336.048447 3 2.999089 33.987100 2.606580 3.647128
336.148447 3 2.999078 34.275870 2.612036 3.646655
336.248447 3 2.999066 34.567303 2.617492 3.646181
336.348447 3 2.999055 34.861424 2.622948 3.645705
336.448447 3 2.999044 35.158261 2.628404 3.645228
336.548447 3 2.999032 35.457842 2.633860 3.644749
336.648447 3 2.999020 35.760192 2.639316 3.644270
336.748447 3 2.999008 36.065341 2.644772 3.643789
336.848447 3 2.998996 36.373316 2.650228 3.643306
336.948447 3 2.998984 36.684146 2.655684 3.642822
337.048447 3 2.998972 36.997859 2.661140 3.642337
337.148447 3 2.998960 37.314484 2.666596 3.641851
337.248447 3 2.998947 37.634050 2.672052 3.641363
337.348447 3 2.998934 37.956588 2.677508 3.640874
337.448447 3 2.998922 38.282126 2.682964 3.640384
337.548447 3 2.998909 38.610695 2.688420 3.639892
337.648447 3 2.998895 38.942326 2.693876 3.639399
337.748447 3 2.998882 39.277049 2.699332 3.638904
337.848447 3 2.998869 39.614896 2.704788 3.638408
337.948447 3 2.998855 39.955898 2.710244 3.637911
338.048447 3 2.998842 40.300087 2.715700 3.637413
338.148447 3 2.998828 40.647495 2.721156 3.636913
338.248447 3 2.998814 40.998155 2.726612 3.636411
338.348447 3 2.998800 41.352099 2.732068 3.635909
338.448447 3 2.998785 41.709361 2.737524 3.635405
338.548447 3 2.998771 42.069975 2.742980 3.634899
338.648447 3 2.998756 42.433975 2.748436 3.634393
338.748447 3 2.998741 42.801394 2.753892 3.633885
338.848447 3 2.998726 43.172267 2.759348 3.633375
338.948447 3 2.998711 43.546631 2.764804 3.632864
339.048447 3 2.998696 43.924519 2.770260 3.632352
339.148447 3 2.998680 44.305968 2.775716 3.631838
339.248447 3 2.998665 44.691015 2.781172 3.631323
339.348447 3 2.998649 45.079695 2.786628 3.630807
339.448447 3 2.998633 45.472046 2.792084 3.630289
339.548447 3 2.998617 45.868106 2.797540 3.629770
339.648447 3 2.998600 46.267911 2.802996 3.629250
339.748447 3 2.998584 46.671501 2.808452 3.628728
339.848447 4 2.998580 46.763872 2.809694 3.628609
339.948447 4 2.998563 46.733980 2.809292 3.628647
340.048447 4 2.998559 46.726493 2.809191 3.628657
340.163450 4 2.998328 46.325825 2.803773 3.629172
340.278452 4 2.998101 45.936073 2.798453 3.629677
340.393455 4 2.997880 45.556938 2.793232 3.630171
340.508457 4 2.997663 45.188130 2.788107 3.630655
340.623460 4 2.997450 44.829370 2.783078 3.631129
340.738463 4 2.997241 44.480388 2.778143 3.631592
340.853465 4 2.997036 44.140924 2.773303 3.632046
340.968468 4 2.996835 43.810724 2.768557 3.632490
341.083470 4 2.996638 43.489545 2.763902 3.632924
341.198473 4 2.996444 43.177150 2.759339 3.633348
341.313475 4 2.996254 42.873311 2.754866 3.633764
341.428478 4 2.996067 42.577807 2.750483 3.634170
341.543480 4 2.995883 42.290424 2.746189 3.634567
341.658483 4 2.995702 42.010953 2.741982 3.634955
341.773485 4 2.995524 41.739195 2.737862 3.635334
341.888488 4 2.995348 41.474955 2.733828 3.635705
342.003490 4 2.995176 41.218043 2.729879 3.636067
342.118493 4 2.995006 40.968278 2.726014 3.636420
342.233496 4 2.994838 40.725483 2.722232 3.636766
342.348498 4 2.994673 40.489484 2.718533 3.637103
342.463501 4 2.994511 40.260117 2.714915 3.637432
342.578503 4 2.994350 40.037218 2.711378 3.637753
342.693506 4 2.994192 39.820632 2.707920 3.638066
342.808508 4 2.994036 39.610205 2.704541 3.638372
342.923511 4 2.993882 39.405790 2.701239 3.638670
343.153516 4 2.993578 39.014428 2.694866 3.639244
343.383521 4 2.993281 38.645441 2.688793 3.639790
343.613526 4 2.992991 38.297788 2.683014 3.640307
343.843531 4 2.992707 37.970485 2.677519 3.640797
344.073536 4 2.992429 37.662598 2.672304 3.641261
344.303541 4 2.992157 37.373244 2.667360 3.641700
344.533546 4 2.991890 37.101583 2.662679 3.642114
344.763551 4 2.991627 36.846815 2.658256 3.642505
344.993556 4 2.991369 36.608180 2.654082 3.642872
345.223561 4 2.991116 36.384953 2.650151 3.643217
345.453567 4 2.990866 36.176441 2.646454 3.643541
345.683572 4 2.990619 35.981981 2.642985 3.643844
346.143582 4 2.990132 35.632710 2.636702 3.644392
346.603592 4 2.989658 35.332348 2.631243 3.644865
347.063602 4 2.989192 35.076458 2.626551 3.645270
347.523612 4 2.988735 34.860896 2.622567 3.645613
347.983622 4 2.988285 34.681759 2.619233 3.645898
348.443632 4 2.987841 34.535348 2.616492 3.646132
348.903643 4 2.987401 34.418130 2.614285 3.646318
349.363653 4 2.986965 34.326700 2.612554 3.646463
349.823663 4 2.986532 34.257760 2.611243 3.646572
350.283673 4 2.986101 34.208090 2.610292 3.646649
350.743683 4 2.985671 34.174530 2.609643 3.646700
351.203693 4 2.985243 34.153959 2.609239 3.646730
351.663704 4 2.984815 34.143284 2.609022 3.646743
352.123714 4 2.984387 34.139428 2.608934 3.646746
352.583724 4 2.983959 34.139320 2.608916 3.646742
352.698726 4 2.983852 34.092868 2.611722 3.647739
352.798726 4 2.983798 33.888441 2.616476 3.650234
352.898726 4 2.983744 33.686761 2.619642 3.652321
352.998726 4 2.983690 33.487788 2.622249 3.654260
353.098726 4 2.983636 33.291482 2.624538 3.656108
353.198726 4 2.983582 33.097805 2.626610 3.657894
353.298726 4 2.983528 32.906717 2.628525 3.659629
353.398726 4 2.983474 32.718182 2.630315 3.661325
353.498726 4 2.983420 32.532163 2.632006 3.662986
353.598726 4 2.983367 32.348624 2.633614 3.664616
353.698726 4 2.983313 32.167529 2.635151 3.666219
353.798726 4 2.983260 31.988844 2.636627 3.667798
353.898726 4 2.983206 31.812533 2.638050 3.669354
353.998726 4 2.983153 31.638565 2.639426 3.670889
354.098726 4 2.983100 31.466904 2.640759 3.672403
354.198726 4 2.983047 31.297519 2.642054 3.673899
354.298726 4 2.982994 31.130378 2.643314 3.675377
354.398726 4 2.982941 30.965449 2.644543 3.676838
354.498726 4 2.982888 30.802702 2.645743 3.678282
354.598726 4 2.982836 30.642106 2.646916 3.679710
354.698726 4 2.982783 30.483631 2.648063 3.681123
354.798726 4 2.982731 30.327247 2.649188 3.682521
354.898726 4 2.982679 30.172926 2.650291 3.683905
354.998726 4 2.982627 30.020640 2.651374 3.685274
355.113729 4 2.982523 29.722060 2.653483 3.687972
355.228731 4 2.982420 29.431288 2.655524 3.690617
355.343734 4 2.982317 29.148113 2.657505 3.693212
355.458736 4 2.982215 28.872332 2.659430 3.695757
355.573739 4 2.982113 28.603748 2.661305 3.698255
355.688742 4 2.982012 28.342169 2.663134 3.700707
355.803744 4 2.981912 28.087410 2.664920 3.703115
355.918747 4 2.981812 27.839293 2.666667 3.705478
356.033749 4 2.981712 27.597644 2.668378 3.707799
356.148752 4 2.981613 27.362297 2.670055 3.710078
356.263754 4 2.981514 27.133087 2.671701 3.712316
356.378757 4 2.981416 26.909859 2.673316 3.714514
356.493759 4 2.981318 26.692458 2.674904 3.716672
356.608762 4 2.981220 26.480739 2.676465 3.718792
356.723764 4 2.981123 26.274557 2.678001 3.720873
356.838767 4 2.981027 26.073773 2.679513 3.722917
356.953769 4 2.980931 25.878254 2.681003 3.724924
357.068772 4 2.980835 25.687868 2.682472 3.726894
357.183775 4 2.980739 25.502490 2.683920 3.728829
357.298777 4 2.980644 25.321995 2.685349 3.730729
357.413780 4 2.980550 25.146266 2.686759 3.732594
357.528782 4 2.980455 24.975186 2.688152 3.734424
357.643785 4 2.980361 24.808643 2.689528 3.736221
357.758787 4 2.980268 24.646529 2.690887 3.737984
357.873790 4 2.980174 24.488737 2.692231 3.739715
357.988792 4 2.980081 24.335164 2.693559 3.741413
358.103795 4 2.979989 24.185712 2.694873 3.743079
358.218797 4 2.979896 24.040282 2.696173 3.744714
358.333800 4 2.979804 23.898782 2.697460 3.746318
358.448802 4 2.979712 23.761118 2.698733 3.747890
358.563805 4 2.979620 23.627202 2.699994 3.749433
358.678807 4 2.979529 23.496948 2.701243 3.750946
358.793810 4 2.979438 23.370270 2.702480 3.752429
358.908813 4 2.979347 23.247088 2.703705 3.753883
359.023815 4 2.979256 23.127321 2.704920 3.755308
359.253820 4 2.979075 22.897725 2.707317 3.758074
359.483825 4 2.978895 22.680885 2.709674 3.760729
359.713830 4 2.978715 22.476234 2.711992 3.763277
359.943835 4 2.978537 22.283236 2.714275 3.765720
360.173840 4 2.978358 22.101377 2.716523 3.768062
360.403846 4 2.978181 21.930173 2.718738 3.770304
360.633851 4 2.978003 21.769158 2.720922 3.772450
360.863856 4 2.977826 21.617889 2.723077 3.774503
361.093861 4 2.977650 21.475944 2.725203 3.776465
361.323866 4 2.977474 21.342918 2.727302 3.778339
361.553871 4 2.977298 21.218423 2.729376 3.780128
361.783876 4 2.977122 21.102087 2.731424 3.781834
362.243886 4 2.976771 20.892474 2.735450 3.785008
362.703896 4 2.976419 20.711379 2.739387 3.787883
363.163906 4 2.976068 20.556279 2.743242 3.790479
363.623917 4 2.975716 20.424812 2.747021 3.792817
364.083927 4 2.975364 20.314746 2.750728 3.794917
364.543937 4 2.975010 20.223956 2.754367 3.796799
365.003947 4 2.974655 20.150408 2.757943 3.798484
365.463957 4 2.974298 20.092141 2.761459 3.799992
365.923967 4 2.973939 20.047248 2.764918 3.801343
366.383977 4 2.973578 20.013871 2.768324 3.802556
366.843988 4 2.973215 19.990180 2.771679 3.803652
367.303998 4 2.972849 19.974371 2.774986 3.804650
367.764008 4 2.972481 19.964654 2.778246 3.805571
368.224018 4 2.972110 19.959251 2.781462 3.806434
368.684028 4 2.971736 19.956386 2.784636 3.807259
369.144038 4 2.971360 19.954389 2.787770 3.808064
369.604048 4 2.970981 19.953422 2.790865 3.808848
370.064059 4 2.970599 19.955210 2.793923 3.809593
370.524069 4 2.970215 19.961531 2.796945 3.810280
370.984079 4 2.969827 19.974168 2.799932 3.810889
371.444089 4 2.969437 19.994915 2.802887 3.811402
371.904099 4 2.969044 20.025584 2.805809 3.811800
372.364109 4 2.968647 20.068010 2.808701 3.812064
372.824119 4 2.968246 20.124065 2.811563 3.812173
373.284130 4 2.967842 20.195669 2.814396 3.812110
373.744140 4 2.967434 20.284799 2.817201 3.811856
374.204150 4 2.967021 20.393510 2.819979 3.811389
374.664160 4 2.966603 20.523952 2.822731 3.810693
375.124170 4 2.966180 20.678386 2.825458 3.809747
375.584180 4 2.965751 20.859212 2.828160 3.808532
375.814185 4 2.965533 20.960312 2.829502 3.807817
376.044191 4 2.965314 21.068984 2.830838 3.807028
376.274196 4 2.965092 21.185581 2.832168 3.806162
376.504201 4 2.964869 21.310466 2.833493 3.805217
376.734206 4 2.964643 21.444020 2.834812 3.804190
376.964211 4 2.964416 21.586639 2.836125 3.803079
377.194216 4 2.964186 21.738737 2.837433 3.801882
377.424221 4 2.963954 21.900748 2.838735 3.800595
377.654226 4 2.963720 22.073127 2.840032 3.799217
377.884231 4 2.963483 22.256349 2.841324 3.797745
378.114236 4 2.963243 22.450915 2.842611 3.796176
378.344241 4 2.963000 22.657351 2.843892 3.794509
378.574246 4 2.962755 22.876212 2.845168 3.792741
378.689249 4 2.962631 22.990481 2.845805 3.791818
378.804251 4 2.962505 23.108077 2.846440 3.790869
378.919254 4 2.962379 23.229079 2.847073 3.789893
379.034256 4 2.962253 23.353567 2.847706 3.788890
379.149259 4 2.962125 23.481624 2.848337 3.787861
379.264262 4 2.961996 23.613333 2.848967 3.786804
379.379264 4 2.961867 23.748783 2.849596 3.785719
379.494267 4 2.961736 23.888063 2.850224 3.784606
379.609269 4 2.961605 24.031265 2.850850 3.783465
379.724272 4 2.961473 24.178485 2.851476 3.782295
379.839274 4 2.961339 24.329820 2.852100 3.781096
379.954277 4 2.961205 24.485371 2.852723 3.779868
380.069279 4 2.961069 24.645242 2.853344 3.778610
380.184282 4 2.960933 24.809539 2.853965 3.777322
380.299284 4 2.960795 24.978373 2.854584 3.776005
380.414287 4 2.960656 25.151856 2.855203 3.774656
380.529289 4 2.960516 25.330107 2.855820 3.773277
380.644292 4 2.960375 25.513245 2.856436 3.771867
380.759294 4 2.960233 25.701396 2.857051 3.770425
380.874297 4 2.960089 25.894686 2.857664 3.768951
380.989300 4 2.959944 26.093248 2.858277 3.767446
381.104302 4 2.959798 26.297219 2.858888 3.765908
381.219305 4 2.959650 26.506740 2.859499 3.764337
381.334307 4 2.959501 26.721956 2.860108 3.762733
381.449310 4 2.959350 26.943016 2.860716 3.761097
381.564312 4 2.959198 27.170077 2.861323 3.759426
381.679315 4 2.959045 27.403298 2.861929 3.757722
381.794317 4 2.958890 27.642844 2.862534 3.755983
381.909320 4 2.958733 27.888886 2.863138 3.754210
382.024322 4 2.958575 28.141600 2.863741 3.752401
382.139325 4 2.958415 28.401170 2.864343 3.750558
382.254327 4 2.958254 28.667783 2.864943 3.748679
382.369330 4 2.958091 28.941634 2.865543 3.746765
382.484333 4 2.957925 29.222926 2.866142 3.744814
382.599335 4 2.957758 29.511865 2.866739 3.742827
382.699335 4 2.957674 29.659270 2.867038 3.741820
382.799335 4 2.957589 29.808668 2.867336 3.740803
382.899335 4 2.957504 29.960087 2.867634 3.739777
382.999335 4 2.957418 30.113557 2.867931 3.738742
383.099335 4 2.957331 30.269107 2.868229 3.737698
383.199335 4 2.957245 30.426766 2.868526 3.736644
383.299335 4 2.957157 30.586563 2.868822 3.735581
383.399335 4 2.957069 30.748531 2.869119 3.734508
383.499335 4 2.956981 30.912700 2.869415 3.733426
383.599335 4 2.956892 31.079101 2.869711 3.732334
383.699335 4 2.956802 31.247768 2.870007 3.731233
383.799335 4 2.956712 31.418732 2.870303 3.730122
383.899335 4 2.956621 31.592029 2.870598 3.729001
383.999335 4 2.956530 31.767690 2.870893 3.727871
384.099335 4 2.956438 31.945752 2.871188 3.726731
384.199335 4 2.956346 32.126249 2.871483 3.725581
384.299335 4 2.956253 32.309218 2.871777 3.724422
384.399335 4 2.956159 32.494694 2.872071 3.723252
384.499335 4 2.956065 32.682716 2.872365 3.722073
384.599335 4 2.955971 32.873320 2.872658 3.720883
384.699335 4 2.955875 33.066546 2.872952 3.719684
384.799335 4 2.955779 33.262433 2.873245 3.718475
384.899335 4 2.955682 33.461021 2.873537 3.717255
384.999335 4 2.955585 33.662350 2.873830 3.716026
385.099335 4 2.955487 33.866462 2.874122 3.714786
385.199335 4 2.955389 34.073399 2.874414 3.713536
385.299335 4 2.955289 34.283204 2.874706 3.712276
385.399335 4 2.955189 34.495922 2.874998 3.711006
385.499335 4 2.955089 34.711595 2.875289 3.709726
385.599335 4 2.954987 34.930271 2.875580 3.708435
385.699335 4 2.954885 35.151994 2.875871 3.707133
385.799335 4 2.954782 35.376813 2.876162 3.705822
385.899335 4 2.954679 35.604774 2.876452 3.704499
385.999335 4 2.954575 35.835928 2.876742 3.703167
386.099335 4 2.954470 36.070324 2.877032 3.701824
386.199335 4 2.954364 36.308012 2.877322 3.700470
386.299335 4 2.954257 36.549045 2.877611 3.699105
386.399335 4 2.954150 36.793474 2.877900 3.697730
386.499335 4 2.954042 37.041354 2.878189 3.696344
386.599335 4 2.953933 37.292740 2.878478 3.694948
386.699335 4 2.953823 37.547686 2.878766 3.693541
386.799335 4 2.953713 37.806250 2.879054 3.692122
386.899335 4 2.953601 38.068489 2.879342 3.690693
386.999335 4 2.953489 38.334464 2.879630 3.689253
387.099335 4 2.953376 38.604232 2.879918 3.687803
387.199335 4 2.953262 38.877857 2.880205 3.686341
387.299335 4 2.953147 39.155401 2.880492 3.684868
387.399335 4 2.953031 39.436926 2.880779 3.683384
387.499335 4 2.952914 39.722499 2.881065 3.681889
387.599335 4 2.952797 40.012184 2.881352 3.680382
387.699335 4 2.952678 40.306051 2.881638 3.678865
387.799335 4 2.952559 40.604167 2.881923 3.677336
387.899335 4 2.952438 40.906602 2.882209 3.675796
387.999335 4 2.952317 41.213428 2.882494 3.674245
388.099335 4 2.952194 41.524719 2.882779 3.672682
388.199335 4 2.952071 41.840548 2.883064 3.671108
388.299335 4 2.951946 42.160991 2.883349 3.669522
388.399335 4 2.951820 42.486126 2.883633 3.667925
388.499335 4 2.951694 42.816032 2.883918 3.666317
388.599335 4 2.951566 43.150788 2.884202 3.664697
388.699335 4 2.951437 43.490478 2.884485 3.663065
388.799335 4 2.951308 43.835185 2.884769 3.661421
388.899335 4 2.951177 44.184994 2.885052 3.659766
388.999335 4 2.951044 44.539993 2.885335 3.658099
389.099335 4 2.950911 44.900270 2.885618 3.656421
389.199335 4 2.950777 45.265916 2.885900 3.654730
389.299335 4 2.950641 45.637025 2.886183 3.653028
389.399335 4 2.950504 46.013690 2.886465 3.651313
389.499335 4 2.950366 46.396007 2.886747 3.649587
389.599335 4 2.950230 46.775096 2.887022 3.647889
389.699335 4 2.950110 47.111375 2.887262 3.646393
389.799335 4 2.950004 47.409177 2.887473 3.645078
389.899335 4 2.949910 47.672513 2.887657 3.643921
389.999335 4 2.949746 48.139640 2.887978 3.641884
390.099335 4 2.949621 48.495321 2.888220 3.640346
390.199335 4 2.949527 48.765129 2.888400 3.639186
390.299335 4 2.949385 49.174812 2.888671 3.637437
