t Ka M R logL logTeff
99.904584 1 1.000084 0.890812 -0.153854 3.747784
199.809347 1 1.000083 0.893298 -0.151512 3.747764
299.714289 1 1.000083 0.895792 -0.149118 3.747758
399.619413 1 1.000082 0.898296 -0.146672 3.747763
499.524719 1 1.000082 0.900811 -0.144173 3.747781
599.430211 1 1.000081 0.903337 -0.141622 3.747810
699.335889 1 1.000081 0.905876 -0.139019 3.747851
799.241755 1 1.000080 0.908429 -0.136364 3.747904
899.147812 1 1.000080 0.910996 -0.133657 3.747968
999.054061 1 1.000079 0.913579 -0.130897 3.748043
1098.960503 1 1.000079 0.916179 -0.128085 3.748129
1198.867142 1 1.000078 0.918797 -0.125221 3.748225
1298.773978 1 1.000078 0.921433 -0.122305 3.748332
1398.681015 1 1.000077 0.924090 -0.119337 3.748449
1498.588254 1 1.000076 0.926767 -0.116316 3.748576
1598.495697 1 1.000076 0.929467 -0.113243 3.748713
1698.403347 1 1.000075 0.932190 -0.110118 3.748859
1798.311206 1 1.000075 0.934937 -0.106941 3.749014
1898.219276 1 1.000074 0.937709 -0.103711 3.749179
1998.127560 1 1.000074 0.940508 -0.100430 3.749352
2098.036060 1 1.000073 0.943335 -0.097096 3.749534
2197.944780 1 1.000073 0.946191 -0.093710 3.749724
2297.853720 1 1.000072 0.949077 -0.090271 3.749922
2397.762885 1 1.000071 0.951994 -0.086781 3.750128
2497.672277 1 1.000071 0.954944 -0.083238 3.750342
2597.581899 1 1.000070 0.957927 -0.079643 3.750564
2697.491753 1 1.000069 0.960946 -0.075995 3.750792
2797.401844 1 1.000069 0.964001 -0.072296 3.751028
2897.312173 1 1.000068 0.967093 -0.068544 3.751270
2997.222744 1 1.000068 0.970225 -0.064740 3.751519
3097.133560 1 1.000067 0.973396 -0.060884 3.751775
3197.044625 1 1.000066 0.976609 -0.056975 3.752036
3296.955941 1 1.000066 0.979866 -0.053015 3.752304
3396.867514 1 1.000065 0.983166 -0.049001 3.752577
3496.779345 1 1.000064 0.986513 -0.044936 3.752855
3596.691439 1 1.000064 0.989907 -0.040818 3.753139
3696.603799 1 1.000063 0.993349 -0.036648 3.753427
3796.516431 1 1.000062 0.996842 -0.032426 3.753721
3896.429336 1 1.000061 1.000387 -0.028151 3.754019
3996.342520 1 1.000061 1.003985 -0.023824 3.754321
4096.255988 1 1.000060 1.007639 -0.019445 3.754627
4196.169742 1 1.000059 1.011350 -0.015013 3.754937
4296.083788 1 1.000058 1.015119 -0.010529 3.755250
4395.998130 1 1.000057 1.018949 -0.005992 3.755566
4495.912773 1 1.000057 1.022841 -0.001402 3.755886
4595.827723 1 1.000056 1.026798 0.003240 3.756208
4695.742983 1 1.000055 1.030822 0.007935 3.756533
4795.658559 1 1.000054 1.034914 0.012683 3.756859
4895.574456 1 1.000053 1.039078 0.017484 3.757187
4995.490680 1 1.000052 1.043315 0.022338 3.757517
5095.407236 1 1.000052 1.047629 0.027245 3.757848
5195.324130 1 1.000051 1.052022 0.032205 3.758179
5295.241369 1 1.000050 1.056496 0.037219 3.758511
5395.158957 1 1.000049 1.061056 0.042287 3.758843
5495.076902 1 1.000048 1.065704 0.047409 3.759174
5594.995209 1 1.000047 1.070445 0.052585 3.759505
5694.913886 1 1.000046 1.075281 0.057816 3.759833
5794.832940 1 1.000045 1.080218 0.063101 3.760160
5894.752376 1 1.000044 1.085259 0.068442 3.760484
5994.672204 1 1.000043 1.090410 0.073839 3.760805
6094.592429 1 1.000042 1.095676 0.079293 3.761123
6194.513061 1 1.000041 1.101063 0.084803 3.761435
6294.434106 1 1.000039 1.106577 0.090370 3.761742
6394.355573 1 1.000038 1.112225 0.095996 3.762043
6494.277471 1 1.000037 1.118015 0.101681 3.762337
6594.199809 1 1.000036 1.123954 0.107426 3.762623
6694.122595 1 1.000035 1.130053 0.113232 3.762899
6794.045838 1 1.000034 1.136321 0.119100 3.763165
6893.969550 1 1.000032 1.142768 0.125032 3.763419
6993.893739 1 1.000031 1.149407 0.131027 3.763661
7093.818416 1 1.000030 1.156251 0.137089 3.763887
7193.743592 1 1.000028 1.163314 0.143219 3.764097
7293.669278 1 1.000027 1.170613 0.149419 3.764289
7393.595485 1 1.000026 1.178164 0.155690 3.764460
7493.522226 1 1.000024 1.185987 0.162035 3.764609
7593.449513 1 1.000023 1.194103 0.168456 3.764734
7693.377359 1 1.000021 1.202535 0.174956 3.764831
7793.305777 1 1.000020 1.211310 0.181538 3.764898
7893.234782 1 1.000018 1.220455 0.188206 3.764931
7993.164388 1 1.000016 1.230002 0.194961 3.764928
8093.094611 1 1.000015 1.239986 0.201810 3.764885
8193.025466 1 1.000013 1.250445 0.208755 3.764797
8292.956971 1 1.000011 1.261424 0.215801 3.764660
8392.889142 1 1.000009 1.272968 0.222954 3.764470
8442.855570 1 1.000009 1.279263 0.227975 3.764654
8467.838872 1 1.000008 1.285079 0.235054 3.765439
8492.822219 1 1.000008 1.296354 0.246041 3.766289
8517.805612 1 1.000007 1.307634 0.254727 3.766579
8567.772494 1 1.000006 1.314497 0.258682 3.766431
8617.739572 1 1.000005 1.321553 0.262668 3.766265
8667.706851 1 1.000004 1.328813 0.266688 3.766081
8717.674333 1 1.000003 1.336286 0.270742 3.765876
8767.642022 1 1.000002 1.343983 0.274830 3.765651
8817.609921 1 1.000001 1.351917 0.278953 3.765404
8867.578033 1 0.999999 1.360102 0.283113 3.765133
8917.546362 1 0.999998 1.368551 0.287311 3.764838
8967.514912 1 0.999997 1.377280 0.291547 3.764516
9017.483686 1 0.999996 1.386307 0.295823 3.764167
9067.452689 1 0.999995 1.395651 0.300140 3.763787
9117.421924 1 0.999993 1.405333 0.304499 3.763376
9167.391396 1 0.999992 1.415379 0.308901 3.762929
9217.361109 1 0.999991 1.425815 0.313348 3.762446
9267.331067 1 0.999990 1.436672 0.317840 3.761922
9317.301275 1 0.999988 1.447985 0.322380 3.761353
9367.271737 1 0.999987 1.459796 0.326968 3.760736
9417.242460 1 0.999985 1.472152 0.331607 3.760066
9467.213447 1 0.999984 1.485107 0.336297 3.759336
9517.184705 1 0.999983 1.498726 0.341040 3.758540
9567.156238 1 0.999981 1.513083 0.345839 3.757669
9592.142146 1 0.999980 1.520566 0.348259 3.757203
9617.128125 1 0.999980 1.528268 0.350694 3.756714
9642.114178 1 0.999979 1.536204 0.353144 3.756202
9667.100304 1 0.999978 1.544387 0.355608 3.755664
9692.086504 1 0.999977 1.552835 0.358087 3.755100
9717.072779 1 0.999976 1.561566 0.360582 3.754506
9742.059131 1 0.999976 1.570599 0.363092 3.753881
9767.045559 1 0.999975 1.579956 0.365618 3.753223
9792.032066 1 0.999974 1.589660 0.368160 3.752528
9817.018651 1 0.999973 1.599738 0.370719 3.751796
9842.005316 1 0.999972 1.610219 0.373294 3.751022
9866.992062 1 0.999971 1.621134 0.375886 3.750203
9891.978890 1 0.999970 1.632517 0.378495 3.749335
9916.965801 1 0.999970 1.644408 0.381121 3.748416
9935.706047 1 0.999969 1.653685 0.383102 3.747690
9963.816488 1 0.999968 1.668223 0.386093 3.746537
9991.927038 2 0.999967 1.683575 0.389107 3.745301
9993.617587 2 0.999965 1.685110 0.389321 3.745157
9998.878089 2 0.999961 1.689896 0.389986 3.744707
10004.138678 2 0.999957 1.694695 0.390651 3.744258
10009.399355 2 0.999952 1.699508 0.391316 3.743808
10014.660118 2 0.999948 1.704334 0.391981 3.743358
10019.920970 2 0.999944 1.709175 0.392646 3.742909
10025.181910 2 0.999939 1.714029 0.393312 3.742459
10030.442939 2 0.999935 1.718897 0.393977 3.742010
10035.704056 2 0.999930 1.723779 0.394642 3.741560
10040.965263 2 0.999926 1.728674 0.395307 3.741111
10046.226560 2 0.999921 1.733584 0.395972 3.740661
10051.487948 2 0.999917 1.738508 0.396638 3.740212
10056.749426 2 0.999912 1.743445 0.397303 3.739762
10062.010995 2 0.999907 1.748397 0.397968 3.739313
10067.272655 2 0.999903 1.753362 0.398634 3.738863
10072.534408 2 0.999898 1.758342 0.399299 3.738414
10077.796253 2 0.999894 1.763336 0.399965 3.737964
10083.058190 2 0.999889 1.768344 0.400630 3.737515
10088.320220 2 0.999884 1.773367 0.401296 3.737065
10093.582344 2 0.999880 1.778404 0.401962 3.736616
10098.844562 2 0.999875 1.783455 0.402627 3.736166
10104.106875 2 0.999870 1.788520 0.403293 3.735717
10109.369282 2 0.999865 1.793600 0.403959 3.735267
10114.631784 2 0.999861 1.798694 0.404624 3.734818
10119.894382 2 0.999856 1.803803 0.405290 3.734369
10125.157076 2 0.999851 1.808926 0.405956 3.733919
10130.419866 2 0.999846 1.814064 0.406622 3.733470
10135.682753 2 0.999841 1.819217 0.407288 3.733020
10140.945738 2 0.999836 1.824384 0.407954 3.732571
10146.208820 2 0.999831 1.829566 0.408620 3.732121
10151.472000 2 0.999826 1.834763 0.409286 3.731672
10156.735279 2 0.999821 1.839974 0.409952 3.731223
10161.998657 2 0.999816 1.845200 0.410618 3.730773
10167.262135 2 0.999811 1.850442 0.411284 3.730324
10172.525712 2 0.999806 1.855698 0.411950 3.729875
10177.789390 2 0.999801 1.860969 0.412616 3.729425
10183.053169 2 0.999796 1.866255 0.413283 3.728976
10188.317049 2 0.999791 1.871556 0.413949 3.728526
10193.581030 2 0.999786 1.876872 0.414615 3.728077
10198.845114 2 0.999781 1.882203 0.415282 3.727628
10204.109300 2 0.999776 1.887549 0.415948 3.727178
10209.373590 2 0.999771 1.892911 0.416615 3.726729
10214.637983 2 0.999765 1.898288 0.417281 3.726280
10219.902480 2 0.999760 1.903680 0.417948 3.725831
10225.167081 2 0.999755 1.909088 0.418614 3.725381
10230.431787 2 0.999750 1.914511 0.419281 3.724932
10235.696599 2 0.999744 1.919949 0.419948 3.724483
10240.961516 2 0.999739 1.925403 0.420615 3.724033
10246.226540 2 0.999734 1.930873 0.421281 3.723584
10251.491671 2 0.999728 1.936358 0.421948 3.723135
10256.756909 2 0.999723 1.941858 0.422615 3.722686
10262.022254 2 0.999718 1.947374 0.423282 3.722236
10267.287708 2 0.999712 1.952906 0.423949 3.721787
10272.553270 2 0.999707 1.958454 0.424616 3.721338
10277.818942 2 0.999701 1.964018 0.425283 3.720889
10283.084723 2 0.999696 1.969597 0.425951 3.720440
10288.350615 2 0.999690 1.975192 0.426618 3.719990
10293.616617 2 0.999685 1.980803 0.427285 3.719541
10298.882730 2 0.999679 1.986431 0.427952 3.719092
10304.148954 2 0.999673 1.992074 0.428620 3.718643
10309.415291 2 0.999668 1.997733 0.429287 3.718194
10314.681741 2 0.999662 2.003408 0.429955 3.717744
10319.948303 2 0.999656 2.009100 0.430622 3.717295
10325.214979 2 0.999651 2.014808 0.431290 3.716846
10330.481770 2 0.999645 2.020532 0.431957 3.716397
10335.748674 2 0.999639 2.026272 0.432625 3.715948
10341.015694 2 0.999634 2.032029 0.433293 3.715499
10346.282830 2 0.999628 2.037802 0.433960 3.715050
10351.550082 2 0.999622 2.043591 0.434628 3.714601
10356.817450 2 0.999616 2.049397 0.435296 3.714152
10362.084936 2 0.999610 2.055220 0.435964 3.713702
10367.352539 2 0.999604 2.061059 0.436632 3.713253
10372.620261 2 0.999598 2.066915 0.437300 3.712804
10377.888101 2 0.999592 2.072787 0.437968 3.712355
10383.156061 2 0.999586 2.078676 0.438636 3.711906
10388.424140 2 0.999580 2.084582 0.439305 3.711457
10393.692340 2 0.999574 2.090505 0.439973 3.711008
10398.960661 2 0.999568 2.096445 0.440641 3.710559
10404.229103 2 0.999562 2.102401 0.441310 3.710110
10409.497667 2 0.999556 2.108375 0.441978 3.709661
10414.766353 2 0.999550 2.114365 0.442647 3.709212
10420.035163 2 0.999544 2.120373 0.443315 3.708763
10425.304096 2 0.999537 2.126398 0.443984 3.708314
10430.573153 2 0.999531 2.132440 0.444653 3.707865
10435.842335 2 0.999525 2.138499 0.445321 3.707416
10441.111643 2 0.999519 2.144575 0.445990 3.706967
10446.381076 2 0.999512 2.150669 0.446659 3.706519
10451.650635 2 0.999506 2.156780 0.447328 3.706070
10456.920321 2 0.999500 2.162909 0.447997 3.705621
10462.190135 2 0.999493 2.169055 0.448666 3.705172
10467.460077 2 0.999487 2.175218 0.449335 3.704723
10472.730148 2 0.999480 2.181399 0.450005 3.704274
10478.000347 2 0.999474 2.187598 0.450674 3.703825
10483.270677 2 0.999467 2.193814 0.451343 3.703376
10488.541137 2 0.999461 2.200048 0.452013 3.702928
10493.811728 2 0.999454 2.206300 0.452682 3.702479
10499.082450 2 0.999448 2.212570 0.453352 3.702030
10504.353304 2 0.999441 2.218858 0.454021 3.701581
10509.624292 2 0.999434 2.225163 0.454691 3.701132
10514.895412 2 0.999428 2.231487 0.455361 3.700684
10518.472652 3 0.999423 2.235799 0.455819 3.700379
10520.252350 3 0.999421 2.239436 0.457194 3.700370
10526.988030 3 0.999412 2.253352 0.462432 3.700334
10533.656353 3 0.999403 2.267365 0.467670 3.700297
10540.257993 3 0.999395 2.281476 0.472908 3.700259
10546.793616 3 0.999386 2.295687 0.478145 3.700221
10553.263883 3 0.999377 2.309997 0.483383 3.700181
10559.669448 3 0.999368 2.324408 0.488621 3.700140
10566.010957 3 0.999359 2.338919 0.493859 3.700098
10572.289051 3 0.999350 2.353533 0.499096 3.700054
10578.504364 3 0.999340 2.368250 0.504334 3.700010
10584.657523 3 0.999331 2.383071 0.509572 3.699965
10590.749151 3 0.999322 2.397996 0.514810 3.699919
10596.779863 3 0.999312 2.413026 0.520047 3.699871
10602.750268 3 0.999303 2.428163 0.525285 3.699823
10608.660969 3 0.999293 2.443406 0.530523 3.699774
10614.512562 3 0.999283 2.458757 0.535761 3.699723
10620.305640 3 0.999274 2.474217 0.540999 3.699671
10626.040787 3 0.999264 2.489786 0.546236 3.699619
10631.718583 3 0.999254 2.505465 0.551474 3.699565
10637.339600 3 0.999244 2.521255 0.556712 3.699510
10642.904407 3 0.999234 2.537158 0.561950 3.699454
10648.413567 3 0.999223 2.553173 0.567187 3.699397
10653.867634 3 0.999213 2.569303 0.572425 3.699339
10659.267161 3 0.999203 2.585546 0.577663 3.699280
10664.612693 3 0.999192 2.601906 0.582901 3.699220
10669.904770 3 0.999182 2.618382 0.588138 3.699159
10675.143925 3 0.999171 2.634975 0.593376 3.699096
10680.330689 3 0.999160 2.651686 0.598614 3.699033
10685.465586 3 0.999149 2.668517 0.603852 3.698969
10690.549133 3 0.999139 2.685468 0.609090 3.698903
10695.581845 3 0.999128 2.702540 0.614327 3.698836
10700.564230 3 0.999117 2.719734 0.619565 3.698769
10705.496791 3 0.999105 2.737051 0.624803 3.698700
10710.380027 3 0.999094 2.754491 0.630041 3.698630
10715.214430 3 0.999083 2.772057 0.635278 3.698559
10720.000489 3 0.999071 2.789749 0.640516 3.698487
10724.738688 3 0.999060 2.807568 0.645754 3.698414
10729.429504 3 0.999048 2.825514 0.650992 3.698340
10734.073412 3 0.999036 2.843589 0.656229 3.698264
10738.670882 3 0.999024 2.861795 0.661467 3.698188
10743.222376 3 0.999012 2.880131 0.666705 3.698111
10747.728356 3 0.999000 2.898599 0.671943 3.698032
10752.189276 3 0.998988 2.917200 0.677180 3.697953
10756.605586 3 0.998976 2.935936 0.682418 3.697872
10760.977734 3 0.998964 2.954806 0.687656 3.697790
10765.306160 3 0.998951 2.973812 0.692894 3.697707
10769.591301 3 0.998938 2.992956 0.698132 3.697623
10773.833592 3 0.998926 3.012238 0.703369 3.697538
10778.033459 3 0.998913 3.031660 0.708607 3.697452
10782.191328 3 0.998900 3.051222 0.713845 3.697365
10786.307618 3 0.998887 3.070926 0.719083 3.697277
10790.382745 3 0.998874 3.090772 0.724320 3.697187
10794.417121 3 0.998861 3.110763 0.729558 3.697097
10798.411153 3 0.998847 3.130898 0.734796 3.697005
10802.365245 3 0.998834 3.151180 0.740034 3.696912
10806.279796 3 0.998820 3.171609 0.745271 3.696819
10810.155202 3 0.998807 3.192186 0.750509 3.696724
10813.991853 3 0.998793 3.212913 0.755747 3.696628
10817.790138 3 0.998779 3.233791 0.760985 3.696531
10821.550440 3 0.998765 3.254821 0.766223 3.696433
10825.273139 3 0.998751 3.276005 0.771460 3.696333
10828.958611 3 0.998736 3.297343 0.776698 3.696233
10832.607228 3 0.998722 3.318836 0.781936 3.696132
10836.219359 3 0.998708 3.340487 0.787174 3.696029
10839.795369 3 0.998693 3.362296 0.792411 3.695925
10843.335618 3 0.998678 3.384264 0.797649 3.695821
10846.840466 3 0.998663 3.406393 0.802887 3.695715
10850.310264 3 0.998648 3.428684 0.808125 3.695608
10853.745365 3 0.998633 3.451139 0.813362 3.695500
10857.146115 3 0.998618 3.473758 0.818600 3.695391
10860.512857 3 0.998602 3.496543 0.823838 3.695281
10863.845932 3 0.998587 3.519495 0.829076 3.695169
10867.145676 3 0.998571 3.542616 0.834313 3.695057
10870.412422 3 0.998555 3.565907 0.839551 3.694943
10873.646502 3 0.998539 3.589369 0.844789 3.694829
10876.848240 3 0.998523 3.613004 0.850027 3.694713
10880.017961 3 0.998507 3.636813 0.855265 3.694596
10883.155985 3 0.998490 3.660797 0.860502 3.694478
10886.262628 3 0.998474 3.684958 0.865740 3.694359
10889.338205 3 0.998457 3.709298 0.870978 3.694239
10892.383027 3 0.998440 3.733817 0.876216 3.694118
10895.397400 3 0.998424 3.758517 0.881453 3.693996
10898.381629 3 0.998406 3.783400 0.886691 3.693872
10901.336016 3 0.998389 3.808467 0.891929 3.693748
10904.260859 3 0.998372 3.833720 0.897167 3.693622
10907.156454 3 0.998354 3.859159 0.902404 3.693495
10910.023093 3 0.998337 3.884787 0.907642 3.693367
10912.861065 3 0.998319 3.910606 0.912880 3.693239
10915.670658 3 0.998301 3.936616 0.918118 3.693108
10918.452155 3 0.998283 3.962818 0.923356 3.692977
10921.205837 3 0.998264 3.989216 0.928593 3.692845
10923.931982 3 0.998246 4.015810 0.933831 3.692712
10926.630865 3 0.998227 4.042602 0.939069 3.692577
10929.302760 3 0.998208 4.069593 0.944307 3.692442
10931.947936 3 0.998189 4.096785 0.949544 3.692305
10934.566660 3 0.998170 4.124180 0.954782 3.692167
10937.159196 3 0.998151 4.151779 0.960020 3.692028
10939.725808 3 0.998131 4.179584 0.965258 3.691888
10942.266753 3 0.998112 4.207597 0.970495 3.691747
10944.782289 3 0.998092 4.235819 0.975733 3.691605
10947.272669 3 0.998072 4.264252 0.980971 3.691462
10949.738146 3 0.998052 4.292898 0.986209 3.691317
10952.178968 3 0.998031 4.321758 0.991446 3.691172
10954.595382 3 0.998011 4.350835 0.996684 3.691025
10956.987631 3 0.997990 4.380129 1.001922 3.690878
10959.355958 3 0.997969 4.409643 1.007160 3.690729
10961.700602 3 0.997948 4.439378 1.012398 3.690579
10964.021799 3 0.997927 4.469337 1.017635 3.690428
10966.319785 3 0.997906 4.499520 1.022873 3.690276
10968.594790 3 0.997884 4.529931 1.028111 3.690122
10970.847046 3 0.997862 4.560570 1.033349 3.689968
10973.076779 3 0.997840 4.591440 1.038586 3.689813
10975.284214 3 0.997818 4.622542 1.043824 3.689656
10977.469576 3 0.997795 4.653879 1.049062 3.689498
10979.633083 3 0.997773 4.685452 1.054300 3.689340
10981.774956 3 0.997750 4.717263 1.059537 3.689180
10983.895409 3 0.997727 4.749314 1.064775 3.689019
10985.994659 3 0.997704 4.781608 1.070013 3.688857
10988.072916 3 0.997681 4.814145 1.075251 3.688694
10990.130390 3 0.997657 4.846928 1.080489 3.688529
10992.167289 3 0.997633 4.879960 1.085726 3.688364
10994.183820 3 0.997609 4.913241 1.090964 3.688198
10996.180185 3 0.997585 4.946775 1.096202 3.688030
10998.156586 3 0.997560 4.980563 1.101440 3.687861
11000.113224 3 0.997536 5.014607 1.106677 3.687691
11002.050295 3 0.997511 5.048909 1.111915 3.687521
11003.967995 3 0.997486 5.083472 1.117153 3.687349
11005.866519 3 0.997460 5.118297 1.122391 3.687175
11007.746057 3 0.997435 5.153387 1.127628 3.687001
11009.606800 3 0.997409 5.188744 1.132866 3.686826
11011.448935 3 0.997383 5.224370 1.138104 3.686650
11013.272649 3 0.997357 5.260267 1.143342 3.686472
11015.078126 3 0.997330 5.296438 1.148579 3.686293
11016.865548 3 0.997303 5.332885 1.153817 3.686114
11018.635096 3 0.997276 5.369609 1.159055 3.685933
11020.386948 3 0.997249 5.406614 1.164293 3.685751
11022.121282 3 0.997222 5.443902 1.169531 3.685568
11023.838273 3 0.997194 5.481474 1.174768 3.685384
11025.538094 3 0.997166 5.519333 1.180006 3.685199
11027.220916 3 0.997138 5.557483 1.185244 3.685012
11028.886910 3 0.997110 5.595924 1.190482 3.684825
11030.536244 3 0.997081 5.634659 1.195719 3.684637
11032.169085 3 0.997052 5.673691 1.200957 3.684447
11033.785598 3 0.997023 5.713023 1.206195 3.684256
11035.385945 3 0.996993 5.752656 1.211433 3.684065
11036.970289 3 0.996963 5.792594 1.216670 3.683872
11038.538790 3 0.996933 5.832838 1.221908 3.683678
11040.091605 3 0.996903 5.873391 1.227146 3.683483
11041.628892 3 0.996873 5.914256 1.232384 3.683286
11043.150807 3 0.996842 5.955436 1.237621 3.683089
11044.657502 3 0.996811 5.996932 1.242859 3.682891
11046.149131 3 0.996779 6.038748 1.248097 3.682691
11047.625843 3 0.996747 6.080886 1.253335 3.682491
11049.087788 3 0.996716 6.123349 1.258573 3.682289
11050.535113 3 0.996683 6.166140 1.263810 3.682086
11051.967965 3 0.996651 6.209260 1.269048 3.681883
11053.386489 3 0.996618 6.252714 1.274286 3.681678
11054.790827 3 0.996585 6.296503 1.279524 3.681472
11056.181123 3 0.996551 6.340631 1.284761 3.681265
11057.557515 3 0.996518 6.385101 1.289999 3.681056
11058.920143 3 0.996484 6.429914 1.295237 3.680847
11060.269145 3 0.996449 6.475074 1.300475 3.680637
11061.604657 3 0.996414 6.520584 1.305712 3.680425
11062.926814 3 0.996380 6.566447 1.310950 3.680213
11064.235749 3 0.996344 6.612666 1.316188 3.679999
11065.531595 3 0.996309 6.659243 1.321426 3.679785
11066.814482 3 0.996273 6.706182 1.326664 3.679569
11068.084541 3 0.996236 6.753485 1.331901 3.679352
11069.341899 3 0.996200 6.801156 1.337139 3.679134
11070.586683 3 0.996163 6.849198 1.342377 3.678915
11071.819019 3 0.996126 6.897613 1.347615 3.678695
11073.039033 3 0.996088 6.946406 1.352852 3.678474
11074.246846 3 0.996050 6.995578 1.358090 3.678251
11075.442581 3 0.996012 7.045134 1.363328 3.678028
11076.626358 3 0.995973 7.095075 1.368566 3.677803
11077.798298 3 0.995934 7.145407 1.373803 3.677578
11078.958518 3 0.995895 7.196131 1.379041 3.677351
11080.107137 3 0.995855 7.247251 1.384279 3.677124
11081.244269 3 0.995815 7.298771 1.389517 3.676895
11082.370029 3 0.995774 7.350693 1.394754 3.676665
11083.484532 3 0.995733 7.403022 1.399992 3.676434
11084.587890 3 0.995692 7.455760 1.405230 3.676202
11085.680215 3 0.995651 7.508911 1.410468 3.675969
11086.761616 3 0.995609 7.562478 1.415706 3.675735
11087.832203 3 0.995566 7.616465 1.420943 3.675500
11088.892085 3 0.995524 7.670875 1.426181 3.675263
11089.941367 3 0.995480 7.725712 1.431419 3.675026
11090.980157 3 0.995437 7.780979 1.436657 3.674788
11092.008559 3 0.995393 7.836681 1.441894 3.674548
11093.026676 3 0.995349 7.892820 1.447132 3.674308
11094.034613 3 0.995304 7.949400 1.452370 3.674066
11095.032470 3 0.995259 8.006426 1.457608 3.673823
11096.020349 3 0.995213 8.063900 1.462845 3.673579
11096.998349 3 0.995167 8.121827 1.468083 3.673335
11097.966569 3 0.995121 8.180210 1.473321 3.673089
11098.925106 3 0.995074 8.239053 1.478559 3.672842
11099.874059 3 0.995027 8.298360 1.483797 3.672594
11100.813521 3 0.994979 8.358134 1.489034 3.672344
11101.743590 3 0.994931 8.418381 1.494272 3.672094
11102.664357 3 0.994882 8.479103 1.499510 3.671843
11103.575917 3 0.994833 8.540305 1.504748 3.671591
11104.478361 3 0.994783 8.601991 1.509985 3.671337
11105.371781 3 0.994733 8.664165 1.515223 3.671083
11106.256266 3 0.994683 8.726830 1.520461 3.670828
11107.131907 3 0.994632 8.789992 1.525699 3.670571
11107.998791 3 0.994581 8.853654 1.530936 3.670313
11108.857007 3 0.994529 8.917820 1.536174 3.670055
11109.706640 3 0.994476 8.982495 1.541412 3.669795
11110.547777 3 0.994423 9.047683 1.546650 3.669534
11111.380503 3 0.994370 9.113388 1.551887 3.669273
11112.204901 3 0.994316 9.179615 1.557125 3.669010
11113.021055 3 0.994262 9.246368 1.562363 3.668746
11113.829048 3 0.994207 9.313651 1.567601 3.668481
11114.628961 3 0.994152 9.381470 1.572839 3.668215
11115.420875 3 0.994096 9.449827 1.578076 3.667948
11116.204869 3 0.994039 9.518729 1.583314 3.667680
11116.981024 3 0.993982 9.588180 1.588552 3.667410
11117.749417 3 0.993925 9.658183 1.593790 3.667140
11118.510126 3 0.993867 9.728745 1.599027 3.666869
11119.263228 3 0.993808 9.799869 1.604265 3.666597
11120.008800 3 0.993749 9.871561 1.609503 3.666323
11120.746915 3 0.993690 9.943825 1.614741 3.666049
11121.477649 3 0.993629 10.016666 1.619978 3.665774
11122.201076 3 0.993568 10.090089 1.625216 3.665497
11122.917269 3 0.993507 10.164098 1.630454 3.665220
11123.626299 3 0.993445 10.238700 1.635692 3.664941
11124.328240 3 0.993383 10.313898 1.640930 3.664662
11125.023161 3 0.993320 10.389699 1.646167 3.664381
11125.711132 3 0.993256 10.466106 1.651405 3.664099
11126.392224 3 0.993191 10.543125 1.656643 3.663817
11127.066506 3 0.993127 10.620762 1.661881 3.663533
11127.734044 3 0.993061 10.699021 1.667118 3.663248
11128.394907 3 0.992995 10.777908 1.672356 3.662962
11129.049161 3 0.992928 10.857429 1.677594 3.662676
11129.696873 3 0.992861 10.937587 1.682832 3.662388
11130.338108 3 0.992793 11.018390 1.688069 3.662099
11130.972930 3 0.992724 11.099843 1.693307 3.661809
11131.601404 3 0.992654 11.181950 1.698545 3.661518
11132.223593 3 0.992584 11.264718 1.703783 3.661226
11132.839561 3 0.992514 11.348152 1.709020 3.660933
11133.449368 3 0.992442 11.432258 1.714258 3.660639
11134.053078 3 0.992370 11.517041 1.719496 3.660344
11134.650751 3 0.992298 11.602508 1.724734 3.660048
11135.242447 3 0.992224 11.688664 1.729972 3.659751
11135.828225 3 0.992150 11.775515 1.735209 3.659453
11136.408147 3 0.992075 11.863067 1.740447 3.659154
11136.982268 3 0.992000 11.951326 1.745685 3.658854
11137.550649 3 0.991924 12.040298 1.750923 3.658553
11138.113346 3 0.991847 12.129989 1.756160 3.658250
11138.670416 3 0.991769 12.220405 1.761398 3.657947
11139.221915 3 0.991690 12.311553 1.766636 3.657643
11139.767899 3 0.991611 12.403438 1.771874 3.657338
11140.308424 3 0.991531 12.496067 1.777111 3.657032
11140.843543 3 0.991450 12.589447 1.782349 3.656725
11141.373311 3 0.991369 12.683583 1.787587 3.656416
11141.897781 3 0.991287 12.778482 1.792825 3.656107
11142.417007 3 0.991204 12.874151 1.798063 3.655797
11142.931040 3 0.991120 12.970597 1.803300 3.655486
11143.439933 3 0.991035 13.067825 1.808538 3.655173
11143.943737 3 0.990950 13.165844 1.813776 3.654860
11144.442503 3 0.990863 13.264658 1.819014 3.654546
11144.936281 3 0.990776 13.364276 1.824251 3.654231
11145.425122 3 0.990688 13.464704 1.829489 3.653914
11145.909074 3 0.990599 13.565949 1.834727 3.653597
11146.388187 3 0.990510 13.668018 1.839965 3.653279
11146.862508 3 0.990419 13.770919 1.845202 3.652960
11147.332086 3 0.990328 13.874657 1.850440 3.652639
11147.796969 3 0.990235 13.979242 1.855678 3.652318
11148.257203 3 0.990142 14.084679 1.860916 3.651996
11148.712834 3 0.990048 14.190976 1.866153 3.651673
11149.163909 3 0.989953 14.298141 1.871391 3.651349
11149.610473 3 0.989857 14.406181 1.876629 3.651023
11150.052572 3 0.989760 14.515103 1.881867 3.650697
11150.490249 3 0.989662 14.624915 1.887105 3.650370
11150.923550 3 0.989564 14.735625 1.892342 3.650042
11151.352518 3 0.989464 14.847241 1.897580 3.649713
11151.777196 3 0.989363 14.959770 1.902818 3.649383
11152.197628 3 0.989262 15.073220 1.908056 3.649051
11152.613855 3 0.989159 15.187600 1.913293 3.648719
11153.025920 3 0.989055 15.302916 1.918531 3.648386
11153.433864 3 0.988951 15.419178 1.923769 3.648052
11153.837729 3 0.988845 15.536393 1.929007 3.647717
11154.237555 3 0.988738 15.654570 1.934244 3.647381
11154.633382 3 0.988631 15.773717 1.939482 3.647044
11155.025252 3 0.988522 15.893842 1.944720 3.646706
11155.413203 3 0.988412 16.014954 1.949958 3.646367
11155.797274 3 0.988301 16.137061 1.955196 3.646027
11156.177505 3 0.988189 16.260172 1.960433 3.645686
11156.553933 3 0.988076 16.384296 1.965671 3.645344
11156.926597 3 0.987962 16.509441 1.970909 3.645002
11157.295535 3 0.987846 16.635616 1.976147 3.644658
11157.660783 3 0.987730 16.762831 1.981384 3.644313
11158.022378 3 0.987612 16.891093 1.986622 3.643967
11158.380358 3 0.987494 17.020413 1.991860 3.643620
11158.734758 3 0.987374 17.150799 1.997098 3.643273
11159.085613 3 0.987253 17.282261 2.002335 3.642924
11159.432961 3 0.987130 17.414808 2.007573 3.642575
11159.776834 3 0.987007 17.548450 2.012811 3.642224
11160.117269 3 0.986882 17.683195 2.018049 3.641872
11160.454300 3 0.986756 17.819054 2.023286 3.641520
11160.787960 3 0.986629 17.956036 2.028524 3.641166
11161.118284 3 0.986501 18.094151 2.033762 3.640812
11161.445305 3 0.986371 18.233409 2.039000 3.640457
11161.769055 3 0.986240 18.373820 2.044238 3.640100
11162.089568 3 0.986108 18.515393 2.049475 3.639743
11162.406875 3 0.985974 18.658139 2.054713 3.639385
11162.721010 3 0.985840 18.802069 2.059951 3.639025
11163.032003 3 0.985703 18.947192 2.065189 3.638665
11163.339887 3 0.985566 19.093519 2.070426 3.638304
11163.644691 3 0.985427 19.241060 2.075664 3.637942
11163.946448 3 0.985287 19.389826 2.080902 3.637579
11164.245187 3 0.985145 19.539828 2.086140 3.637215
11164.540938 3 0.985002 19.691076 2.091377 3.636850
11164.833732 3 0.984858 19.843582 2.096615 3.636484
11165.123598 3 0.984712 19.997356 2.101853 3.636118
11165.410565 3 0.984564 20.152409 2.107091 3.635750
11165.694663 3 0.984415 20.308753 2.112329 3.635381
11165.975920 3 0.984265 20.466399 2.117566 3.635011
11166.254364 3 0.984113 20.625358 2.122804 3.634641
11166.530024 3 0.983960 20.785642 2.128042 3.634269
11166.802927 3 0.983805 20.947263 2.133280 3.633897
11167.073101 3 0.983649 21.110231 2.138517 3.633523
11167.340573 3 0.983491 21.274560 2.143755 3.633149
11167.605371 3 0.983331 21.440260 2.148993 3.632774
11167.867521 3 0.983170 21.607344 2.154231 3.632398
11168.127049 3 0.983008 21.775824 2.159468 3.632020
11168.383982 3 0.982843 21.945713 2.164706 3.631642
11168.638345 3 0.982677 22.117022 2.169944 3.631263
11168.890165 3 0.982510 22.289764 2.175182 3.630883
11169.139467 3 0.982340 22.463952 2.180419 3.630502
11169.386276 3 0.982169 22.639599 2.185657 3.630121
11169.630616 3 0.981997 22.816716 2.190895 3.629738
11169.872513 3 0.981822 22.995318 2.196133 3.629354
11170.111992 3 0.981646 23.175418 2.201371 3.628969
11170.349075 3 0.981468 23.357028 2.206608 3.628584
11170.583788 3 0.981288 23.540162 2.211846 3.628197
11170.816153 3 0.981107 23.724833 2.217084 3.627810
11171.046195 3 0.980923 23.911055 2.222322 3.627422
11171.273936 3 0.980738 24.098841 2.227559 3.627032
11171.499400 3 0.980551 24.288206 2.232797 3.626642
11171.722610 3 0.980362 24.479163 2.238035 3.626251
11171.943587 3 0.980171 24.671726 2.243273 3.625859
11172.162355 3 0.979978 24.865910 2.248510 3.625466
11172.378934 3 0.979783 25.061729 2.253748 3.625072
11172.593348 3 0.979587 25.259198 2.258986 3.624677
11172.805618 3 0.979388 25.458330 2.264224 3.624282
11173.015765 3 0.979187 25.659141 2.269461 3.623885
11173.223811 3 0.978984 25.861645 2.274699 3.623487
11173.429776 3 0.978779 26.065859 2.279937 3.623089
11173.633682 3 0.978572 26.271796 2.285175 3.622689
11173.835549 3 0.978363 26.479472 2.290413 3.622289
11174.035396 3 0.978152 26.688902 2.295650 3.621888
11174.233246 3 0.977939 26.900103 2.300888 3.621486
11174.429117 3 0.977724 27.113090 2.306126 3.621083
11174.623029 3 0.977506 27.327878 2.311364 3.620679
11174.815002 3 0.977286 27.544484 2.316601 3.620274
11175.005055 3 0.977064 27.762924 2.321839 3.619868
11175.193208 3 0.976840 27.983214 2.327077 3.619461
11175.379479 3 0.976613 28.205371 2.332315 3.619053
11175.563888 3 0.976384 28.429411 2.337552 3.618645
11175.746453 3 0.976153 28.655352 2.342790 3.618235
11175.927191 3 0.975919 28.883210 2.348028 3.617825
11176.106123 3 0.975683 29.113002 2.353266 3.617414
11176.283265 3 0.975445 29.344745 2.358504 3.617001
11176.458636 3 0.975204 29.578458 2.363741 3.616588
11176.632253 3 0.974960 29.814157 2.368979 3.616174
11176.804134 3 0.974715 30.051860 2.374217 3.615759
11176.974296 3 0.974466 30.291586 2.379455 3.615343
11177.142756 3 0.974215 30.533352 2.384692 3.614926
11177.309532 3 0.973962 30.777177 2.389930 3.614509
11177.474640 3 0.973706 31.023079 2.395168 3.614090
11177.638097 3 0.973447 31.271077 2.400406 3.613671
11177.799919 3 0.973186 31.521189 2.405643 3.613250
11177.960123 3 0.972922 31.773436 2.410881 3.612829
11178.118726 3 0.972655 32.027835 2.416119 3.612407
11178.275742 3 0.972385 32.284406 2.421357 3.611983
11178.431188 3 0.972113 32.543168 2.426594 3.611559
11178.585079 3 0.971838 32.804143 2.431832 3.611134
11178.737432 3 0.971560 33.067348 2.437070 3.610708
11178.888261 3 0.971279 33.332805 2.442308 3.610282
11179.037581 3 0.970995 33.600534 2.447546 3.609854
11179.185409 3 0.970708 33.870555 2.452783 3.609425
11179.331758 3 0.970419 34.142889 2.458021 3.608996
11179.476644 3 0.970126 34.417556 2.463259 3.608565
11179.620081 3 0.969830 34.694579 2.468497 3.608134
11179.762084 3 0.969531 34.973978 2.473734 3.607702
11179.902666 3 0.969229 35.255775 2.478972 3.607268
11180.041843 3 0.968924 35.539991 2.484210 3.606834
11180.179628 3 0.968616 35.826649 2.489448 3.606399
11180.316035 3 0.968305 36.115770 2.494685 3.605963
11180.451078 3 0.967990 36.407377 2.499923 3.605527
11180.584770 3 0.967672 36.701493 2.505161 3.605089
11180.717126 3 0.967351 36.998140 2.510399 3.604650
11180.848158 3 0.967026 37.297341 2.515637 3.604211
11180.977880 3 0.966698 37.599119 2.520874 3.603770
11181.106305 3 0.966367 37.903499 2.526112 3.603329
11181.233445 3 0.966032 38.210503 2.531350 3.602887
11181.359314 3 0.965693 38.520156 2.536588 3.602443
11181.483924 3 0.965351 38.832482 2.541825 3.601999
11181.607288 3 0.965006 39.147505 2.547063 3.601554
11181.729419 3 0.964656 39.465250 2.552301 3.601108
11181.850328 3 0.964304 39.785741 2.557539 3.600661
11181.970028 3 0.963947 40.109005 2.562776 3.600214
11182.088531 3 0.963587 40.435065 2.568014 3.599765
11182.205849 3 0.963222 40.763949 2.573252 3.599315
11182.321994 3 0.962854 41.095681 2.578490 3.598865
11182.436977 3 0.962483 41.430288 2.583727 3.598413
11182.550811 3 0.962107 41.767797 2.588965 3.597961
11182.663506 3 0.961727 42.108233 2.594203 3.597508
11182.775074 3 0.961343 42.451625 2.599441 3.597054
11182.885527 3 0.960955 42.797999 2.604679 3.596598
11182.994875 3 0.960563 43.147382 2.609916 3.596142
11183.103130 3 0.960167 43.499802 2.615154 3.595685
11183.210302 3 0.959767 43.855288 2.620392 3.595228
11183.316402 3 0.959362 44.213868 2.625630 3.594769
11183.421442 3 0.958954 44.575570 2.630867 3.594309
11183.525431 3 0.958540 44.940423 2.636105 3.593848
11183.628380 3 0.958123 45.308456 2.641343 3.593387
11183.730299 3 0.957701 45.679700 2.646581 3.592924
11183.831200 3 0.957274 46.054183 2.651818 3.592461
11183.931200 3 0.956843 46.431935 2.657056 3.591996
11184.031200 3 0.956407 46.812988 2.662294 3.591531
11184.131200 3 0.955967 47.197372 2.667532 3.591065
11184.231200 3 0.955522 47.585117 2.672770 3.590597
11184.331200 3 0.955072 47.976255 2.678007 3.590129
11184.431200 3 0.954617 48.370819 2.683245 3.589660
11184.531200 3 0.954158 48.768838 2.688483 3.589190
11184.631200 3 0.953693 49.170347 2.693721 3.588719
11184.731200 3 0.953223 49.575378 2.698958 3.588247
11184.831200 3 0.952749 49.983963 2.704196 3.587774
11184.931200 3 0.952269 50.396136 2.709434 3.587300
11185.031200 3 0.951784 50.811931 2.714672 3.586826
11185.131200 3 0.951294 51.231381 2.719909 3.586350
11185.231200 3 0.950799 51.654522 2.725147 3.585873
11185.331200 3 0.950298 52.081387 2.730385 3.585396
11185.431200 3 0.949792 52.512011 2.735623 3.584917
11185.531200 3 0.949280 52.946431 2.740860 3.584437
11185.631200 3 0.948763 53.384682 2.746098 3.583957
11185.731200 3 0.948240 53.826801 2.751336 3.583475
11185.831200 3 0.947712 54.272823 2.756574 3.582993
11185.931200 3 0.947178 54.722786 2.761812 3.582509
11186.031200 3 0.946637 55.176727 2.767049 3.582025
11186.131200 3 0.946092 55.634684 2.772287 3.581540
11186.231200 3 0.945540 56.096696 2.777525 3.581053
11186.331200 3 0.944982 56.562800 2.782763 3.580566
11186.431200 3 0.944418 57.033035 2.788000 3.580077
11186.531200 3 0.943847 57.507442 2.793238 3.579588
11186.631200 3 0.943271 57.986060 2.798476 3.579098
11186.731200 3 0.942688 58.468929 2.803714 3.578606
11186.831200 3 0.942099 58.956090 2.808951 3.578114
11186.931200 3 0.941503 59.447584 2.814189 3.577621
11187.031200 3 0.940901 59.943452 2.819427 3.577126
11187.131200 3 0.940292 60.443737 2.824665 3.576631
11187.231200 3 0.939677 60.948482 2.829903 3.576135
11187.331200 3 0.939054 61.457728 2.835140 3.575637
11187.431200 3 0.938425 61.971520 2.840378 3.575139
11187.531200 3 0.937789 62.489902 2.845616 3.574640
11187.631200 3 0.937146 63.012917 2.850854 3.574139
11187.731200 3 0.936495 63.540611 2.856091 3.573638
11187.831200 3 0.935838 64.073030 2.861329 3.573135
11187.931200 3 0.935173 64.610218 2.866567 3.572632
11188.031200 3 0.934500 65.152223 2.871805 3.572127
11188.131200 3 0.933821 65.699092 2.877042 3.571621
11188.231200 3 0.933133 66.250871 2.882280 3.571115
11188.331200 3 0.932438 66.807609 2.887518 3.570607
11188.431200 3 0.931735 67.369355 2.892756 3.570098
11188.531200 3 0.931025 67.936158 2.897993 3.569588
11188.631200 3 0.930306 68.508067 2.903231 3.569078
11188.731200 3 0.929579 69.085132 2.908469 3.568566
11188.831200 3 0.928844 69.667404 2.913707 3.568052
11188.931200 3 0.928101 70.254936 2.918945 3.567538
11189.031200 3 0.927349 70.847778 2.924182 3.567023
11189.131200 3 0.926589 71.445983 2.929420 3.566507
11189.231200 3 0.925821 72.049605 2.934658 3.565989
11189.331200 3 0.925043 72.658698 2.939896 3.565471
11189.431200 3 0.924257 73.273315 2.945133 3.564951
11189.531200 3 0.923462 73.893512 2.950371 3.564430
11189.631200 3 0.922658 74.519345 2.955609 3.563908
11189.731200 3 0.921845 75.150870 2.960847 3.563385
11189.831200 3 0.921022 75.788144 2.966084 3.562861
11189.931200 3 0.920190 76.431226 2.971322 3.562336
11190.031200 3 0.919349 77.080173 2.976560 3.561809
11190.131200 3 0.918498 77.735045 2.981798 3.561282
11190.231200 3 0.917637 78.395901 2.987036 3.560753
11190.331200 3 0.916766 79.062803 2.992273 3.560223
11190.431200 3 0.915885 79.735811 2.997511 3.559692
11190.531200 3 0.914995 80.414988 3.002749 3.559159
11190.631200 3 0.914093 81.100397 3.007987 3.558626
11190.731200 3 0.913182 81.792102 3.013224 3.558091
11190.831200 3 0.912260 82.490166 3.018462 3.557555
11190.931200 3 0.911327 83.194656 3.023700 3.557018
11191.031200 3 0.910384 83.905637 3.028938 3.556479
11191.131200 3 0.909429 84.623176 3.034175 3.555940
11191.231200 3 0.908463 85.347341 3.039413 3.555399
11191.331200 3 0.907486 86.078202 3.044651 3.554857
11191.431200 3 0.906498 86.815826 3.049889 3.554313
11191.531200 3 0.905498 87.560285 3.055126 3.553769
11191.631200 3 0.904487 88.311651 3.060364 3.553223
11191.731200 3 0.903463 89.069995 3.065602 3.552675
11191.831200 3 0.902428 89.835390 3.070840 3.552127
11191.931200 3 0.901380 90.607912 3.076078 3.551577
11192.031200 3 0.900320 91.387634 3.081315 3.551026
11192.131200 3 0.899247 92.174634 3.086553 3.550473
11192.231200 3 0.898162 92.968989 3.091791 3.549919
11192.331200 3 0.897064 93.770776 3.097029 3.549364
11192.431200 3 0.895952 94.580076 3.102266 3.548807
11192.531200 3 0.894828 95.396968 3.107504 3.548249
11192.631200 3 0.893690 96.221534 3.112742 3.547690
11192.731200 3 0.892538 97.053857 3.117980 3.547129
11192.831200 3 0.891373 97.894020 3.123217 3.546567
11192.931200 3 0.890194 98.742109 3.128455 3.546003
11193.031200 3 0.889000 99.598210 3.133693 3.545438
11193.131200 3 0.887792 100.462410 3.138931 3.544871
11193.231200 3 0.886570 101.334797 3.144168 3.544303
11193.331200 3 0.885332 102.215463 3.149406 3.543734
11193.431200 3 0.884080 103.104497 3.154644 3.543163
11193.531200 3 0.882812 104.001992 3.159882 3.542590
11193.631200 3 0.881529 104.908043 3.165120 3.542016
11193.731200 3 0.880231 105.822745 3.170357 3.541440
11193.831200 3 0.878916 106.746194 3.175595 3.540863
11193.931200 3 0.877585 107.678489 3.180833 3.540284
11194.031200 3 0.876238 108.619728 3.186071 3.539704
11194.131200 3 0.874875 109.570015 3.191308 3.539122
11194.231200 3 0.873494 110.529450 3.196546 3.538538
11194.331200 3 0.872097 111.498139 3.201784 3.537953
11194.431200 3 0.870682 112.476188 3.207022 3.537366
11194.531200 3 0.869249 113.463703 3.212259 3.536777
11194.631200 3 0.867799 114.460795 3.217497 3.536186
11194.731200 3 0.866330 115.467575 3.222735 3.535594
11194.831200 3 0.864843 116.484155 3.227973 3.535000
11194.931200 3 0.863338 117.510650 3.233211 3.534405
11195.031200 3 0.861813 118.547177 3.238448 3.533807
11195.131200 3 0.860269 119.593854 3.243686 3.533208
11195.231200 3 0.858705 120.650802 3.248924 3.532606
11195.331200 3 0.857122 121.718143 3.254162 3.532003
11195.431200 3 0.855519 122.796003 3.259399 3.531398
11195.531200 3 0.853895 123.884507 3.264637 3.530791
11195.631200 3 0.852250 124.983785 3.269875 3.530182
11195.731200 3 0.850584 126.093969 3.275113 3.529572
11195.831200 3 0.848896 127.215190 3.280350 3.528959
11195.931200 3 0.847187 128.347587 3.285588 3.528344
11196.031200 3 0.845455 129.491297 3.290826 3.527727
11196.131200 3 0.843701 130.646460 3.296064 3.527108
11196.231200 3 0.841925 131.813222 3.301301 3.526486
11196.331200 3 0.840124 132.991727 3.306539 3.525863
11196.431200 3 0.838301 134.182125 3.311777 3.525237
11196.531200 3 0.836453 135.384568 3.317015 3.524610
11196.631200 3 0.834581 136.599211 3.322253 3.523980
11196.731200 3 0.832683 137.826211 3.327490 3.523347
11196.831200 3 0.830761 139.065729 3.332728 3.522713
11196.931200 3 0.828813 140.317929 3.337966 3.522075
11197.031200 3 0.826839 141.582980 3.343204 3.521436
11197.131200 3 0.824838 142.861051 3.348441 3.520794
11197.231200 3 0.822810 144.152317 3.353679 3.520150
11197.331200 3 0.820755 145.456956 3.358917 3.519503
11197.431200 3 0.818672 146.775150 3.364155 3.518853
11197.531200 3 0.816560 148.107086 3.369392 3.518201
11197.631200 3 0.814419 149.452951 3.374630 3.517546
11197.731200 3 0.812249 150.812941 3.379868 3.516888
11197.831200 3 0.810049 152.187254 3.385106 3.516228
11197.931200 3 0.807818 153.576093 3.390344 3.515565
11198.031200 3 0.805556 154.979665 3.395581 3.514899
11198.131200 3 0.803262 156.398182 3.400819 3.514229
11198.231200 3 0.800937 157.831862 3.406057 3.513557
11198.331200 3 0.798578 159.280928 3.411295 3.512882
11198.431200 3 0.796186 160.745606 3.416532 3.512204
11198.531200 3 0.793759 162.226131 3.421770 3.511523
11198.631200 3 0.791298 163.722742 3.427008 3.510838
11198.731200 4 0.789313 9.980296 1.725961 3.693059
11198.831200 4 0.789308 9.980301 1.725961 3.693059
11198.931200 4 0.789302 9.980307 1.725962 3.693059
11199.031200 4 0.789297 9.980312 1.725963 3.693059
11199.131200 4 0.789292 9.980317 1.725965 3.693060
11199.231200 4 0.789286 9.980322 1.725966 3.693060
11199.331200 4 0.789281 9.980327 1.725968 3.693060
11199.431200 4 0.789276 9.980333 1.725970 3.693061
11199.531200 4 0.789271 9.980338 1.725972 3.693061
11199.631200 4 0.789266 9.980343 1.725974 3.693061
11199.731200 4 0.789261 9.980348 1.725977 3.693062
11199.831200 4 0.789256 9.980353 1.725980 3.693063
11199.931200 4 0.789251 9.980357 1.725983 3.693063
11200.031200 4 0.789246 9.980362 1.725986 3.693064
11200.131200 4 0.789241 9.980367 1.725989 3.693065
11200.231200 4 0.789237 9.980372 1.725992 3.693065
11200.331200 4 0.789232 9.980376 1.725996 3.693066
11200.431200 4 0.789227 9.980381 1.725999 3.693067
11200.531200 4 0.789223 9.980386 1.726003 3.693068
11200.631200 4 0.789218 9.980390 1.726007 3.693069
11200.731200 4 0.789214 9.980395 1.726011 3.693069
11200.831200 4 0.789209 9.980399 1.726015 3.693070
11200.931200 4 0.789205 9.980404 1.726019 3.693071
11201.031200 4 0.789200 9.980408 1.726023 3.693072
11201.131200 4 0.789196 9.980413 1.726027 3.693073
11201.231200 4 0.789192 9.980417 1.726032 3.693074
11201.331200 4 0.789187 9.980422 1.726036 3.693075
11201.431200 4 0.789183 9.980426 1.726040 3.693076
11201.531200 4 0.789179 9.980430 1.726045 3.693077
11201.631200 4 0.789175 9.980434 1.726050 3.693078
11201.731200 4 0.789171 9.980439 1.726054 3.693079
11201.831200 4 0.789167 9.980443 1.726059 3.693080
11201.931200 4 0.789163 9.980447 1.726064 3.693082
11202.031200 4 0.789159 9.980451 1.726069 3.693083
11202.131200 4 0.789155 9.980455 1.726074 3.693084
11202.231200 4 0.789151 9.980460 1.726078 3.693085
11202.331200 4 0.789147 9.980464 1.726083 3.693086
11202.431200 4 0.789143 9.980468 1.726088 3.693087
11202.531200 4 0.789139 9.980472 1.726093 3.693088
11202.631200 4 0.789136 9.980476 1.726099 3.693090
11202.731200 4 0.789132 9.980480 1.726104 3.693091
11202.831200 4 0.789128 9.980484 1.726109 3.693092
11202.931200 4 0.789125 9.980488 1.726114 3.693093
11203.031200 4 0.789121 9.980492 1.726119 3.693094
11203.131200 4 0.789117 9.980496 1.726124 3.693096
11203.231200 4 0.789114 9.980499 1.726129 3.693097
11203.331200 4 0.789110 9.980503 1.726135 3.693098
11203.431200 4 0.789107 9.980507 1.726140 3.693099
11203.531200 4 0.789104 9.980511 1.726145 3.693100
11203.631200 4 0.789100 9.980515 1.726151 3.693102
11203.731200 4 0.789097 9.980519 1.726156 3.693103
11203.831200 4 0.789094 9.980522 1.726161 3.693104
11203.931200 4 0.789090 9.980526 1.726166 3.693105
11204.031200 4 0.789087 9.980530 1.726172 3.693107
11204.131200 4 0.789084 9.980534 1.726177 3.693108
11204.231200 4 0.789081 9.980537 1.726182 3.693109
11204.331200 4 0.789077 9.980541 1.726188 3.693110
11204.431200 4 0.789074 9.980545 1.726193 3.693112
11204.531200 4 0.789071 9.980548 1.726198 3.693113
11204.631200 4 0.789068 9.980552 1.726204 3.693114
11204.731200 4 0.789067 9.980554 1.726206 3.693115
11206.021420 4 0.788893 9.980796 1.726590 3.693205
11207.311641 4 0.788719 9.981143 1.727120 3.693330
11208.601861 4 0.788545 9.981640 1.727785 3.693486
11209.892082 4 0.788370 9.982333 1.728576 3.693669
11211.182303 4 0.788195 9.983271 1.729488 3.693876
11212.472523 4 0.788020 9.984500 1.730516 3.694106
11213.762744 4 0.787844 9.986066 1.731656 3.694357
11215.052964 4 0.787668 9.988017 1.732905 3.694627
11216.343185 4 0.787491 9.990399 1.734259 3.694914
11217.633406 4 0.787314 9.993261 1.735717 3.695216
11218.923626 4 0.787135 9.996649 1.737277 3.695533
11220.213847 4 0.786956 10.000611 1.738935 3.695861
11221.504068 4 0.786777 10.005195 1.740692 3.696201
11222.794288 4 0.786596 10.010447 1.742543 3.696550
11224.084509 4 0.786414 10.016417 1.744489 3.696907
11225.374729 4 0.786232 10.023152 1.746528 3.697270
11226.664950 4 0.786048 10.030701 1.748659 3.697640
11227.955171 4 0.785864 10.039113 1.750879 3.698013
11229.245391 4 0.785678 10.048438 1.753189 3.698389
11230.535612 4 0.785491 10.058725 1.755587 3.698766
11231.825833 4 0.785303 10.070024 1.758072 3.699143
11233.116053 4 0.785113 10.082386 1.760644 3.699520
11234.406274 4 0.784922 10.095862 1.763300 3.699894
11235.696494 4 0.784730 10.110505 1.766041 3.700264
11236.986715 4 0.784536 10.126366 1.768866 3.700630
11238.276936 4 0.784340 10.143499 1.771773 3.700990
11239.567156 4 0.784143 10.161959 1.774762 3.701342
11240.857377 4 0.783944 10.181800 1.777833 3.701686
11242.147597 4 0.783743 10.203078 1.780984 3.702021
11243.437818 4 0.783540 10.225850 1.784215 3.702345
11244.728039 4 0.783335 10.250175 1.787526 3.702656
11246.018259 4 0.783128 10.276111 1.790915 3.702955
11247.308480 4 0.782919 10.303720 1.794383 3.703239
11248.598701 4 0.782707 10.333062 1.797928 3.703508
11249.888921 4 0.782493 10.364202 1.801550 3.703760
11251.179142 4 0.782277 10.397204 1.805249 3.703995
11252.469362 4 0.782058 10.432135 1.809024 3.704210
11253.759583 4 0.781836 10.469063 1.812874 3.704405
11255.049804 4 0.781612 10.508059 1.816800 3.704579
11256.340024 4 0.781384 10.549195 1.820800 3.704731
11257.630245 4 0.781154 10.592545 1.824874 3.704859
11258.920466 4 0.780920 10.638186 1.829022 3.704962
11260.210686 4 0.780683 10.686197 1.833244 3.705040
11261.500907 4 0.780442 10.736660 1.837538 3.705091
11262.791127 4 0.780198 10.789659 1.841906 3.705113
11264.081348 4 0.779950 10.845282 1.846345 3.705106
11265.371569 4 0.779698 10.903619 1.850856 3.705069
11266.661789 4 0.779442 10.964763 1.855439 3.705001
11267.952010 4 0.779182 11.028813 1.860093 3.704900
11269.242230 4 0.778917 11.095868 1.864818 3.704765
11270.532451 4 0.778648 11.166034 1.869614 3.704595
11271.822672 4 0.778374 11.239419 1.874480 3.704389
11273.112892 4 0.778095 11.316137 1.879416 3.704146
11274.403113 4 0.777810 11.396305 1.884422 3.703864
11275.693334 4 0.777521 11.480047 1.889498 3.703543
11276.983554 4 0.777225 11.567490 1.894642 3.703182
11278.273775 4 0.776924 11.658769 1.899856 3.702778
11279.563995 4 0.776616 11.754022 1.905139 3.702332
11280.854216 4 0.776303 11.853396 1.910491 3.701842
11282.144437 4 0.775982 11.957042 1.915911 3.701307
11283.434657 4 0.775654 12.065120 1.921400 3.700725
11284.724878 4 0.775319 12.177798 1.926957 3.700095
11286.015099 4 0.774977 12.295249 1.932582 3.699417
11287.305319 4 0.774626 12.417657 1.938276 3.698690
11287.950429 4 0.774447 12.480768 1.941148 3.698307
11288.595540 4 0.774265 12.545191 1.944036 3.697911
11289.240650 4 0.774082 12.610951 1.946942 3.697502
11289.885760 4 0.773895 12.678075 1.949865 3.697080
11290.530871 4 0.773707 12.746590 1.952805 3.696645
11291.175981 4 0.773516 12.816522 1.955762 3.696196
11291.821091 4 0.773323 12.887900 1.958736 3.695733
11292.466202 4 0.773128 12.960753 1.961727 3.695257
11293.111312 4 0.772930 13.035111 1.964734 3.694767
11293.756422 4 0.772729 13.111003 1.967759 3.694262
11294.401533 4 0.772526 13.188462 1.970801 3.693744
11295.046643 4 0.772320 13.267520 1.973860 3.693211
11295.691753 4 0.772111 13.348208 1.976936 3.692663
11296.336863 4 0.771900 13.430562 1.980028 3.692101
11296.981974 4 0.771685 13.514615 1.983138 3.691523
11297.627084 4 0.771468 13.600403 1.986265 3.690931
11298.272194 4 0.771248 13.687963 1.989409 3.690323
11298.917305 4 0.771024 13.777333 1.992570 3.689701
11299.562415 4 0.770798 13.868551 1.995749 3.689062
11300.207525 4 0.770568 13.961656 1.998944 3.688408
11300.852636 4 0.770334 14.056690 2.002157 3.687738
11301.497746 4 0.770098 14.153695 2.005387 3.687052
11302.142856 4 0.769858 14.252713 2.008634 3.686350
11302.787967 4 0.769614 14.353790 2.011898 3.685632
11303.433077 4 0.769367 14.456970 2.015180 3.684897
11304.078187 4 0.769116 14.562301 2.018479 3.684145
11304.723298 4 0.768861 14.669831 2.021795 3.683377
11305.368408 4 0.768602 14.779611 2.025129 3.682591
11306.013518 4 0.768339 14.891690 2.028481 3.681789
11306.658628 4 0.768072 15.006123 2.031850 3.680969
11307.303739 4 0.767801 15.122964 2.035237 3.680131
11307.948849 4 0.767525 15.242268 2.038641 3.679276
11308.593959 4 0.767245 15.364094 2.042064 3.678403
11309.239070 4 0.766961 15.488502 2.045504 3.677512
11309.884180 4 0.766671 15.615552 2.048962 3.676602
11310.529290 4 0.766377 15.745309 2.052438 3.675674
11311.174401 4 0.766078 15.877837 2.055932 3.674728
11311.819511 4 0.765774 16.013205 2.059445 3.673763
11312.464621 4 0.765464 16.151481 2.062975 3.672778
11313.109732 4 0.765150 16.292739 2.066525 3.671775
11313.754842 4 0.764829 16.437053 2.070093 3.670752
11314.399952 4 0.764504 16.584499 2.073679 3.669709
11315.045062 4 0.764172 16.735157 2.077284 3.668647
11315.690173 4 0.763834 16.889110 2.080909 3.667564
11316.335283 4 0.763491 17.046442 2.084552 3.666462
11316.980393 4 0.763141 17.207241 2.088214 3.665339
11317.625504 4 0.762784 17.371598 2.091896 3.664195
11318.270614 4 0.762421 17.539608 2.095598 3.663030
11318.915724 4 0.762051 17.711369 2.099319 3.661844
11319.560835 4 0.761674 17.886981 2.103061 3.660637
11319.883390 4 0.761482 17.976260 2.104939 3.660026
11320.205945 4 0.761288 18.066541 2.106822 3.659409
11320.528500 4 0.761093 18.157839 2.108710 3.658786
11320.851055 4 0.760895 18.250167 2.110603 3.658158
11321.173610 4 0.760695 18.343540 2.112502 3.657524
11321.496166 4 0.760494 18.437972 2.114406 3.656885
11321.818721 4 0.760290 18.533478 2.116315 3.656241
11322.141276 4 0.760085 18.630074 2.118229 3.655590
11322.463831 4 0.759877 18.727774 2.120148 3.654935
11322.786386 4 0.759667 18.826594 2.122073 3.654273
11323.108941 4 0.759456 18.926550 2.124003 3.653606
11323.431496 4 0.759242 19.027658 2.125938 3.652933
11323.754052 4 0.759026 19.129936 2.127879 3.652254
11324.076607 4 0.758807 19.233399 2.129826 3.651569
11324.399162 4 0.758587 19.338066 2.131778 3.650878
11324.721717 4 0.758364 19.443953 2.133735 3.650182
11325.044272 4 0.758139 19.551079 2.135698 3.649480
11325.366827 4 0.757912 19.659462 2.137666 3.648771
11325.689383 4 0.757682 19.769121 2.139641 3.648057
11326.011938 4 0.757450 19.880075 2.141621 3.647337
11326.334493 4 0.757215 19.992343 2.143606 3.646610
11326.657048 4 0.756978 20.105945 2.145598 3.645878
11326.979603 4 0.756739 20.220901 2.147595 3.645139
11327.302158 4 0.756496 20.337233 2.149598 3.644394
11327.624714 4 0.756252 20.454961 2.151608 3.643643
11327.947269 4 0.756004 20.574108 2.153623 3.642886
11328.269824 4 0.755754 20.694694 2.155644 3.642122
11328.592379 4 0.755501 20.816743 2.157671 3.641352
11328.914934 4 0.755246 20.940277 2.159705 3.640576
11329.237489 4 0.754988 21.065321 2.161745 3.639793
11329.560044 4 0.754726 21.191898 2.163791 3.639003
11329.882600 4 0.754462 21.320033 2.165843 3.638207
11330.205155 4 0.754195 21.449751 2.167902 3.637405
11330.527710 4 0.753925 21.581079 2.169967 3.636596
11330.850265 4 0.753652 21.714041 2.172039 3.635780
11331.117982 4 0.753423 21.825660 2.173764 3.635098
11331.519558 4 0.753076 21.995268 2.176359 3.634066
