t Ka M R logL logTeff
0.100000 1 59.971285 10.021015 5.692676 4.683854
0.200000 1 59.942194 10.061881 5.694352 4.683389
0.300000 1 59.912803 10.102963 5.696054 4.682930
0.400000 1 59.883107 10.144302 5.697782 4.682475
0.500000 1 59.853098 10.185937 5.699536 4.682024
0.600000 1 59.822769 10.227910 5.701316 4.681576
0.700000 1 59.792114 10.270262 5.703122 4.681130
0.800000 1 59.761124 10.313034 5.704954 4.680686
0.900000 1 59.729792 10.356270 5.706811 4.680242
1.000000 1 59.698110 10.400012 5.708693 4.679797
1.100000 1 59.666070 10.444304 5.710601 4.679351
1.200000 1 59.633664 10.489191 5.712534 4.678903
1.300000 1 59.600883 10.534717 5.714492 4.678452
1.400000 1 59.567719 10.580929 5.716475 4.677997
1.500000 1 59.534162 10.627872 5.718483 4.677538
1.600000 1 59.500203 10.675594 5.720515 4.677073
1.700000 1 59.465833 10.724142 5.722572 4.676602
1.800000 1 59.431042 10.773566 5.724653 4.676124
1.900000 1 59.395820 10.823914 5.726758 4.675638
2.000000 1 59.360157 10.875237 5.728887 4.675143
2.100000 1 59.324043 10.927586 5.731040 4.674638
2.200000 1 59.287466 10.981014 5.733216 4.674123
2.300000 1 59.250417 11.035572 5.735416 4.673597
2.400000 1 59.212883 11.091316 5.737639 4.673059
2.500000 1 59.174853 11.148300 5.739885 4.672508
2.600000 1 59.136315 11.206580 5.742154 4.671943
2.700000 1 59.097257 11.266213 5.744446 4.671363
2.800000 1 59.057668 11.327259 5.746760 4.670768
2.900000 1 59.017533 11.389777 5.749097 4.670157
3.000000 1 58.976841 11.453828 5.751455 4.669529
3.100000 1 58.935578 11.519474 5.753836 4.668883
3.200000 1 58.893731 11.586781 5.756238 4.668219
3.300000 1 58.851286 11.655814 5.758661 4.667535
3.400000 1 58.808229 11.726641 5.761106 4.666830
3.500000 1 58.764545 11.799331 5.763572 4.666105
3.600000 1 58.720220 11.873957 5.766058 4.665357
3.700000 1 58.675240 11.950592 5.768564 4.664587
3.800000 1 58.629589 12.029313 5.771091 4.663793
3.900000 1 58.583251 12.110200 5.773638 4.662974
4.000000 1 58.536211 12.193334 5.776204 4.662130
4.100000 1 58.488454 12.278802 5.778790 4.661260
4.200000 1 58.439962 12.366691 5.781395 4.660363
4.300000 1 58.390719 12.457096 5.784019 4.659437
4.400000 1 58.340710 12.550113 5.786661 4.658482
4.500000 1 58.289917 12.645845 5.789322 4.657497
4.600000 1 58.238323 12.744399 5.792000 4.656481
4.700000 1 58.185910 12.845887 5.794696 4.655433
4.800000 1 58.132663 12.950429 5.797410 4.654351
4.900000 1 58.078562 13.058153 5.800140 4.653235
5.000000 1 58.023591 13.169193 5.802888 4.652083
5.100000 1 57.967733 13.283691 5.805652 4.650894
5.200000 1 57.910969 13.401803 5.808431 4.649667
5.300000 1 57.853281 13.523692 5.811227 4.648400
5.400000 1 57.794654 13.649536 5.814038 4.647091
5.500000 1 57.735068 13.779525 5.816865 4.645740
5.600000 1 57.674508 13.913865 5.819706 4.644343
5.700000 1 57.612956 14.052781 5.822561 4.642900
5.800000 1 57.581675 14.124008 5.823993 4.642160
5.900000 1 57.550140 14.196471 5.825428 4.641407
6.000000 1 57.518348 14.270204 5.826866 4.640642
6.100000 1 57.486297 14.345241 5.828308 4.639864
6.200000 1 57.453985 14.421620 5.829753 4.639072
6.300000 1 57.421411 14.499379 5.831201 4.638266
6.400000 1 57.388572 14.578558 5.832653 4.637447
6.500000 1 57.355467 14.659200 5.834108 4.636612
6.600000 1 57.322095 14.741349 5.835566 4.635764
6.700000 1 57.288453 14.825051 5.837028 4.634899
6.800000 1 57.254540 14.910354 5.838493 4.634020
6.900000 1 57.220354 14.997311 5.839960 4.633124
7.000000 1 57.185895 15.085973 5.841431 4.632212
7.100000 1 57.151160 15.176398 5.842905 4.631283
7.200000 1 57.116149 15.268644 5.844382 4.630336
7.300000 1 57.080861 15.362774 5.845862 4.629371
7.400000 1 57.045294 15.458852 5.847345 4.628388
7.500000 1 57.009448 15.556947 5.848832 4.627386
7.600000 1 56.973322 15.657132 5.850321 4.626365
7.700000 1 56.936915 15.759482 5.851812 4.625323
7.800000 1 56.900227 15.864077 5.853307 4.624260
7.900000 1 56.863258 15.971002 5.854805 4.623176
8.000000 1 56.826008 16.080346 5.856306 4.622069
8.100000 1 56.788476 16.192202 5.857809 4.620940
8.200000 1 56.750663 16.306670 5.859315 4.619787
8.300000 1 56.712570 16.423853 5.860824 4.618609
8.400000 1 56.674197 16.543861 5.862336 4.617406
8.500000 1 56.635546 16.666811 5.863851 4.616177
8.600000 1 56.596617 16.792826 5.865369 4.614921
8.700000 1 56.557413 16.922035 5.866890 4.613637
8.800000 1 56.517935 17.054576 5.868413 4.612323
8.900000 1 56.478186 17.190593 5.869940 4.610980
9.000000 1 56.438168 17.330241 5.871469 4.609605
9.100000 1 56.397884 17.473682 5.873001 4.608199
9.200000 1 56.357339 17.621087 5.874537 4.606758
9.300000 1 56.316535 17.772639 5.876075 4.605283
9.400000 1 56.275478 17.928532 5.877616 4.603772
9.500000 1 56.234171 18.088969 5.879161 4.602224
9.600000 1 56.192622 18.254169 5.880709 4.600637
9.700000 1 56.150835 18.424361 5.882260 4.599009
9.800000 1 56.108818 18.599790 5.883815 4.597340
9.900000 1 56.066579 18.780717 5.885373 4.595628
10.000000 1 56.024125 18.967416 5.886935 4.593870
10.100000 1 56.002795 19.063014 5.887717 4.592974
10.200000 1 55.981415 19.160168 5.888500 4.592066
10.300000 1 55.959987 19.258915 5.889284 4.591146
10.400000 1 55.938513 19.359298 5.890068 4.590213
10.500000 1 55.916992 19.461359 5.890854 4.589268
10.600000 1 55.895428 19.565140 5.891641 4.588309
10.700000 1 55.873821 19.670688 5.892429 4.587338
10.800000 1 55.852173 19.778047 5.893218 4.586353
10.900000 1 55.830486 19.887267 5.894009 4.585355
11.000000 1 55.808761 19.998396 5.894800 4.584343
11.100000 1 55.787000 20.111486 5.895592 4.583317
11.200000 1 55.765206 20.226588 5.896386 4.582276
11.300000 1 55.743379 20.343759 5.897181 4.581220
11.400000 1 55.721522 20.463053 5.897977 4.580150
11.500000 1 55.699637 20.584529 5.898774 4.579064
11.600000 1 55.677727 20.708247 5.899573 4.577962
11.700000 1 55.655792 20.834269 5.900373 4.576845
11.800000 1 55.633837 20.962659 5.901175 4.575711
11.900000 1 55.611863 21.093484 5.901977 4.574561
12.000000 1 55.589873 21.226812 5.902782 4.573394
12.100000 1 55.567869 21.362713 5.903587 4.572209
12.200000 1 55.545854 21.501262 5.904395 4.571007
12.300000 1 55.523831 21.642534 5.905204 4.569787
12.400000 1 55.501802 21.786608 5.906014 4.568549
12.500000 1 55.479771 21.933564 5.906826 4.567293
12.600000 1 55.457742 22.083488 5.907640 4.566017
12.700000 1 55.435716 22.236466 5.908456 4.564722
12.800000 1 55.413697 22.392589 5.909273 4.563407
12.900000 1 55.391690 22.551950 5.910092 4.562072
13.000000 1 55.369696 22.714646 5.910914 4.560716
13.100000 1 55.347721 22.880776 5.911737 4.559339
13.200000 1 55.325768 23.050446 5.912562 4.557941
13.300000 1 55.303840 23.223763 5.913389 4.556522
13.400000 1 55.281942 23.400839 5.914218 4.555079
13.500000 1 55.260077 23.581789 5.915050 4.553615
13.600000 1 55.238251 23.766734 5.915884 4.552127
13.700000 1 55.216467 23.955798 5.916720 4.550615
13.800000 1 55.194731 24.149112 5.917559 4.549080
13.900000 1 55.173046 24.346809 5.918400 4.547520
14.000000 1 55.151418 24.549028 5.919244 4.545934
14.100000 1 55.129851 24.755916 5.920090 4.544324
14.200000 1 55.108350 24.967621 5.920939 4.542687
14.300000 1 55.086922 25.184301 5.921791 4.541023
14.400000 1 55.065570 25.406117 5.922646 4.539333
14.500000 1 55.044301 25.633239 5.923503 4.537615
14.600000 1 55.023120 25.865842 5.924364 4.535868
14.700000 1 55.002033 26.104109 5.925228 4.534093
14.800000 1 54.981046 26.348230 5.926095 4.532289
14.900000 1 54.960164 26.598401 5.926966 4.530454
15.000000 1 54.939395 26.854829 5.927840 4.528589
15.100000 1 54.918743 27.117728 5.928717 4.526693
15.200000 1 54.898217 27.387320 5.929598 4.524765
15.300000 1 54.888019 27.524706 5.930040 4.523789
15.400000 1 54.877856 27.663855 5.930484 4.522805
15.500000 1 54.867727 27.804795 5.930928 4.521813
15.600000 1 54.857634 27.947558 5.931373 4.520812
15.700000 1 54.847578 28.092177 5.931819 4.519803
15.800000 1 54.837559 28.238683 5.932266 4.518785
15.900000 1 54.827578 28.387110 5.932714 4.517759
16.000000 1 54.817637 28.537491 5.933163 4.516723
16.100000 1 54.807735 28.689862 5.933613 4.515680
16.200000 1 54.797875 28.844257 5.934065 4.514627
16.300000 1 54.788057 29.000713 5.934517 4.513566
16.400000 1 54.778281 29.159266 5.934971 4.512495
16.500000 1 54.768549 29.319955 5.935425 4.511415
16.600000 1 54.758862 29.482817 5.935881 4.510326
16.700000 1 54.749220 29.647892 5.936338 4.509228
16.800000 1 54.739624 29.815221 5.936795 4.508120
16.900000 1 54.730076 29.984843 5.937255 4.507003
17.000000 1 54.720577 30.156802 5.937715 4.505877
17.100000 1 54.711126 30.331140 5.938176 4.504740
17.200000 1 54.701726 30.507900 5.938639 4.503594
17.300000 1 54.692377 30.687128 5.939103 4.502438
17.400000 1 54.683080 30.868869 5.939568 4.501272
17.500000 1 54.673836 31.053170 5.940035 4.500096
17.600000 1 54.664646 31.240079 5.940502 4.498910
17.700000 1 54.655511 31.429645 5.940971 4.497714
17.800000 1 54.646432 31.621917 5.941442 4.496507
17.900000 1 54.637409 31.816948 5.941913 4.495290
18.000000 1 54.628445 32.014788 5.942386 4.494062
18.100000 1 54.619539 32.215492 5.942860 4.492823
18.200000 1 54.610694 32.419114 5.943336 4.491574
18.300000 1 54.601908 32.625711 5.943813 4.490314
18.400000 1 54.593185 32.835339 5.944291 4.489043
18.500000 1 54.584524 33.048057 5.944771 4.487760
18.600000 1 54.575927 33.263925 5.945253 4.486467
18.700000 1 54.567395 33.483004 5.945735 4.485162
18.800000 1 54.558928 33.705356 5.946219 4.483846
18.900000 1 54.550527 33.931047 5.946705 4.482518
19.000000 1 54.542194 34.160142 5.947192 4.481179
19.100000 1 54.533929 34.392707 5.947681 4.479828
19.200000 1 54.525734 34.628813 5.948171 4.478464
19.300000 1 54.517608 34.868529 5.948663 4.477089
19.400000 1 54.509554 35.111927 5.949156 4.475702
19.500000 1 54.501572 35.359081 5.949651 4.474303
19.600000 1 54.493663 35.610067 5.950147 4.472891
19.700000 1 54.485828 35.864963 5.950645 4.471467
19.800000 1 54.478067 36.123848 5.951144 4.470030
19.900000 1 54.470382 36.386802 5.951646 4.468580
20.000000 1 54.462774 36.653909 5.952148 4.467117
20.100000 1 54.455243 36.925256 5.952653 4.465642
20.200000 1 54.447790 37.200927 5.953159 4.464153
20.300000 1 54.440416 37.481015 5.953667 4.462652
20.400000 1 54.433122 37.765609 5.954176 4.461136
20.500000 1 54.425909 38.054805 5.954687 4.459608
20.600000 1 54.418777 38.348698 5.955200 4.458065
20.700000 1 54.411727 38.647387 5.955715 4.456509
20.800000 1 54.404761 38.950973 5.956231 4.454939
20.900000 1 54.397878 39.259561 5.956749 4.453355
21.000000 1 54.391079 39.573256 5.957269 4.451757
21.100000 1 54.384366 39.892169 5.957791 4.450144
21.200000 1 54.377738 40.216409 5.958314 4.448517
21.300000 1 54.351572 39.835920 5.967284 4.452824
21.400000 1 54.349786 39.582128 5.968299 4.454466
21.500000 1 54.348076 39.307979 5.969299 4.456225
21.600000 1 54.346438 39.017985 5.970278 4.458078
21.700000 1 54.344867 38.716299 5.971233 4.460002
21.800000 1 54.343360 38.406677 5.972161 4.461978
21.900000 1 54.341914 38.092458 5.973060 4.463986
22.000000 1 54.340527 37.776564 5.973928 4.466011
22.100000 1 54.339197 37.461515 5.974763 4.468039
22.200000 1 54.337922 37.149453 5.975566 4.470056
22.300000 1 54.336700 36.842174 5.976335 4.472052
22.400000 1 54.335530 36.541153 5.977071 4.474017
22.500000 1 54.334410 36.247583 5.977775 4.475945
22.600000 1 54.333339 35.962404 5.978445 4.477828
22.700000 1 54.332315 35.686336 5.979084 4.479661
22.800000 1 54.331337 35.419906 5.979692 4.481440
22.900000 1 54.330403 35.163478 5.980270 4.483162
23.000000 1 54.329513 34.917272 5.980818 4.484825
23.100000 1 54.328665 34.681393 5.981338 4.486427
23.200000 1 54.327858 34.455844 5.981831 4.487967
23.300000 1 54.327090 34.240546 5.982298 4.489445
23.400000 1 54.326359 34.035354 5.982739 4.490860
23.500000 1 54.325665 33.840069 5.983156 4.492214
23.600000 1 54.325007 33.654446 5.983551 4.493507
23.700000 1 54.324382 33.478210 5.983923 4.494740
23.800000 1 54.323789 33.311059 5.984275 4.495915
23.900000 1 54.322667 32.992682 5.984941 4.498167
24.000000 1 54.321664 32.708854 5.985530 4.500190
24.100000 1 54.320771 32.456554 5.986051 4.502002
24.200000 1 54.319978 32.232814 5.986510 4.503619
24.300000 1 54.319273 32.034795 5.986915 4.505058
24.400000 1 54.318650 31.859831 5.987272 4.506337
24.500000 1 54.317546 31.549897 5.987902 4.508617
24.600000 1 54.316703 31.314368 5.988378 4.510363
24.700000 1 54.316061 31.136021 5.988738 4.511693
24.800000 1 54.315088 30.865821 5.989281 4.513722
24.900000 2 54.314100 29.659361 5.989829 4.522517
25.000000 2 54.314096 29.701110 5.989840 4.522214
25.100000 2 54.314083 29.851471 5.989880 4.521128
25.200000 2 54.314070 30.002594 5.989919 4.520041
25.300000 2 54.314058 30.154481 5.989959 4.518954
25.400000 2 54.314045 30.307138 5.989998 4.517868
25.500000 2 54.314033 30.460567 5.990038 4.516781
25.600000 2 54.314020 30.614773 5.990077 4.515694
25.700000 2 54.314008 30.769760 5.990117 4.514608
25.800000 2 54.313995 30.925532 5.990156 4.513521
25.900000 2 54.313983 31.082092 5.990196 4.512434
26.000000 2 54.313971 31.239445 5.990235 4.511348
26.100000 2 54.313959 31.397595 5.990275 4.510261
26.200000 2 54.313947 31.556545 5.990314 4.509174
26.300000 2 54.313935 31.716300 5.990354 4.508088
26.400000 2 54.313924 31.876864 5.990393 4.507001
26.500000 2 54.313912 32.038241 5.990433 4.505914
26.600000 2 54.313900 32.200435 5.990472 4.504828
26.700000 2 54.313889 32.363450 5.990512 4.503741
26.800000 2 54.313877 32.527290 5.990551 4.502654
26.900000 2 54.313866 32.691960 5.990591 4.501568
27.000000 2 54.313855 32.857464 5.990631 4.500481
27.100000 2 54.313844 33.023806 5.990670 4.499395
27.200000 2 54.313833 33.190990 5.990710 4.498308
27.300000 2 54.313822 33.359020 5.990749 4.497221
27.400000 2 54.313811 33.527901 5.990789 4.496135
27.500000 2 54.313800 33.697637 5.990828 4.495048
27.600000 2 54.313789 33.868233 5.990868 4.493961
27.700000 2 54.313779 34.039692 5.990907 4.492875
27.800000 2 54.313768 34.212019 5.990947 4.491788
27.900000 2 54.313757 34.385219 5.990986 4.490701
28.000000 2 54.313747 34.559296 5.991026 4.489615
28.100000 2 54.313737 34.734254 5.991065 4.488528
28.200000 2 54.313727 34.910098 5.991105 4.487441
28.300000 2 54.313716 35.086832 5.991144 4.486355
28.400000 2 54.313706 35.264461 5.991184 4.485268
28.500000 2 54.313696 35.442990 5.991223 4.484181
28.600000 2 54.313687 35.622422 5.991263 4.483095
28.700000 2 54.313677 35.802763 5.991303 4.482008
28.800000 2 54.313667 35.984017 5.991342 4.480921
28.900000 2 54.313657 36.166188 5.991382 4.479835
29.000000 2 54.313648 36.349282 5.991421 4.478748
29.100000 2 54.313638 36.533303 5.991461 4.477661
29.200000 2 54.313629 36.718256 5.991500 4.476575
29.300000 2 54.313620 36.904145 5.991540 4.475488
29.400000 2 54.313611 37.090975 5.991579 4.474401
29.500000 2 54.313601 37.278751 5.991619 4.473315
29.600000 2 54.313592 37.467478 5.991659 4.472228
29.700000 2 54.313583 37.657161 5.991698 4.471141
29.800000 2 54.313575 37.847804 5.991738 4.470055
29.900000 2 54.313566 38.039412 5.991777 4.468968
30.000000 2 54.313557 38.231990 5.991817 4.467881
30.100000 2 54.313548 38.425543 5.991856 4.466795
30.200000 2 54.313540 38.620076 5.991896 4.465708
30.300000 2 54.313531 38.815594 5.991935 4.464621
30.400000 2 54.313523 39.012102 5.991975 4.463535
30.500000 2 54.313515 39.209605 5.992015 4.462448
30.600000 2 54.313506 39.408108 5.992054 4.461361
30.700000 2 54.313498 39.607616 5.992094 4.460275
30.800000 2 54.313490 39.808134 5.992133 4.459188
30.900000 2 54.313482 40.009667 5.992173 4.458101
31.000000 2 54.313474 40.212221 5.992212 4.457015
31.100000 2 54.313467 40.415800 5.992252 4.455928
31.200000 2 54.313459 40.620410 5.992292 4.454841
31.300000 2 54.313451 40.826056 5.992331 4.453755
31.400000 2 54.313444 41.032743 5.992371 4.452668
31.500000 2 54.313436 41.240477 5.992410 4.451581
31.600000 2 54.313429 41.449262 5.992450 4.450495
31.700000 2 54.313421 41.659105 5.992489 4.449408
31.800000 2 54.313414 41.870009 5.992529 4.448321
31.900000 2 54.313407 42.081982 5.992569 4.447235
32.000000 2 54.313400 42.295028 5.992608 4.446148
32.100000 2 54.313393 42.509153 5.992648 4.445061
32.200000 2 54.313386 42.724362 5.992687 4.443975
32.300000 2 54.313379 42.940660 5.992727 4.442888
32.400000 2 54.313372 43.158053 5.992767 4.441801
32.500000 2 54.313365 43.376548 5.992806 4.440715
32.600000 2 54.313358 43.596148 5.992846 4.439628
32.700000 2 54.313352 43.816860 5.992885 4.438541
32.800000 2 54.313345 44.038690 5.992925 4.437455
32.900000 2 54.313339 44.261643 5.992965 4.436368
33.000000 2 54.313332 44.485724 5.993004 4.435281
33.100000 2 54.313325 44.710940 5.993044 4.434195
33.200000 2 54.313319 44.937296 5.993083 4.433108
33.300000 2 54.313312 45.164799 5.993123 4.432021
33.400000 2 54.313306 45.393453 5.993162 4.430935
33.500000 2 54.313299 45.623264 5.993202 4.429848
33.600000 2 54.313292 45.854239 5.993242 4.428761
33.700000 2 54.313286 46.086384 5.993281 4.427675
33.800000 2 54.313279 46.319704 5.993321 4.426588
33.900000 2 54.313273 46.554205 5.993360 4.425501
34.000000 2 54.313266 46.789893 5.993400 4.424415
34.100000 2 54.313259 47.026774 5.993440 4.423328
34.200000 2 54.313253 47.264855 5.993479 4.422241
34.300000 2 54.313246 47.504141 5.993519 4.421155
34.400000 2 54.313240 47.744639 5.993558 4.420068
34.500000 2 54.313233 47.986354 5.993598 4.418981
34.600000 2 54.313226 48.229293 5.993638 4.417895
34.700000 2 54.313220 48.473462 5.993677 4.416808
34.800000 2 54.313213 48.718867 5.993717 4.415721
34.900000 2 54.313206 48.965514 5.993756 4.414634
35.000000 2 54.313200 49.213411 5.993796 4.413548
35.100000 2 54.313193 49.462562 5.993836 4.412461
35.200000 2 54.313187 49.712974 5.993875 4.411374
35.300000 2 54.313180 49.964655 5.993915 4.410288
35.400000 2 54.313173 50.217609 5.993954 4.409201
35.500000 2 54.313167 50.471845 5.993994 4.408114
35.600000 2 54.313160 50.727367 5.994034 4.407028
35.700000 2 54.313153 50.984183 5.994073 4.405941
35.800000 2 54.313147 51.242299 5.994113 4.404854
35.900000 2 54.313140 51.501722 5.994152 4.403768
36.000000 2 54.313134 51.762459 5.994192 4.402681
36.100000 2 54.313127 52.024515 5.994231 4.401594
36.200000 2 54.313120 52.287899 5.994271 4.400508
36.300000 2 54.313114 52.552615 5.994311 4.399421
36.400000 2 54.313107 52.818672 5.994350 4.398334
36.500000 2 54.313100 53.086076 5.994390 4.397248
36.600000 2 54.313041 53.354779 5.994429 4.396161
36.700000 2 54.312981 53.624842 5.994467 4.395074
36.800000 2 54.312921 53.896271 5.994506 4.393988
36.900000 2 54.312862 54.169075 5.994545 4.392901
37.000000 2 54.312802 54.443260 5.994584 4.391814
37.100000 2 54.312742 54.718833 5.994623 4.390728
37.200000 2 54.312683 54.995800 5.994661 4.389641
37.300000 2 54.312623 55.274170 5.994700 4.388554
37.400000 2 54.312563 55.553948 5.994739 4.387468
37.500000 2 54.312503 55.835143 5.994778 4.386381
37.600000 2 54.312444 56.117761 5.994816 4.385295
37.700000 2 54.312384 56.401809 5.994855 4.384208
37.800000 2 54.312324 56.687296 5.994894 4.383121
37.900000 2 54.312264 56.974227 5.994933 4.382035
38.000000 2 54.312204 57.262611 5.994972 4.380948
38.100000 2 54.312145 57.552455 5.995010 4.379861
38.200000 2 54.312085 57.843766 5.995049 4.378775
38.300000 2 54.312025 58.136551 5.995088 4.377688
38.400000 2 54.311965 58.430818 5.995127 4.376601
38.500000 2 54.311905 58.726575 5.995165 4.375515
38.600000 2 54.311845 59.023829 5.995204 4.374428
38.700000 2 54.311785 59.322588 5.995243 4.373341
38.800000 2 54.311726 59.622859 5.995282 4.372255
38.900000 2 54.311666 59.924650 5.995321 4.371168
39.000000 2 54.311606 60.227968 5.995359 4.370081
39.100000 2 54.311546 60.532822 5.995398 4.368995
39.200000 2 54.311486 60.839219 5.995437 4.367908
39.300000 2 54.311426 61.147167 5.995476 4.366821
39.400000 2 54.311366 61.456673 5.995515 4.365735
39.500000 2 54.311306 61.767747 5.995553 4.364648
39.600000 2 54.311246 62.080394 5.995592 4.363561
39.700000 2 54.311186 62.394625 5.995631 4.362475
39.800000 2 54.311126 62.710446 5.995670 4.361388
39.900000 2 54.311066 63.027866 5.995708 4.360301
40.000000 2 54.311006 63.346892 5.995747 4.359215
40.100000 2 54.310946 63.667533 5.995786 4.358128
40.200000 2 54.310886 63.989798 5.995825 4.357041
40.300000 2 54.310825 64.313693 5.995864 4.355955
40.400000 2 54.310765 64.639228 5.995902 4.354868
40.500000 2 54.310705 64.966411 5.995941 4.353781
40.600000 2 54.310645 65.295250 5.995980 4.352695
40.700000 2 54.310585 65.625754 5.996019 4.351608
40.800000 2 54.310525 65.957930 5.996057 4.350521
40.900000 2 54.310465 66.291788 5.996096 4.349435
41.000000 2 54.310405 66.627337 5.996135 4.348348
41.100000 2 54.310346 66.964584 5.996174 4.347261
41.200000 2 54.310286 67.303538 5.996213 4.346175
41.300000 2 54.310227 67.644209 5.996251 4.345088
41.400000 2 54.310168 67.986604 5.996290 4.344001
41.500000 2 54.310109 68.330732 5.996329 4.342915
41.600000 2 54.310050 68.676602 5.996368 4.341828
41.700000 2 54.309991 69.024224 5.996407 4.340741
41.800000 2 54.309932 69.373605 5.996445 4.339655
41.900000 2 54.309874 69.724755 5.996484 4.338568
42.000000 2 54.309816 70.077683 5.996523 4.337481
42.100000 2 54.309758 70.432397 5.996562 4.336395
42.200000 2 54.309700 70.788907 5.996601 4.335308
42.300000 2 54.309642 71.147222 5.996639 4.334221
42.400000 2 54.309584 71.507351 5.996678 4.333135
42.500000 2 54.309526 71.869303 5.996717 4.332048
42.600000 2 54.309469 72.233087 5.996756 4.330961
42.700000 2 54.309412 72.598714 5.996795 4.329875
42.800000 2 54.309354 72.966191 5.996833 4.328788
42.900000 2 54.309297 73.335528 5.996872 4.327701
43.000000 2 54.309241 73.706735 5.996911 4.326615
43.100000 2 54.309184 74.079822 5.996950 4.325528
43.200000 2 54.309127 74.454797 5.996989 4.324441
43.300000 2 54.309071 74.831670 5.997028 4.323355
43.400000 2 54.309014 75.210451 5.997066 4.322268
43.500000 2 54.308958 75.591150 5.997105 4.321181
43.600000 2 54.308902 75.973777 5.997144 4.320095
43.700000 2 54.308846 76.358340 5.997183 4.319008
43.800000 2 54.308791 76.744850 5.997222 4.317921
43.900000 2 54.308735 77.133317 5.997261 4.316835
44.000000 2 54.308679 77.523750 5.997300 4.315748
44.100000 2 54.308624 77.916161 5.997338 4.314661
44.200000 2 54.308569 78.310557 5.997377 4.313575
44.300000 2 54.308514 78.706950 5.997416 4.312488
44.400000 2 54.308459 79.105350 5.997455 4.311401
44.500000 2 54.308404 79.505767 5.997494 4.310315
44.600000 2 54.308349 79.908211 5.997533 4.309228
44.700000 2 54.308295 80.312693 5.997572 4.308141
44.800000 2 54.308241 80.719222 5.997610 4.307055
44.900000 2 54.308186 81.127809 5.997649 4.305968
45.000000 2 54.308132 81.538465 5.997688 4.304881
45.100000 2 54.308078 81.951199 5.997727 4.303795
45.200000 2 54.308024 82.366024 5.997766 4.302708
45.300000 2 54.307971 82.782948 5.997805 4.301621
45.400000 2 54.307917 83.201983 5.997844 4.300535
45.500000 2 54.307864 83.623139 5.997883 4.299448
45.600000 2 54.307810 84.046427 5.997921 4.298361
45.700000 2 54.307757 84.471858 5.997960 4.297275
45.800000 2 54.307704 84.899443 5.997999 4.296188
45.900000 2 54.307651 85.329193 5.998038 4.295101
46.000000 2 54.307598 85.761118 5.998077 4.294015
46.100000 2 54.307546 86.195230 5.998116 4.292928
46.200000 2 54.307493 86.631540 5.998155 4.291841
46.300000 2 54.307441 87.070058 5.998194 4.290755
46.400000 2 54.307388 87.510797 5.998233 4.289668
46.500000 2 54.307336 87.953767 5.998271 4.288581
46.600000 2 54.307284 88.398979 5.998310 4.287495
46.700000 2 54.307232 88.846445 5.998349 4.286408
46.800000 2 54.307180 89.296177 5.998388 4.285321
46.900000 2 54.307129 89.748185 5.998427 4.284234
47.000000 2 54.307077 90.202482 5.998466 4.283148
47.100000 2 54.307026 90.659079 5.998505 4.282061
47.200000 2 54.306975 91.117987 5.998544 4.280974
47.300000 2 54.306924 91.579218 5.998583 4.279888
47.400000 2 54.306873 92.042784 5.998622 4.278801
47.500000 2 54.306822 92.508698 5.998661 4.277714
47.600000 2 54.306771 92.976970 5.998700 4.276628
47.700000 2 54.306720 93.447612 5.998738 4.275541
47.800000 2 54.306670 93.920637 5.998777 4.274454
47.900000 2 54.306619 94.396057 5.998816 4.273368
48.000000 2 54.306569 94.873884 5.998855 4.272281
48.100000 2 54.306519 95.354130 5.998894 4.271194
48.200000 2 54.306469 95.836807 5.998933 4.270108
48.300000 2 54.306419 96.321928 5.998972 4.269021
48.400000 2 54.306369 96.809505 5.999011 4.267934
48.500000 2 54.306320 97.299550 5.999050 4.266848
48.600000 2 54.306270 97.792076 5.999089 4.265761
48.700000 2 54.306221 98.287095 5.999128 4.264674
48.800000 2 54.306172 98.784620 5.999167 4.263588
48.900000 2 54.306122 99.284665 5.999206 4.262501
49.000000 2 54.306073 99.787240 5.999245 4.261414
49.100000 2 54.306025 100.292361 5.999284 4.260328
49.200000 2 54.305270 100.798707 5.999312 4.259241
49.300000 2 54.304516 101.307611 5.999340 4.258155
49.400000 2 54.303762 101.819084 5.999368 4.257068
49.500000 2 54.303008 102.333141 5.999397 4.255982
49.600000 2 54.302254 102.849794 5.999425 4.254895
49.700000 2 54.301499 103.369057 5.999453 4.253809
49.800000 2 54.300745 103.890942 5.999481 4.252722
49.900000 2 54.299991 104.415462 5.999509 4.251636
50.000000 2 54.299237 104.942632 5.999538 4.250549
50.100000 2 54.298482 105.472464 5.999566 4.249462
50.200000 2 54.297728 106.004972 5.999594 4.248376
50.300000 2 54.296974 106.540169 5.999622 4.247289
50.400000 2 54.296219 107.078070 5.999651 4.246203
50.500000 2 54.295465 107.618687 5.999679 4.245116
50.600000 2 54.294711 108.162034 5.999707 4.244030
50.700000 2 54.293957 108.708126 5.999735 4.242943
50.800000 2 54.293202 109.256975 5.999763 4.241857
50.900000 2 54.292448 109.808597 5.999792 4.240770
51.000000 2 54.291693 110.363004 5.999820 4.239684
51.100000 2 54.290939 110.920212 5.999848 4.238597
51.200000 2 54.290185 111.480234 5.999876 4.237511
51.300000 2 54.289430 112.043084 5.999905 4.236424
51.400000 2 54.288676 112.608777 5.999933 4.235338
51.500000 2 54.287921 113.177326 5.999961 4.234251
51.600000 2 54.287167 113.748748 5.999989 4.233165
51.700000 2 54.286413 114.323055 6.000018 4.232078
51.800000 2 54.285658 114.900263 6.000046 4.230991
51.900000 2 54.284904 115.480386 6.000074 4.229905
52.000000 2 54.284149 116.063439 6.000102 4.228818
52.100000 2 54.283395 116.649437 6.000130 4.227732
52.200000 2 54.282640 117.238395 6.000159 4.226645
52.300000 2 54.281886 117.830327 6.000187 4.225559
52.400000 2 54.281131 118.425249 6.000215 4.224472
52.500000 2 54.280377 119.023175 6.000243 4.223386
52.600000 2 54.279622 119.624122 6.000272 4.222299
52.700000 2 54.278868 120.228103 6.000300 4.221213
52.800000 2 54.278113 120.835135 6.000328 4.220126
52.900000 2 54.277358 121.445233 6.000356 4.219039
53.000000 2 54.276604 122.058413 6.000385 4.217953
53.100000 2 54.275849 122.674689 6.000413 4.216866
53.200000 2 54.275095 123.294078 6.000441 4.215780
53.300000 2 54.274340 123.916595 6.000469 4.214693
53.400000 2 54.273585 124.542257 6.000498 4.213607
53.500000 2 54.272831 125.171078 6.000526 4.212520
53.600000 2 54.272076 125.803076 6.000554 4.211433
53.700000 2 54.271321 126.438265 6.000582 4.210347
53.800000 2 54.270567 127.076663 6.000610 4.209260
53.900000 2 54.269812 127.718285 6.000639 4.208174
54.000000 2 54.269057 128.363148 6.000667 4.207087
54.100000 2 54.268303 129.011267 6.000695 4.206001
54.200000 2 54.267548 129.662661 6.000723 4.204914
54.300000 2 54.266793 130.317344 6.000752 4.203827
54.400000 2 54.266038 130.975334 6.000780 4.202741
54.500000 2 54.265284 131.636647 6.000808 4.201654
54.600000 2 54.264529 132.301301 6.000836 4.200568
54.700000 2 54.263774 132.969311 6.000865 4.199481
54.800000 2 54.263019 133.640696 6.000893 4.198394
54.900000 2 54.262265 134.315471 6.000921 4.197308
55.000000 2 54.261510 134.993655 6.000949 4.196221
55.100000 2 54.260755 135.675264 6.000978 4.195135
55.200000 2 54.260000 136.360316 6.001006 4.194048
55.300000 2 54.259245 137.048828 6.001034 4.192961
55.400000 2 54.258490 137.740818 6.001062 4.191875
55.500000 2 54.257736 138.436302 6.001091 4.190788
55.600000 2 54.256981 139.135300 6.001119 4.189702
55.700000 2 54.256226 139.837828 6.001147 4.188615
55.800000 2 54.255471 140.543904 6.001175 4.187528
55.900000 2 54.254716 141.253547 6.001204 4.186442
56.000000 2 54.253961 141.966774 6.001232 4.185355
56.100000 2 54.253206 142.683603 6.001260 4.184269
56.200000 2 54.252451 143.404054 6.001288 4.183182
56.300000 2 54.251696 144.128143 6.001317 4.182095
56.400000 2 54.250941 144.855889 6.001345 4.181009
56.500000 2 54.250186 145.587311 6.001373 4.179922
56.600000 2 54.249431 146.322428 6.001401 4.178835
56.700000 2 54.248676 147.061258 6.001430 4.177749
56.800000 2 54.247921 147.803819 6.001458 4.176662
56.900000 2 54.247166 148.550131 6.001486 4.175576
57.000000 2 54.246411 149.300213 6.001514 4.174489
57.100000 2 54.245656 150.054083 6.001543 4.173402
57.200000 2 54.244901 150.811762 6.001571 4.172316
57.300000 2 54.244146 151.573267 6.001599 4.171229
57.400000 2 54.243391 152.338619 6.001627 4.170142
57.500000 2 54.242636 153.107836 6.001656 4.169056
57.600000 2 54.241881 153.880939 6.001684 4.167969
57.700000 2 54.241126 154.657947 6.001712 4.166882
57.800000 2 54.240371 155.438879 6.001740 4.165796
57.900000 2 54.239616 156.223756 6.001769 4.164709
58.000000 2 54.238860 157.012598 6.001797 4.163623
58.100000 2 54.238105 157.805424 6.001825 4.162536
58.200000 2 54.237350 158.602254 6.001853 4.161449
58.300000 2 54.236595 159.403110 6.001882 4.160363
58.400000 2 54.235840 160.208011 6.001910 4.159276
58.500000 2 54.235085 161.016977 6.001938 4.158189
58.600000 2 54.234329 161.830029 6.001966 4.157103
58.700000 2 54.233574 162.647189 6.001995 4.156016
58.800000 2 54.232819 163.468476 6.002023 4.154929
58.900000 2 54.232064 164.293911 6.002051 4.153843
59.000000 2 54.231308 165.123516 6.002079 4.152756
59.100000 2 54.230553 165.957311 6.002108 4.151669
59.200000 2 54.229798 166.795318 6.002136 4.150583
59.300000 2 54.229043 167.637558 6.002164 4.149496
59.400000 2 54.228287 168.484052 6.002192 4.148409
59.500000 2 54.227532 169.334822 6.002221 4.147323
59.600000 2 54.226777 170.189889 6.002249 4.146236
59.700000 2 54.226021 171.049276 6.002277 4.145149
59.800000 2 54.225266 171.913003 6.002306 4.144063
59.900000 2 54.224511 172.781093 6.002334 4.142976
60.000000 2 54.223755 173.653568 6.002362 4.141889
60.100000 2 54.223000 174.530451 6.002390 4.140803
60.200000 2 54.222245 175.411762 6.002419 4.139716
60.300000 2 54.221489 176.297526 6.002447 4.138629
60.400000 2 54.220734 177.187763 6.002475 4.137542
60.500000 2 54.219978 178.082498 6.002503 4.136456
60.600000 2 54.219223 178.981751 6.002532 4.135369
60.700000 2 54.218468 179.885548 6.002560 4.134282
60.800000 2 54.217712 180.793910 6.002588 4.133196
60.900000 2 54.216957 181.706860 6.002616 4.132109
61.000000 2 54.216201 182.624421 6.002645 4.131022
61.100000 2 54.215446 183.546618 6.002673 4.129936
61.200000 2 54.214690 184.473473 6.002701 4.128849
61.300000 2 54.213935 185.405010 6.002729 4.127762
61.400000 2 54.213179 186.341252 6.002758 4.126675
61.500000 2 54.212424 187.282223 6.002786 4.125589
61.600000 2 54.211668 188.227948 6.002814 4.124502
61.700000 2 54.210913 189.178450 6.002843 4.123415
61.800000 2 54.210157 190.133753 6.002871 4.122329
61.900000 2 54.209401 191.093882 6.002899 4.121242
62.000000 2 54.208646 192.058861 6.002927 4.120155
62.100000 2 54.207890 193.028715 6.002956 4.119069
62.200000 2 54.207135 194.003467 6.002984 4.117982
62.300000 2 54.206379 194.983144 6.003012 4.116895
62.400000 2 54.205623 195.967769 6.003040 4.115808
62.500000 2 54.204868 196.957368 6.003069 4.114722
62.600000 2 54.204112 197.951965 6.003097 4.113635
62.700000 2 54.203357 198.951587 6.003125 4.112548
62.800000 2 54.202601 199.956259 6.003154 4.111461
62.900000 2 54.201845 200.966006 6.003182 4.110375
63.000000 2 54.201089 201.980853 6.003210 4.109288
63.100000 2 54.200334 203.000827 6.003238 4.108201
63.200000 2 54.199578 204.025953 6.003267 4.107115
63.300000 2 54.198822 205.056258 6.003295 4.106028
63.400000 2 54.198067 206.091767 6.003323 4.104941
63.500000 2 54.197311 207.132507 6.003351 4.103854
63.600000 2 54.196555 208.178504 6.003380 4.102768
63.700000 2 54.195799 209.229785 6.003408 4.101681
63.800000 2 54.195044 210.286377 6.003436 4.100594
63.900000 2 54.194288 211.348307 6.003465 4.099507
64.000000 2 54.193532 212.415600 6.003493 4.098421
64.100000 2 54.192776 213.488286 6.003521 4.097334
64.200000 2 54.192020 214.566389 6.003549 4.096247
64.300000 2 54.191265 215.649940 6.003578 4.095160
64.400000 2 54.190509 216.738963 6.003606 4.094074
64.500000 2 54.189753 217.833488 6.003634 4.092987
64.600000 2 54.188997 218.933542 6.003663 4.091900
64.700000 2 54.188241 220.039154 6.003691 4.090813
64.800000 2 54.187485 221.150350 6.003719 4.089727
64.900000 2 54.186729 222.267160 6.003747 4.088640
65.000000 2 54.185973 223.389611 6.003776 4.087553
65.100000 2 54.185217 224.517733 6.003804 4.086466
65.200000 2 54.184462 225.651553 6.003832 4.085379
65.300000 2 54.183706 226.791101 6.003860 4.084293
65.400000 2 54.182950 227.936406 6.003889 4.083206
65.500000 2 54.182194 229.087496 6.003917 4.082119
65.600000 2 54.181438 230.244402 6.003945 4.081032
65.700000 2 54.180682 231.407151 6.003974 4.079946
65.800000 2 54.179926 232.575775 6.004002 4.078859
65.900000 2 54.179170 233.750302 6.004030 4.077772
66.000000 2 54.178414 234.930763 6.004058 4.076685
66.100000 2 54.177658 236.117187 6.004087 4.075598
66.200000 2 54.176902 237.309604 6.004115 4.074512
66.300000 2 54.176146 238.508045 6.004143 4.073425
66.400000 2 54.175389 239.712541 6.004172 4.072338
66.500000 2 54.174633 240.923121 6.004200 4.071251
66.600000 2 54.173877 242.139817 6.004228 4.070165
66.700000 2 54.173121 243.362659 6.004256 4.069078
66.800000 2 54.172365 244.591679 6.004285 4.067991
66.900000 2 54.171609 245.826907 6.004313 4.066904
67.000000 2 54.170853 247.068376 6.004341 4.065817
67.100000 2 54.170097 248.316116 6.004370 4.064731
67.200000 2 54.169341 249.570160 6.004398 4.063644
67.300000 2 54.168584 250.830539 6.004426 4.062557
67.400000 2 54.167828 252.097285 6.004454 4.061470
67.500000 2 54.167072 253.370430 6.004483 4.060383
67.600000 2 54.166316 254.650007 6.004511 4.059296
67.700000 2 54.165560 255.936049 6.004539 4.058210
67.800000 2 54.164803 257.228587 6.004568 4.057123
67.900000 2 54.164047 258.527655 6.004596 4.056036
68.000000 2 54.163291 259.833286 6.004624 4.054949
68.100000 2 54.162535 261.145513 6.004653 4.053862
68.200000 2 54.161778 262.464369 6.004681 4.052776
68.300000 2 54.161022 263.789887 6.004709 4.051689
68.400000 2 54.160266 265.122102 6.004737 4.050602
68.500000 2 54.159510 266.461048 6.004766 4.049515
68.600000 2 54.158753 267.806757 6.004794 4.048428
68.700000 2 54.157997 269.159265 6.004822 4.047341
68.800000 2 54.157241 270.518606 6.004851 4.046255
68.900000 2 54.156484 271.884814 6.004879 4.045168
69.000000 2 54.155728 273.257924 6.004907 4.044081
69.100000 2 54.154972 274.637971 6.004935 4.042994
69.200000 2 54.154215 276.024990 6.004964 4.041907
69.300000 2 54.153459 277.419017 6.004992 4.040820
69.400000 2 54.152702 278.820085 6.005020 4.039734
69.500000 2 54.151946 280.228232 6.005049 4.038647
69.600000 2 54.151190 281.643493 6.005077 4.037560
69.700000 2 54.150433 283.065904 6.005105 4.036473
69.800000 2 54.149677 284.495501 6.005134 4.035386
69.900000 2 54.148920 285.932321 6.005162 4.034299
70.000000 2 54.148164 287.376399 6.005190 4.033213
70.100000 2 54.147407 288.827772 6.005218 4.032126
70.200000 2 54.146651 290.286479 6.005247 4.031039
70.300000 2 54.145894 291.752554 6.005275 4.029952
70.400000 2 54.145138 293.226037 6.005303 4.028865
70.500000 2 54.144381 294.706963 6.005332 4.027778
70.600000 2 54.143625 296.195371 6.005360 4.026691
70.700000 2 54.142868 297.691299 6.005388 4.025605
70.800000 2 54.142112 299.194785 6.005417 4.024518
70.900000 2 54.141355 300.705866 6.005445 4.023431
71.000000 2 54.140599 302.224581 6.005473 4.022344
71.100000 2 54.139842 303.750969 6.005501 4.021257
71.200000 2 54.139085 305.285069 6.005530 4.020170
71.300000 2 54.138329 306.826919 6.005558 4.019083
71.400000 2 54.137572 308.376559 6.005586 4.017996
71.500000 2 54.136815 309.934028 6.005615 4.016910
71.600000 2 54.136059 311.499365 6.005643 4.015823
71.700000 2 54.135302 313.072611 6.005671 4.014736
71.800000 2 54.134546 314.653805 6.005700 4.013649
71.900000 2 54.133789 316.242988 6.005728 4.012562
72.000000 2 54.133032 317.840199 6.005756 4.011475
72.100000 2 54.132275 319.445480 6.005785 4.010388
72.200000 2 54.131519 321.058871 6.005813 4.009301
72.300000 2 54.130762 322.680413 6.005841 4.008215
72.400000 2 54.130005 324.310148 6.005869 4.007128
72.500000 2 54.129249 325.948117 6.005898 4.006041
72.600000 2 54.128492 327.594361 6.005926 4.004954
72.700000 2 54.127735 329.248922 6.005954 4.003867
72.800000 2 54.126978 330.911842 6.005983 4.002780
72.900000 2 54.126221 332.583165 6.006011 4.001693
73.000000 2 54.125465 334.262931 6.006039 4.000606
73.100000 2 54.124708 335.951183 6.006068 3.999519
73.200000 2 54.123951 337.647966 6.006096 3.998432
73.300000 2 54.123194 339.353320 6.006124 3.997346
73.400000 2 54.122437 341.067291 6.006153 3.996259
73.500000 2 54.121681 342.789922 6.006181 3.995172
73.600000 2 54.120924 344.521255 6.006209 3.994085
73.700000 2 54.120167 346.261336 6.006238 3.992998
73.800000 2 54.119410 348.010209 6.006266 3.991911
73.900000 2 54.118653 349.767917 6.006294 3.990824
74.000000 2 54.117896 351.534506 6.006322 3.989737
74.100000 2 54.117139 353.310021 6.006351 3.988650
74.200000 2 54.116382 355.094506 6.006379 3.987563
74.300000 2 54.115625 356.888007 6.006407 3.986476
74.400000 2 54.114868 358.690569 6.006436 3.985390
74.500000 2 54.114111 360.502239 6.006464 3.984303
74.600000 2 54.113354 362.323062 6.006492 3.983216
74.700000 2 54.112597 364.153084 6.006521 3.982129
74.800000 2 54.111840 365.992353 6.006549 3.981042
74.900000 2 54.111083 367.840914 6.006577 3.979955
75.000000 2 54.110326 369.698816 6.006606 3.978868
75.100000 2 54.109569 371.566104 6.006634 3.977781
75.200000 2 54.108812 373.442826 6.006662 3.976694
75.300000 2 54.108055 375.329031 6.006691 3.975607
75.400000 2 54.107298 377.224765 6.006719 3.974520
75.500000 2 54.106541 379.130078 6.006747 3.973433
75.600000 2 54.105784 381.045017 6.006776 3.972346
75.700000 2 54.105027 382.969632 6.006804 3.971259
75.800000 2 54.104270 384.903970 6.006832 3.970172
75.900000 2 54.103513 386.848082 6.006861 3.969085
76.000000 2 54.102756 388.802017 6.006889 3.967999
76.100000 2 54.101998 390.765824 6.006917 3.966912
76.200000 2 54.101241 392.739553 6.006945 3.965825
76.300000 2 54.100484 394.723254 6.006974 3.964738
76.400000 2 54.099727 396.716978 6.007002 3.963651
76.500000 2 54.098970 398.720776 6.007030 3.962564
76.600000 2 54.098213 400.734698 6.007059 3.961477
76.700000 2 54.097455 402.758795 6.007087 3.960390
76.800000 2 54.096698 404.793120 6.007115 3.959303
76.900000 2 54.095941 406.837723 6.007144 3.958216
77.000000 2 54.095184 408.892656 6.007172 3.957129
77.100000 2 54.094426 410.957973 6.007200 3.956042
77.200000 2 54.093669 413.033724 6.007229 3.954955
77.300000 2 54.092912 415.119964 6.007257 3.953868
77.400000 2 54.092155 417.216745 6.007285 3.952781
77.500000 2 54.091397 419.324120 6.007314 3.951694
77.600000 2 54.090640 421.442142 6.007342 3.950607
77.700000 2 54.089883 423.570867 6.007370 3.949520
77.800000 2 54.089125 425.710347 6.007399 3.948433
77.900000 2 54.088368 427.860637 6.007427 3.947346
78.000000 2 54.087611 430.021792 6.007455 3.946259
78.100000 2 54.086853 432.193867 6.007484 3.945172
78.200000 2 54.086096 434.376916 6.007512 3.944085
78.300000 2 54.085339 436.570996 6.007540 3.942998
78.400000 2 54.084581 438.776162 6.007569 3.941911
78.500000 2 54.083824 440.992470 6.007597 3.940824
78.600000 2 54.083066 443.219976 6.007625 3.939737
78.700000 2 54.082309 445.458737 6.007654 3.938650
78.800000 2 54.081551 447.708810 6.007682 3.937563
78.900000 2 54.080794 449.970253 6.007710 3.936476
79.000000 2 54.080036 452.243122 6.007739 3.935389
79.100000 2 54.079279 454.527475 6.007767 3.934302
79.200000 2 54.078522 456.823370 6.007795 3.933215
79.300000 2 54.077764 459.130866 6.007824 3.932128
79.400000 2 54.077007 461.450022 6.007852 3.931041
79.500000 2 54.076249 463.780895 6.007880 3.929954
79.600000 2 54.075491 466.123547 6.007909 3.928867
79.700000 2 54.074734 468.478035 6.007937 3.927780
79.800000 2 54.073976 470.844420 6.007965 3.926693
79.900000 2 54.073219 473.222762 6.007994 3.925606
80.000000 2 54.072461 475.613121 6.008022 3.924519
80.100000 2 54.071704 478.015558 6.008050 3.923432
80.200000 2 54.070946 480.430135 6.008079 3.922345
80.300000 2 54.070188 482.856912 6.008107 3.921258
80.400000 2 54.069431 485.295952 6.008135 3.920171
80.500000 2 54.068673 487.747315 6.008164 3.919084
80.600000 2 54.067916 490.211065 6.008192 3.917997
80.700000 2 54.067158 492.687264 6.008220 3.916910
80.800000 2 54.066400 495.175975 6.008249 3.915823
80.900000 2 54.065643 497.677262 6.008277 3.914736
81.000000 2 54.064885 500.191187 6.008305 3.913649
81.100000 2 54.064127 502.717815 6.008334 3.912562
81.200000 2 54.063369 505.257210 6.008362 3.911475
81.300000 2 54.062612 507.809436 6.008390 3.910388
81.400000 2 54.061854 510.374558 6.008419 3.909301
81.500000 2 54.061096 512.952642 6.008447 3.908214
81.600000 2 54.060338 515.543753 6.008476 3.907127
81.700000 2 54.059581 518.147957 6.008504 3.906040
81.800000 2 54.058823 520.765320 6.008532 3.904953
81.900000 2 54.058065 523.395908 6.008561 3.903866
82.000000 2 54.057307 526.039789 6.008589 3.902778
82.100000 2 54.056550 528.697029 6.008617 3.901691
82.200000 2 54.055792 531.367697 6.008646 3.900604
82.300000 2 54.055034 534.051859 6.008674 3.899517
82.400000 2 54.054276 536.749585 6.008702 3.898430
82.500000 2 54.053518 539.460942 6.008731 3.897343
82.600000 2 54.052760 542.186000 6.008759 3.896256
82.700000 2 54.052002 544.924827 6.008787 3.895169
82.800000 2 54.051245 547.677495 6.008816 3.894082
82.900000 2 54.050487 550.444071 6.008844 3.892995
83.000000 2 54.049729 553.224628 6.008872 3.891908
83.100000 2 54.048971 556.019235 6.008901 3.890821
83.200000 2 54.048213 558.827963 6.008929 3.889734
83.300000 2 54.047455 561.650884 6.008957 3.888647
83.400000 2 54.046697 564.488070 6.008986 3.887560
83.500000 2 54.045939 567.339592 6.009014 3.886473
83.600000 2 54.045181 570.205524 6.009042 3.885385
83.700000 2 54.044423 573.085937 6.009071 3.884298
83.800000 2 54.043665 575.980906 6.009099 3.883211
83.900000 2 54.042907 578.890503 6.009128 3.882124
84.000000 2 54.042149 581.814803 6.009156 3.881037
84.100000 2 54.041391 584.753880 6.009184 3.879950
84.200000 2 54.040633 587.707808 6.009213 3.878863
84.300000 2 54.039875 590.676664 6.009241 3.877776
84.400000 2 54.039117 593.660521 6.009269 3.876689
84.500000 2 54.038359 596.659457 6.009298 3.875602
84.600000 2 54.037601 599.673547 6.009326 3.874515
84.700000 2 54.036843 602.702868 6.009354 3.873428
84.800000 2 54.036084 605.747497 6.009383 3.872340
84.900000 2 54.035326 608.807511 6.009411 3.871253
85.000000 2 54.034568 611.882987 6.009439 3.870166
85.100000 2 54.033810 614.974006 6.009468 3.869079
85.200000 2 54.033052 618.080643 6.009496 3.867992
85.300000 2 54.032294 621.202980 6.009525 3.866905
85.400000 2 54.031536 624.341094 6.009553 3.865818
85.500000 2 54.030777 627.495067 6.009581 3.864731
85.600000 2 54.030019 630.664977 6.009610 3.863644
85.700000 2 54.029261 633.850906 6.009638 3.862556
85.800000 2 54.028503 637.052934 6.009666 3.861469
85.900000 2 54.027744 640.271143 6.009695 3.860382
86.000000 2 54.026986 643.505615 6.009723 3.859295
86.100000 2 54.026228 646.756432 6.009751 3.858208
86.200000 2 54.025470 650.023676 6.009780 3.857121
86.300000 2 54.024711 653.307431 6.009808 3.856034
86.400000 2 54.023953 656.607779 6.009836 3.854947
86.500000 2 54.023195 659.924806 6.009865 3.853860
86.600000 2 54.022437 663.258595 6.009893 3.852772
86.700000 2 54.021678 666.609230 6.009922 3.851685
86.800000 2 54.020920 669.976798 6.009950 3.850598
86.900000 2 54.020162 673.361383 6.009978 3.849511
87.000000 2 54.019403 676.763072 6.010007 3.848424
87.100000 2 54.018645 680.181952 6.010035 3.847337
87.200000 2 54.017886 683.618108 6.010063 3.846250
87.300000 2 54.017128 687.071629 6.010092 3.845162
87.400000 2 54.016370 690.542601 6.010120 3.844075
87.500000 2 54.015611 694.031115 6.010148 3.842988
87.600000 2 54.014853 697.537257 6.010177 3.841901
87.700000 2 54.014094 701.061117 6.010205 3.840814
87.800000 2 54.013336 704.602785 6.010234 3.839727
87.900000 2 54.012577 708.162351 6.010262 3.838640
88.000000 2 54.011819 711.739905 6.010290 3.837552
88.100000 2 54.011060 715.335539 6.010319 3.836465
88.200000 2 54.010302 718.949342 6.010347 3.835378
88.300000 2 54.009543 722.581409 6.010375 3.834291
88.400000 2 54.008785 726.231830 6.010404 3.833204
88.500000 2 54.008026 729.900698 6.010432 3.832117
88.600000 2 54.007268 733.588107 6.010461 3.831030
88.700000 2 54.006509 737.294151 6.010489 3.829942
88.800000 2 54.005751 741.018923 6.010517 3.828855
88.900000 2 54.004992 744.762519 6.010546 3.827768
89.000000 2 54.004234 748.525033 6.010574 3.826681
89.100000 2 54.003475 752.306561 6.010602 3.825594
89.200000 2 54.002716 756.107200 6.010631 3.824507
89.300000 2 54.001958 759.927046 6.010659 3.823419
89.400000 2 54.001199 763.766195 6.010688 3.822332
89.500000 2 54.000441 767.624746 6.010716 3.821245
89.600000 2 53.999682 771.502797 6.010744 3.820158
89.700000 2 53.998923 775.400446 6.010773 3.819071
89.800000 2 53.998165 779.317792 6.010801 3.817984
89.900000 2 53.997406 783.254935 6.010829 3.816896
90.000000 2 53.996647 787.211975 6.010858 3.815809
90.100000 2 53.995888 791.189012 6.010886 3.814722
90.200000 2 53.995130 795.186149 6.010915 3.813635
90.300000 2 53.994371 799.203485 6.010943 3.812548
90.400000 2 53.993612 803.241123 6.010971 3.811460
90.500000 2 53.992854 807.299167 6.011000 3.810373
90.600000 2 53.992095 811.377719 6.011028 3.809286
90.700000 2 53.991336 815.476882 6.011056 3.808199
90.800000 2 53.990577 819.596762 6.011085 3.807112
90.900000 2 53.989818 823.737462 6.011113 3.806024
91.000000 2 53.989060 827.899088 6.011142 3.804937
91.100000 2 53.988301 832.081746 6.011170 3.803850
91.200000 2 53.987542 836.285542 6.011198 3.802763
91.300000 2 53.986783 840.510583 6.011227 3.801676
91.400000 2 53.986024 844.756977 6.011255 3.800588
91.500000 2 53.985265 849.024830 6.011283 3.799501
91.600000 2 53.984507 853.314253 6.011312 3.798414
91.700000 2 53.983748 857.625353 6.011340 3.797327
91.800000 2 53.982989 861.958241 6.011369 3.796240
91.900000 2 53.982230 866.313026 6.011397 3.795152
92.000000 2 53.981471 870.689819 6.011425 3.794065
92.100000 2 53.980712 875.088732 6.011454 3.792978
92.200000 2 53.979953 879.509877 6.011482 3.791891
92.300000 2 53.979194 883.953365 6.011511 3.790804
92.400000 2 53.978435 888.419309 6.011539 3.789716
92.500000 2 53.977676 892.907824 6.011567 3.788629
92.600000 2 53.976917 897.419023 6.011596 3.787542
92.700000 2 53.976158 901.953022 6.011624 3.786455
92.800000 2 53.975399 906.509934 6.011652 3.785367
92.900000 2 53.974640 911.089877 6.011681 3.784280
93.000000 2 53.973881 915.692966 6.011709 3.783193
93.100000 2 53.973122 920.319318 6.011738 3.782106
93.200000 2 53.972363 924.969052 6.011766 3.781018
93.300000 2 53.971604 929.642285 6.011794 3.779931
93.400000 2 53.970845 934.339136 6.011823 3.778844
93.500000 2 53.970086 939.059725 6.011851 3.777757
93.600000 2 53.969327 943.804172 6.011880 3.776670
93.700000 2 53.968568 948.572596 6.011908 3.775582
93.800000 2 53.967808 953.365120 6.011936 3.774495
93.900000 2 53.967049 958.181865 6.011965 3.773408
94.000000 2 53.966290 963.022954 6.011993 3.772321
94.100000 2 53.965531 967.888510 6.012022 3.771233
94.200000 2 53.964772 972.778656 6.012050 3.770146
94.300000 2 53.964013 977.693517 6.012078 3.769059
94.400000 2 53.963254 982.633217 6.012107 3.767972
94.500000 2 53.962494 987.597883 6.012135 3.766884
94.600000 2 53.961735 992.587640 6.012163 3.765797
94.700000 2 53.960976 997.602616 6.012192 3.764710
94.800000 2 53.960217 1002.642937 6.012220 3.763622
94.900000 2 53.959457 1007.708733 6.012249 3.762535
95.000000 2 53.958698 1012.800131 6.012277 3.761448
95.100000 2 53.957939 1017.917262 6.012305 3.760361
95.200000 2 53.957180 1023.060255 6.012334 3.759273
95.300000 2 53.956420 1028.229240 6.012362 3.758186
95.400000 2 53.955661 1033.424351 6.012391 3.757099
95.500000 2 53.954902 1038.645718 6.012419 3.756012
95.600000 2 53.954142 1043.893474 6.012447 3.754924
95.700000 2 53.953383 1049.167753 6.012476 3.753837
95.800000 2 53.952624 1054.468689 6.012504 3.752750
95.900000 2 53.951864 1059.796416 6.012533 3.751662
96.000000 2 53.951105 1065.151070 6.012561 3.750575
96.100000 2 53.950346 1070.532788 6.012589 3.749488
96.200000 2 53.949586 1075.941705 6.012618 3.748401
96.300000 2 53.948827 1081.377960 6.012646 3.747313
96.400000 2 53.948067 1086.841691 6.012675 3.746226
96.500000 2 53.947308 1092.333036 6.012703 3.745139
96.600000 2 53.946549 1097.852136 6.012731 3.744051
96.700000 2 53.945789 1103.399130 6.012760 3.742964
96.800000 2 53.945030 1108.974159 6.012788 3.741877
96.900000 2 53.944270 1114.577366 6.012817 3.740790
97.000000 2 53.943511 1120.208893 6.012845 3.739702
97.100000 2 53.942751 1125.868883 6.012873 3.738615
97.200000 2 53.941992 1131.557480 6.012902 3.737528
97.300000 2 53.941232 1137.274828 6.012930 3.736440
97.400000 2 53.940473 1143.021073 6.012959 3.735353
97.500000 2 53.939713 1148.796360 6.012987 3.734266
97.600000 2 53.938954 1154.600838 6.013015 3.733178
97.700000 2 53.938194 1160.434653 6.013044 3.732091
97.800000 2 53.937434 1166.297954 6.013072 3.731004
97.900000 2 53.936675 1172.190890 6.013101 3.729917
98.000000 2 53.935915 1178.113610 6.013129 3.728829
98.100000 2 53.935156 1184.066265 6.013157 3.727742
98.200000 2 53.934396 1190.049007 6.013186 3.726655
98.300000 2 53.933636 1196.061987 6.013214 3.725567
98.400000 2 53.932877 1202.105360 6.013243 3.724480
98.500000 2 53.932117 1208.179277 6.013271 3.723393
98.600000 2 53.931357 1214.283894 6.013300 3.722305
98.700000 2 53.930598 1220.419365 6.013328 3.721218
98.800000 2 53.929838 1226.585848 6.013356 3.720131
98.900000 2 53.929078 1232.783498 6.013385 3.719043
99.000000 2 53.928319 1239.012474 6.013413 3.717956
99.100000 2 53.927559 1245.272933 6.013442 3.716869
99.200000 2 53.926799 1251.565035 6.013470 3.715781
99.300000 2 53.926040 1257.888939 6.013498 3.714694
99.400000 2 53.925280 1264.244807 6.013527 3.713607
99.500000 2 53.924520 1270.632801 6.013555 3.712519
99.600000 2 53.923760 1277.053081 6.013584 3.711432
99.700000 2 53.923000 1283.505813 6.013612 3.710345
99.800000 2 53.922241 1289.991160 6.013640 3.709257
99.900000 2 53.921481 1296.509286 6.013669 3.708170
100.000000 2 53.920721 1303.060358 6.013697 3.707083
100.100000 2 53.919961 1309.644542 6.013726 3.705995
100.200000 2 53.919201 1316.262006 6.013754 3.704908
100.300000 2 53.918442 1322.912917 6.013783 3.703821
100.400000 2 53.917682 1329.597446 6.013811 3.702733
100.500000 2 53.916922 1336.315761 6.013839 3.701646
100.600000 2 53.916162 1343.068034 6.013868 3.700559
100.700000 2 53.915402 1349.854436 6.013896 3.699471
100.800000 2 53.914642 1356.675140 6.013925 3.698384
100.900000 2 53.913882 1363.530320 6.013953 3.697296
101.000000 2 53.913122 1370.420149 6.013981 3.696209
101.100000 2 53.912362 1377.344804 6.014010 3.695122
101.200000 2 53.911602 1384.304459 6.014038 3.694034
101.300000 2 53.910842 1391.299292 6.014067 3.692947
101.400000 2 53.910082 1398.329481 6.014095 3.691860
101.500000 2 53.909322 1405.395205 6.014124 3.690772
101.600000 2 53.908562 1412.496643 6.014152 3.689685
101.700000 2 53.907802 1419.633975 6.014180 3.688597
101.800000 2 53.907042 1426.807384 6.014209 3.687510
101.900000 2 53.906282 1434.017052 6.014237 3.686423
102.000000 2 53.905522 1441.263162 6.014266 3.685335
102.100000 2 53.904762 1448.545898 6.014294 3.684248
102.200000 2 53.904002 1455.865446 6.014323 3.683161
102.300000 2 53.903242 1463.221991 6.014351 3.682073
102.400000 2 53.902482 1470.615721 6.014379 3.680986
102.500000 2 53.901722 1478.046824 6.014408 3.679898
102.600000 2 53.900962 1485.515488 6.014436 3.678811
102.700000 2 53.900202 1493.021904 6.014465 3.677724
102.800000 2 53.899442 1500.566263 6.014493 3.676636
102.900000 2 53.898681 1508.148755 6.014521 3.675549
103.000000 2 53.897921 1515.769575 6.014550 3.674461
103.100000 2 53.897161 1523.428916 6.014578 3.673374
103.200000 2 53.896401 1531.126973 6.014607 3.672287
103.300000 2 53.895641 1538.863941 6.014635 3.671199
103.400000 2 53.894881 1546.640017 6.014664 3.670112
103.500000 2 53.894120 1554.455400 6.014692 3.669024
103.600000 2 53.893360 1562.310287 6.014720 3.667937
103.700000 2 53.892600 1570.204878 6.014749 3.666850
103.800000 2 53.891840 1578.139375 6.014777 3.665762
103.900000 2 53.891079 1586.113978 6.014806 3.664675
104.000000 2 53.890319 1594.128892 6.014834 3.663587
104.100000 2 53.889559 1602.184319 6.014863 3.662500
104.200000 2 53.888799 1610.280464 6.014891 3.661413
104.300000 2 53.887331 1626.024865 6.014946 3.659313
104.400000 2 53.886230 1637.934138 6.014987 3.657739
104.500000 2 53.885404 1646.923318 6.015018 3.656558
104.600000 2 53.884166 1660.499703 6.015064 3.654787
104.700000 4 53.882928 1674.237759 6.015129 3.653014
104.800000 4 53.882715 1674.241332 6.015130 3.653014
104.900000 4 53.343889 1683.362606 6.015763 3.651992
105.000000 4 52.810450 1692.492865 6.016390 3.650975
105.100000 4 52.282346 1701.631323 6.017011 3.649961
105.200000 4 51.759523 1710.777156 6.017625 3.648950
105.300000 4 51.241928 1719.929506 6.018234 3.647944
105.400000 4 50.729509 1729.087476 6.018836 3.646941
105.500000 4 50.222214 1738.250130 6.019433 3.645943
105.600000 4 49.719993 1747.416489 6.020023 3.644948
105.700000 4 49.222793 1756.585531 6.020608 3.643958
105.800000 4 48.730565 1765.756188 6.021186 3.642972
105.900000 4 48.243260 1774.927343 6.021759 3.641990
106.000000 4 47.760828 1784.097827 6.022326 3.641013
106.100000 4 47.283220 1793.266420 6.022888 3.640040
106.200000 4 46.810388 1802.431841 6.023444 3.639072
106.300000 4 46.342285 1811.592753 6.023994 3.638109
106.400000 4 45.878862 1820.747754 6.024539 3.637150
106.500000 4 45.420074 1829.895376 6.025078 3.636197
106.600000 4 44.965874 1839.034081 6.025612 3.635249
106.700000 4 44.516215 1848.162256 6.026141 3.634306
106.800000 4 44.071053 1857.278209 6.026664 3.633368
106.900000 4 43.630343 1866.380166 6.027182 3.632436
107.000000 4 43.194040 1875.466261 6.027695 3.631510
107.100000 4 42.762100 1884.534539 6.028203 3.630589
107.200000 4 42.334479 1893.582942 6.028705 3.629675
107.300000 4 41.911135 1902.609308 6.029203 3.628767
107.400000 4 41.492024 1911.611360 6.029696 3.627865
107.500000 4 41.077104 1920.586704 6.030184 3.626969
107.600000 4 40.666333 1929.532815 6.030666 3.626081
107.700000 4 40.259671 1938.447033 6.031145 3.625200
107.800000 4 39.857074 1947.326553 6.031618 3.624326
107.900000 4 39.458504 1956.168412 6.032086 3.623459
108.000000 4 39.063919 1964.969481 6.032550 3.622600
108.100000 4 38.673280 1973.726451 6.033009 3.621749
108.200000 4 38.286548 1982.435820 6.033464 3.620907
108.300000 4 37.903683 1991.093879 6.033914 3.620073
108.400000 4 37.524646 1999.696698 6.034360 3.619248
108.500000 4 37.149400 2008.240103 6.034801 3.618433
108.600000 4 36.777907 2016.719663 6.035238 3.617627
108.700000 4 36.410128 2025.130663 6.035670 3.616832
108.800000 4 36.046027 2033.468086 6.036098 3.616046
108.900000 4 35.685567 2041.726583 6.036522 3.615272
109.000000 4 35.328712 2049.900444 6.036941 3.614509
109.100000 4 34.975425 2057.983568 6.037357 3.613759
109.200000 4 34.625671 2065.969425 6.037768 3.613021
109.300000 4 34.279415 2073.851015 6.038175 3.612295
109.400000 4 33.936621 2081.620824 6.038578 3.611584
109.500000 4 33.597255 2089.270774 6.038977 3.610887
109.600000 4 33.261283 2096.792160 6.039372 3.610206
109.700000 4 32.928670 2104.175591 6.039763 3.609540
109.800000 4 32.599384 2111.410910 6.040150 3.608892
109.900000 4 32.273391 2118.487109 6.040533 3.608261
110.000000 4 31.950657 2125.392236 6.040912 3.607649
110.100000 4 31.631151 2132.113277 6.041288 3.607057
110.200000 4 31.314840 2138.636028 6.041660 3.606487
110.300000 4 31.001692 2144.944943 6.042028 3.605939
110.400000 4 30.691675 2151.022957 6.042392 3.605416
110.500000 4 30.384759 2156.851281 6.042753 3.604919
110.600000 4 30.080912 2162.409153 6.043110 3.604449
110.700000 4 29.780103 2167.673549 6.043464 3.604010
110.800000 4 29.482302 2172.618832 6.043814 3.603602
110.900000 4 29.187479 2177.216336 6.044161 3.603230
111.000000 4 28.895605 2181.433852 6.044504 3.602896
111.100000 4 28.606649 2185.235004 6.044844 3.602602
111.200000 4 28.320583 2188.578473 6.045180 3.602354
111.300000 4 28.037378 2191.417029 6.045513 3.602156
111.400000 4 27.757004 2193.696306 6.045842 3.602013
111.500000 4 27.479435 2195.353226 6.046169 3.601931
111.600000 4 27.204641 2196.313953 6.046492 3.601916
111.700000 4 26.932595 2196.491179 6.046811 3.601979
111.800000 4 26.663269 2195.780458 6.047128 3.602128
111.900000 4 26.396637 2194.055144 6.047441 3.602377
112.000000 4 26.132671 2191.159205 6.047752 3.602741
112.100000 4 25.871344 2186.896703 6.048059 3.603241
112.200000 4 25.612631 2181.015799 6.048363 3.603902
112.300000 4 25.356505 2173.183291 6.048664 3.604758
112.400000 4 25.102941 2162.941723 6.048961 3.605858
112.500000 4 24.851912 2149.631848 6.049256 3.607272
112.600000 4 24.603393 2132.239335 6.049547 3.609109
112.700000 4 24.480376 2121.551151 6.049691 3.610237
112.800000 4 24.357974 2109.122434 6.049834 3.611548
112.900000 4 24.236185 2094.495953 6.049976 3.613095
113.000000 4 24.115004 2076.990354 6.050117 3.614952
113.100000 4 24.054717 2066.858445 6.050186 3.616032
113.200000 4 23.994580 2055.561408 6.050255 3.617239
113.300000 4 23.934593 2042.848774 6.050324 3.618603
113.400000 4 23.874757 2028.383552 6.050392 3.620164
113.500000 4 23.815070 2011.701824 6.050459 3.621973
113.600000 4 23.755533 1992.148598 6.050525 3.624111
113.700000 4 23.725838 1981.021011 6.050557 3.625335
113.800000 4 23.696181 1968.789071 6.050589 3.626688
113.900000 4 23.666561 1955.259300 6.050620 3.628193
114.000000 4 23.636978 1940.191365 6.050651 3.629881
114.100000 4 23.607432 1923.284079 6.050680 3.631789
114.200000 4 23.577922 1904.156498 6.050709 3.633966
114.300000 4 23.563186 1893.616507 6.050722 3.635175
114.400000 4 23.548459 1882.329523 6.050736 3.636477
114.500000 4 23.533741 1870.212582 6.050749 3.637882
114.600000 4 23.519033 1857.171046 6.050761 3.639405
114.700000 4 23.504333 1843.096708 6.050773 3.641060
114.800000 4 23.489643 1827.865555 6.050785 3.642865
114.900000 4 23.474962 1811.335140 6.050795 3.644840
115.000000 4 23.460290 1793.341495 6.050805 3.647010
115.100000 4 23.452959 1783.739494 6.050809 3.648177
115.200000 4 23.445630 1773.698728 6.050814 3.649404
115.300000 4 23.438303 1763.190953 6.050817 3.650695
115.400000 4 23.430979 1752.185794 6.050821 3.652056
115.500000 4 23.423657 1740.650571 6.050824 3.653491
115.600000 4 23.416337 1728.550125 6.050827 3.655006
115.700000 4 23.409019 1715.846618 6.050830 3.656609
115.800000 4 23.401704 1702.499336 6.050832 3.658305
115.900000 4 23.394391 1688.464471 6.050834 3.660103
116.000000 4 23.387080 1673.694897 6.050835 3.662011
116.100000 4 23.379772 1658.139943 6.050835 3.664039
116.200000 4 23.372466 1641.745150 6.050835 3.666197
116.300000 4 23.368814 1633.215377 6.050835 3.667328
116.400000 4 23.365162 1624.453425 6.050835 3.668496
116.500000 4 23.361511 1615.451319 6.050834 3.669702
116.600000 4 23.357861 1606.200803 6.050833 3.670949
116.700000 4 23.354212 1596.693338 6.050832 3.672238
116.800000 4 23.350562 1586.920089 6.050831 3.673571
116.900000 4 23.346914 1576.871926 6.050830 3.674950
117.000000 4 23.343266 1566.539414 6.050828 3.676377
117.100000 4 23.339619 1555.912814 6.050826 3.677854
117.200000 4 23.335972 1544.982073 6.050824 3.679385
117.300000 4 23.332326 1533.736830 6.050822 3.680971
117.400000 4 23.328680 1522.166408 6.050819 3.682614
117.500000 4 23.325035 1510.259821 6.050816 3.684319
117.600000 4 23.321390 1498.005770 6.050812 3.686087
117.700000 4 23.317746 1485.392656 6.050809 3.687922
117.800000 4 23.314103 1472.408580 6.050805 3.689828
117.900000 4 23.310460 1459.041357 6.050800 3.691807
118.000000 4 23.306818 1445.278527 6.050796 3.693864
118.100000 4 23.303176 1431.107374 6.050790 3.696002
118.200000 4 23.301356 1423.864923 6.050788 3.697103
118.300000 4 23.299535 1416.515525 6.050785 3.698226
118.400000 4 23.297715 1409.057529 6.050782 3.699372
118.500000 4 23.295895 1401.489273 6.050779 3.700540
118.600000 4 23.294075 1393.809083 6.050776 3.701733
118.700000 4 23.292255 1386.015278 6.050772 3.702950
118.800000 4 23.290435 1378.106168 6.050769 3.704191
118.900000 4 23.288616 1370.080059 6.050765 3.705459
119.000000 4 23.286796 1361.935249 6.050761 3.706753
119.100000 4 23.284977 1353.670037 6.050758 3.708074
119.200000 4 23.283158 1345.282716 6.050754 3.709422
119.300000 4 23.281339 1336.771585 6.050749 3.710799
119.400000 4 23.279520 1328.134942 6.050745 3.712206
119.500000 4 23.277701 1319.371092 6.050741 3.713642
119.600000 4 23.275883 1310.478348 6.050736 3.715110
119.700000 4 23.274064 1301.455030 6.050731 3.716609
119.800000 4 23.272246 1292.299474 6.050726 3.718140
119.900000 4 23.270428 1283.010032 6.050721 3.719706
120.000000 4 23.268610 1273.585073 6.050715 3.721305
120.100000 4 23.266792 1264.022989 6.050710 3.722941
120.200000 4 23.264974 1254.322199 6.050704 3.724612
120.300000 4 23.263157 1244.481150 6.050698 3.726321
120.400000 4 23.261339 1234.498325 6.050692 3.728068
120.500000 4 23.259522 1224.372244 6.050686 3.729855
120.600000 4 23.257705 1214.101468 6.050679 3.731683
120.700000 4 23.255888 1203.684609 6.050672 3.733552
120.800000 4 23.254071 1193.120330 6.050665 3.735465
120.900000 4 23.252254 1182.407351 6.050658 3.737421
121.000000 4 23.250438 1171.544459 6.050650 3.739424
121.100000 4 23.248621 1160.530507 6.050642 3.741473
121.200000 4 23.246805 1149.364427 6.050634 3.743570
121.300000 4 23.244989 1138.045234 6.050626 3.745717
121.400000 4 23.244081 1132.328049 6.050622 3.746810
121.500000 4 23.243173 1126.572484 6.050617 3.747915
121.600000 4 23.242265 1120.778220 6.050613 3.749034
121.700000 4 23.241357 1114.945167 6.050608 3.750166
121.800000 4 23.240449 1109.073242 6.050603 3.751311
121.900000 4 23.239541 1103.162370 6.050599 3.752471
122.000000 4 23.238634 1097.212480 6.050594 3.753644
122.100000 4 23.237726 1091.223512 6.050589 3.754831
122.200000 4 23.236818 1085.195413 6.050584 3.756033
122.300000 4 23.235911 1079.128138 6.050579 3.757249
122.400000 4 23.235003 1073.021650 6.050574 3.758480
122.500000 4 23.234095 1066.875921 6.050569 3.759726
122.600000 4 23.233188 1060.690933 6.050564 3.760987
122.700000 4 23.232280 1054.466676 6.050558 3.762264
122.800000 4 23.231373 1048.203151 6.050553 3.763556
122.900000 4 23.230465 1041.900367 6.050547 3.764864
123.000000 4 23.229558 1035.558346 6.050541 3.766189
123.100000 4 23.228651 1029.177119 6.050536 3.767529
123.200000 4 23.227743 1022.756728 6.050530 3.768887
123.300000 4 23.226836 1016.297227 6.050524 3.770261
123.400000 4 23.225929 1009.798681 6.050518 3.771653
123.500000 4 23.225022 1003.261168 6.050511 3.773061
123.600000 4 23.224114 996.684777 6.050505 3.774488
123.700000 4 23.223207 990.069611 6.050499 3.775932
123.800000 4 23.222300 983.415787 6.050492 3.777395
123.900000 4 23.221393 976.723432 6.050486 3.778876
124.000000 4 23.220486 969.992690 6.050479 3.780376
124.100000 4 23.219579 963.223720 6.050472 3.781895
124.200000 4 23.218672 956.416692 6.050465 3.783433
124.300000 4 23.217765 949.571795 6.050458 3.784991
124.400000 4 23.216858 942.689232 6.050451 3.786569
124.500000 4 23.215951 935.769220 6.050443 3.788167
124.600000 4 23.215044 928.811995 6.050436 3.789786
