t Ka M R logL logTeff
0.100000 1 59.989149 8.846442 5.690603 4.710407
0.200000 1 59.978113 8.875179 5.692384 4.710148
0.300000 1 59.966973 8.904075 5.694197 4.709895
0.400000 1 59.955728 8.933165 5.696041 4.709648
0.500000 1 59.944373 8.962484 5.697917 4.709406
0.600000 1 59.932906 8.992071 5.699825 4.709167
0.700000 1 59.921325 9.021961 5.701765 4.708931
0.800000 1 59.909625 9.052192 5.703736 4.708698
0.900000 1 59.897804 9.082803 5.705739 4.708465
1.000000 1 59.885859 9.113831 5.707774 4.708234
1.100000 1 59.873786 9.145316 5.709840 4.708001
1.200000 1 59.861582 9.177297 5.711938 4.707768
1.300000 1 59.849243 9.209814 5.714066 4.707532
1.400000 1 59.836767 9.242908 5.716227 4.707293
1.500000 1 59.824149 9.276621 5.718418 4.707050
1.600000 1 59.811386 9.310993 5.720641 4.706803
1.700000 1 59.798473 9.346068 5.722895 4.706550
1.800000 1 59.785408 9.381889 5.725180 4.706291
1.900000 1 59.772186 9.418498 5.727497 4.706024
2.000000 1 59.758803 9.455942 5.729844 4.705749
2.100000 1 59.745255 9.494265 5.732222 4.705465
2.200000 1 59.731538 9.533514 5.734631 4.705172
2.300000 1 59.717647 9.573734 5.737071 4.704868
2.400000 1 59.703578 9.614975 5.739541 4.704552
2.500000 1 59.689326 9.657285 5.742043 4.704224
2.600000 1 59.674888 9.700714 5.744574 4.703882
2.700000 1 59.660256 9.745312 5.747137 4.703527
2.800000 1 59.645428 9.791131 5.749730 4.703157
2.900000 1 59.630398 9.838225 5.752353 4.702770
3.000000 1 59.615160 9.886648 5.755006 4.702368
3.100000 1 59.599710 9.936456 5.757690 4.701947
3.200000 1 59.584041 9.987705 5.760404 4.701509
3.300000 1 59.568149 10.040454 5.763148 4.701051
3.400000 1 59.552027 10.094764 5.765922 4.700573
3.500000 1 59.535670 10.150696 5.768725 4.700074
3.600000 1 59.519072 10.208315 5.771559 4.699553
3.700000 1 59.502226 10.267685 5.774422 4.699010
3.800000 1 59.485126 10.328876 5.777314 4.698443
3.900000 1 59.467740 10.391956 5.780236 4.697851
4.000000 1 59.450059 10.456997 5.783187 4.697234
4.100000 1 59.432073 10.524074 5.786167 4.696590
4.200000 1 59.413773 10.593266 5.789175 4.695919
4.300000 1 59.395151 10.664656 5.792212 4.695220
4.400000 1 59.376197 10.738328 5.795277 4.694492
4.500000 1 59.356901 10.814372 5.798371 4.693733
4.600000 1 59.337252 10.892882 5.801492 4.692942
4.700000 1 59.317240 10.973957 5.804642 4.692119
4.800000 1 59.296856 11.057700 5.807819 4.691263
4.900000 1 59.276086 11.144220 5.811024 4.690372
5.000000 1 59.254921 11.233634 5.814257 4.689445
5.100000 1 59.233349 11.326064 5.817516 4.688480
5.200000 1 59.211357 11.421641 5.820803 4.687477
5.300000 1 59.188933 11.520505 5.824117 4.686434
5.400000 1 59.166065 11.622805 5.827457 4.685349
5.500000 1 59.142739 11.728699 5.830824 4.684222
5.600000 1 59.118942 11.838360 5.834217 4.683049
5.700000 1 59.094661 11.951971 5.837636 4.681830
5.800000 1 59.069882 12.069731 5.841082 4.680562
5.900000 1 59.057236 12.130227 5.842813 4.679909
6.000000 1 59.044460 12.191841 5.844550 4.679244
6.100000 1 59.031550 12.254605 5.846294 4.678564
6.200000 1 59.018507 12.318548 5.848045 4.677872
6.300000 1 59.005326 12.383703 5.849801 4.677166
6.400000 1 58.992008 12.450104 5.851564 4.676445
6.500000 1 58.978549 12.517786 5.853333 4.675710
6.600000 1 58.964948 12.586786 5.855108 4.674960
6.700000 1 58.951204 12.657142 5.856889 4.674195
6.800000 1 58.937313 12.728894 5.858677 4.673414
6.900000 1 58.923275 12.802085 5.860470 4.672618
7.000000 1 58.909086 12.876757 5.862270 4.671805
7.100000 1 58.894746 12.952958 5.864076 4.670975
7.200000 1 58.880252 13.030734 5.865887 4.670128
7.300000 1 58.865602 13.110138 5.867705 4.669263
7.400000 1 58.850795 13.191221 5.869529 4.668380
7.500000 1 58.835828 13.274039 5.871358 4.667479
7.600000 1 58.820699 13.358651 5.873194 4.666558
7.700000 1 58.805406 13.445117 5.875035 4.665617
7.800000 1 58.789948 13.533502 5.876882 4.664656
7.900000 1 58.774322 13.623873 5.878735 4.663674
8.000000 1 58.758527 13.716301 5.880593 4.662670
8.100000 1 58.742560 13.810861 5.882457 4.661645
8.200000 1 58.726420 13.907630 5.884327 4.660596
8.300000 1 58.710105 14.006692 5.886203 4.659523
8.400000 1 58.693612 14.108134 5.888084 4.658427
8.500000 1 58.676941 14.212046 5.889971 4.657305
8.600000 1 58.660089 14.318526 5.891863 4.656157
8.700000 1 58.643054 14.427674 5.893761 4.654983
8.800000 1 58.625836 14.539598 5.895664 4.653780
8.900000 1 58.608432 14.654411 5.897573 4.652550
9.000000 1 58.590841 14.772233 5.899488 4.651289
9.100000 1 58.573061 14.893188 5.901407 4.649999
9.200000 1 58.555092 15.017410 5.903332 4.648676
9.300000 1 58.536931 15.145040 5.905263 4.647321
9.400000 1 58.518578 15.276226 5.907199 4.645932
9.500000 1 58.500032 15.411124 5.909140 4.644508
9.600000 1 58.481293 15.549902 5.911086 4.643048
9.700000 1 58.462358 15.692734 5.913038 4.641551
9.800000 1 58.443229 15.839807 5.914995 4.640014
9.900000 1 58.423904 15.991317 5.916958 4.638438
10.000000 1 58.404383 16.147475 5.918925 4.636820
10.100000 1 58.384667 16.308501 5.920898 4.635158
10.200000 1 58.374712 16.390908 5.921886 4.634311
10.300000 1 58.364708 16.474621 5.922876 4.633452
10.400000 1 58.354656 16.559671 5.923866 4.632581
10.500000 1 58.344555 16.646093 5.924858 4.631699
10.600000 1 58.334406 16.733918 5.925852 4.630805
10.700000 1 58.324209 16.823182 5.926846 4.629898
10.800000 1 58.313964 16.913920 5.927842 4.628979
10.900000 1 58.303672 17.006170 5.928840 4.628047
11.000000 1 58.293332 17.099968 5.929838 4.627102
11.100000 1 58.282945 17.195354 5.930838 4.626145
11.200000 1 58.272511 17.292369 5.931840 4.625173
11.300000 1 58.262031 17.391055 5.932842 4.624188
11.400000 1 58.251505 17.491453 5.933846 4.623189
11.500000 1 58.240933 17.593608 5.934851 4.622176
11.600000 1 58.230315 17.697567 5.935858 4.621148
11.700000 1 58.219653 17.803376 5.936866 4.620106
11.800000 1 58.208946 17.911084 5.937876 4.619049
11.900000 1 58.198196 18.020741 5.938886 4.617976
12.000000 1 58.187402 18.132399 5.939899 4.616888
12.100000 1 58.176566 18.246113 5.940912 4.615783
12.200000 1 58.165687 18.361936 5.941927 4.614663
12.300000 1 58.154767 18.479927 5.942943 4.613526
12.400000 1 58.143806 18.600145 5.943961 4.612373
12.500000 1 58.132806 18.722651 5.944980 4.611202
12.600000 1 58.121766 18.847507 5.946001 4.610014
12.700000 1 58.110689 18.974780 5.947023 4.608808
12.800000 1 58.099573 19.104537 5.948047 4.607584
12.900000 1 58.088422 19.236848 5.949072 4.606342
13.000000 1 58.077235 19.371784 5.950098 4.605080
13.100000 1 58.066015 19.509421 5.951126 4.603800
13.200000 1 58.054761 19.649836 5.952156 4.602500
13.300000 1 58.043475 19.793109 5.953187 4.601180
13.400000 1 58.032159 19.939323 5.954219 4.599840
13.500000 1 58.020813 20.088564 5.955253 4.598479
13.600000 1 58.009439 20.240920 5.956289 4.597098
13.700000 1 57.998040 20.396484 5.957326 4.595695
13.800000 1 57.986615 20.555350 5.958365 4.594269
13.900000 1 57.975167 20.717618 5.959406 4.592822
14.000000 1 57.963697 20.883390 5.960448 4.591352
14.100000 1 57.952208 21.052771 5.961492 4.589859
14.200000 1 57.940700 21.225872 5.962538 4.588342
14.300000 1 57.929177 21.402807 5.963586 4.586802
14.400000 1 57.917640 21.583695 5.964635 4.585236
14.500000 1 57.906090 21.768657 5.965686 4.583646
14.600000 1 57.894531 21.957821 5.966739 4.582031
14.700000 1 57.882965 22.151320 5.967794 4.580389
14.800000 1 57.871393 22.349290 5.968850 4.578721
14.900000 1 57.859819 22.551874 5.969909 4.577027
15.000000 1 57.848245 22.759220 5.970970 4.575304
15.100000 1 57.836673 22.971482 5.972032 4.573554
15.200000 1 57.825107 23.188819 5.973097 4.571776
15.300000 1 57.813549 23.411397 5.974164 4.569968
15.400000 1 57.802002 23.639390 5.975233 4.568131
15.500000 1 57.790469 23.872976 5.976304 4.566263
15.600000 1 57.784712 23.991926 5.976841 4.565318
15.700000 1 57.778959 24.112345 5.977378 4.564365
15.800000 1 57.773212 24.234257 5.977915 4.563405
15.900000 1 57.767471 24.357688 5.978454 4.562436
16.000000 1 57.761736 24.482663 5.978992 4.561459
16.100000 1 57.756007 24.609208 5.979532 4.560475
16.200000 1 57.750286 24.737350 5.980072 4.559482
16.300000 1 57.744572 24.867115 5.980612 4.558481
16.400000 1 57.738867 24.998533 5.981153 4.557472
16.500000 1 57.733170 25.131630 5.981695 4.556454
16.600000 1 57.727482 25.266436 5.982238 4.555428
16.700000 1 57.721803 25.402979 5.982781 4.554393
16.800000 1 57.716134 25.541291 5.983324 4.553350
16.900000 1 57.710476 25.681402 5.983869 4.552298
17.000000 1 57.704829 25.823342 5.984414 4.551238
17.100000 1 57.699193 25.967145 5.984959 4.550168
17.200000 1 57.693569 26.112842 5.985506 4.549090
17.300000 1 57.687958 26.260466 5.986053 4.548003
17.400000 1 57.682360 26.410053 5.986600 4.546906
17.500000 1 57.676775 26.561637 5.987149 4.545800
17.600000 1 57.671204 26.715253 5.987698 4.544685
17.700000 1 57.665649 26.870937 5.988248 4.543561
17.800000 1 57.660108 27.028726 5.988798 4.542427
17.900000 1 57.654583 27.188659 5.989350 4.541284
18.000000 1 57.649074 27.350773 5.989902 4.540131
18.100000 1 57.643582 27.515109 5.990454 4.538969
18.200000 1 57.638108 27.681707 5.991008 4.537796
18.300000 1 57.632652 27.850608 5.991562 4.536614
18.400000 1 57.627214 28.021854 5.992117 4.535421
18.500000 1 57.621796 28.195488 5.992673 4.534219
18.600000 1 57.616398 28.371554 5.993229 4.533006
18.700000 1 57.611020 28.550097 5.993787 4.531783
18.800000 1 57.605663 28.731163 5.994345 4.530550
18.900000 1 57.600328 28.914800 5.994904 4.529306
19.000000 1 57.595015 29.101054 5.995464 4.528052
19.100000 1 57.589725 29.289976 5.996024 4.526787
19.200000 1 57.584459 29.481616 5.996586 4.525511
19.300000 1 57.579217 29.676025 5.997148 4.524225
19.400000 1 57.574000 29.873255 5.997711 4.522927
19.500000 1 57.568808 30.073361 5.998275 4.521618
19.600000 1 57.563642 30.276397 5.998840 4.520299
19.700000 1 57.558504 30.482420 5.999406 4.518967
19.800000 1 57.553392 30.691487 5.999973 4.517625
19.900000 1 57.548309 30.903657 6.000540 4.516271
20.000000 1 57.543255 31.118991 6.001109 4.514905
20.100000 1 57.538230 31.337549 6.001678 4.513528
20.200000 1 57.533235 31.559396 6.002249 4.512138
20.300000 1 57.528271 31.784596 6.002820 4.510737
20.400000 1 57.518406 32.080983 6.005585 4.509413
20.500000 1 57.514687 31.993929 6.007457 4.510471
20.600000 1 57.511378 31.765721 6.009468 4.512528
20.700000 1 57.509895 31.612725 6.010457 4.513824
20.800000 1 57.508485 31.436822 6.011445 4.515283
20.900000 1 57.507145 31.241733 6.012424 4.516879
21.000000 1 57.505868 31.031078 6.013389 4.518589
21.100000 1 57.504653 30.808274 6.014334 4.520390
21.200000 1 57.503494 30.576479 6.015256 4.522261
21.300000 1 57.502391 30.338554 6.016152 4.524181
21.400000 1 57.501339 30.097046 6.017020 4.526134
21.500000 1 57.500337 29.854192 6.017858 4.528102
21.600000 1 57.499382 29.611921 6.018664 4.530073
21.700000 1 57.498473 29.371879 6.019440 4.532035
21.800000 1 57.497608 29.135446 6.020183 4.533975
21.900000 1 57.496785 28.903760 6.020894 4.535887
22.000000 1 57.496003 28.677742 6.021574 4.537762
22.100000 1 57.495259 28.458122 6.022222 4.539593
22.200000 1 57.494552 28.245458 6.022840 4.541376
22.300000 1 57.493882 28.040163 6.023428 4.543107
22.400000 1 57.493246 27.842521 6.023986 4.544783
22.500000 1 57.492642 27.652711 6.024517 4.546401
22.600000 1 57.492071 27.470818 6.025020 4.547960
22.700000 1 57.491529 27.296849 6.025496 4.549458
22.800000 1 57.491017 27.130751 6.025948 4.550897
22.900000 1 57.490532 26.972415 6.026375 4.552274
23.000000 1 57.490073 26.821692 6.026779 4.553592
23.100000 1 57.489640 26.678400 6.027161 4.554851
23.200000 1 57.489230 26.542329 6.027522 4.556051
23.300000 1 57.488457 26.282720 6.028205 4.558357
23.400000 1 57.487771 26.050838 6.028810 4.560432
23.500000 1 57.487163 25.844381 6.029346 4.562294
23.600000 1 57.486626 25.661047 6.029819 4.563958
23.700000 1 57.486152 25.498603 6.030236 4.565441
23.800000 1 57.485733 25.354933 6.030604 4.566760
23.900000 1 57.485365 25.228063 6.030927 4.567930
24.000000 1 57.484715 25.003477 6.031498 4.570015
24.100000 1 57.484223 24.832929 6.031930 4.571609
24.200000 1 57.483851 24.703851 6.032256 4.572822
24.300000 1 57.483289 24.508388 6.032749 4.574670
24.400000 2 57.482722 23.539591 6.033245 4.583552
24.500000 2 57.482720 23.575650 6.033267 4.583225
24.600000 2 57.482706 23.798426 6.033401 4.581217
24.700000 2 57.482693 24.023308 6.033535 4.579208
24.800000 2 57.482679 24.250314 6.033669 4.577199
24.900000 2 57.482666 24.479466 6.033803 4.575190
25.000000 2 57.482653 24.710783 6.033937 4.573182
25.100000 2 57.482639 24.944286 6.034072 4.571173
25.200000 2 57.482626 25.179995 6.034206 4.569164
25.300000 2 57.482613 25.417932 6.034340 4.567155
25.400000 2 57.482600 25.658117 6.034474 4.565147
25.500000 2 57.482587 25.900572 6.034608 4.563138
25.600000 2 57.482574 26.145318 6.034742 4.561129
25.700000 2 57.482562 26.392377 6.034876 4.559120
25.800000 2 57.482549 26.641770 6.035011 4.557112
25.900000 2 57.482537 26.893520 6.035145 4.555103
26.000000 2 57.482524 27.147649 6.035279 4.553094
26.100000 2 57.482512 27.404179 6.035413 4.551085
26.200000 2 57.482500 27.663134 6.035547 4.549077
26.300000 2 57.482488 27.924535 6.035681 4.547068
26.400000 2 57.482476 28.188407 6.035816 4.545059
26.500000 2 57.482464 28.454772 6.035950 4.543050
26.600000 2 57.482452 28.723654 6.036084 4.541042
26.700000 2 57.482441 28.995077 6.036218 4.539033
26.800000 2 57.482429 29.269065 6.036352 4.537024
26.900000 2 57.482418 29.545642 6.036486 4.535015
27.000000 2 57.482406 29.824833 6.036621 4.533007
27.100000 2 57.482395 30.106662 6.036755 4.530998
27.200000 2 57.482384 30.391154 6.036889 4.528989
27.300000 2 57.482373 30.678334 6.037023 4.526980
27.400000 2 57.482363 30.968229 6.037157 4.524972
27.500000 2 57.482352 31.260862 6.037292 4.522963
27.600000 2 57.482341 31.556261 6.037426 4.520954
27.700000 2 57.482331 31.854451 6.037560 4.518945
27.800000 2 57.482321 32.155460 6.037694 4.516937
27.900000 2 57.482310 32.459312 6.037828 4.514928
28.000000 2 57.482300 32.766036 6.037962 4.512919
28.100000 2 57.482290 33.075659 6.038097 4.510910
28.200000 2 57.482281 33.388207 6.038231 4.508902
28.300000 2 57.482271 33.703709 6.038365 4.506893
28.400000 2 57.482261 34.022192 6.038499 4.504884
28.500000 2 57.482252 34.343685 6.038633 4.502875
28.600000 2 57.482243 34.668215 6.038768 4.500867
28.700000 2 57.482234 34.995813 6.038902 4.498858
28.800000 2 57.482224 35.326506 6.039036 4.496849
28.900000 2 57.482216 35.660325 6.039170 4.494840
29.000000 2 57.482207 35.997297 6.039305 4.492832
29.100000 2 57.482198 36.337455 6.039439 4.490823
29.200000 2 57.482190 36.680826 6.039573 4.488814
29.300000 2 57.482181 37.027443 6.039707 4.486805
29.400000 2 57.482173 37.377334 6.039841 4.484797
29.500000 2 57.482165 37.730533 6.039976 4.482788
29.600000 2 57.482157 38.087069 6.040110 4.480779
29.700000 2 57.482149 38.446974 6.040244 4.478770
29.800000 2 57.482141 38.810280 6.040378 4.476762
29.900000 2 57.482133 39.177019 6.040513 4.474753
30.000000 2 57.482126 39.547224 6.040647 4.472744
30.100000 2 57.482118 39.920928 6.040781 4.470735
30.200000 2 57.482111 40.298163 6.040915 4.468727
30.300000 2 57.482104 40.678962 6.041049 4.466718
30.400000 2 57.482097 41.063360 6.041184 4.464709
30.500000 2 57.482090 41.451391 6.041318 4.462700
30.600000 2 57.482083 41.843089 6.041452 4.460692
30.700000 2 57.482077 42.238488 6.041586 4.458683
30.800000 2 57.482070 42.637623 6.041721 4.456674
30.900000 2 57.482064 43.040531 6.041855 4.454665
31.000000 2 57.482057 43.447245 6.041989 4.452657
31.100000 2 57.482051 43.857804 6.042123 4.450648
31.200000 2 57.482045 44.272241 6.042258 4.448639
31.300000 2 57.482039 44.690596 6.042392 4.446630
31.400000 2 57.482033 45.112903 6.042526 4.444622
31.500000 2 57.482027 45.539202 6.042660 4.442613
31.600000 2 57.482022 45.969529 6.042795 4.440604
31.700000 2 57.482016 46.403923 6.042929 4.438595
31.800000 2 57.482011 46.842421 6.043063 4.436587
31.900000 2 57.482005 47.285063 6.043197 4.434578
32.000000 2 57.482000 47.731888 6.043332 4.432569
32.100000 2 57.481994 48.182936 6.043466 4.430560
32.200000 2 57.481989 48.638245 6.043600 4.428552
32.300000 2 57.481983 49.097857 6.043734 4.426543
32.400000 2 57.481978 49.561812 6.043869 4.424534
32.500000 2 57.481973 50.030152 6.044003 4.422525
32.600000 2 57.481967 50.502917 6.044137 4.420517
32.700000 2 57.481962 50.980149 6.044272 4.418508
32.800000 2 57.481956 51.461892 6.044406 4.416499
32.900000 2 57.481951 51.948186 6.044540 4.414490
33.000000 2 57.481945 52.439076 6.044674 4.412482
33.100000 2 57.481940 52.934604 6.044809 4.410473
33.200000 2 57.481934 53.434815 6.044943 4.408464
33.300000 2 57.481929 53.939753 6.045077 4.406455
33.400000 2 57.481923 54.449463 6.045211 4.404447
33.500000 2 57.481917 54.963989 6.045346 4.402438
33.600000 2 57.481912 55.483377 6.045480 4.400429
33.700000 2 57.481906 56.007673 6.045614 4.398420
33.800000 2 57.481901 56.536923 6.045748 4.396412
33.900000 2 57.481851 57.071107 6.045882 4.394403
34.000000 2 57.481802 57.610337 6.046016 4.392394
34.100000 2 57.481752 58.154662 6.046149 4.390386
34.200000 2 57.481702 58.704128 6.046283 4.388377
34.300000 2 57.481652 59.258786 6.046416 4.386368
34.400000 2 57.481602 59.818683 6.046550 4.384360
34.500000 2 57.481552 60.383870 6.046684 4.382351
34.600000 2 57.481502 60.954396 6.046817 4.380342
34.700000 2 57.481452 61.530311 6.046951 4.378334
34.800000 2 57.481402 62.111667 6.047085 4.376325
34.900000 2 57.481352 62.698515 6.047218 4.374316
35.000000 2 57.481302 63.290908 6.047352 4.372308
35.100000 2 57.481252 63.888896 6.047485 4.370299
35.200000 2 57.481202 64.492533 6.047619 4.368291
35.300000 2 57.481152 65.101873 6.047753 4.366282
35.400000 2 57.481102 65.716969 6.047886 4.364273
35.500000 2 57.481052 66.337876 6.048020 4.362265
35.600000 2 57.481001 66.964648 6.048154 4.360256
35.700000 2 57.480951 67.597342 6.048287 4.358248
35.800000 2 57.480901 68.236012 6.048421 4.356239
35.900000 2 57.480850 68.880715 6.048554 4.354230
36.000000 2 57.480800 69.531509 6.048688 4.352222
36.100000 2 57.480749 70.188451 6.048822 4.350213
36.200000 2 57.480699 70.851599 6.048955 4.348205
36.300000 2 57.480649 71.521012 6.049089 4.346196
36.400000 2 57.480599 72.196750 6.049223 4.344187
36.500000 2 57.480550 72.878871 6.049356 4.342179
36.600000 2 57.480500 73.567437 6.049490 4.340170
36.700000 2 57.480451 74.262508 6.049623 4.338162
36.800000 2 57.480402 74.964145 6.049757 4.336153
36.900000 2 57.480353 75.672412 6.049891 4.334144
37.000000 2 57.480305 76.387369 6.050024 4.332136
37.100000 2 57.480257 77.109082 6.050158 4.330127
37.200000 2 57.480208 77.837612 6.050292 4.328119
37.300000 2 57.480161 78.573025 6.050425 4.326110
37.400000 2 57.480113 79.315386 6.050559 4.324102
37.500000 2 57.480065 80.064761 6.050693 4.322093
37.600000 2 57.480018 80.821215 6.050826 4.320084
37.700000 2 57.479971 81.584816 6.050960 4.318076
37.800000 2 57.479924 82.355631 6.051094 4.316067
37.900000 2 57.479877 83.133728 6.051227 4.314059
38.000000 2 57.479831 83.919176 6.051361 4.312050
38.100000 2 57.479784 84.712045 6.051495 4.310042
38.200000 2 57.479738 85.512404 6.051628 4.308033
38.300000 2 57.479692 86.320324 6.051762 4.306025
38.400000 2 57.479647 87.135878 6.051896 4.304016
38.500000 2 57.479601 87.959136 6.052029 4.302007
38.600000 2 57.479556 88.790172 6.052163 4.299999
38.700000 2 57.479511 89.629059 6.052297 4.297990
38.800000 2 57.479466 90.475872 6.052430 4.295982
38.900000 2 57.479421 91.330684 6.052564 4.293973
39.000000 2 57.479376 92.193573 6.052698 4.291965
39.100000 2 57.479332 93.064613 6.052832 4.289956
39.200000 2 57.479288 93.943883 6.052965 4.287948
39.300000 2 57.479244 94.831460 6.053099 4.285939
39.400000 2 57.477916 95.723189 6.053214 4.283936
39.500000 2 57.476588 96.623269 6.053330 4.281932
39.600000 2 57.475260 97.531776 6.053445 4.279929
39.700000 2 57.473932 98.448789 6.053561 4.277926
39.800000 2 57.472604 99.374388 6.053676 4.275922
39.900000 2 57.471275 100.308653 6.053791 4.273919
40.000000 2 57.469947 101.251664 6.053907 4.271916
40.100000 2 57.468619 102.203503 6.054022 4.269913
40.200000 2 57.467291 103.164252 6.054138 4.267910
40.300000 2 57.465963 104.133994 6.054253 4.265908
40.400000 2 57.464634 105.112813 6.054368 4.263905
40.500000 2 57.463306 106.100794 6.054484 4.261902
40.600000 2 57.461978 107.098023 6.054599 4.259900
40.700000 2 57.460649 108.104584 6.054714 4.257897
40.800000 2 57.459321 109.120565 6.054830 4.255895
40.900000 2 57.457992 110.146055 6.054945 4.253892
41.000000 2 57.456664 111.181141 6.055061 4.251890
41.100000 2 57.455335 112.225913 6.055176 4.249888
41.200000 2 57.454007 113.280461 6.055291 4.247886
41.300000 2 57.452678 114.344876 6.055407 4.245884
41.400000 2 57.451350 115.419251 6.055522 4.243882
41.500000 2 57.450021 116.503678 6.055638 4.241880
41.600000 2 57.448692 117.598250 6.055753 4.239878
41.700000 2 57.447363 118.703063 6.055868 4.237877
41.800000 2 57.446035 119.818211 6.055984 4.235875
41.900000 2 57.444706 120.943791 6.056099 4.233874
42.000000 2 57.443377 122.079900 6.056215 4.231872
42.100000 2 57.442048 123.226636 6.056330 4.229871
42.200000 2 57.440719 124.384098 6.056446 4.227870
42.300000 2 57.439390 125.552386 6.056561 4.225868
42.400000 2 57.438061 126.731601 6.056676 4.223867
42.500000 2 57.436732 127.921844 6.056792 4.221866
42.600000 2 57.435403 129.123218 6.056907 4.219865
42.700000 2 57.434074 130.335828 6.057023 4.217864
42.800000 2 57.432745 131.559776 6.057138 4.215863
42.900000 2 57.431416 132.795170 6.057253 4.213863
43.000000 2 57.430087 134.042115 6.057369 4.211862
43.100000 2 57.428757 135.300719 6.057484 4.209862
43.200000 2 57.427428 136.571091 6.057600 4.207861
43.300000 2 57.426099 137.853341 6.057715 4.205861
43.400000 2 57.424769 139.147578 6.057830 4.203860
43.500000 2 57.423440 140.453914 6.057946 4.201860
43.600000 2 57.422111 141.772462 6.058061 4.199860
43.700000 2 57.420781 143.103336 6.058177 4.197860
43.800000 2 57.419452 144.446651 6.058292 4.195860
43.900000 2 57.418122 145.802521 6.058408 4.193860
44.000000 2 57.416793 147.171065 6.058523 4.191860
44.100000 2 57.415463 148.552399 6.058638 4.189860
44.200000 2 57.414133 149.946643 6.058754 4.187861
44.300000 2 57.412804 151.353918 6.058869 4.185861
44.400000 2 57.411474 152.774344 6.058985 4.183862
44.500000 2 57.410144 154.208043 6.059100 4.181862
44.600000 2 57.408815 155.655140 6.059215 4.179863
44.700000 2 57.407485 157.115759 6.059331 4.177863
44.800000 2 57.406155 158.590025 6.059446 4.175864
44.900000 2 57.404825 160.078066 6.059562 4.173865
45.000000 2 57.403495 161.580009 6.059677 4.171866
45.100000 2 57.402165 163.095985 6.059793 4.169867
45.200000 2 57.400835 164.626123 6.059908 4.167868
45.300000 2 57.399505 166.170556 6.060023 4.165869
45.400000 2 57.398175 167.729416 6.060139 4.163871
45.500000 2 57.396845 169.302838 6.060254 4.161872
45.600000 2 57.395515 170.890956 6.060370 4.159873
45.700000 2 57.394185 172.493908 6.060485 4.157875
45.800000 2 57.392855 174.111832 6.060601 4.155877
45.900000 2 57.391524 175.744866 6.060716 4.153878
46.000000 2 57.390194 177.393152 6.060831 4.151880
46.100000 2 57.388864 179.056831 6.060947 4.149882
46.200000 2 57.387534 180.736046 6.061062 4.147884
46.300000 2 57.386203 182.430941 6.061178 4.145886
46.400000 2 57.384873 184.141663 6.061293 4.143888
46.500000 2 57.383542 185.868359 6.061409 4.141890
46.600000 2 57.382212 187.611177 6.061524 4.139892
46.700000 2 57.380881 189.370267 6.061640 4.137895
46.800000 2 57.379551 191.145780 6.061755 4.135897
46.900000 2 57.378220 192.937869 6.061870 4.133899
47.000000 2 57.376890 194.746688 6.061986 4.131902
47.100000 2 57.375559 196.572392 6.062101 4.129905
47.200000 2 57.374228 198.415139 6.062217 4.127907
47.300000 2 57.372898 200.275087 6.062332 4.125910
47.400000 2 57.371567 202.152395 6.062448 4.123913
47.500000 2 57.370236 204.047226 6.062563 4.121916
47.600000 2 57.368905 205.959741 6.062678 4.119919
47.700000 2 57.367574 207.890105 6.062794 4.117922
47.800000 2 57.366244 209.838485 6.062909 4.115925
47.900000 2 57.364913 211.805047 6.063025 4.113929
48.000000 2 57.363582 213.789960 6.063140 4.111932
48.100000 2 57.362251 215.793395 6.063256 4.109935
48.200000 2 57.360920 217.815524 6.063371 4.107939
48.300000 2 57.359589 219.856521 6.063487 4.105943
48.400000 2 57.358257 221.916560 6.063602 4.103946
48.500000 2 57.356926 223.995819 6.063718 4.101950
48.600000 2 57.355595 226.094477 6.063833 4.099954
48.700000 2 57.354264 228.212713 6.063948 4.097958
48.800000 2 57.352933 230.350709 6.064064 4.095962
48.900000 2 57.351601 232.508649 6.064179 4.093966
49.000000 2 57.350270 234.686719 6.064295 4.091970
49.100000 2 57.348939 236.885104 6.064410 4.089974
49.200000 2 57.347607 239.103994 6.064526 4.087979
49.300000 2 57.346276 241.343579 6.064641 4.085983
49.400000 2 57.344945 243.604052 6.064757 4.083987
49.500000 2 57.343613 245.885605 6.064872 4.081992
49.600000 2 57.342282 248.188436 6.064988 4.079997
49.700000 2 57.340950 250.512741 6.065103 4.078001
49.800000 2 57.339618 252.858720 6.065218 4.076006
49.900000 2 57.338287 255.226574 6.065334 4.074011
50.000000 2 57.336955 257.616507 6.065449 4.072016
50.100000 2 57.335623 260.028722 6.065565 4.070021
50.200000 2 57.334292 262.463428 6.065680 4.068026
50.300000 2 57.332960 264.920832 6.065796 4.066031
50.400000 2 57.331628 267.401146 6.065911 4.064037
50.500000 2 57.330296 269.904582 6.066027 4.062042
50.600000 2 57.328964 272.431355 6.066142 4.060048
50.700000 2 57.327632 274.981681 6.066258 4.058053
50.800000 2 57.326300 277.555779 6.066373 4.056059
50.900000 2 57.324969 280.153869 6.066489 4.054064
51.000000 2 57.323636 282.776175 6.066604 4.052070
51.100000 2 57.322304 285.422920 6.066719 4.050076
51.200000 2 57.320972 288.094332 6.066835 4.048082
51.300000 2 57.319640 290.790639 6.066950 4.046088
51.400000 2 57.318308 293.512073 6.067066 4.044094
51.500000 2 57.316976 296.258867 6.067181 4.042100
51.600000 2 57.315644 299.031255 6.067297 4.040106
51.700000 2 57.314311 301.829476 6.067412 4.038113
51.800000 2 57.312979 304.653769 6.067528 4.036119
51.900000 2 57.311647 307.504375 6.067643 4.034126
52.000000 2 57.310314 310.381540 6.067759 4.032132
52.100000 2 57.308982 313.285508 6.067874 4.030139
52.200000 2 57.307650 316.216530 6.067990 4.028146
52.300000 2 57.306317 319.174855 6.068105 4.026153
52.400000 2 57.304985 322.160737 6.068221 4.024159
52.500000 2 57.303652 325.174432 6.068336 4.022166
52.600000 2 57.302319 328.216198 6.068452 4.020173
52.700000 2 57.300987 331.286294 6.068567 4.018181
52.800000 2 57.299654 334.384983 6.068683 4.016188
52.900000 2 57.298321 337.512531 6.068798 4.014195
53.000000 2 57.296989 340.669206 6.068914 4.012203
53.100000 2 57.295656 343.855276 6.069029 4.010210
53.200000 2 57.294323 347.071016 6.069144 4.008218
53.300000 2 57.292990 350.316699 6.069260 4.006225
53.400000 2 57.291657 353.592604 6.069375 4.004233
53.500000 2 57.290325 356.899010 6.069491 4.002241
53.600000 2 57.288992 360.236201 6.069606 4.000248
53.700000 2 57.287659 363.604461 6.069722 3.998256
53.800000 2 57.286326 367.004080 6.069837 3.996264
53.900000 2 57.284993 370.435346 6.069953 3.994273
54.000000 2 57.283659 373.898554 6.070068 3.992281
54.100000 2 57.282326 377.394000 6.070184 3.990289
54.200000 2 57.280993 380.921982 6.070299 3.988297
54.300000 2 57.279660 384.482803 6.070415 3.986306
54.400000 2 57.278327 388.076765 6.070530 3.984314
54.500000 2 57.276994 391.704177 6.070646 3.982323
54.600000 2 57.275660 395.365349 6.070761 3.980332
54.700000 2 57.274327 399.060592 6.070877 3.978340
54.800000 2 57.272994 402.790223 6.070992 3.976349
54.900000 2 57.271660 406.554561 6.071108 3.974358
55.000000 2 57.270327 410.353927 6.071223 3.972367
55.100000 2 57.268993 414.188645 6.071339 3.970376
55.200000 2 57.267660 418.059043 6.071454 3.968385
55.300000 2 57.266326 421.965451 6.071570 3.966395
55.400000 2 57.264993 425.908204 6.071685 3.964404
55.500000 2 57.263659 429.887637 6.071801 3.962413
55.600000 2 57.262325 433.904090 6.071916 3.960423
55.700000 2 57.260992 437.957907 6.072032 3.958432
55.800000 2 57.259658 442.049433 6.072147 3.956442
55.900000 2 57.258324 446.179018 6.072263 3.954452
56.000000 2 57.256990 450.347014 6.072378 3.952461
56.100000 2 57.255657 454.553776 6.072494 3.950471
56.200000 2 57.254323 458.799664 6.072609 3.948481
56.300000 2 57.252989 463.085040 6.072725 3.946491
56.400000 2 57.251655 467.410269 6.072840 3.944502
56.500000 2 57.250321 471.775721 6.072956 3.942512
56.600000 2 57.248987 476.181768 6.073071 3.940522
56.700000 2 57.247653 480.628786 6.073187 3.938532
56.800000 2 57.246319 485.117154 6.073302 3.936543
56.900000 2 57.244985 489.647254 6.073418 3.934553
57.000000 2 57.243651 494.219474 6.073533 3.932564
57.100000 2 57.242316 498.834203 6.073649 3.930575
57.200000 2 57.240982 503.491834 6.073764 3.928585
57.300000 2 57.239648 508.192765 6.073880 3.926596
57.400000 2 57.238314 512.937396 6.073995 3.924607
57.500000 2 57.236979 517.726132 6.074111 3.922618
57.600000 2 57.235645 522.559380 6.074226 3.920629
57.700000 2 57.234311 527.437554 6.074342 3.918641
57.800000 2 57.232976 532.361068 6.074457 3.916652
57.900000 2 57.231642 537.330342 6.074573 3.914663
58.000000 2 57.230307 542.345800 6.074689 3.912675
58.100000 2 57.228973 547.407868 6.074804 3.910686
58.200000 2 57.227638 552.516979 6.074920 3.908698
58.300000 2 57.226303 557.673567 6.075035 3.906709
58.400000 2 57.224969 562.878071 6.075151 3.904721
58.500000 2 57.223634 568.130935 6.075266 3.902733
58.600000 2 57.222299 573.432607 6.075382 3.900745
58.700000 2 57.220965 578.783537 6.075497 3.898757
58.800000 2 57.219630 584.184181 6.075613 3.896769
58.900000 2 57.218295 589.634999 6.075728 3.894781
59.000000 2 57.216960 595.136456 6.075844 3.892793
59.100000 2 57.215625 600.689019 6.075959 3.890806
59.200000 2 57.214290 606.293161 6.076075 3.888818
59.300000 2 57.212955 611.949360 6.076190 3.886830
59.400000 2 57.211620 617.658096 6.076306 3.884843
59.500000 2 57.210285 623.419855 6.076421 3.882856
59.600000 2 57.208950 629.235128 6.076537 3.880868
59.700000 2 57.207615 635.104409 6.076652 3.878881
59.800000 2 57.206280 641.028198 6.076768 3.876894
59.900000 2 57.204945 647.006999 6.076884 3.874907
60.000000 2 57.203610 653.041320 6.076999 3.872920
60.100000 2 57.202274 659.131675 6.077115 3.870933
60.200000 2 57.200939 665.278582 6.077230 3.868946
60.300000 2 57.199604 671.482563 6.077346 3.866960
60.400000 2 57.198268 677.744145 6.077461 3.864973
60.500000 2 57.196933 684.063863 6.077577 3.862986
60.600000 2 57.195598 690.442252 6.077692 3.861000
60.700000 2 57.194262 696.879855 6.077808 3.859014
60.800000 2 57.192927 703.377219 6.077923 3.857027
60.900000 2 57.191591 709.934897 6.078039 3.855041
61.000000 2 57.190256 716.553446 6.078154 3.853055
61.100000 2 57.188920 723.233428 6.078270 3.851069
61.200000 2 57.187584 729.975412 6.078385 3.849083
61.300000 2 57.186249 736.779969 6.078501 3.847097
61.400000 2 57.184913 743.647679 6.078617 3.845111
61.500000 2 57.183577 750.579124 6.078732 3.843125
61.600000 2 57.182241 757.574894 6.078848 3.841140
61.700000 2 57.180906 764.635582 6.078963 3.839154
61.800000 2 57.179570 771.761790 6.079079 3.837169
61.900000 2 57.178234 778.954121 6.079194 3.835183
62.000000 2 57.176898 786.213186 6.079310 3.833198
62.100000 2 57.175562 793.539603 6.079425 3.831213
62.200000 2 57.174226 800.933993 6.079541 3.829227
62.300000 2 57.172890 808.396984 6.079656 3.827242
62.400000 2 57.171554 815.929209 6.079772 3.825257
62.500000 2 57.170218 823.531308 6.079888 3.823272
62.600000 2 57.168882 831.203927 6.080003 3.821288
62.700000 2 57.167545 838.947716 6.080119 3.819303
62.800000 2 57.166209 846.763333 6.080234 3.817318
62.900000 2 57.164873 854.651441 6.080350 3.815333
63.000000 2 57.163537 862.612709 6.080465 3.813349
63.100000 2 57.162200 870.647813 6.080581 3.811365
63.200000 2 57.160864 878.757435 6.080696 3.809380
63.300000 2 57.159528 886.942262 6.080812 3.807396
63.400000 2 57.158191 895.202989 6.080928 3.805412
63.500000 2 57.156855 903.540316 6.081043 3.803428
63.600000 2 57.155518 911.954951 6.081159 3.801444
63.700000 2 57.154182 920.447608 6.081274 3.799460
63.800000 2 57.152845 929.019006 6.081390 3.797476
63.900000 2 57.151509 937.669872 6.081505 3.795492
64.000000 2 57.150172 946.400939 6.081621 3.793508
64.100000 2 57.148835 955.212949 6.081736 3.791525
64.200000 2 57.147553 963.743186 6.081847 3.789622
64.300000 2 57.146591 970.190598 6.081930 3.788195
64.400000 2 57.145870 975.054323 6.081993 3.787124
64.500000 2 57.144788 982.395467 6.082086 3.785519
64.600000 4 57.143706 989.864575 6.082195 3.783901
64.700000 4 57.143488 989.864293 6.082196 3.783902
64.800000 4 56.572053 991.200636 6.082776 3.783754
64.900000 4 56.289193 995.732172 6.083064 3.782835
65.000000 4 56.007747 1004.895055 6.083350 3.780918
65.100000 4 55.867728 1011.704930 6.083492 3.779487
65.200000 4 55.728059 1020.285398 6.083634 3.777688
65.300000 4 55.658399 1025.306577 6.083705 3.776640
65.400000 4 55.588826 1030.855965 6.083776 3.775485
65.500000 4 55.519340 1036.964449 6.083846 3.774220
65.600000 4 55.449941 1043.664205 6.083917 3.772839
65.700000 4 55.380629 1050.988839 6.083987 3.771338
65.800000 4 55.311403 1058.973550 6.084058 3.769712
65.900000 4 55.242264 1067.655299 6.084128 3.767957
66.000000 4 55.173211 1077.072993 6.084198 3.766068
66.100000 4 55.104244 1087.267684 6.084268 3.764039
66.200000 4 55.069804 1092.668148 6.084303 3.762972
66.300000 4 55.035386 1098.279204 6.084338 3.761869
66.400000 4 55.000989 1104.106678 6.084373 3.760728
66.500000 4 54.966613 1110.156575 6.084408 3.759550
66.600000 4 54.932259 1116.435085 6.084443 3.758335
66.700000 4 54.897926 1122.948594 6.084478 3.757080
66.800000 4 54.863615 1129.703688 6.084513 3.755787
66.900000 4 54.829325 1136.707167 6.084548 3.754453
67.000000 4 54.795057 1143.966055 6.084583 3.753080
67.100000 4 54.760810 1151.487607 6.084617 3.751665
67.200000 4 54.726585 1159.279322 6.084652 3.750210
67.300000 4 54.692381 1167.348952 6.084687 3.748712
67.400000 4 54.658198 1175.704519 6.084722 3.747172
67.500000 4 54.624036 1184.354319 6.084756 3.745589
67.600000 4 54.589896 1193.306942 6.084791 3.743962
67.700000 4 54.555778 1202.571280 6.084826 3.742292
67.800000 4 54.521680 1212.156546 6.084860 3.740576
67.900000 4 54.487604 1222.072282 6.084895 3.738816
68.000000 4 54.453550 1232.328382 6.084930 3.737010
68.100000 4 54.419516 1242.935100 6.084964 3.735157
68.200000 4 54.385504 1253.903073 6.084999 3.733258
68.300000 4 54.351513 1265.243334 6.085033 3.731312
68.400000 4 54.317544 1276.967334 6.085068 3.729318
68.500000 4 54.283595 1289.086956 6.085102 3.727275
68.600000 4 54.249668 1301.614540 6.085137 3.725184
68.700000 4 54.215762 1314.562904 6.085171 3.723043
68.800000 4 54.198819 1321.197972 6.085189 3.721954
68.900000 4 54.181882 1327.943234 6.085206 3.720852
69.000000 4 54.164950 1334.800433 6.085223 3.719738
69.100000 4 54.148024 1341.771349 6.085240 3.718611
69.200000 4 54.131103 1348.857796 6.085257 3.717472
69.300000 4 54.114187 1356.061623 6.085275 3.716319
69.400000 4 54.097276 1363.384716 6.085292 3.715154
69.500000 4 54.080371 1370.829000 6.085309 3.713976
69.600000 4 54.063471 1378.396434 6.085326 3.712785
69.700000 4 54.046576 1386.089020 6.085343 3.711581
69.800000 4 54.029686 1393.908799 6.085360 3.710364
69.900000 4 54.012802 1401.857850 6.085378 3.709133
70.000000 4 53.995923 1409.938299 6.085395 3.707889
70.100000 4 53.979049 1418.152310 6.085412 3.706632
70.200000 4 53.962181 1426.502093 6.085429 3.705362
70.300000 4 53.945318 1434.989904 6.085446 3.704078
70.400000 4 53.928460 1443.618042 6.085463 3.702780
70.500000 4 53.911607 1452.388855 6.085480 3.701469
70.600000 4 53.894760 1461.304739 6.085498 3.700145
70.700000 4 53.877918 1470.368138 6.085515 3.698806
70.800000 4 53.861081 1479.581548 6.085532 3.697454
70.900000 4 53.844249 1488.947515 6.085549 3.696088
71.000000 4 53.827423 1498.468639 6.085566 3.694708
71.100000 4 53.810602 1508.147573 6.085583 3.693314
71.200000 4 53.793786 1517.987026 6.085600 3.691907
71.300000 4 53.776976 1527.989763 6.085617 3.690485
71.400000 4 53.760170 1538.158609 6.085634 3.689049
71.500000 4 53.743370 1548.496445 6.085651 3.687598
71.600000 4 53.726575 1559.006215 6.085669 3.686134
71.700000 4 53.709786 1569.690926 6.085686 3.684655
71.800000 4 53.693002 1580.553647 6.085703 3.683162
71.900000 4 53.676223 1591.597513 6.085720 3.681654
72.000000 4 53.659449 1602.825726 6.085737 3.680132
72.100000 4 53.642680 1614.241556 6.085754 3.678595
72.200000 4 53.625917 1625.848344 6.085771 3.677043
72.300000 4 53.609159 1637.649502 6.085788 3.675477
72.400000 4 53.592406 1649.648517 6.085805 3.673896
72.500000 4 53.575658 1661.848949 6.085822 3.672300
72.600000 4 53.558916 1674.254439 6.085839 3.670690
72.700000 4 53.542179 1686.868703 6.085856 3.669064
72.800000 4 53.525447 1699.695542 6.085873 3.667423
72.900000 4 53.508720 1712.738837 6.085890 3.665767
73.000000 4 53.491999 1726.002556 6.085907 3.664097
73.100000 4 53.475282 1739.490753 6.085924 3.662410
73.200000 4 53.458571 1753.207574 6.085941 3.660709
73.300000 4 53.441866 1767.157254 6.085958 3.658992
73.400000 4 53.425165 1781.344123 6.085975 3.657260
73.500000 4 53.408470 1795.772608 6.085992 3.655513
73.600000 4 53.391780 1810.447234 6.086009 3.653750
73.700000 4 53.375095 1825.372627 6.086026 3.651971
73.800000 4 53.358415 1840.553517 6.086043 3.650177
73.900000 4 53.341740 1855.994741 6.086060 3.648367
74.000000 4 53.325071 1871.701246 6.086077 3.646541
74.100000 4 53.308407 1887.678088 6.086094 3.644700
74.200000 4 53.291748 1903.930439 6.086111 3.642843
74.300000 4 53.275095 1920.463591 6.086127 3.640969
74.400000 4 53.258446 1937.282954 6.086144 3.639080
74.500000 4 53.241803 1954.394062 6.086161 3.637175
74.600000 4 53.225165 1971.802577 6.086178 3.635253
74.700000 4 53.208532 1989.514290 6.086195 3.633316
74.800000 4 53.191904 2007.535126 6.086212 3.631362
74.900000 4 53.175282 2025.871148 6.086229 3.629392
75.000000 4 53.158665 2044.528559 6.086246 3.627405
75.100000 4 53.142053 2063.513705 6.086263 3.625403
75.200000 4 53.125446 2082.833081 6.086280 3.623383
75.300000 4 53.108844 2102.493334 6.086296 3.621347
75.400000 4 53.092247 2122.501267 6.086313 3.619295
75.500000 4 53.075656 2142.863843 6.086330 3.617226
75.600000 4 53.059070 2163.588187 6.086347 3.615140
75.700000 4 53.042489 2184.681594 6.086364 3.613037
75.800000 4 53.025913 2206.151534 6.086381 3.610918
75.900000 4 53.009343 2228.005650 6.086398 3.608782
76.000000 4 52.992777 2250.251772 6.086414 3.606629
76.100000 4 52.984497 2261.523446 6.086423 3.605546
76.200000 4 52.976218 2272.896126 6.086431 3.604459
76.300000 4 52.967941 2284.370844 6.086440 3.603367
76.400000 4 52.959665 2295.948643 6.086448 3.602271
76.500000 4 52.951390 2307.630579 6.086456 3.601172
76.600000 4 52.943116 2319.417722 6.086465 3.600067
76.700000 4 52.934844 2331.311154 6.086473 3.598959
76.800000 4 52.926573 2343.311969 6.086482 3.597846
76.900000 4 52.918303 2355.421275 6.086490 3.596729
77.000000 4 52.910034 2367.640194 6.086499 3.595607
77.100000 4 52.901767 2379.969861 6.086507 3.594482
77.200000 4 52.893501 2392.411424 6.086515 3.593351
77.300000 4 52.885237 2404.966046 6.086524 3.592217
77.400000 4 52.876973 2417.634904 6.086532 3.591078
77.500000 4 52.868711 2430.419187 6.086541 3.589935
77.600000 4 52.860451 2443.320101 6.086549 3.588788
77.700000 4 52.852191 2456.338867 6.086557 3.587636
77.800000 4 52.843933 2469.476719 6.086566 3.586480
77.900000 4 52.835676 2482.734907 6.086574 3.585319
78.000000 4 52.827421 2496.114695 6.086582 3.584154
78.100000 4 52.299147 2511.748470 6.087119 3.582932
78.200000 4 51.776156 2511.748470 6.087651 3.583065
78.300000 4 51.258395 2511.748470 6.088177 3.583197
78.400000 4 50.745811 2511.748470 6.088698 3.583327
78.500000 4 50.238353 2511.748470 6.089214 3.583456
78.600000 4 49.735970 2511.748470 6.089725 3.583584
78.700000 4 49.238611 2511.748470 6.090230 3.583710
78.800000 4 48.746225 2511.748470 6.090731 3.583835
78.900000 4 48.258763 2511.748470 6.091226 3.583959
79.000000 4 47.776176 2511.748470 6.091717 3.584082
79.100000 4 47.298415 2511.748470 6.092202 3.584203
79.200000 4 46.825431 2511.748470 6.092683 3.584323
79.300000 4 46.357177 2511.748470 6.093159 3.584442
79.400000 4 45.893606 2511.748470 6.093630 3.584560
79.500000 4 45.434670 2511.748470 6.094097 3.584677
79.600000 4 44.980324 2511.748470 6.094559 3.584792
79.700000 4 44.530521 2511.748470 6.095016 3.584906
79.800000 4 44.085216 2511.748470 6.095468 3.585020
79.900000 4 43.644364 2511.748470 6.095916 3.585132
80.000000 4 43.207921 2511.748470 6.096360 3.585242
80.100000 4 42.775842 2511.748470 6.096799 3.585352
80.200000 4 42.348084 2511.748470 6.097234 3.585461
80.300000 4 41.924604 2511.748470 6.097664 3.585569
80.400000 4 41.505358 2511.748470 6.098091 3.585675
80.500000 4 41.090305 2511.748470 6.098512 3.585781
80.600000 4 40.679402 2511.748470 6.098930 3.585885
80.700000 4 40.272609 2511.748470 6.099344 3.585988
80.800000 4 39.869883 2511.748470 6.099753 3.586091
80.900000 4 39.471185 2511.748470 6.100158 3.586192
81.000000 4 39.076473 2511.748470 6.100559 3.586292
81.100000 4 38.685709 2511.748470 6.100957 3.586392
81.200000 4 38.298852 2511.748470 6.101350 3.586490
81.300000 4 37.915864 2511.748470 6.101739 3.586587
81.400000 4 37.536706 2511.748470 6.102124 3.586684
81.500000 4 37.161339 2511.748470 6.102506 3.586779
81.600000 4 36.789726 2511.748470 6.102884 3.586873
81.700000 4 36.421829 2511.748470 6.103258 3.586967
81.800000 4 36.057611 2511.748470 6.103628 3.587059
81.900000 4 35.697036 2511.748470 6.103994 3.587151
82.000000 4 35.340066 2511.748470 6.104357 3.587242
82.100000 4 34.986666 2511.748470 6.104716 3.587332
82.200000 4 34.636799 2511.748470 6.105072 3.587420
82.300000 4 34.290432 2511.748470 6.105424 3.587508
82.400000 4 33.947528 2511.748470 6.105773 3.587596
82.500000 4 33.608053 2511.748470 6.106118 3.587682
82.600000 4 33.271973 2511.748470 6.106459 3.587767
82.700000 4 32.939253 2511.748470 6.106797 3.587852
82.800000 4 32.609861 2511.748470 6.107132 3.587936
82.900000 4 32.283763 2511.748470 6.107464 3.588018
83.000000 4 31.960926 2511.748470 6.107792 3.588100
83.100000 4 31.641317 2511.748470 6.108117 3.588182
83.200000 4 31.324904 2511.748470 6.108438 3.588262
83.300000 4 31.011656 2511.748470 6.108757 3.588342
83.400000 4 30.701539 2511.748470 6.109072 3.588420
83.500000 4 30.394524 2511.748470 6.109384 3.588498
83.600000 4 30.090580 2511.748470 6.109693 3.588576
83.700000 4 29.789674 2511.748470 6.109999 3.588652
83.800000 4 29.491778 2511.748470 6.110301 3.588728
83.900000 4 29.196861 2511.748470 6.110601 3.588803
84.000000 4 28.904892 2511.748470 6.110898 3.588877
84.100000 4 28.615844 2511.748470 6.111192 3.588950
84.200000 4 28.329686 2511.748470 6.111482 3.589023
84.300000 4 28.046389 2511.748470 6.111770 3.589095
84.400000 4 27.765926 2511.748470 6.112055 3.589166
84.500000 4 27.488267 2511.748470 6.112337 3.589237
84.600000 4 27.213385 2511.748470 6.112616 3.589307
84.700000 4 26.941251 2511.748470 6.112893 3.589376
84.800000 4 26.671839 2511.748470 6.113166 3.589444
84.900000 4 26.405121 2511.748470 6.113437 3.589512
85.000000 4 26.141070 2511.748470 6.113704 3.589578
85.100000 4 25.879660 2511.748470 6.113967 3.589644
85.200000 4 25.620864 2511.748470 6.114226 3.589709
85.300000 4 25.364656 2511.748470 6.114475 3.589771
85.400000 4 25.111009 2511.748470 6.114693 3.589826
85.500000 4 24.859900 2511.748470 6.114705 3.589829
85.600000 4 24.828825 2511.748470 6.114639 3.589812
85.700000 4 24.813307 2511.748470 6.114590 3.589800
85.800000 4 24.805553 2511.748470 6.114560 3.589793
85.900000 4 24.803615 2510.092108 6.114552 3.589934
86.000000 4 24.802646 2497.494270 6.114548 3.591025
86.100000 4 24.801677 2484.815086 6.114544 3.592129
86.200000 4 24.800709 2472.054384 6.114540 3.593246
86.300000 4 24.799740 2459.212008 6.114535 3.594376
86.400000 4 24.798771 2446.287815 6.114531 3.595519
86.500000 4 24.797803 2433.281677 6.114526 3.596676
86.600000 4 24.796834 2420.193481 6.114522 3.597846
86.700000 4 24.795865 2407.023130 6.114517 3.599030
86.800000 4 24.794897 2393.770544 6.114512 3.600227
86.900000 4 24.793928 2380.435659 6.114508 3.601439
87.000000 4 24.792960 2367.018430 6.114503 3.602665
87.100000 4 24.791992 2353.518828 6.114498 3.603906
87.200000 4 24.791023 2339.936844 6.114493 3.605162
87.300000 4 24.790055 2326.272488 6.114488 3.606432
87.400000 4 24.789087 2312.525790 6.114482 3.607718
87.500000 4 24.788118 2298.696801 6.114477 3.609019
87.600000 4 24.787150 2284.785591 6.114472 3.610336
87.700000 4 24.786182 2270.792255 6.114466 3.611668
87.800000 4 24.785214 2256.716908 6.114461 3.613017
87.900000 4 24.784246 2242.559689 6.114455 3.614382
88.000000 4 24.783278 2228.320761 6.114449 3.615764
88.100000 4 24.782310 2214.000311 6.114443 3.617163
88.200000 4 24.781342 2199.598552 6.114437 3.618578
88.300000 4 24.780374 2185.115722 6.114431 3.620011
88.400000 4 24.779406 2170.552086 6.114425 3.621462
88.500000 4 24.778438 2155.907937 6.114419 3.622930
88.600000 4 24.777470 2141.183595 6.114412 3.624417
88.700000 4 24.776502 2126.379410 6.114406 3.625922
88.800000 4 24.775535 2111.495760 6.114399 3.627445
88.900000 4 24.774567 2096.533057 6.114393 3.628988
89.000000 4 24.773599 2081.491740 6.114386 3.630550
89.100000 4 24.772632 2066.372282 6.114379 3.632131
89.200000 4 24.771664 2051.175189 6.114372 3.633732
89.300000 4 24.770696 2035.901000 6.114365 3.635353
89.400000 4 24.769729 2020.550289 6.114357 3.636995
89.500000 4 24.768761 2005.123665 6.114350 3.638657
89.600000 4 24.767794 1989.621773 6.114342 3.640341
89.700000 4 24.766827 1974.045296 6.114335 3.642046
89.800000 4 24.765859 1958.394952 6.114327 3.643772
89.900000 4 24.764892 1942.671500 6.114319 3.645521
90.000000 4 24.763925 1926.875738 6.114311 3.647291
90.100000 4 24.762957 1911.008505 6.114303 3.649085
90.200000 4 24.759088 1846.834115 6.114268 3.656494
