t Ka M R logL logTeff
0.100000 1 59.913225 12.238053 5.709144 4.644570
0.200000 1 59.825648 12.304382 5.710292 4.643684
0.300000 1 59.737341 12.370966 5.711451 4.642802
0.400000 1 59.648295 12.437840 5.712621 4.641923
0.500000 1 59.558501 12.505040 5.713801 4.641048
0.600000 1 59.467948 12.572603 5.714991 4.640176
0.700000 1 59.376627 12.640566 5.716191 4.639305
0.800000 1 59.284526 12.708966 5.717400 4.638435
0.900000 1 59.191637 12.777841 5.718619 4.637567
1.000000 1 59.097949 12.847232 5.719847 4.636698
1.100000 1 59.003450 12.917177 5.721084 4.635828
1.200000 1 58.908132 12.987716 5.722329 4.634956
1.300000 1 58.811983 13.058891 5.723583 4.634083
1.400000 1 58.714993 13.130743 5.724845 4.633207
1.500000 1 58.617151 13.203315 5.726115 4.632328
1.600000 1 58.518448 13.276648 5.727392 4.631444
1.700000 1 58.418872 13.350787 5.728677 4.630556
1.800000 1 58.318413 13.425776 5.729969 4.629663
1.900000 1 58.217061 13.501660 5.731267 4.628764
2.000000 1 58.114806 13.578485 5.732572 4.627858
2.100000 1 58.011637 13.656297 5.733884 4.626945
2.200000 1 57.907545 13.735144 5.735201 4.626024
2.300000 1 57.802520 13.815074 5.736524 4.625095
2.400000 1 57.696551 13.896136 5.737852 4.624157
2.500000 1 57.589629 13.978381 5.739186 4.623209
2.600000 1 57.481745 14.061858 5.740524 4.622250
2.700000 1 57.372890 14.146621 5.741867 4.621281
2.800000 1 57.263055 14.232722 5.743214 4.620300
2.900000 1 57.152231 14.320216 5.744565 4.619307
3.000000 1 57.040410 14.409158 5.745920 4.618301
3.100000 1 56.927583 14.499605 5.747279 4.617282
3.200000 1 56.813744 14.591615 5.748640 4.616249
3.300000 1 56.698885 14.685248 5.750005 4.615201
3.400000 1 56.582999 14.780566 5.751372 4.614138
3.500000 1 56.466080 14.877632 5.752742 4.613059
3.600000 1 56.348122 14.976512 5.754114 4.611964
3.700000 1 56.229120 15.077273 5.755487 4.610851
3.800000 1 56.109069 15.179986 5.756863 4.609721
3.900000 1 55.987964 15.284723 5.758239 4.608572
4.000000 1 55.865803 15.391561 5.759617 4.607404
4.100000 1 55.742582 15.500580 5.760996 4.606216
4.200000 1 55.618300 15.611863 5.762376 4.605007
4.300000 1 55.492956 15.725498 5.763757 4.603777
4.400000 1 55.366548 15.841578 5.765137 4.602526
4.500000 1 55.239079 15.960201 5.766518 4.601251
4.600000 1 55.110549 16.081471 5.767899 4.599952
4.700000 1 54.980960 16.205500 5.769280 4.598629
4.800000 1 54.850318 16.332408 5.770660 4.597281
4.900000 1 54.718627 16.462321 5.772040 4.595905
5.000000 1 54.585894 16.595378 5.773420 4.594502
5.100000 1 54.452126 16.731729 5.774799 4.593070
5.200000 1 54.317333 16.871534 5.776177 4.591608
5.300000 1 54.181526 17.014969 5.777555 4.590114
5.400000 1 54.044718 17.162227 5.778933 4.588587
5.500000 1 53.906923 17.313515 5.780309 4.587025
5.600000 1 53.768160 17.469065 5.781685 4.585427
5.700000 1 53.628447 17.629128 5.783061 4.583790
5.800000 1 53.487805 17.793981 5.784436 4.582113
5.900000 1 53.346261 17.963931 5.785812 4.580393
6.000000 1 53.203841 18.139317 5.787187 4.578627
6.100000 1 53.060576 18.320513 5.788563 4.576813
6.200000 1 52.988538 18.413389 5.789250 4.575886
6.300000 1 52.916306 18.507878 5.789937 4.574946
6.400000 1 52.843883 18.604037 5.790624 4.573993
6.500000 1 52.771276 18.701929 5.791312 4.573025
6.600000 1 52.698490 18.801621 5.792000 4.572043
6.700000 1 52.625531 18.903181 5.792689 4.571045
6.800000 1 52.552405 19.006682 5.793379 4.570032
6.900000 1 52.479119 19.112201 5.794069 4.569003
7.000000 1 52.405680 19.219821 5.794760 4.567956
7.100000 1 52.332095 19.329627 5.795453 4.566892
7.200000 1 52.258372 19.441710 5.796146 4.565810
7.300000 1 52.184520 19.556166 5.796840 4.564709
7.400000 1 52.110547 19.673097 5.797536 4.563588
7.500000 1 52.036461 19.792610 5.798233 4.562447
7.600000 1 51.962273 19.914818 5.798931 4.561285
7.700000 1 51.887993 20.039841 5.799632 4.560101
7.800000 1 51.813631 20.167807 5.800334 4.558895
7.900000 1 51.739198 20.298849 5.801038 4.557664
8.000000 1 51.664707 20.433111 5.801745 4.556410
8.100000 1 51.590170 20.570742 5.802454 4.555129
8.200000 1 51.515599 20.711903 5.803166 4.553822
8.300000 1 51.441009 20.856762 5.803880 4.552487
8.400000 1 51.366414 21.005498 5.804598 4.551123
8.500000 1 51.291829 21.158301 5.805319 4.549730
8.600000 1 51.217270 21.315374 5.806043 4.548305
8.700000 1 51.142755 21.476928 5.806771 4.546847
8.800000 1 51.068301 21.643191 5.807504 4.545356
8.900000 1 50.993927 21.814405 5.808241 4.543829
9.000000 1 50.919652 21.990823 5.808983 4.542266
9.100000 1 50.845497 22.172719 5.809730 4.540664
9.200000 1 50.771485 22.360380 5.810483 4.539022
9.300000 1 50.697637 22.554114 5.811242 4.537338
9.400000 1 50.623978 22.754247 5.812007 4.535611
9.500000 1 50.550533 22.961127 5.812779 4.533839
9.600000 1 50.477330 23.175124 5.813558 4.532019
9.700000 1 50.404394 23.396631 5.814345 4.530150
9.800000 1 50.331757 23.626070 5.815140 4.528230
9.900000 1 50.295602 23.743922 5.815542 4.527250
10.000000 1 50.259536 23.863928 5.815946 4.526256
10.100000 1 50.223562 23.986149 5.816352 4.525248
10.200000 1 50.187684 24.110649 5.816761 4.524226
10.300000 1 50.151906 24.237491 5.817172 4.523190
10.400000 1 50.116234 24.366743 5.817586 4.522138
10.500000 1 50.080671 24.498475 5.818003 4.521072
10.600000 1 50.045222 24.632758 5.818422 4.519990
10.700000 1 50.009892 24.769666 5.818844 4.518892
10.800000 1 49.974686 24.909277 5.819270 4.517777
10.900000 1 49.939608 25.051669 5.819698 4.516647
11.000000 1 49.904664 25.196924 5.820129 4.515499
11.100000 1 49.869859 25.345128 5.820564 4.514334
11.200000 1 49.835197 25.496369 5.821002 4.513152
11.300000 1 49.800685 25.650737 5.821443 4.511951
11.400000 1 49.766327 25.808328 5.821888 4.510733
11.500000 1 49.732130 25.969238 5.822337 4.509495
11.600000 1 49.698098 26.133569 5.822789 4.508238
11.700000 1 49.664239 26.301425 5.823245 4.506962
11.800000 1 49.630557 26.472916 5.823705 4.505666
11.900000 1 49.597058 26.648153 5.824169 4.504349
12.000000 1 49.563750 26.827254 5.824638 4.503012
12.100000 1 49.530637 27.010339 5.825110 4.501653
12.200000 1 49.497727 27.197534 5.825587 4.500273
12.300000 1 49.465025 27.388969 5.826069 4.498870
12.400000 1 49.432539 27.584778 5.826555 4.497444
12.500000 1 49.400275 27.785103 5.827046 4.495996
12.600000 1 49.368240 27.990089 5.827541 4.494524
12.700000 1 49.336440 28.199886 5.828042 4.493027
12.800000 1 49.304883 28.414651 5.828548 4.491506
12.900000 1 49.273575 28.634548 5.829059 4.489960
13.000000 1 49.242525 28.859745 5.829576 4.488388
13.100000 1 49.211738 29.090418 5.830098 4.486790
13.200000 1 49.181223 29.326750 5.830626 4.485165
13.300000 1 49.150986 29.568931 5.831160 4.483513
13.400000 1 49.121036 29.817159 5.831700 4.481832
13.500000 1 49.091380 30.071638 5.832246 4.480123
13.600000 1 49.062025 30.332584 5.832798 4.478385
13.700000 1 49.032979 30.600219 5.833356 4.476617
13.800000 1 49.004250 30.874774 5.833921 4.474819
13.900000 1 48.975846 31.156490 5.834493 4.472990
14.000000 1 48.947774 31.445620 5.835071 4.471128
14.100000 1 48.920043 31.742424 5.835657 4.469235
14.200000 1 48.892660 32.047176 5.836250 4.467308
14.300000 1 48.865632 32.360160 5.836850 4.465348
14.400000 1 48.838968 32.681672 5.837457 4.463353
14.500000 1 48.825822 32.845758 5.837765 4.462342
14.600000 1 48.812771 33.012094 5.838074 4.461322
14.700000 1 48.799814 33.180720 5.838385 4.460294
14.800000 1 48.786954 33.351680 5.838698 4.459256
14.900000 1 48.774191 33.525014 5.839013 4.458209
15.000000 1 48.761526 33.700767 5.839331 4.457153
15.100000 1 48.748961 33.878983 5.839650 4.456088
15.200000 1 48.736495 34.059708 5.839971 4.455013
15.300000 1 48.724131 34.242987 5.840294 4.453928
15.400000 1 48.711868 34.428868 5.840620 4.452834
15.500000 1 48.699709 34.617401 5.840947 4.451730
15.600000 1 48.687653 34.808633 5.841277 4.450616
15.700000 1 48.675702 35.002617 5.841608 4.449492
15.800000 1 48.663857 35.199403 5.841942 4.448358
15.900000 1 48.652118 35.399045 5.842278 4.447214
16.000000 1 48.640487 35.601596 5.842616 4.446060
16.100000 1 48.628964 35.807113 5.842957 4.444895
16.200000 1 48.617550 36.015652 5.843299 4.443720
16.300000 1 48.606246 36.227270 5.843644 4.442534
16.400000 1 48.595053 36.442027 5.843991 4.441337
16.500000 1 48.583972 36.659984 5.844341 4.440130
16.600000 1 48.573004 36.881202 5.844692 4.438911
16.700000 1 48.562101 37.105702 5.845045 4.437682
16.800000 1 48.551174 37.333465 5.845398 4.436441
16.900000 1 48.540224 37.564552 5.845751 4.435189
17.000000 1 48.529249 37.799027 5.846103 4.433926
17.100000 1 48.518250 38.036955 5.846456 4.432652
17.200000 1 48.507227 38.278403 5.846808 4.431366
17.300000 1 48.496180 38.523438 5.847160 4.430068
17.400000 1 48.485108 38.772129 5.847513 4.428759
17.500000 1 48.474012 39.024548 5.847864 4.427438
17.600000 1 48.462892 39.280767 5.848216 4.426105
17.700000 1 48.451747 39.540861 5.848568 4.424759
17.800000 1 48.440578 39.804906 5.848919 4.423402
17.900000 1 48.429384 40.072980 5.849271 4.422032
18.000000 1 48.418165 40.345162 5.849622 4.420650
18.100000 1 48.406922 40.621535 5.849973 4.419256
18.200000 1 48.395654 40.902181 5.850324 4.417848
18.300000 1 48.384361 41.187187 5.850675 4.416428
18.400000 1 48.373044 41.476640 5.851025 4.414995
18.500000 1 48.361701 41.770630 5.851376 4.413549
18.600000 1 48.350333 42.069248 5.851726 4.412090
18.700000 1 48.338941 42.372590 5.852076 4.410617
18.800000 1 48.327523 42.680751 5.852426 4.409131
18.900000 1 48.316080 42.993830 5.852776 4.407631
19.000000 1 48.304612 43.311929 5.853125 4.406118
19.100000 1 48.293119 43.635151 5.853475 4.404591
19.200000 1 48.281600 43.963602 5.853824 4.403050
19.300000 1 48.270056 44.297392 5.854173 4.401495
19.400000 1 48.258486 44.636633 5.854522 4.399925
19.500000 1 48.246891 44.981437 5.854871 4.398342
19.600000 1 48.235270 45.331924 5.855220 4.396743
19.700000 1 48.114682 45.611475 5.853713 4.395032
19.800000 1 47.994396 45.896199 5.852206 4.393304
19.900000 1 47.874410 46.186208 5.850699 4.391559
20.000000 1 47.754724 46.481616 5.849193 4.389798
20.100000 1 47.635337 46.782541 5.847686 4.388020
20.200000 1 47.516248 47.089104 5.846180 4.386225
20.300000 1 47.397458 47.401430 5.844673 4.384413
20.400000 1 47.278964 47.719644 5.843167 4.382584
20.500000 1 47.160767 48.043879 5.841660 4.380737
20.600000 1 46.689159 48.477792 5.840292 4.378442
20.700000 1 46.630798 48.040693 5.841435 4.380695
20.800000 1 46.602512 47.756054 5.842096 4.382150
20.900000 1 46.575875 47.441720 5.842781 4.383756
21.000000 1 46.550788 47.103332 5.843481 4.385485
21.100000 1 46.527162 46.746235 5.844189 4.387314
21.200000 1 46.504911 46.375380 5.844896 4.389221
21.300000 1 46.483956 45.995253 5.845598 4.391184
21.400000 1 46.464225 45.609855 5.846290 4.393184
21.500000 1 46.445646 45.222695 5.846970 4.395205
21.600000 1 46.428155 44.836803 5.847633 4.397231
21.700000 1 46.411690 44.454759 5.848278 4.399251
21.800000 1 46.409961 44.096179 5.849156 4.401229
21.900000 1 46.408334 43.744034 5.849997 4.403180
22.000000 1 46.406801 43.399859 5.850803 4.405097
22.100000 1 46.405358 43.064876 5.851572 4.406972
22.200000 1 46.404000 42.740039 5.852306 4.408800
22.300000 1 46.402722 42.426062 5.853005 4.410575
22.400000 1 46.401520 42.123455 5.853670 4.412296
22.500000 1 46.400389 41.832552 5.854302 4.413959
22.600000 1 46.399325 41.553538 5.854902 4.415562
22.700000 1 46.398325 41.286473 5.855471 4.417105
22.800000 1 46.397384 41.031313 5.856011 4.418586
22.900000 1 46.396500 40.787926 5.856522 4.420005
23.000000 1 46.395669 40.556113 5.857005 4.421364
23.100000 1 46.394888 40.335617 5.857462 4.422662
23.200000 1 46.394154 40.126138 5.857894 4.423900
23.300000 1 46.392775 39.726238 5.858713 4.426280
23.400000 1 46.391563 39.368802 5.859439 4.428424
23.500000 1 46.390498 39.050377 5.860082 4.430348
23.600000 1 46.389564 38.767484 5.860650 4.432069
23.700000 1 46.388744 38.516729 5.861152 4.433604
23.800000 1 46.388024 38.294883 5.861594 4.434969
23.900000 1 46.387394 38.098926 5.861983 4.436180
24.000000 1 46.386287 37.751928 5.862670 4.438339
24.100000 1 46.385455 37.488330 5.863190 4.439990
24.200000 1 46.384824 37.288775 5.863583 4.441247
24.300000 1 46.383865 36.986501 5.864176 4.443163
24.400000 2 46.382883 35.680718 5.864774 4.451117
24.500000 2 46.382880 35.716188 5.864773 4.450901
24.600000 2 46.382848 36.069391 5.864762 4.448762
24.700000 2 46.382816 36.426087 5.864751 4.446622
24.800000 2 46.382785 36.786312 5.864740 4.444482
24.900000 2 46.382755 37.150100 5.864729 4.442343
25.000000 2 46.382725 37.517486 5.864718 4.440203
25.100000 2 46.382697 37.888506 5.864707 4.438063
25.200000 2 46.382668 38.263196 5.864696 4.435924
25.300000 2 46.382639 38.641591 5.864685 4.433784
25.400000 2 46.382611 39.023728 5.864674 4.431645
25.500000 2 46.382582 39.409645 5.864663 4.429505
25.600000 2 46.382553 39.799378 5.864652 4.427365
25.700000 2 46.382525 40.192965 5.864640 4.425226
25.800000 2 46.382496 40.590445 5.864629 4.423086
25.900000 2 46.382468 40.991856 5.864618 4.420946
26.000000 2 46.382439 41.397236 5.864607 4.418807
26.100000 2 46.382410 41.806626 5.864596 4.416667
26.200000 2 46.382382 42.220064 5.864585 4.414527
26.300000 2 46.382353 42.637591 5.864574 4.412388
26.400000 2 46.382324 43.059247 5.864563 4.410248
26.500000 2 46.382296 43.485073 5.864552 4.408109
26.600000 2 46.382267 43.915110 5.864541 4.405969
26.700000 2 46.382239 44.349400 5.864530 4.403829
26.800000 2 46.382210 44.787986 5.864519 4.401690
26.900000 2 46.382181 45.230908 5.864508 4.399550
27.000000 2 46.382153 45.678211 5.864497 4.397410
27.100000 2 46.381896 46.129656 5.864482 4.395271
27.200000 2 46.381639 46.585562 5.864467 4.393132
27.300000 2 46.381383 47.045975 5.864452 4.390992
27.400000 2 46.381126 47.510939 5.864436 4.388853
27.500000 2 46.380870 47.980499 5.864421 4.386713
27.600000 2 46.380613 48.454700 5.864406 4.384574
27.700000 2 46.380357 48.933589 5.864391 4.382435
27.800000 2 46.380100 49.417211 5.864376 4.380295
27.900000 2 46.379843 49.905613 5.864361 4.378156
28.000000 2 46.379587 50.398843 5.864345 4.376017
28.100000 2 46.379330 50.896949 5.864330 4.373877
28.200000 2 46.379074 51.399977 5.864315 4.371738
28.300000 2 46.378818 51.907978 5.864300 4.369598
28.400000 2 46.378561 52.421001 5.864285 4.367459
28.500000 2 46.378305 52.939094 5.864270 4.365320
28.600000 2 46.378048 53.462309 5.864254 4.363180
28.700000 2 46.377792 53.990695 5.864239 4.361041
28.800000 2 46.377536 54.524304 5.864224 4.358902
28.900000 2 46.377279 55.063188 5.864209 4.356762
29.000000 2 46.377023 55.607398 5.864194 4.354623
29.100000 2 46.376767 56.156988 5.864179 4.352483
29.200000 2 46.376510 56.712010 5.864164 4.350344
29.300000 2 46.376255 57.272520 5.864148 4.348205
29.400000 2 46.376001 57.838572 5.864133 4.346065
29.500000 2 46.375749 58.410222 5.864118 4.343926
29.600000 2 46.375498 58.987525 5.864103 4.341786
29.700000 2 46.375248 59.570536 5.864088 4.339647
29.800000 2 46.375000 60.159312 5.864073 4.337507
29.900000 2 46.374753 60.753910 5.864058 4.335368
30.000000 2 46.374507 61.354388 5.864043 4.333229
30.100000 2 46.374262 61.960803 5.864028 4.331089
30.200000 2 46.374019 62.573216 5.864013 4.328950
30.300000 2 46.373777 63.191683 5.863999 4.326810
30.400000 2 46.373537 63.816267 5.863984 4.324671
30.500000 2 46.373297 64.447027 5.863969 4.322531
30.600000 2 46.373059 65.084024 5.863954 4.320392
30.700000 2 46.372823 65.727320 5.863939 4.318252
30.800000 2 46.372587 66.376978 5.863924 4.316113
30.900000 2 46.372353 67.033059 5.863910 4.313973
31.000000 2 46.372120 67.695629 5.863895 4.311834
31.100000 2 46.371888 68.364750 5.863880 4.309695
31.200000 2 46.371657 69.040488 5.863866 4.307555
31.300000 2 46.371428 69.722908 5.863851 4.305416
31.400000 2 46.371200 70.412076 5.863836 4.303276
31.500000 2 46.370973 71.108060 5.863822 4.301137
31.600000 2 46.370748 71.810925 5.863807 4.298997
31.700000 2 46.370523 72.520741 5.863793 4.296858
31.800000 2 46.370300 73.237577 5.863778 4.294718
31.900000 2 46.370078 73.961500 5.863764 4.292579
32.000000 2 46.369857 74.692583 5.863749 4.290439
32.100000 2 46.369637 75.430895 5.863735 4.288300
32.200000 2 46.369418 76.176508 5.863720 4.286160
32.300000 2 46.369201 76.929495 5.863706 4.284021
32.400000 2 46.368985 77.689927 5.863691 4.281881
32.500000 2 46.368770 78.457879 5.863677 4.279742
32.600000 2 46.368556 79.233426 5.863663 4.277602
32.700000 2 46.368343 80.016642 5.863648 4.275462
32.800000 2 46.368131 80.807602 5.863634 4.273323
32.900000 2 46.367921 81.606385 5.863620 4.271183
33.000000 2 46.367711 82.413067 5.863605 4.269044
33.100000 2 46.367503 83.227726 5.863591 4.266904
33.200000 2 46.367296 84.050441 5.863577 4.264765
33.300000 2 46.367090 84.881292 5.863563 4.262625
33.400000 2 46.366885 85.720359 5.863549 4.260486
33.500000 2 46.366681 86.567723 5.863534 4.258346
33.600000 2 46.366478 87.423468 5.863520 4.256207
33.700000 2 46.366276 88.287674 5.863506 4.254067
33.800000 2 46.366075 89.160427 5.863492 4.251927
33.900000 2 46.365876 90.041811 5.863478 4.249788
34.000000 2 46.365677 90.931910 5.863464 4.247648
34.100000 2 46.365480 91.830812 5.863450 4.245509
34.200000 2 46.365283 92.738604 5.863436 4.243369
34.300000 2 46.365088 93.655372 5.863422 4.241230
34.400000 2 46.364894 94.581207 5.863408 4.239090
34.500000 2 46.364700 95.516197 5.863394 4.236950
34.600000 2 46.364508 96.460433 5.863380 4.234811
34.700000 2 46.364317 97.414007 5.863366 4.232671
34.800000 2 46.364126 98.377012 5.863352 4.230532
34.900000 2 46.363937 99.349539 5.863338 4.228392
35.000000 2 46.363749 100.331684 5.863324 4.226253
35.100000 2 46.363562 101.323542 5.863310 4.224113
35.200000 2 46.363375 102.325209 5.863296 4.221973
35.300000 2 46.363190 103.336781 5.863283 4.219834
35.400000 2 46.363006 104.358357 5.863269 4.217694
35.500000 2 46.362823 105.390035 5.863255 4.215555
35.600000 2 46.362640 106.431916 5.863241 4.213415
35.700000 2 46.362459 107.484101 5.863227 4.211275
35.800000 2 46.362278 108.546691 5.863214 4.209136
35.900000 2 46.362099 109.619789 5.863200 4.206996
36.000000 2 46.361921 110.703499 5.863186 4.204856
36.100000 2 46.361743 111.797927 5.863173 4.202717
36.200000 2 46.361566 112.903178 5.863159 4.200577
36.300000 2 46.361391 114.019359 5.863145 4.198438
36.400000 2 46.361216 115.146578 5.863132 4.196298
36.500000 2 46.361042 116.284945 5.863118 4.194158
36.600000 2 46.360870 117.434570 5.863104 4.192019
36.700000 2 46.359041 118.590648 5.863061 4.189881
36.800000 2 46.357211 119.758116 5.863018 4.187742
36.900000 2 46.355382 120.937086 5.862974 4.185604
37.000000 2 46.353553 122.127671 5.862931 4.183466
37.100000 2 46.351724 123.329985 5.862887 4.181328
37.200000 2 46.349894 124.544145 5.862844 4.179190
37.300000 2 46.348065 125.770267 5.862800 4.177052
37.400000 2 46.346235 127.008469 5.862757 4.174913
37.500000 2 46.344406 128.258870 5.862713 4.172775
37.600000 2 46.342576 129.521590 5.862670 4.170637
37.700000 2 46.340746 130.796751 5.862627 4.168499
37.800000 2 46.338917 132.084476 5.862583 4.166360
37.900000 2 46.337087 133.384889 5.862540 4.164222
38.000000 2 46.335257 134.698114 5.862496 4.162084
38.100000 2 46.333427 136.024277 5.862453 4.159946
38.200000 2 46.331597 137.363507 5.862409 4.157807
38.300000 2 46.329767 138.715933 5.862366 4.155669
38.400000 2 46.327936 140.081684 5.862323 4.153531
38.500000 2 46.326106 141.460891 5.862279 4.151392
38.600000 2 46.324276 142.853688 5.862236 4.149254
38.700000 2 46.322445 144.260209 5.862192 4.147115
38.800000 2 46.320615 145.680588 5.862149 4.144977
38.900000 2 46.318784 147.114962 5.862106 4.142839
39.000000 2 46.316953 148.563470 5.862062 4.140700
39.100000 2 46.315123 150.026251 5.862019 4.138562
39.200000 2 46.313292 151.503446 5.861975 4.136423
39.300000 2 46.311461 152.995196 5.861932 4.134285
39.400000 2 46.309630 154.501645 5.861889 4.132146
39.500000 2 46.307799 156.022938 5.861845 4.130008
39.600000 2 46.305968 157.559222 5.861802 4.127869
39.700000 2 46.304137 159.110644 5.861759 4.125731
39.800000 2 46.302305 160.677354 5.861715 4.123592
39.900000 2 46.300474 162.259502 5.861672 4.121453
40.000000 2 46.298643 163.857241 5.861628 4.119315
40.100000 2 46.296811 165.470725 5.861585 4.117176
40.200000 2 46.294980 167.100107 5.861542 4.115038
40.300000 2 46.293148 168.745547 5.861498 4.112899
40.400000 2 46.291316 170.407201 5.861455 4.110760
40.500000 2 46.289484 172.085229 5.861412 4.108622
40.600000 2 46.287653 173.779794 5.861368 4.106483
40.700000 2 46.285821 175.491058 5.861325 4.104344
40.800000 2 46.283989 177.219186 5.861282 4.102206
40.900000 2 46.282157 178.964345 5.861238 4.100067
41.000000 2 46.280325 180.726701 5.861195 4.097928
41.100000 2 46.278492 182.506425 5.861152 4.095789
41.200000 2 46.276660 184.303688 5.861108 4.093651
41.300000 2 46.274828 186.118664 5.861065 4.091512
41.400000 2 46.272995 187.951526 5.861022 4.089373
41.500000 2 46.271163 189.802451 5.860978 4.087234
41.600000 2 46.269330 191.671617 5.860935 4.085095
41.700000 2 46.267498 193.559205 5.860892 4.082957
41.800000 2 46.265665 195.465396 5.860848 4.080818
41.900000 2 46.263832 197.390372 5.860805 4.078679
42.000000 2 46.261999 199.334321 5.860762 4.076540
42.100000 2 46.260166 201.297428 5.860718 4.074401
42.200000 2 46.258333 203.279883 5.860675 4.072262
42.300000 2 46.256500 205.281877 5.860632 4.070123
42.400000 2 46.254667 207.303601 5.860588 4.067984
42.500000 2 46.252834 209.345252 5.860545 4.065845
42.600000 2 46.251001 211.407025 5.860502 4.063706
42.700000 2 46.249167 213.489118 5.860459 4.061567
42.800000 2 46.247334 215.591733 5.860415 4.059428
42.900000 2 46.245500 217.715072 5.860372 4.057289
43.000000 2 46.243667 219.859339 5.860329 4.055150
43.100000 2 46.241833 222.024740 5.860285 4.053011
43.200000 2 46.239999 224.211484 5.860242 4.050872
43.300000 2 46.238165 226.419782 5.860199 4.048733
43.400000 2 46.236332 228.649846 5.860156 4.046594
43.500000 2 46.234498 230.901891 5.860112 4.044455
43.600000 2 46.232664 233.176133 5.860069 4.042316
43.700000 2 46.230829 235.472792 5.860026 4.040177
43.800000 2 46.228995 237.792088 5.859983 4.038037
43.900000 2 46.227161 240.134246 5.859939 4.035898
44.000000 2 46.225327 242.499490 5.859896 4.033759
44.100000 2 46.223492 244.888048 5.859853 4.031620
44.200000 2 46.221658 247.300151 5.859810 4.029481
44.300000 2 46.219823 249.736029 5.859766 4.027342
44.400000 2 46.217989 252.195919 5.859723 4.025202
44.500000 2 46.216154 254.680057 5.859680 4.023063
44.600000 2 46.214319 257.188682 5.859637 4.020924
44.700000 2 46.212484 259.722035 5.859593 4.018784
44.800000 2 46.210649 262.280361 5.859550 4.016645
44.900000 2 46.208814 264.863906 5.859507 4.014506
45.000000 2 46.206979 267.472918 5.859464 4.012367
45.100000 2 46.205144 270.107649 5.859420 4.010227
45.200000 2 46.203309 272.768353 5.859377 4.008088
45.300000 2 46.201474 275.455286 5.859334 4.005948
45.400000 2 46.199638 278.168706 5.859291 4.003809
45.500000 2 46.197803 280.908875 5.859247 4.001670
45.600000 2 46.195968 283.676057 5.859204 3.999530
45.700000 2 46.194132 286.470519 5.859161 3.997391
45.800000 2 46.192296 289.292528 5.859118 3.995251
45.900000 2 46.190461 292.142358 5.859075 3.993112
46.000000 2 46.188625 295.020283 5.859031 3.990972
46.100000 2 46.186789 297.926579 5.858988 3.988833
46.200000 2 46.184953 300.861527 5.858945 3.986693
46.300000 2 46.183117 303.825410 5.858902 3.984554
46.400000 2 46.181281 306.818512 5.858859 3.982414
46.500000 2 46.179445 309.841122 5.858815 3.980275
46.600000 2 46.177609 312.893532 5.858772 3.978135
46.700000 2 46.175772 315.976035 5.858729 3.975996
46.800000 2 46.173936 319.088928 5.858686 3.973856
46.900000 2 46.172099 322.232511 5.858643 3.971717
47.000000 2 46.170263 325.407087 5.858600 3.969577
47.100000 2 46.168426 328.612961 5.858556 3.967437
47.200000 2 46.166590 331.850443 5.858513 3.965298
47.300000 2 46.164753 335.119844 5.858470 3.963158
47.400000 2 46.162916 338.421479 5.858427 3.961018
47.500000 2 46.161079 341.755667 5.858384 3.958879
47.600000 2 46.159242 345.122728 5.858340 3.956739
47.700000 2 46.157405 348.522986 5.858297 3.954599
47.800000 2 46.155568 351.956770 5.858254 3.952459
47.900000 2 46.153731 355.424410 5.858211 3.950320
48.000000 2 46.151894 358.926241 5.858168 3.948180
48.100000 2 46.150056 362.462598 5.858125 3.946040
48.200000 2 46.148219 366.033824 5.858082 3.943900
48.300000 2 46.146381 369.640263 5.858038 3.941761
48.400000 2 46.144544 373.282261 5.857995 3.939621
48.500000 2 46.142706 376.960169 5.857952 3.937481
48.600000 2 46.140869 380.674343 5.857909 3.935341
48.700000 2 46.139031 384.425139 5.857866 3.933201
48.800000 2 46.137193 388.212919 5.857823 3.931061
48.900000 2 46.135355 392.038049 5.857780 3.928921
49.000000 2 46.133517 395.900896 5.857737 3.926781
49.100000 2 46.131679 399.801833 5.857693 3.924642
49.200000 2 46.129841 403.741236 5.857650 3.922502
49.300000 2 46.128003 407.719484 5.857607 3.920362
49.400000 2 46.126164 411.736960 5.857564 3.918222
49.500000 2 46.124326 415.794052 5.857521 3.916082
49.600000 2 46.122488 419.891151 5.857478 3.913942
49.700000 2 46.120649 424.028652 5.857435 3.911802
49.800000 2 46.118810 428.206952 5.857392 3.909662
49.900000 2 46.116972 432.426456 5.857349 3.907522
50.000000 2 46.115133 436.687568 5.857305 3.905382
50.100000 2 46.113294 440.990701 5.857262 3.903241
50.200000 2 46.111455 445.336269 5.857219 3.901101
50.300000 2 46.109616 449.724689 5.857176 3.898961
50.400000 2 46.107777 454.156387 5.857133 3.896821
50.500000 2 46.105938 458.631787 5.857090 3.894681
50.600000 2 46.104099 463.151323 5.857047 3.892541
50.700000 2 46.102260 467.715428 5.857004 3.890401
50.800000 2 46.100421 472.324544 5.856961 3.888261
50.900000 2 46.098581 476.979114 5.856918 3.886120
51.000000 2 46.096742 481.679588 5.856875 3.883980
51.100000 2 46.094902 486.426417 5.856832 3.881840
51.200000 2 46.093063 491.220059 5.856789 3.879700
51.300000 2 46.091223 496.060978 5.856745 3.877559
51.400000 2 46.089383 500.949638 5.856702 3.875419
51.500000 2 46.087543 505.886512 5.856659 3.873279
51.600000 2 46.085703 510.872074 5.856616 3.871139
51.700000 2 46.083863 515.906807 5.856573 3.868998
51.800000 2 46.082023 520.991194 5.856530 3.866858
51.900000 2 46.080183 526.125726 5.856487 3.864718
52.000000 2 46.078343 531.310899 5.856444 3.862577
52.100000 2 46.076503 536.547211 5.856401 3.860437
52.200000 2 46.074662 541.835168 5.856358 3.858296
52.300000 2 46.072822 547.175279 5.856315 3.856156
52.400000 2 46.070981 552.568059 5.856272 3.854016
52.500000 2 46.069141 558.014027 5.856229 3.851875
52.600000 2 46.067300 563.513710 5.856186 3.849735
52.700000 2 46.065459 569.067637 5.856143 3.847594
52.800000 2 46.063619 574.676343 5.856100 3.845454
52.900000 2 46.061778 580.340370 5.856057 3.843313
53.000000 2 46.059937 586.060262 5.856014 3.841173
53.100000 2 46.058096 591.836573 5.855971 3.839032
53.200000 2 46.056255 597.669858 5.855928 3.836892
53.300000 2 46.054413 603.560679 5.855885 3.834751
53.400000 2 46.052572 609.509606 5.855842 3.832611
53.500000 2 46.050731 615.517211 5.855799 3.830470
53.600000 2 46.048889 621.584073 5.855756 3.828330
53.700000 2 46.047048 627.710778 5.855713 3.826189
53.800000 2 46.045206 633.897917 5.855670 3.824048
53.900000 2 46.043365 640.146085 5.855627 3.821908
54.000000 2 46.041523 646.455885 5.855584 3.819767
54.100000 2 46.039681 652.827926 5.855541 3.817626
54.200000 2 46.037840 659.262822 5.855498 3.815486
54.300000 2 46.035998 665.761194 5.855455 3.813345
54.400000 2 46.034156 672.323667 5.855412 3.811204
54.500000 2 46.032314 678.950876 5.855369 3.809064
54.600000 2 46.030471 685.643458 5.855326 3.806923
54.700000 2 46.028629 692.402060 5.855283 3.804782
54.800000 2 46.026787 699.227333 5.855240 3.802641
54.900000 2 46.024945 706.119934 5.855197 3.800501
55.000000 2 46.023102 713.080530 5.855154 3.798360
55.100000 2 46.021260 720.109791 5.855111 3.796219
55.200000 2 46.019417 727.208395 5.855068 3.794078
55.300000 2 46.017574 734.377027 5.855025 3.791937
55.400000 2 46.015732 741.616377 5.854982 3.789797
55.500000 2 46.013889 748.927144 5.854939 3.787656
55.600000 2 46.012046 756.310034 5.854896 3.785515
55.700000 2 46.010203 763.765757 5.854854 3.783374
55.800000 2 46.008360 771.295034 5.854811 3.781233
55.900000 2 46.006517 778.898590 5.854768 3.779092
56.000000 2 46.004674 786.577159 5.854725 3.776951
56.100000 2 46.002830 794.331481 5.854682 3.774810
56.200000 2 46.000987 802.162304 5.854639 3.772669
56.300000 2 45.999144 810.070383 5.854596 3.770528
56.400000 2 45.997300 818.056482 5.854553 3.768387
56.500000 2 45.995457 826.121370 5.854510 3.766246
56.600000 2 45.993613 834.265826 5.854467 3.764105
56.700000 2 45.991769 842.490634 5.854424 3.761964
56.800000 2 45.989926 850.796589 5.854381 3.759823
56.900000 2 45.988082 859.184491 5.854339 3.757682
57.000000 2 45.986238 867.655150 5.854296 3.755541
57.100000 2 45.984394 876.209383 5.854253 3.753400
57.200000 2 45.982550 884.848014 5.854210 3.751259
57.300000 2 45.980705 893.571878 5.854167 3.749118
57.400000 2 45.978861 902.381815 5.854124 3.746976
57.500000 2 45.977017 911.278676 5.854081 3.744835
57.600000 2 45.975173 920.263319 5.854038 3.742694
57.700000 2 45.973328 929.336610 5.853995 3.740553
57.800000 2 45.971484 938.499425 5.853953 3.738412
57.900000 2 45.969639 947.752649 5.853910 3.736270
58.000000 2 45.967794 957.097172 5.853867 3.734129
58.100000 2 45.965950 966.533898 5.853824 3.731988
58.200000 2 45.964105 976.063736 5.853781 3.729847
58.300000 2 45.962260 985.687607 5.853738 3.727705
58.400000 2 45.960415 995.406438 5.853695 3.725564
58.500000 2 45.958570 1005.221166 5.853652 3.723423
58.600000 2 45.956725 1015.132740 5.853610 3.721282
58.700000 2 45.954880 1025.142116 5.853567 3.719140
58.800000 2 45.953034 1035.250258 5.853524 3.716999
58.900000 2 45.951189 1045.458143 5.853481 3.714857
59.000000 2 45.949343 1055.766756 5.853438 3.712716
59.100000 2 45.947498 1066.177090 5.853395 3.710575
59.200000 2 45.945652 1076.690151 5.853353 3.708433
59.300000 2 45.943807 1087.306953 5.853310 3.706292
59.400000 2 45.941961 1098.028520 5.853267 3.704150
59.500000 2 45.940115 1108.855888 5.853224 3.702009
59.600000 2 45.938269 1119.790100 5.853181 3.699868
59.700000 2 45.936423 1130.832212 5.853138 3.697726
59.800000 2 45.934577 1141.983290 5.853096 3.695585
59.900000 2 45.932731 1153.244409 5.853053 3.693443
60.000000 2 45.930885 1164.616657 5.853010 3.691302
60.100000 2 45.929039 1176.101130 5.852967 3.689160
60.200000 2 45.927193 1187.698937 5.852924 3.687018
60.300000 2 45.925346 1199.411198 5.852881 3.684877
60.400000 2 45.923500 1211.239043 5.852839 3.682735
60.500000 2 45.921653 1223.183612 5.852796 3.680594
60.600000 2 45.919807 1235.246059 5.852753 3.678452
60.700000 2 45.917960 1247.427549 5.852710 3.676310
60.800000 2 45.916113 1259.729256 5.852667 3.674169
60.900000 2 45.914266 1272.152368 5.852625 3.672027
61.000000 2 45.912419 1284.698085 5.852582 3.669885
61.100000 2 45.910572 1297.367616 5.852539 3.667744
61.200000 2 45.908725 1310.162185 5.852496 3.665602
61.300000 2 45.906878 1323.083026 5.852454 3.663460
61.400000 2 45.905031 1336.131388 5.852411 3.661319
61.500000 2 45.903184 1349.308529 5.852368 3.659177
61.600000 2 45.901336 1362.615721 5.852325 3.657035
61.700000 2 45.899489 1376.054248 5.852282 3.654893
61.800000 2 45.897641 1389.625409 5.852240 3.652752
61.900000 2 45.895794 1403.330512 5.852197 3.650610
62.000000 2 45.893946 1417.170882 5.852154 3.648468
62.100000 2 45.892098 1431.147853 5.852111 3.646326
62.200000 2 45.890250 1445.341693 5.852102 3.644181
62.300000 2 45.888403 1459.676437 5.852092 3.642035
62.400000 2 45.886555 1474.153485 5.852082 3.639890
62.500000 2 45.884707 1488.774249 5.852072 3.637744
62.600000 2 45.882859 1503.540160 5.852063 3.635599
62.700000 2 45.881011 1518.452658 5.852053 3.633453
62.800000 2 45.879163 1533.513200 5.852043 3.631308
62.900000 2 45.877316 1548.723258 5.852033 3.629162
63.000000 2 45.875468 1564.084317 5.852023 3.627016
63.100000 2 45.873620 1579.597877 5.852014 3.624871
63.200000 2 45.871772 1595.265455 5.852004 3.622725
63.300000 2 45.869924 1611.088580 5.851994 3.620579
63.400000 2 45.868076 1627.068799 5.851984 3.618434
63.500000 2 45.866229 1643.207672 5.851975 3.616288
63.600000 2 45.864381 1659.506776 5.851965 3.614142
63.700000 2 45.862533 1675.967703 5.851955 3.611996
63.800000 2 45.860685 1692.592062 5.851945 3.609851
63.900000 2 45.858837 1709.381477 5.851935 3.607705
64.000000 2 45.856990 1726.337587 5.851926 3.605559
64.100000 2 45.855142 1743.462050 5.851916 3.603413
64.200000 2 45.853341 1760.317884 5.851906 3.601322
64.300000 2 45.851990 1773.066718 5.851899 3.599753
64.400000 2 45.850977 1782.688956 5.851894 3.598576
64.500000 2 45.849457 1797.220394 5.851886 3.596811
64.600000 4 45.847937 1811.866038 5.851878 3.595047
64.700000 4 45.847750 1811.869602 5.851878 3.595047
64.800000 4 45.389273 1820.653275 5.852513 3.594155
64.900000 4 44.935380 1829.438600 5.853141 3.593267
65.000000 4 44.486027 1838.224855 5.853762 3.592382
65.100000 4 44.041167 1847.011291 5.854378 3.591500
65.200000 4 43.600755 1855.797130 5.854988 3.590622
65.300000 4 43.164748 1864.581560 5.855591 3.589748
65.400000 4 42.733101 1873.363738 5.856188 3.588877
65.500000 4 42.305770 1882.142785 5.856780 3.588009
65.600000 4 41.882713 1890.917788 5.857365 3.587145
65.700000 4 41.463886 1899.687794 5.857945 3.586286
65.800000 4 41.049247 1908.451812 5.858518 3.585430
65.900000 4 40.638755 1917.208808 5.859086 3.584577
66.000000 4 40.232368 1925.957706 5.859649 3.583729
66.100000 4 39.830044 1934.697383 5.860206 3.582885
66.200000 4 39.431744 1943.426668 5.860757 3.582046
66.300000 4 39.037427 1952.144339 5.861302 3.581210
66.400000 4 38.647053 1960.849122 5.861843 3.580379
66.500000 4 38.260583 1969.539685 5.862377 3.579553
66.600000 4 37.877977 1978.214638 5.862907 3.578731
66.700000 4 37.499198 1986.872529 5.863431 3.577913
66.800000 4 37.124206 1995.511839 5.863950 3.577101
66.900000 4 36.752964 2004.130980 5.864464 3.576293
67.000000 4 36.385435 2012.728290 5.864972 3.575491
67.100000 4 36.021581 2021.302033 5.865476 3.574694
67.200000 4 35.661365 2029.850385 5.865974 3.573902
67.300000 4 35.304752 2038.371439 5.866468 3.573116
67.400000 4 34.951705 2046.863195 5.866956 3.572335
67.500000 4 34.602188 2055.323555 5.867440 3.571560
67.600000 4 34.256166 2063.750317 5.867919 3.570792
67.700000 4 33.913605 2072.141167 5.868393 3.570029
67.800000 4 33.574469 2080.493677 5.868862 3.569273
67.900000 4 33.238725 2088.805290 5.869327 3.568523
68.000000 4 32.906338 2097.073317 5.869787 3.567780
68.100000 4 32.577274 2105.294928 5.870242 3.567045
68.200000 4 32.251502 2113.467137 5.870693 3.566316
68.300000 4 31.928987 2121.586797 5.871139 3.565595
68.400000 4 31.609698 2129.650588 5.871581 3.564882
68.500000 4 31.293601 2137.654999 5.872018 3.564176
68.600000 4 30.980665 2145.596319 5.872452 3.563479
68.700000 4 30.670859 2153.470622 5.872880 3.562791
68.800000 4 30.364150 2161.273746 5.873305 3.562112
68.900000 4 30.060509 2169.001279 5.873725 3.561442
69.000000 4 29.759904 2176.648536 5.874141 3.560782
69.100000 4 29.462306 2184.210537 5.874553 3.560131
69.200000 4 29.167683 2191.681985 5.874960 3.559492
69.300000 4 28.876006 2199.057232 5.875364 3.558863
69.400000 4 28.587246 2206.330256 5.875764 3.558246
69.500000 4 28.301374 2213.494622 5.876159 3.557641
69.600000 4 28.018361 2220.543444 5.876551 3.557049
69.700000 4 27.738177 2227.469345 5.876939 3.556469
69.800000 4 27.460796 2234.264405 5.877322 3.555904
69.900000 4 27.186188 2240.920110 5.877702 3.555353
70.000000 4 26.914327 2247.427290 5.878079 3.554817
70.100000 4 26.645184 2253.776048 5.878451 3.554298
70.200000 4 26.378732 2259.955681 5.878820 3.553796
70.300000 4 26.114945 2265.954590 5.879185 3.553311
70.400000 4 25.853796 2271.760177 5.879546 3.552846
70.500000 4 25.595258 2277.358722 5.879904 3.552401
70.600000 4 25.339306 2282.735247 5.880258 3.551977
70.700000 4 25.085913 2287.873354 5.880609 3.551577
70.800000 4 24.835054 2292.755034 5.880956 3.551201
70.900000 4 24.586704 2297.360448 5.881300 3.550851
71.000000 4 24.340837 2301.667662 5.881640 3.550529
71.100000 4 24.097429 2305.652338 5.881977 3.550238
71.200000 4 23.856455 2309.287355 5.882310 3.549979
71.300000 4 23.617891 2312.542362 5.882640 3.549756
71.400000 4 23.381712 2315.383223 5.882967 3.549571
71.500000 4 23.147895 2317.771345 5.883291 3.549428
71.600000 4 22.916416 2319.662839 5.883611 3.549331
71.700000 4 22.687253 2321.007468 5.883928 3.549284
71.800000 4 22.460380 2321.747316 5.884242 3.549294
71.900000 4 22.235777 2321.815070 5.884553 3.549365
72.000000 4 22.013419 2321.131780 5.884860 3.549506
72.100000 4 21.793285 2319.603879 5.885165 3.549725
72.200000 4 21.575353 2317.119138 5.885467 3.550033
72.300000 4 21.359599 2313.541054 5.885765 3.550443
72.400000 4 21.146004 2308.700841 5.886061 3.550972
72.500000 4 20.934544 2302.385610 5.886353 3.551640
72.600000 4 20.725199 2294.320266 5.886643 3.552474
72.700000 4 20.517947 2284.138381 5.886929 3.553512
72.800000 4 20.312768 2271.332532 5.887213 3.554803
72.900000 4 20.109640 2255.163140 5.887493 3.556425
73.000000 4 19.908544 2234.474772 5.887771 3.558495
73.100000 4 19.809002 2221.902434 5.887908 3.559755
73.200000 4 19.709957 2207.357762 5.888044 3.561215
73.300000 4 19.611407 2190.291249 5.888179 3.562934
73.400000 4 19.513350 2169.868260 5.888312 3.565002
73.500000 4 19.464567 2158.023342 5.888378 3.566207
73.600000 4 19.415906 2144.777970 5.888444 3.567560
73.700000 4 19.367366 2129.808514 5.888509 3.569097
73.800000 4 19.318948 2112.672743 5.888573 3.570868
73.900000 4 19.270650 2092.751478 5.888636 3.572941
74.000000 4 19.246562 2081.489661 5.888667 3.574120
74.100000 4 19.222504 2069.170364 5.888697 3.575417
74.200000 4 19.198476 2055.614612 5.888727 3.576852
74.300000 4 19.174478 2040.601366 5.888757 3.578451
74.400000 4 19.150510 2023.855299 5.888785 3.580247
74.500000 4 19.126571 2005.030389 5.888813 3.582283
74.600000 4 19.114617 1994.708932 5.888827 3.583407
74.700000 4 19.102671 1983.694862 5.888840 3.584613
74.800000 4 19.090732 1971.913930 5.888852 3.585910
74.900000 4 19.078800 1959.281742 5.888865 3.587308
75.000000 4 19.066876 1945.702134 5.888877 3.588822
75.100000 4 19.054959 1931.065279 5.888888 3.590464
75.200000 4 19.043050 1915.245452 5.888899 3.592253
75.300000 4 19.031148 1898.098407 5.888909 3.594208
75.400000 4 19.019253 1879.458302 5.888918 3.596354
75.500000 4 19.013310 1869.521334 5.888922 3.597506
75.600000 4 19.007368 1859.137416 5.888926 3.598716
75.700000 4 19.001428 1848.278056 5.888930 3.599989
75.800000 4 18.995490 1836.912629 5.888933 3.601330
75.900000 4 18.989554 1825.008204 5.888937 3.602742
76.000000 4 18.983620 1812.529371 5.888939 3.604233
76.100000 4 18.977688 1799.438043 5.888942 3.605808
76.200000 4 18.971757 1785.693255 5.888944 3.607473
76.300000 4 18.965828 1771.250951 5.888945 3.609237
76.400000 4 18.959902 1756.063758 5.888947 3.611107
76.500000 4 18.953977 1740.080754 5.888947 3.613093
76.600000 4 18.948054 1723.247229 5.888947 3.615204
76.700000 4 18.945093 1714.494022 5.888947 3.616309
76.800000 4 18.942133 1705.505868 5.888947 3.617451
76.900000 4 18.939173 1696.274757 5.888946 3.618629
77.000000 4 18.936214 1686.792399 5.888945 3.619846
77.100000 4 18.933255 1677.050216 5.888944 3.621104
77.200000 4 18.930297 1667.039336 5.888943 3.622403
77.300000 4 18.927339 1656.750587 5.888942 3.623747
77.400000 4 18.924382 1646.174490 5.888940 3.625138
77.500000 4 18.921425 1635.301257 5.888939 3.626576
77.600000 4 18.918468 1624.120784 5.888937 3.628066
77.700000 4 18.915512 1612.622652 5.888934 3.629608
77.800000 4 18.912557 1600.796120 5.888932 3.631206
77.900000 4 18.909601 1588.630131 5.888929 3.632861
78.000000 4 18.906647 1576.113308 5.888926 3.634578
78.100000 4 18.903693 1563.233961 5.888923 3.636359
78.200000 4 18.900739 1549.980090 5.888919 3.638207
78.300000 4 18.897786 1536.339393 5.888915 3.640126
78.400000 4 18.894833 1522.299280 5.888910 3.642118
78.500000 4 18.891881 1507.846884 5.888906 3.644188
78.600000 4 18.888929 1492.969080 5.888900 3.646340
78.700000 4 18.887453 1485.366783 5.888898 3.647448
78.800000 4 18.885978 1477.653116 5.888895 3.648578
78.900000 4 18.884502 1469.826377 5.888892 3.649731
79.000000 4 18.883027 1461.884853 5.888889 3.650906
79.100000 4 18.881552 1453.826820 5.888886 3.652106
79.200000 4 18.880076 1445.650549 5.888882 3.653329
79.300000 4 18.878601 1437.354299 5.888879 3.654578
79.400000 4 18.877126 1428.936327 5.888875 3.655853
79.500000 4 18.875652 1420.394884 5.888871 3.657154
79.600000 4 18.874177 1411.728220 5.888868 3.658482
79.700000 4 18.872703 1402.934584 5.888864 3.659838
79.800000 4 18.871228 1394.012225 5.888859 3.661222
79.900000 4 18.869754 1384.959400 5.888855 3.662636
80.000000 4 18.868280 1375.774367 5.888851 3.664080
80.100000 4 18.866806 1366.455397 5.888846 3.665554
80.200000 4 18.865332 1357.000769 5.888841 3.667061
80.300000 4 18.863858 1347.408779 5.888836 3.668600
80.400000 4 18.862384 1337.677738 5.888831 3.670173
80.500000 4 18.860910 1327.805978 5.888826 3.671780
80.600000 4 18.859437 1317.791857 5.888820 3.673422
80.700000 4 18.857963 1307.633758 5.888815 3.675101
80.800000 4 18.856490 1297.330098 5.888809 3.676818
80.900000 4 18.855017 1286.879329 5.888803 3.678572
81.000000 4 18.853544 1276.279944 5.888796 3.680367
81.100000 4 18.852071 1265.530479 5.888790 3.682202
81.200000 4 18.850598 1254.629522 5.888783 3.684079
81.300000 4 18.849125 1243.575718 5.888776 3.685998
81.400000 4 18.847653 1232.367769 5.888769 3.687963
81.500000 4 18.846180 1221.004449 5.888761 3.689972
81.600000 4 18.844708 1209.484600 5.888754 3.692029
81.700000 4 18.843236 1197.807147 5.888746 3.694134
81.800000 4 18.841764 1185.971103 5.888737 3.696288
81.900000 4 18.841028 1179.993442 5.888733 3.697384
82.000000 4 18.840292 1173.975807 5.888729 3.698493
82.100000 4 18.839556 1167.918102 5.888724 3.699615
82.200000 4 18.838820 1161.820237 5.888720 3.700751
82.300000 4 18.838084 1155.682132 5.888715 3.701900
82.400000 4 18.837348 1149.503711 5.888711 3.703063
82.500000 4 18.836612 1143.284907 5.888706 3.704240
82.600000 4 18.835876 1137.025662 5.888701 3.705431
82.700000 4 18.835141 1130.725924 5.888696 3.706636
82.800000 4 18.834405 1124.385652 5.888692 3.707856
82.900000 4 18.833669 1118.004812 5.888687 3.709090
83.000000 4 18.832934 1111.583380 5.888681 3.710340
83.100000 4 18.832198 1105.121340 5.888676 3.711605
83.200000 4 18.831462 1098.618688 5.888671 3.712885
83.300000 4 18.830727 1092.075429 5.888666 3.714181
83.400000 4 18.829991 1085.491577 5.888660 3.715492
83.500000 4 18.829256 1078.867159 5.888654 3.716820
83.600000 4 18.828520 1072.202211 5.888649 3.718164
83.700000 4 18.827785 1065.496783 5.888643 3.719525
83.800000 4 18.827049 1058.750933 5.888637 3.720903
83.900000 4 18.826314 1051.964735 5.888631 3.722298
84.000000 4 18.825578 1045.138273 5.888625 3.723710
84.100000 4 18.824843 1038.271645 5.888619 3.725140
84.200000 4 18.824108 1031.364961 5.888613 3.726588
84.300000 4 18.823372 1024.418346 5.888606 3.728053
84.400000 4 18.822637 1017.431938 5.888600 3.729538
84.500000 4 18.821902 1010.405891 5.888593 3.731041
84.600000 4 18.821166 1003.340371 5.888586 3.732563
84.700000 4 18.820431 996.235561 5.888580 3.734104
84.800000 4 18.819696 989.091660 5.888573 3.735665
84.900000 4 18.818961 981.908882 5.888566 3.737246
85.000000 4 18.818226 974.687458 5.888558 3.738847
85.100000 4 18.817491 967.427635 5.888551 3.740469
85.200000 4 18.816756 960.129680 5.888544 3.742112
